   6    0.49    6.79     44.57    0.90    1.47     22.03    6.69    8.01    314.58    0.00   25.52      8.80   30.38   30.59   125.82   97.40   110.50   76.53   143.00   78.76 
   7    0.49    6.38     39.35    1.63    1.49     20.85    7.89    7.99    314.58    0.00   21.88      9.78   27.96   30.21   124.02   96.12   108.54   75.79   140.70   77.51 
   8    0.49    6.46     41.43    1.28    1.47     21.78    7.35    7.91    314.58    0.00   19.14      9.68   28.95   30.05   123.31   97.86   107.84   77.04   140.41   79.18 
   9    0.49    6.35     47.90    0.62    1.37     19.60    9.84    8.12    314.58    0.00   17.02      8.86   32.41   30.32   123.23  103.80   107.79   82.88   140.41   85.11 
  10    0.49    6.50     36.72    2.29    1.46     17.35   13.28    8.64    314.58    0.00   15.31      8.18   35.98   30.88   121.31  110.80   105.42   90.58   137.88   91.86 
  11    0.01    6.35     39.92    1.60    1.48     21.39    8.50    8.63    313.99    0.00   13.92      8.39   36.30   31.37   119.81  114.54   104.07   94.33   136.40   95.74 
  12    0.01    6.49     36.88    2.28    1.54     22.68    7.51    8.53    313.99    0.00   12.76      8.57   36.53   31.80   115.80  118.79    99.99   98.47   132.49   99.92 
  13    0.01    6.35     39.53    1.65    1.55     20.24   10.02    8.65    313.99    0.00   11.78      8.60   37.01   32.21   110.51  120.40    94.70  100.35   126.98  101.57 
  14    0.01    6.34     36.99    2.12    1.59     19.35   11.06    8.82    313.99    0.00   10.94      8.40   37.97   32.62   102.87  119.07    86.74   99.35   118.92  100.01 
  15    0.01    6.48     40.92    1.30    1.57     19.83   10.44    8.93    313.99    0.00   10.21      8.67   37.01   32.91    97.39  117.93    81.54   97.64   113.98   99.03 
  16    0.00    6.34     42.02    1.09    1.54     24.56    6.02    8.75    318.20    0.00    9.57      7.95   40.99   33.41    91.81  113.24    75.97   92.82   108.58   94.36 
  17    0.00    6.49     35.68    2.23    1.58     21.51    8.71    8.74    318.20    0.00    9.01      8.97   37.20   33.64    92.33  108.51    76.97   88.15   109.13   90.12 
  18    0.00    6.34     36.63    1.96    1.60     19.17   11.59    8.90    318.20    0.00    8.51      8.87   38.08   33.88    92.51  105.20    77.40   84.49   109.70   86.99 
  19    0.00    6.37     33.66    2.79    1.67     17.56   14.01    9.17    318.20    0.00    8.06      8.95   37.39   34.07    94.58  103.68    78.95   83.73   110.95   85.07 
  20    0.00    6.46     35.91    2.19    1.69     17.22   14.90    9.46    318.20    0.00    7.66      8.39   39.98   34.36   100.49  105.00    84.84   85.19   116.72   86.38 
  21    0.00    6.38     37.94    1.82    1.70     24.08    6.80    9.33    316.74    0.00    7.29      8.59   38.95   34.58   105.03  108.12    88.81   88.76   120.81   89.10 
  22    0.00    6.48     40.34    1.42    1.69     22.59    8.37    9.29    316.74    0.00    6.96      8.64   39.49   34.81   108.23  112.13    92.39   92.97   123.81   93.43 
  23    0.00    6.38     40.00    1.50    1.68     21.56    9.63    9.30    316.74    0.00    6.66      9.26   38.25   34.96   107.86  114.44    92.13   95.30   123.49   95.89 
  24    0.00    6.46     38.07    1.94    1.69     20.15   11.63    9.40    316.74    0.00    6.38      8.81   41.81   35.24   112.45  115.66    96.40   96.94   127.77   96.96 
  25    0.00    6.35     37.18    2.21    1.71     18.28   14.84    9.62    316.74    0.00    6.13      8.75   43.15   35.56   117.45  118.17   101.23   99.55   132.66   99.35 
  26    0.01    6.45     42.02    1.29    1.69     23.95    7.96    9.55     49.88    0.37    5.90      8.94   43.60   35.87   121.64  119.25   105.59  100.32   137.06  100.46 
  27    0.01    6.38     39.30    1.78    1.70     21.74   10.46    9.59     49.88    0.37    5.70      8.33   49.16   36.36   126.41  115.48   110.06   96.55   141.81   96.41 
  28    0.01    6.47     35.86    2.67    1.73     19.27   14.29    9.76     49.88    0.37    5.51      8.16   51.87   36.91   130.77  110.70   114.49   91.48   146.39   91.61 
  29    0.01    6.35     27.92    6.61    1.90     17.85   17.13   10.01     49.88    0.37    5.33      7.41   57.98   37.64   134.51  102.90   117.95   84.00   149.77   83.60 
  30    0.01    6.35     32.10    4.19    1.98     16.05   21.29   10.39     49.88    0.37    5.17      6.96   60.08   38.39   142.58   94.98   126.28   75.91   158.04   75.91 
  31    0.00    6.47     31.49    4.65    2.06     21.23   12.01   10.44     43.00    0.93    5.03      8.13   51.92   38.82   151.02   92.08   134.63   73.15   166.28   72.92 
  32    0.00    6.49     34.54    3.38    2.10     18.88   15.84   10.61     43.00    0.93    4.90      8.77   48.38   39.12   158.02   92.45   141.92   73.01   173.87   73.51 
  33    0.00    4.94     37.09    2.60    2.12     17.92   17.86   10.83     43.00    0.93    4.78      8.83   47.90   39.39   163.22   97.14   146.75   78.13   178.46   77.84 
  34    0.00    6.49     36.23    2.92    2.14     16.95   19.85   11.09     43.00    0.93    4.67      9.88   43.70   39.52   165.01  100.31   148.06   81.39   180.11   80.56 
  35    0.00    4.93     37.66    2.51    2.15     15.99   22.53   11.42     43.00    0.93    4.56      9.84   44.34   39.65   168.59  103.16   151.77   83.73   184.27   83.47 
  36    0.00    6.37     41.29    1.67    2.14     22.06   11.33   11.42     41.20    1.22    4.47     10.18   43.51   39.76   169.59  104.55   152.69   85.20   185.16   84.80 
  37    0.00    6.50     39.10    2.18    2.14     22.84   10.41   11.39     41.20    1.22    4.38     10.01   44.23   39.88   172.76  106.16   155.31   87.09   187.97   85.94 
  38    0.00    6.35     43.01    1.39    2.12     20.26   13.85   11.45     41.20    1.22    4.30     10.21   43.77   39.98   172.29  106.65   155.02   87.17   187.93   86.54 
  39    0.00    6.51     42.96    1.39    2.10     18.65   16.52   11.58     41.20    1.22    4.22      9.96   45.24   40.12   171.41  105.37   154.03   85.69   187.21   85.09 
  40    0.00    6.35     40.04    1.95    2.10     17.04   19.55   11.78     41.20    1.22    4.14      9.60   46.19   40.27   172.31  103.38   154.39   84.04   187.65   82.65 
  41    0.00    6.50     37.77    2.54    2.11     24.77    7.91   11.69     37.90    1.81    4.09      9.94   44.06   40.36   172.61  101.20   154.76   81.68   188.18   80.53 
  42    0.00    6.46     33.45    4.15    2.16     22.69   10.04   11.65     37.90    1.81    4.03      9.99   43.90   40.45   171.53   98.79   153.39   79.77   186.50   77.88 
  43    0.00    5.82     36.43    2.95    2.18     19.53   14.38   11.71     37.90    1.81    3.98      9.87   43.17   40.51   172.74   98.63   154.61   79.40   187.83   77.72 
  44    0.00    6.50     33.44    4.18    2.22     17.98   17.10   11.84     37.90    1.81    3.93      9.81   43.11   40.57   171.72  100.55   153.45   81.52   186.72   79.54 
  45    0.00    6.35     33.55    4.13    2.26     17.22   18.60   11.99     37.90    1.81    3.88      9.95   42.15   40.60   171.35  101.46   153.29   82.29   186.48   80.60 
  46    0.00    6.49     35.62    3.25    2.29     23.43    9.04   11.92     32.24    3.33    3.87     10.00   41.36   40.62   171.58  103.36   153.72   84.08   186.81   82.67 
  47    0.00    5.80     36.20    3.04    2.30     19.47   14.11   11.97     32.24    3.33    3.86     10.13   40.84   40.63   170.96  103.65   153.34   84.01   186.54   83.10 
  48    0.00    6.47     33.72    4.07    2.34     18.16   16.17   12.06     32.24    3.33    3.85      9.89   41.53   40.64   171.13  103.30   154.23   83.04   187.41   83.35 
  49    0.00    5.78     35.73    3.22    2.36     17.11   18.24   12.18     32.24    3.33    3.84      9.94   40.87   40.65   171.30  103.91   154.46   83.77   187.45   84.06 
  50    0.00    6.47     32.67    4.62    2.40     16.27   20.02   12.34     32.24    3.33    3.83      9.66   42.04   40.68   172.12  102.85   155.43   82.78   188.22   83.15 
  51    0.00    5.74     32.50    4.72    2.45     21.55   10.71   12.31     33.33    2.84    3.81      9.87   41.43   40.69   174.72   97.79   158.47   77.45   191.16   78.48 
  52    0.00    6.39     34.07    3.94    2.48     21.09   11.14   12.28     33.33    2.84    3.79      9.54   42.62   40.73   177.32   93.56   161.33   73.28   193.80   74.38 
  53    0.00    6.48     32.19    5.00    2.52     21.23   10.74   12.26     33.33    2.84    3.77      9.04   43.08   40.77   182.33   90.52   165.93   70.66   198.47   71.29 
  54    0.00    4.95     31.99    5.19    2.57     18.65   14.16   12.29     33.33    2.84    3.75      9.87   38.39   40.73   185.62   89.97   169.11   70.06   201.80   70.63 
  55    0.00    6.35     33.45    4.48    2.61     17.41   16.30   12.36     33.33    2.84    3.74      8.97   40.06   40.72   188.33   96.19   172.04   76.51   204.31   77.13 
  56    0.00    6.51     30.87    6.12    2.67     20.87   10.66   12.33     30.10    3.88    3.74      9.00   39.28   40.69   187.01  103.08   170.59   82.84   203.48   83.77 
  57    0.00    4.95     31.16    5.97    2.73     20.01   11.64   12.32     30.10    3.88    3.74      8.77   39.82   40.68   186.02  109.49   170.09   89.19   202.63   90.65 
  58    0.00    6.35     31.74    5.61    2.78     17.74   14.96   12.37     30.10    3.88    3.75      9.51   36.57   40.60   185.51  114.76   169.25   94.85   201.64   95.63 
  59    0.00    6.50     29.83    7.01    2.85     16.02   17.76   12.46     30.10    3.88    3.75      9.93   35.11   40.51   183.41  115.45   167.67   95.12   200.09   96.87 
  60    0.00    4.95     31.69    5.51    2.89     15.37   18.91   12.57     30.10    3.88    3.75      9.36   38.85   40.48   181.36  111.57   165.63   91.55   197.71   92.97 
  61    0.00    6.39     31.64    5.45    2.94     20.91    9.83   12.52     29.92    3.66    3.75      9.23   39.90   40.47   180.54  104.67   165.18   84.79   196.93   86.52 
  62    0.00    6.37     29.31    7.19    3.00     21.38    9.15   12.47     29.92    3.66    3.75      9.63   36.61   40.41   183.38   99.44   167.58   79.99   199.28   80.95 
  63    0.00    6.35     32.28    5.18    3.04     20.06   10.66   12.44     29.92    3.66    3.75      9.61   35.28   40.33   190.38   96.91   174.87   77.74   206.03   78.73 
  64    0.00    6.47     31.75    5.63    3.08     18.70   12.22   12.43     29.92    3.66    3.74      9.38   34.30   40.24   194.76   97.75   179.33   78.59   210.38   79.62 
  65    0.00    5.59     30.63    6.43    3.13     17.45   14.07   12.46     29.92    3.66    3.74      9.86   32.85   40.12   193.36  100.10   178.49   80.64   209.39   82.46 
  66    0.00    6.34     32.10    5.44    3.17     21.14    9.30   12.41     27.46    4.52    3.75      9.80   32.51   40.01   193.55  105.01   178.52   85.92   209.17   87.27 
  67    0.00    6.37     31.22    5.96    3.21     19.83   10.79   12.39     27.46    4.52    3.77      9.93   33.22   39.91   188.28  106.73   173.56   87.52   204.07   89.26 
  68    0.00    6.33     31.01    5.94    3.25     17.00   15.22   12.43     27.46    4.52    3.78      9.37   35.95   39.85   180.87  109.39   166.25   90.86   196.06   92.15 
  69    0.00    6.50     31.77    5.30    3.28     18.21   12.99   12.44     27.46    4.52    3.79      9.76   35.30   39.78   175.85  107.39   160.90   89.12   190.71   89.88 
  70    0.00    4.95     29.70    6.55    3.32     17.35   14.36   12.46     27.46    4.52    3.80      9.94   34.37   39.70   168.94  106.88   154.05   88.59   183.84   89.43 
  71    0.00    6.50     31.77    4.89    3.35     22.24    8.21   12.40     27.40    4.53    3.81      9.38   38.29   39.68   161.47  102.81   146.36   84.60   176.22   85.10 
  72    0.00    5.64     30.41    5.56    3.38     22.29    8.05   12.34     27.40    4.53    3.82     10.28   34.09   39.61   156.27   97.57   142.04   79.11   171.44   80.72 
  73    0.00    4.93     30.73    5.23    3.40     22.08    8.24   12.29     27.40    4.53    3.83     10.25   34.44   39.54   155.00   91.92   140.59   73.75   169.86   74.95 
  74    0.00    4.94     31.83    4.65    3.42     20.38    9.95   12.26     27.40    4.53    3.84     10.42   31.64   39.43   158.70   90.02   144.03   71.76   173.58   72.76 
  75    0.00    4.94     30.24    5.65    3.45     20.60    9.72   12.22     27.40    4.53    3.85     10.61   30.22   39.31   159.29   92.02   144.50   74.25   173.73   74.74 
  76    0.00    6.35     30.70    5.38    3.47     22.86    7.56   12.16     27.70    4.32    3.85     10.58   30.38   39.19   158.46   94.92   143.73   77.09   172.98   77.71 
  77    0.00    5.55     30.19    5.74    3.50     25.64    5.46   12.07     27.70    4.32    3.86     10.78   29.79   39.07   158.53   97.40   143.79   78.91   173.55   80.01 
  78    0.00    5.79     29.81    6.04    3.54     21.15    9.28   12.04     27.70    4.32    3.87     10.62   30.42   38.96   158.05  100.89   143.42   82.68   172.85   83.67 
  79    0.00    6.34     30.23    5.73    3.56     23.22    7.21   11.98     27.70    4.32    3.87     11.10   29.44   38.84   156.98  100.36   142.72   81.74   172.31   83.43 
  80    0.00    6.19     31.35    4.99    3.58     23.53    7.01   11.91     27.70    4.32    3.88     10.67   30.83   38.74   155.02  101.83   140.54   83.35   170.16   84.72 
  81    0.00    6.08     30.11    5.70    3.61     25.91    5.38   11.83     28.28    4.05    3.88     10.95   30.18   38.63   152.07  102.88   137.74   84.53   167.13   85.96 
  82    0.00    6.37     29.38    6.07    3.64     24.66    6.23   11.77     28.28    4.05    3.88     11.43   29.47   38.52   148.64  100.50   133.90   82.46   163.37   83.28 
  83    0.00    6.23     30.74    5.20    3.66     25.33    5.77   11.69     28.28    4.05    3.88     10.47   32.23   38.44   152.32   96.52   137.87   78.48   167.10   79.57 
  84    0.00    6.36     30.08    5.70    3.68     24.53    6.30   11.63     28.28    4.05    3.89     10.52   31.66   38.36   155.79   94.15   141.32   75.82   170.70   77.12 
  85    0.00    6.25     29.99    5.85    3.71     23.27    7.39   11.58     28.28    4.05    3.89     11.22   29.30   38.26   159.54   93.69   144.65   75.98   173.93   76.45 
  86    0.00    6.34     28.97    6.96    3.74     23.22    7.46   11.53     28.80    3.87    3.89      8.32   36.86   38.24   168.32   98.61   152.74   81.10   182.32   80.63 
  87    0.00    5.51     30.27    6.18    3.77     24.52    6.51   11.47     28.80    3.87    3.89     10.14   31.85   38.17   173.70  101.85   158.51   84.09   188.00   84.18 
  88    0.00    5.83     30.43    6.20    3.80     21.00    9.74   11.45     28.80    3.87    3.89     10.52   31.14   38.09   178.99  101.76   163.89   83.39   193.79   84.01 
  89    0.00    6.35     29.82    6.86    3.83     19.52   11.69   11.46     28.80    3.87    3.89      9.51   35.16   38.05   186.52   99.22   171.67   81.24   201.07   81.80 
  90    0.00    5.58     30.51    6.43    3.86     17.69   14.58   11.49     28.80    3.87    3.89     10.28   33.14   38.00   191.76   96.91   176.80   78.41   206.85   79.36 
  91    0.00    4.97     30.77    6.29    3.89     23.14    7.92   11.45     28.75    4.01    3.89     11.34   29.93   37.91   194.52   95.84   179.33   77.56   209.38   78.10 
  92    0.00    4.98     30.79    6.35    3.92     23.10    8.03   11.41     28.75    4.01    3.89     11.95   28.67   37.81   196.66   93.94   182.30   75.72   211.63   76.99 
  93    0.00    4.97     31.31    6.01    3.94     22.23    9.03   11.39     28.75    4.01    3.89     11.78   29.85   37.72   198.52   93.13   184.77   74.33   213.98   76.66 
  94    0.00    6.36     29.87    7.02    3.97     19.75   11.96   11.40     28.75    4.01    3.89     11.80   31.67   37.66   196.42   90.01   182.46   72.23   210.99   73.60 
  95    0.00    6.30     31.43    5.85    3.99     20.79   10.71   11.39     28.75    4.01    3.89     11.51   32.11   37.60   198.97   85.37   185.43   66.95   214.22   69.24 
  96    0.00    6.37     32.54    5.15    4.00     25.33    6.46   11.34     28.41    4.39    3.90     11.67   31.44   37.54   199.97   83.40   186.79   65.39   214.95   67.74 
  97    0.00    6.26     31.23    5.94    4.02     22.11    9.36   11.32     28.41    4.39    3.90     11.64   32.11   37.48   198.13   82.73   184.60   64.91   212.83   66.73 
  98    0.00    6.40     30.60    6.41    4.05     21.33   10.28   11.31     28.41    4.39    3.91     11.32   32.00   37.42   197.01   85.36   183.93   67.47   211.91   69.83 
  99    0.00    5.57     30.15    6.90    4.08     19.31   12.71   11.32     28.41    4.39    3.91      9.87   33.93   37.39   199.35   91.11   186.75   73.01   214.52   76.01 
 100    0.00    5.81     30.79    6.42    4.10     19.04   13.43   11.34     28.41    4.39    3.92      9.30   39.84   37.41   197.69   97.92   184.62   79.93   212.62   82.28 
 101    0.00    6.39     29.13    7.71    4.14     21.99    9.40   11.32     27.51    5.02    3.93     10.06   38.90   37.43   192.51  102.15   179.09   84.66   206.89   86.35 
 102    0.00    6.20     29.69    7.11    4.17     19.97   11.90   11.33     27.51    5.02    3.94     10.43   38.60   37.44   188.48  104.23   174.98   86.59   203.00   88.26 
 103    0.00    5.50     30.56    6.24    4.19     18.36   14.44   11.36     27.51    5.02    3.95     10.42   40.62   37.47   182.35  104.89   167.80   88.03   195.90   88.10 
 104    0.00    5.83     31.25    5.58    4.20     17.05   16.54   11.41     27.51    5.02    3.96     11.08   37.20   37.47   177.87  100.05   163.28   83.24   191.44   83.22 
 105    0.00    6.38     33.06    4.47    4.20     16.71   17.49   11.47     27.51    5.02    3.97     12.21   29.90   37.40   178.64   96.48   163.39   80.10   191.60   79.09 
 106    0.00    5.64     31.84    5.20    4.21     20.43   11.20   11.46     27.48    5.02    3.98     11.49   30.88   37.33   182.19   91.02   166.95   74.56   195.31   73.69 
 107    0.00    4.95     31.71    5.31    4.22     18.28   14.54   11.49     27.48    5.02    3.99     11.68   30.72   37.27   184.75   89.64   169.08   73.41   197.56   71.93 
 108    0.00    4.95     31.41    5.55    4.23     16.35   17.95   11.55     27.48    5.02    4.00     10.86   32.95   37.23   185.72   91.90   170.13   75.66   198.42   74.17 
 109    0.00    4.95     32.35    4.99    4.24     15.61   19.68   11.63     27.48    5.02    4.01     10.60   33.88   37.20   185.78   95.40   170.72   79.30   198.53   78.32 
 110    0.00    6.35     31.34    5.67    4.25     14.53   22.16   11.72     27.48    5.02    4.02     10.26   35.30   37.19   186.32   98.62   170.90   83.05   198.62   81.28 
 111    0.00    5.59     30.38    6.38    4.27     18.41   14.28   11.74     26.66    5.50    4.03     10.81   33.98   37.16   187.41  100.97   172.37   85.13   200.08   83.97 
 112    0.00    5.80     31.50    5.60    4.28     15.17   21.13   11.83     26.66    5.50    4.04     10.65   35.24   37.14   187.57  102.54   172.98   86.50   200.49   85.94 
 113    0.00    6.38     30.87    6.07    4.30     13.72   25.09   11.95     26.66    5.50    4.06      9.99   37.88   37.15   188.66  104.51   173.79   88.98   201.02   87.70 
 114    0.00    6.20     31.24    5.84    4.31     12.95   27.51   12.08     26.66    5.50    4.07      9.91   38.54   37.16   189.78  106.20   175.25   90.69   202.21   89.73 
 115    0.00    5.49     30.28    6.58    4.33     12.58   28.37   12.22     26.66    5.50    4.08      9.91   39.36   37.18   191.64  105.42   177.32   89.66   204.33   89.11 
 116    0.00    5.82     32.38    5.17    4.34     21.69    9.76   12.20     26.84    5.51    4.09     10.87   36.08   37.17   193.51  102.16   179.37   86.28   206.09   85.92 
 117    0.00    6.38     32.37    5.10    4.35     19.15   12.99   12.21     26.84    5.51    4.11     11.77   31.91   37.12   192.06   98.82   178.12   82.57   204.97   82.67 
 118    0.00    6.19     30.71    6.24    4.36     18.02   14.68   12.23     26.84    5.51    4.12     11.31   32.59   37.08   195.32   97.30   181.20   81.63   207.66   81.11 
 119    0.00    6.04     32.42    5.22    4.37     16.87   16.77   12.27     26.84    5.51    4.13     10.06   35.38   37.07   197.63  101.40   184.43   85.17   210.65   85.97 
 120    0.00    6.34     31.92    5.56    4.38     16.18   17.97   12.32     26.84    5.51    4.14     10.00   34.78   37.05   196.42  105.54   183.24   89.18   209.59   90.13 
 121    0.00    6.26     31.94    5.53    4.39     20.59   10.60   12.30     26.92    5.29    4.15     10.97   31.58   37.01   193.43  107.96   179.95   91.98   206.21   92.34 
 122    0.00    6.37     32.67    5.01    4.39     20.52   10.83   12.29     26.92    5.29    4.16     10.90   32.31   36.97   189.93  110.49   176.67   94.17   203.02   94.96 
 123    0.00    6.28     32.32    5.15    4.40     19.82   11.82   12.29     26.92    5.29    4.17     11.07   32.64   36.93   186.43  110.89   173.44   94.45   199.72   95.65 
 124    0.00    6.34     31.98    5.28    4.41     18.79   13.32   12.29     26.92    5.29    4.18     11.14   32.83   36.90   183.71  109.81   170.43   93.86   196.48   94.34 
 125    0.00    6.24     31.22    5.73    4.42     19.99   11.67   12.29     26.92    5.29    4.19     11.26   32.52   36.86   183.08  108.45   171.02   91.90   196.69   94.12 
 126    0.00    6.37     30.98    5.77    4.43     22.45    8.71   12.26     26.26    5.61    4.20     11.18   32.69   36.83   179.44  105.37   167.38   88.90   193.01   91.10 
 127    0.00    5.50     29.83    6.44    4.45     19.62   11.94   12.26     26.26    5.61    4.21     11.18   32.52   36.80   175.92  102.99   163.26   86.47   189.30   88.00 
 128    0.00    5.77     28.70    7.12    4.47     17.61   15.17   12.28     26.26    5.61    4.22     10.80   34.17   36.78   171.42  101.48   158.77   85.20   184.58   86.54 
 129    0.00    6.37     29.93    6.10    4.48     16.69   16.79   12.32     26.26    5.61    4.23     11.26   32.16   36.74   168.30   99.73   154.96   84.11   180.84   84.41 
 130    0.00    5.53     28.25    7.20    4.50     16.76   16.61   12.35     26.26    5.61    4.24     11.61   32.12   36.70   166.90   95.93   153.10   80.70   178.98   80.25 
 131    0.00    4.95     28.93    6.50    4.51     19.90   11.43   12.34     25.48    6.11    4.26     11.75   31.83   36.67   165.85   89.19   151.84   74.16   177.69   73.32 
 132    0.00    5.00     28.28    6.95    4.53     19.21   12.32   12.34     25.48    6.11    4.27     12.42   27.71   36.60   163.96   88.32   149.59   73.41   175.67   72.16 
 133    0.00    4.95     29.69    5.91    4.54     18.83   12.99   12.35     25.48    6.11    4.28     10.86   31.69   36.56   161.04   92.46   146.39   77.78   172.50   76.06 
 134    0.00    6.38     27.78    7.39    4.56     17.87   14.84   12.37     25.48    6.11    4.30     11.70   29.64   36.51   162.09   95.39   147.11   80.70   173.52   78.71 
 135    0.00    6.29     29.04    6.38    4.58     17.59   15.53   12.39     25.48    6.11    4.31     12.00   29.65   36.46   161.71   96.27   147.05   81.54   173.27   79.89 
 136    0.00    6.36     30.62    5.35    4.58     19.08   13.25   12.40     26.11    5.67    4.32     10.87   33.32   36.44   158.13   99.92   143.43   84.67   170.16   83.42 
 137    0.00    5.49     28.97    6.44    4.60     18.94   13.77   12.41     26.11    5.67    4.33     11.07   33.77   36.42   157.24  101.99   142.97   86.81   169.16   85.84 
 138    0.00    5.75     28.44    6.84    4.61     17.93   15.72   12.43     26.11    5.67    4.34     11.23   34.16   36.40   156.72  102.87   142.79   87.44   168.92   86.99 
 139    0.00    6.35     28.40    6.80    4.63     16.15   19.49   12.48     26.11    5.67    4.35     11.23   34.99   36.39   155.63  102.98   141.75   87.27   168.14   87.11 
 140    0.00    5.50     27.14    7.94    4.65     15.82   20.48   12.54     26.11    5.67    4.36     11.07   35.82   36.39   157.88  101.50   144.30   85.75   170.62   85.97 
 141    0.00    5.00     27.49    7.83    4.68     20.80   11.75   12.53     26.77    5.66    4.37     10.46   37.93   36.40   164.68  102.62   151.28   86.25   177.97   87.14 
 142    0.00    4.94     28.17    7.49    4.70     19.79   13.17   12.54     26.77    5.66    4.38     10.32   38.79   36.42   170.36  102.48   157.27   86.44   183.30   87.26 
 143    0.00    4.98     29.42    6.69    4.71     16.64   19.04   12.58     26.77    5.66    4.39     10.33   38.70   36.43   176.76  102.83   162.36   86.99   189.33   86.45 
 144    0.00    5.74     29.41    6.87    4.72     17.17   18.19   12.62     26.77    5.66    4.40     10.41   39.31   36.45   183.24  102.30   169.50   87.07   195.48   86.69 
 145    0.00    6.36     28.97    7.31    4.74     15.75   21.59   12.68     26.77    5.66    4.40     10.39   40.39   36.48   186.52  101.75   172.43   86.76   198.50   85.86 
 146    0.00    6.07     29.01    7.34    4.76     22.82    9.61   12.66     27.43    5.53    4.41     10.72   39.22   36.50   187.72  103.57   173.41   88.72   199.49   87.50 
 147    0.00    5.40     29.64    6.85    4.77     21.14   11.70   12.65     27.43    5.53    4.42     10.50   40.58   36.52   186.76  105.92   172.53   91.53   198.15   90.00 
 148    0.00    5.77     28.09    8.17    4.80     19.35   14.35   12.67     27.43    5.53    4.43     10.85   39.65   36.55   187.68  104.20   173.52   89.92   199.01   88.40 
 149    0.00    6.38     29.23    7.24    4.81     17.11   18.62   12.71     27.43    5.53    4.43     10.18   43.74   36.59   191.32  101.70   177.16   87.33   202.74   85.88 
 150    0.00    6.06     29.77    6.76    4.83     15.88   21.72   12.77     27.43    5.53    4.44     10.61   41.63   36.63   189.61  100.94   175.56   86.70   200.92   85.27 
 151    0.00    5.47     29.43    7.00    4.84     22.19   10.56   12.75     28.52    5.01    4.45     10.74   41.36   36.66   188.55  100.21   174.76   85.98   199.96   84.82 
 152    0.00    5.76     27.65    8.30    4.86     15.73   23.37   12.82     28.52    5.01    4.45     10.79   44.96   36.71   181.70   98.60   168.22   84.16   193.29   83.41 
 153    0.00    6.35     26.65    8.99    4.89     13.49   29.53   12.93     28.52    5.01    4.45     10.14   48.05   36.79   175.88   94.72   162.72   80.31   187.54   79.85 
 154    0.00    6.05     23.69   12.58    4.94     12.03   34.29   13.07     28.52    5.01    4.46      9.86   46.49   36.85   179.08   94.02   165.57   79.98   190.33   78.90 
 155    0.00    4.93     22.76   13.89    5.00     11.12   37.88   13.23     28.52    5.01    4.46      9.10   48.27   36.92   176.91   96.81   163.66   82.89   188.11   81.96 
 156    0.00    4.99     23.06   13.37    5.05     16.49   20.94   13.28     26.80    6.32    4.47     10.40   42.10   36.96   174.75   99.00   161.31   85.39   185.61   84.00 
 157    0.00    4.94     22.58   14.10    5.11     13.60   30.00   13.39     26.80    6.32    4.48      9.82   45.80   37.01   174.06  102.05   161.31   87.86   185.60   87.65 
 158    0.00    6.36     22.28   14.65    5.17     12.50   34.48   13.52     26.80    6.32    4.50      9.98   46.50   37.07   172.88  102.49   160.51   88.26   184.53   88.42 
 159    0.00    5.51     21.73   15.90    5.24     11.99   37.81   13.67     26.80    6.32    4.51      9.39   54.23   37.18   179.04  105.49   167.26   90.73   191.33   91.91 
 160    0.00    5.71     21.46   16.59    5.31     11.69   38.90   13.83     26.80    6.32    4.52      9.39   53.84   37.29   180.30  105.45   169.08   90.64   192.72   92.41 
 161    0.00    6.35     21.43   16.85    5.38     22.00   11.87   13.82     26.68    6.76    4.53     10.68   46.10   37.34   182.80  106.30   171.75   91.28   195.41   93.37 
 162    0.00    4.92     21.97   15.95    5.45     22.71   10.90   13.80     26.68    6.76    4.55     10.46   45.88   37.39   183.75  108.06   172.75   93.53   195.88   95.23 
 163    0.00    4.95     22.38   15.39    5.51     20.25   14.23   13.80     26.68    6.76    4.56     10.89   44.94   37.44   185.93  108.26   174.88   93.89   197.92   95.43 
 164    0.00    4.94     22.50   15.10    5.56     19.38   15.61   13.81     26.68    6.76    4.57     11.30   40.97   37.46   184.52  107.52   173.80   93.28   196.46   95.05 
 165    0.00    4.95     22.89   14.54    5.62     17.62   18.89   13.84     26.68    6.76    4.59     11.15   41.83   37.49   184.71  107.13   173.91   92.94   196.56   94.56 
 166    0.01    6.35     23.08   14.17    5.67     20.83   12.93   13.84     26.63    6.84    4.60     11.24   39.86   37.50   184.01  107.45   173.12   93.31   195.77   94.80 
 167    0.01    5.52     23.44   13.10    5.72     14.62   25.47   13.91     26.63    6.84    4.61      9.15   46.19   37.55   174.83  105.51   164.32   91.27   186.90   93.32 
 168    0.01    5.75     22.64   13.94    5.76     12.50   30.58   14.01     26.63    6.84    4.63      9.03   46.16   37.61   169.57  102.34   159.63   87.88   181.96   90.67 
 169    0.01    6.33     23.79   11.97    5.80     11.33   35.84   14.14     26.63    6.84    4.64      8.36   47.98   37.67   161.78  101.45   152.78   86.19   174.98   90.46 
 170    0.01    5.61     25.17   10.15    5.83     10.13   41.88   14.30     26.63    6.84    4.65      7.98   50.42   37.74   157.77  102.46   149.19   86.98   171.27   91.86 
 171    0.00    4.96     25.05   10.05    5.85     15.86   21.17   14.34     24.93    7.66    4.67      9.18   43.50   37.78   153.49  101.41   145.00   85.68   167.18   90.82 
 172    0.00    4.93     24.32   10.94    5.88     11.49   32.62   14.45     24.93    7.66    4.69      8.79   45.87   37.82   153.50  101.06   145.07   85.28   167.28   90.56 
 173    0.00    4.97     24.51   10.64    5.91      8.96   42.90   14.61     24.93    7.66    4.70      7.48   50.98   37.90   151.47   98.98   143.86   82.71   165.82   89.16 
 174    0.00    6.37     20.14   17.58    5.98      8.63   45.39   14.79     24.93    7.66    4.72      7.18   54.43   37.99   163.51  100.68   154.48   85.33   176.83   89.71 
 175    0.00    6.09     20.28   17.26    6.04      9.64   40.62   14.94     24.93    7.66    4.74      7.95   50.20   38.06   162.24   95.14   152.61   80.36   174.89   83.64 
 176    0.00    6.37     20.52   16.98    6.10     17.51   16.70   14.95     26.05    6.19    4.75     10.89   35.94   38.05   164.99   93.06   155.17   78.49   177.44   81.43 
 177    0.00    5.51     20.51   17.10    6.16     15.80   20.63   14.98     26.05    6.19    4.75     10.64   37.37   38.05   167.36   91.79   157.62   77.01   179.99   80.21 
 178    0.00    5.76     20.76   16.76    6.22     14.36   24.46   15.03     26.05    6.19    4.76     10.27   39.05   38.05   169.24   92.14   159.41   76.81   182.48   80.46 
 179    0.00    6.36     21.26   16.10    6.28     12.90   28.60   15.11     26.05    6.19    4.77     10.26   38.96   38.06   171.37   91.81   162.47   76.42   184.65   80.86 
 180    0.00    5.55     21.18   16.27    6.33     11.93   31.58   15.20     26.05    6.19    4.78      9.95   39.92   38.07   171.81   90.60   163.01   75.13   185.20   79.79 
 181    0.00    4.96     21.25   16.13    6.39     18.76   14.35   15.19     23.72    8.23    4.80      9.75   40.71   38.08   170.76   91.47   162.53   75.62   184.61   81.14 
 182    0.00    4.97     21.11   16.17    6.44     18.31   15.01   15.19     23.72    8.23    4.82      9.40   43.29   38.11   168.04   91.51   159.43   75.90   181.60   80.83 
 183    0.00    4.94     20.50   17.19    6.50     15.93   19.62   15.22     23.72    8.23    4.84      9.80   40.05   38.12   168.58   89.71   160.44   74.12   182.18   79.46 
 184    0.00    6.35     20.50   17.15    6.56     14.30   23.28   15.26     23.72    8.23    4.85      9.53   40.43   38.13   168.45   88.03   160.29   72.21   182.36   77.85 
 185    0.00    6.12     21.09   16.08    6.61     13.96   23.89   15.31     23.72    8.23    4.87      9.52   40.25   38.15   169.14   88.48   161.77   72.15   183.59   78.92 
 186    0.00    6.37     20.34   17.45    6.67     17.10   16.67   15.31     22.26    9.41    4.90      9.72   39.07   38.15   170.22   86.41   162.52   70.37   184.27   76.48 
 187    0.00    6.11     20.65   17.00    6.72     15.67   20.08   15.34     22.26    9.41    4.92      9.73   39.51   38.16   171.15   85.80   163.97   69.22   185.87   76.38 
 188    0.00    6.35     20.71   16.84    6.78     14.49   23.43   15.38     22.26    9.41    4.94     10.14   39.00   38.16   171.41   85.17   164.59   68.66   186.15   76.14 
 189    0.00    6.11     20.90   16.70    6.83     13.33   27.26   15.45     22.26    9.41    4.97     10.07   39.20   38.17   174.81   83.76   168.26   66.88   189.93   74.91 
 190    0.00    6.38     20.89   16.81    6.88     12.56   29.76   15.52     22.26    9.41    4.99     10.37   38.35   38.17   176.10   82.31   169.98   65.54   191.20   73.93 
 191    0.00    5.46     21.16   16.38    6.93     20.42   12.20   15.50     24.57    7.31    5.00     11.14   35.13   38.15   177.04   81.26   170.62   64.29   192.29   72.52 
 192    0.00    5.74     20.82   16.44    6.98     16.01   19.84   15.53     24.57    7.31    5.02     10.25   39.91   38.16   170.94   76.76   164.97   59.95   186.14   68.55 
 193    0.00    6.35     20.75   16.48    7.03     16.06   19.32   15.55     24.57    7.31    5.03     10.13   39.03   38.17   170.95   77.37   165.08   60.34   186.37   69.22 
 194    0.00    6.06     20.52   16.87    7.08     15.66   20.56   15.57     24.57    7.31    5.04     10.24   39.44   38.17   169.92   78.34   163.78   61.19   185.40   69.87 
 195    0.00    5.35     20.56   16.53    7.13     14.60   22.60   15.61     24.57    7.31    5.05      9.98   40.86   38.19   165.67   79.34   159.81   62.26   181.12   71.17 
 196    0.00    5.74     19.97   17.66    7.18     19.81   12.28   15.59     22.48    9.35    5.07     10.29   38.46   38.19   165.24   81.69   158.93   64.72   180.55   73.14 
 197    0.00    6.37     19.81   17.66    7.24     18.67   14.08   15.58     22.48    9.35    5.09     10.21   38.44   38.19   161.24   80.09   154.73   62.48   177.07   71.13 
 198    0.00    5.47     19.05   19.50    7.30     17.29   16.65   15.59     22.48    9.35    5.12      9.74   38.70   38.19   164.25   80.71   157.89   62.81   180.35   71.83 
 199    0.00    4.96     19.72   18.20    7.35     14.84   21.80   15.62     22.48    9.35    5.14     10.07   37.54   38.19   165.30   78.77   159.16   60.87   181.45   70.10 
 200    0.00    4.99     19.21   19.76    7.42     13.38   25.52   15.67     22.48    9.35    5.16      8.96   39.79   38.20   171.82   75.86   165.87   57.87   188.13   67.44 
 201    0.00    4.97     19.74   18.81    7.47     16.59   16.92   15.68     23.06    8.47    5.17      9.46   37.47   38.19   175.95   71.66   170.92   54.13   191.95   64.24 
 202    0.00    6.34     19.26   20.10    7.54     15.11   20.36   15.70     23.06    8.47    5.19      9.47   36.88   38.19   180.60   69.89   175.16   51.39   197.47   61.90 
 203    0.00    6.09     19.72   19.58    7.59     13.72   23.37   15.74     23.06    8.47    5.21      8.69   38.64   38.19   186.12   70.70   180.86   52.20   203.01   62.86 
 204    0.00    6.35     19.70   20.17    7.66     13.36   24.30   15.78     23.06    8.47    5.22      8.59   39.15   38.19   190.81   72.54   186.90   53.74   208.17   65.84 
 205    0.00    6.06     19.74   20.29    7.72     12.57   26.04   15.83     23.06    8.47    5.24      8.97   38.96   38.20   191.95   73.33   187.22   54.40   209.37   66.04 
 206    0.00    6.38     20.14   19.89    7.78     21.44    9.39   15.80     21.77    9.26    5.26      9.00   37.40   38.19   196.60   74.65   192.47   55.82   214.00   67.88 
 207    0.00    6.08     19.93   20.54    7.84     19.66   11.44   15.78     21.77    9.26    5.28      9.14   37.42   38.19   199.50   73.46   194.93   54.50   216.92   66.11 
 208    0.00    6.39     19.90   20.40    7.90     18.77   12.62   15.76     21.77    9.26    5.30      9.46   38.30   38.19   199.03   69.29   194.86   50.42   216.35   62.27 
 209    0.00    6.08     19.74   20.70    7.96     17.61   14.36   15.75     21.77    9.26    5.32      9.31   37.75   38.19   199.78   65.44   196.07   46.31   217.48   58.86 
 210    0.00    6.37     19.91   20.57    8.02     17.86   13.87   15.75     21.77    9.26    5.34      9.11   37.34   38.18   202.59   64.04   198.63   45.07   220.16   57.45 
 211    0.00    6.09     20.01   20.72    8.08     20.16   10.58   15.72     25.29    5.96    5.34      8.79   37.05   38.18   207.02   63.81   203.05   44.82   224.56   57.00 
 212    0.00    6.35     20.23   20.06    8.14     18.05   13.79   15.71     25.29    5.96    5.34      8.87   40.61   38.19   204.18   67.66   200.11   48.45   221.90   60.71 
 213    0.00    6.07     20.30   20.07    8.19     16.23   16.80   15.72     25.29    5.96    5.34      8.47   41.40   38.21   202.15   72.91   197.85   53.71   219.79   65.73 
 214    0.00    6.34     19.90   20.89    8.25     15.52   17.92   15.73     25.29    5.96    5.35      8.71   41.57   38.22   199.37   77.04   194.70   57.95   216.89   69.56 
 215    0.00    5.43     19.66   20.88    8.31     14.68   19.17   15.74     25.29    5.96    5.35      8.55   43.14   38.24   193.20   81.35   188.34   62.36   210.52   73.64 
 216    0.00    5.83     19.99   19.64    8.36     17.06   14.05   15.74     21.85    8.69    5.37      8.78   40.90   38.26   185.00   82.73   180.39   63.40   202.73   75.22 
 217    0.00    6.35     19.31   20.62    8.42     15.06   17.94   15.75     21.85    8.69    5.38      9.03   38.57   38.26   180.06   83.15   174.92   63.97   197.54   75.17 
 218    0.00    6.01     19.20   20.04    8.47     13.30   23.26   15.78     21.85    8.69    5.40      8.68   42.00   38.28   170.99   81.48   166.99   62.10   188.80   74.54 
 219    0.00    5.30     19.01   20.44    8.53     13.64   23.04   15.81     21.85    8.69    5.41      9.31   37.16   38.27   170.83   82.32   167.35   63.22   188.58   75.98 
 220    0.00    5.83     18.91   20.38    8.58     13.26   24.78   15.85     21.85    8.69    5.43      9.57   40.56   38.28   168.15   79.62   164.30   60.65   185.72   72.96 
 221    0.00    6.37     19.15   19.59    8.63     18.88   13.32   15.84     22.80    7.75    5.44     10.39   37.87   38.28   166.92   75.56   163.49   56.10   184.93   69.22 
 222    0.00    6.06     18.91   20.34    8.68     17.23   15.88   15.84     22.80    7.75    5.45     10.00   34.63   38.26   169.81   75.54   166.08   56.67   187.32   69.03 
 223    0.00    5.84     19.02   20.50    8.74     16.14   18.77   15.86     22.80    7.75    5.46     10.10   34.63   38.25   172.58   77.98   168.67   58.66   190.33   71.08 
 224    0.00    6.36     19.60   19.60    8.79     15.45   20.05   15.87     22.80    7.75    5.47      9.89   35.81   38.24   175.20   78.38   171.59   59.39   192.71   71.84 
 225    0.00    6.08     19.39   20.52    8.84     14.92   21.27   15.90     22.80    7.75    5.48      9.59   34.73   38.22   179.42   80.24   175.94   61.19   197.01   73.80 
 226    0.00    6.35     19.26   21.25    8.89     22.69    8.85   15.87     24.44    7.08    5.48      9.39   36.47   38.21   182.27   83.19   178.50   64.36   199.74   76.68 
 227    0.00    6.06     19.24   21.73    8.95     20.70   11.21   15.85     24.44    7.08    5.49      9.52   36.40   38.20   185.22   86.31   181.90   67.26   202.83   80.04 
 228    0.00    6.35     19.35   22.20    9.01     19.51   13.24   15.84     24.44    7.08    5.50      8.96   37.32   38.20   190.65   90.18   187.21   71.01   208.34   83.78 
 229    0.00    6.09     19.57   21.88    9.06     19.55   13.03   15.82     24.44    7.08    5.51      9.57   37.33   38.20   193.39   92.34   190.34   72.97   211.31   86.22 
 230    0.00    6.37     19.17   22.95    9.12     18.13   14.62   15.82     24.44    7.08    5.51     10.02   37.31   38.19   196.40   89.97   193.32   70.68   214.24   83.88 
 231    0.00    5.48     19.10   23.62    9.19     15.23   20.23   15.84     24.61    7.16    5.52      8.26   44.90   38.22   204.98   84.04   202.49   64.26   223.39   78.42 
 232    0.00    5.81     18.68   24.65    9.25     15.27   19.19   15.85     24.61    7.16    5.53      9.94   39.34   38.23   203.65   80.63   200.66   60.85   221.99   74.54 
 233    0.00    6.35     18.87   23.53    9.31     14.54   21.18   15.87     24.61    7.16    5.53      9.65   47.35   38.27   200.34   73.08   197.24   53.76   218.16   66.80 
 234    0.00    6.04     18.61   23.90    9.38     13.70   23.53   15.91     24.61    7.16    5.54      9.90   42.30   38.28   198.80   68.01   195.81   48.61   216.68   61.80 
 235    0.00    5.84     18.61   23.73    9.44     13.05   24.91   15.95     24.61    7.16    5.55      9.90   41.45   38.30   197.82   62.30   194.29   43.21   215.40   55.81 
 236    0.00    6.37     18.60   23.03    9.50     17.74   14.13   15.94     22.40    8.60    5.56     10.45   39.11   38.30   193.16   57.76   190.02   38.49   210.86   51.39 
 237    0.00    6.06     18.74   22.51    9.55     16.70   15.87   15.94     22.40    8.60    5.57      9.74   35.37   38.29   192.56   60.47   189.11   41.31   210.11   53.84 
 238    0.00    6.38     18.64   22.32    9.60     16.29   16.15   15.94     22.40    8.60    5.59      8.67   40.02   38.29   187.23   63.89   183.27   44.92   204.64   56.99 
 239    0.00    5.50     18.57   22.07    9.66     13.42   21.96   15.96     22.40    8.60    5.60      8.20   41.34   38.31   183.20   66.55   179.40   47.60   200.64   59.84 
 240    0.00    5.83     18.50   21.88    9.71     12.20   25.51   16.00     22.40    8.60    5.61      8.27   40.95   38.32   177.98   66.00   175.03   46.79   195.67   59.83 
 241    0.00    6.36     18.27   22.43    9.76     19.57   11.51   15.98     21.87    8.54    5.62      9.88   35.90   38.31   177.61   67.17   174.25   48.22   195.01   60.70 
 242    0.00    6.00     18.04   23.01    9.81     18.06   14.06   15.98     21.87    8.54    5.63     10.17   35.60   38.30   178.51   67.18   175.29   48.36   195.81   60.88 
 243    0.00    4.94     18.69   21.30    9.86     17.66   14.70   15.97     21.87    8.54    5.65      9.99   37.56   38.29   176.19   68.66   172.59   50.21   193.10   62.11 
 244    0.00    4.97     18.94   20.53    9.91     16.58   16.34   15.97     21.87    8.54    5.66      9.89   37.93   38.29   173.49   68.91   170.12   50.42   190.45   62.53 
 245    0.00    4.95     18.48   21.33    9.95     16.51   17.73   15.98     21.87    8.54    5.67     10.09   38.76   38.29   172.83   68.66   169.20   49.63   190.25   61.89 
 246    0.00    6.35     18.34   21.79   10.00     20.77   10.59   15.96     23.39    7.63    5.68     10.15   38.26   38.29   174.21   65.42   170.23   46.99   191.00   58.47 
 247    0.00    6.07     18.23   22.33   10.05     19.65   12.36   15.94     23.39    7.63    5.69      9.58   37.93   38.29   177.01   67.58   174.02   49.29   193.88   61.62 
 248    0.00    6.36     18.82   21.18   10.10     20.68   10.94   15.92     23.39    7.63    5.69      9.07   39.82   38.30   178.54   70.42   174.56   52.45   194.96   63.60 
 249    0.00    5.47     19.09   20.90   10.14     19.81   11.76   15.91     23.39    7.63    5.70      8.68   40.31   38.31   179.13   74.66   175.11   56.77   195.46   67.81 
 250    0.00    5.79     19.34   20.63   10.18     19.76   12.08   15.89     23.39    7.63    5.71      8.48   41.73   38.32   179.86   79.95   175.61   61.90   196.33   72.90 
 251    0.00    6.37     19.67   19.98   10.22     21.77    9.40   15.87     24.38    7.07    5.72      9.11   40.36   38.33   178.97   83.06   174.36   65.12   195.27   75.70 
 252    0.00    5.49     19.10   21.57   10.26     20.47   10.99   15.85     24.38    7.07    5.72      9.07   38.11   38.33   180.30   85.96   175.84   67.39   197.15   78.56 
 253    0.00    4.97     19.28   20.78   10.31     18.63   13.81   15.84     24.38    7.07    5.73      9.81   39.73   38.33   177.84   86.38   173.64   67.47   195.02   79.12 
 254    0.00    4.94     19.10   21.13   10.35     16.94   16.74   15.84     24.38    7.07    5.73      9.72   40.53   38.34   180.83   81.42   177.41   63.00   197.84   75.16 
 255    0.00    4.94     18.29   22.97   10.40     14.54   20.25   15.86     24.38    7.07    5.74      9.28   42.73   38.36   184.62   71.87   180.51   53.90   201.08   65.08 
 256    0.00    4.96     18.27   23.15   10.45     18.27   13.31   15.85     23.48    7.70    5.74      9.42   38.59   38.36   189.24   67.33   185.66   49.00   206.08   60.85 
 257    0.00    4.93     18.67   22.47   10.50     19.69   11.35   15.83     23.48    7.70    5.75      9.73   32.87   38.34   190.86   70.60   187.20   51.94   208.03   64.04 
 258    0.00    4.98     18.83   22.44   10.54     20.15   10.72   15.81     23.48    7.70    5.76      9.22   34.20   38.32   192.33   74.53   188.58   55.50   209.86   67.82 
 259    0.00    4.97     19.58   20.88   10.58     19.57   11.71   15.80     23.48    7.70    5.77      8.77   36.91   38.32   192.47   79.91   188.75   60.94   209.93   73.21 
 260    0.00    5.75     19.74   20.50   10.62     18.75   12.54   15.78     23.48    7.70    5.77      9.70   36.29   38.31   190.69   81.54   186.67   62.93   207.73   74.63 
 261    0.00    6.39     19.47   21.09   10.66     19.96   10.97   15.76     25.21    6.01    5.78      9.78   36.24   38.30   189.75   83.33   185.35   65.04   206.44   76.11 
 262    0.00    5.45     19.47   21.03   10.70     19.48   11.62   15.75     25.21    6.01    5.78     10.08   35.29   38.29   188.81   84.51   184.94   66.16   205.66   77.84 
 263    0.00    4.95     19.94   19.87   10.73     19.12   11.97   15.73     25.21    6.01    5.78      9.80   36.46   38.28   186.75   85.66   182.34   67.17   203.64   78.48 
 264    0.00    4.95     19.17   21.62   10.78     17.98   13.66   15.73     25.21    6.01    5.78     10.40   34.98   38.27   187.15   83.19   182.71   64.52   204.22   75.95 
 265    0.00    4.95     19.16   21.78   10.82     15.73   16.33   15.73     25.21    6.01    5.78      9.98   32.59   38.25   189.48   82.64   185.49   64.31   206.28   75.86 
 266    0.00    6.38     19.26   21.55   10.86     16.65   14.20   15.72     23.52    7.13    5.78      9.59   33.04   38.23   189.69   82.79   185.29   64.42   206.48   75.62 
 267    0.00    6.06     19.44   20.66   10.89     15.40   16.48   15.73     23.52    7.13    5.79      8.65   39.65   38.23   183.91   81.34   179.22   63.11   200.53   73.94 
 268    0.00    6.35     19.75   19.55   10.93     14.24   18.48   15.74     23.52    7.13    5.79      8.07   40.59   38.24   178.68   81.64   173.70   63.36   195.29   73.95 
 269    0.00    5.40     19.70   19.39   10.96     15.45   15.75   15.74     23.52    7.13    5.80      8.33   37.82   38.24   176.53   82.47   171.98   64.70   192.76   75.34 
 270    0.00    5.77     19.04   20.45   10.99     14.58   17.18   15.74     23.52    7.13    5.80      8.28   38.02   38.24   172.19   82.11   167.20   64.42   188.27   74.55 
 271    0.00    6.35     18.91   20.08   11.03     22.45    6.92   15.71     23.12    6.62    5.81      7.97   39.48   38.25   166.34   81.62   161.88   63.99   182.42   74.58 
 272    0.00    5.46     19.12   19.10   11.06     20.71    8.26   15.68     23.12    6.62    5.81      8.37   36.72   38.24   160.65   79.87   156.37   62.41   176.60   73.03 
 273    0.00    4.94     18.54   19.87   11.09     20.96    8.04   15.65     23.12    6.62    5.81      8.17   37.14   38.24   155.88   79.63   151.38   61.67   172.28   72.52 
 274    0.00    4.98     18.01   20.60   11.12     18.96    9.89   15.63     23.12    6.62    5.82      8.02   37.00   38.23   152.06   78.64   146.80   61.22   167.84   70.88 
 275    0.00    5.01     18.71   19.26   11.15     18.26   10.71   15.61     23.12    6.62    5.82      8.83   31.45   38.21   154.88   78.85   149.80   61.06   171.00   71.22 
 276    0.00    6.40     17.68   21.73   11.19     21.33    7.53   15.59     23.54    5.94    5.82      9.45   29.78   38.18   156.60   76.17   152.01   58.28   172.89   68.93 
 277    0.00    5.40     18.26   20.21   11.22     18.87    9.77   15.56     23.54    5.94    5.82      9.17   30.64   38.15   157.86   70.52   152.60   52.54   174.13   62.63 
 278    0.00    5.75     18.36   20.45   11.26     18.91    9.69   15.54     23.54    5.94    5.82      8.82   30.11   38.12   162.97   71.64   157.10   53.76   179.07   63.24 
 279    0.00    6.34     18.74   20.18   11.29     17.86   10.93   15.53     23.54    5.94    5.82      8.27   31.51   38.10   166.06   76.71   160.32   58.68   182.35   68.41 
 280    0.00    5.43     18.40   21.51   11.33     16.37   12.88   15.52     23.54    5.94    5.82      8.04   31.79   38.07   168.58   82.47   163.15   63.93   185.40   74.39 
 281    0.00    4.95     18.56   21.78   11.36     17.40   11.35   15.50     22.62    6.35    5.82      8.20   30.89   38.05   172.66   86.86   167.10   68.36   189.41   78.64 
 282    0.00    4.95     18.90   21.75   11.40     16.26   12.74   15.49     22.62    6.35    5.82      8.65   29.24   38.02   178.96   88.54   174.24   70.46   195.39   81.13 
 283    0.00    4.98     19.31   21.22   11.43     17.29   11.23   15.48     22.62    6.35    5.83      8.05   31.59   37.99   185.58   85.51   180.85   67.31   202.21   78.19 
 284    0.00    6.39     20.21   19.40   11.46     17.12   11.38   15.46     22.62    6.35    5.83      8.54   30.31   37.97   189.08   82.43   184.85   63.95   206.04   75.51 
 285    0.00    5.41     19.90   20.10   11.49     16.09   12.63   15.45     22.62    6.35    5.83      8.43   30.54   37.94   192.89   77.43   188.17   59.22   209.53   70.11 
 286    0.00    5.76     19.94   20.21   11.52     15.54   13.39   15.45     21.92    6.60    5.83      9.06   27.57   37.91   196.08   74.29   192.02   56.13   212.78   67.60 
 287    0.00    6.35     19.76   20.77   11.56     14.14   15.55   15.45     21.92    6.60    5.84      8.63   28.86   37.87   198.27   70.59   193.71   52.48   214.78   63.39 
 288    0.00    6.00     20.08   20.16   11.59     13.66   16.50   15.45     21.92    6.60    5.84      8.61   28.71   37.84   200.52   70.32   196.23   52.31   217.02   63.44 
 289    0.00    5.25     19.98   20.48   11.62     13.42   16.95   15.46     21.92    6.60    5.84      8.53   29.37   37.81   200.77   70.86   196.49   52.85   217.29   64.04 
 290    0.00    4.97     20.29   19.74   11.64     12.85   17.93   15.46     21.92    6.60    5.84      8.60   29.43   37.78   199.18   72.04   194.67   53.68   216.01   64.91 
 291    0.00    4.91     19.93   20.63   11.67     19.28    8.59   15.44     21.93    6.36    5.85      8.72   28.91   37.75   198.62   73.17   194.10   54.26   215.86   65.80 
 292    0.00    4.96     19.96   20.57   11.71     17.91   10.16   15.42     21.93    6.36    5.85      8.78   28.78   37.72   198.36   75.97   194.02   56.99   215.72   68.79 
 293    0.00    4.94     20.31   19.53   11.73     15.39   13.62   15.42     21.93    6.36    5.85      8.24   32.99   37.71   194.88   78.91   188.92   60.92   211.09   70.39 
 294    0.00    6.35     19.57   21.18   11.76     14.77   14.79   15.41     21.93    6.36    5.85      8.84   30.43   37.68   192.08   78.08   186.95   59.83   208.71   70.37 
 295    0.00    6.02     19.53   21.23   11.80     15.13   14.23   15.41     21.93    6.36    5.85      9.33   27.71   37.65   193.25   79.39   188.03   61.12   209.74   71.46 
 296    0.00    6.40     19.91   20.00   11.82     13.75   17.18   15.42     19.38    8.62    5.86      9.00   32.71   37.63   188.34   78.41   183.82   60.05   205.17   71.27 
 297    0.00    5.44     20.55   18.44   11.85     12.12   20.25   15.43     19.38    8.62    5.87      9.50   29.35   37.60   186.59   77.27   182.52   58.89   203.50   70.55 
 298    0.00    5.72     19.89   19.81   11.87     12.30   21.22   15.45     19.38    8.62    5.88      9.60   29.37   37.58   189.75   76.91   186.03   59.24   206.00   70.57 
 299    0.00    6.34     20.49   18.55   11.90     11.49   22.97   15.48     19.38    8.62    5.89      9.38   30.33   37.55   188.74   76.88   185.23   59.32   204.93   70.77 
 300    0.00    5.50     20.11   19.37   11.92     11.77   23.26   15.50     19.38    8.62    5.90      9.10   30.83   37.53   190.14   79.64   187.16   61.69   206.76   73.98 
 301    0.00    4.96     20.03   19.56   11.95     20.28    8.65   15.48     19.47    9.13    5.91      9.79   28.49   37.50   189.83   79.96   187.09   61.90   206.54   74.46 
 302    0.00    6.36     20.16   19.31   11.97     19.68    9.20   15.46     19.47    9.13    5.92      9.97   28.21   37.47   190.02   80.87   186.92   62.96   206.61   75.14 
 303    0.00    5.43     19.85   20.23   12.00     19.45    9.38   15.44     19.47    9.13    5.93     10.26   26.57   37.43   192.13   81.94   189.41   63.83   208.89   76.44 
 304    0.00    5.73     19.49   21.32   12.03     18.38   10.60   15.42     19.47    9.13    5.94     10.16   26.59   37.40   195.03   82.19   192.31   63.98   211.93   76.72 
 305    0.00    6.39     19.94   20.31   12.05     17.92   11.19   15.41     19.47    9.13    5.95     10.10   27.69   37.36   194.60   82.95   191.72   64.76   211.50   77.35 
 306    0.00    5.51     20.29   19.51   12.08     21.68    7.23   15.38     25.52    4.68    5.95      9.64   29.54   37.34   193.37   83.29   191.04   65.27   210.14   78.17 
 307    0.00    4.91     20.56   19.03   12.10     20.45    8.28   15.36     25.52    4.68    5.94      9.90   27.96   37.31   194.66   84.81   191.43   66.62   211.35   78.74 
 308    0.00    4.98     20.90   18.38   12.12     21.20    7.75   15.33     25.52    4.68    5.94      9.18   31.70   37.29   193.48   87.53   190.32   69.36   210.18   81.56 
 309    0.00    4.97     21.10   17.76   12.14     20.74    8.09   15.31     25.52    4.68    5.93      7.26   41.98   37.31   187.47   91.89   184.02   73.93   203.96   85.63 
 310    0.00    5.75     20.97   18.26   12.16     20.93    8.03   15.29     25.52    4.68    5.93      8.90   32.26   37.29   188.49   96.27   184.57   78.39   204.81   89.60 
 311    0.00    6.38     21.06   18.29   12.18     20.97    8.06   15.26     24.33    5.36    5.93      9.94   28.37   37.26   188.81   99.60   185.28   81.50   205.42   93.24 
 312    0.00    5.99     21.57   17.38   12.20     17.76   11.69   15.25     24.33    5.36    5.93      9.44   30.90   37.24   188.33  102.95   184.69   85.17   204.62   96.62 
 313    0.00    5.20     21.21   18.06   12.22     17.38   12.64   15.24     24.33    5.36    5.93      9.04   34.82   37.23   186.15  104.77   182.80   86.77   202.70   98.62 
 314    0.00    6.40     21.46   17.23   12.23     16.75   13.99   15.24     24.33    5.36    5.92      9.72   36.50   37.23   182.00  103.62   178.91   85.03   199.13   97.60 
 315    0.00    5.97     21.05   18.01   12.25     16.31   15.81   15.24     24.33    5.36    5.92     10.30   34.58   37.22   182.64  101.03   179.53   82.99   199.24   95.11 
 316    0.00    6.39     20.80   18.56   12.27     19.61   11.61   15.23     24.50    5.65    5.92     10.38   33.79   37.21   183.87   99.13   180.88   81.07   200.58   93.43 
 317    0.00    5.37     20.99   17.97   12.29     18.24   13.52   15.23     24.50    5.65    5.92      9.56   42.72   37.23   182.10   96.00   179.05   78.61   198.14   90.30 
 318    0.00    5.79     21.08   17.73   12.30     18.74   12.72   15.22     24.50    5.65    5.92     10.15   36.00   37.22   183.26   92.72   179.91   74.79   199.77   86.57 
 319    0.00    6.37     20.44   19.14   12.33     18.29   13.11   15.21     24.50    5.65    5.92     10.23   32.20   37.21   186.25   91.77   182.52   73.96   202.60   85.29 
 320    0.00    5.98     20.63   19.00   12.35     17.74   13.69   15.21     24.50    5.65    5.92     10.03   31.23   37.19   189.57   92.38   186.75   74.99   205.62   86.86 
 321    0.00    5.20     20.80   18.87   12.37     22.04    8.09   15.18     25.05    6.09    5.92     10.21   29.84   37.17   192.72   92.67   189.47   74.95   209.06   86.66 
 322    0.00    4.98     21.00   18.71   12.39     19.97   10.06   15.17     25.05    6.09    5.92     10.08   30.39   37.15   195.77   93.46   192.16   75.91   211.87   87.17 
 323    0.00    4.97     20.93   19.09   12.41     20.98    9.29   15.15     25.05    6.09    5.92     10.41   30.76   37.13   198.05   93.71   195.46   75.79   214.67   88.34 
 324    0.00    5.27     21.75   17.60   12.42     20.54    9.70   15.13     25.05    6.09    5.92     10.45   30.38   37.11   199.86   94.53   196.87   76.56   216.49   88.79 
 325    0.00    5.63     21.57   18.07   12.44     20.79    9.56   15.12     25.05    6.09    5.92     10.63   31.24   37.09   201.77   93.08   199.81   74.91   218.69   88.33 
 326    0.00    4.95     21.24   18.61   12.46     24.12    6.67   15.09     25.67    5.36    5.92     10.42   35.09   37.08   202.28   89.03   200.41   70.91   219.15   84.36 
 327    0.00    4.93     21.24   18.52   12.48     22.47    7.99   15.07     25.67    5.36    5.92     10.45   35.25   37.08   201.52   86.78   199.12   69.25   217.83   81.64 
 328    0.00    6.36     21.97   16.77   12.49     21.45    9.36   15.05     25.67    5.36    5.92      9.73   41.29   37.09   198.10   85.28   195.73   67.64   214.52   80.14 
 329    0.00    5.35     21.29   17.63   12.51     20.85    9.94   15.04     25.67    5.36    5.91      9.53   43.73   37.11   193.81   82.09   191.45   64.42   210.23   76.90 
 330    0.00    5.82     21.40   17.13   12.52     19.79   11.15   15.02     25.67    5.36    5.91      9.71   39.86   37.12   189.82   83.59   187.30   66.17   205.94   78.33 
 331    0.00    6.40     21.06   17.53   12.54     20.09   10.59   15.01     25.52    5.74    5.91      9.01   41.21   37.13   185.33   86.65   183.16   69.14   201.61   81.63 
 332    0.00    5.41     21.14   17.06   12.55     18.61   11.49   15.00     25.52    5.74    5.91      9.39   38.20   37.13   179.53   88.46   177.13   70.74   195.97   83.18 
 333    0.00    4.93     20.97   17.08   12.56     18.42   11.44   14.99     25.52    5.74    5.91      9.75   36.41   37.13   174.71   90.49   172.11   73.33   190.60   85.28 
 334    0.00    5.81     20.49   17.86   12.58     18.85   11.11   14.98     25.52    5.74    5.91      9.84   34.96   37.12   171.66   92.06   169.14   74.25   188.12   86.59 
 335    0.00    6.35     20.67   17.24   12.59     18.99   11.02   14.97     25.52    5.74    5.91      9.81   37.52   37.12   167.03   93.50   163.70   76.27   182.89   87.47 
 336    0.00    5.42     19.91   18.41   12.61     22.71    7.22   14.94     26.03    4.95    5.91      9.92   37.82   37.13   162.10   93.01   159.54   75.37   178.42   87.68 
 337    0.00    4.94     20.39   17.35   12.62     22.11    7.92   14.92     26.03    4.95    5.90     11.19   30.44   37.11   161.46   94.11   158.89   76.78   177.49   88.82 
 338    0.00    5.83     19.91   18.04   12.64     22.88    7.71   14.90     26.03    4.95    5.90     10.73   35.80   37.10   158.84   91.65   156.38   74.03   175.17   86.41 
 339    0.00    6.35     20.32   16.98   12.65     22.09    8.00   14.88     26.03    4.95    5.90     11.02   33.09   37.09   158.85   86.52   156.66   69.59   174.59   81.70 
 340    0.00    6.00     20.29   17.27   12.67     20.58    9.59   14.86     26.03    4.95    5.90     11.24   29.44   37.07   161.23   84.77   158.97   67.81   176.98   79.86 
 341    0.00    4.91     20.01   17.98   12.68     24.12    6.89   14.84     26.93    4.61    5.89     10.99   30.21   37.05   164.52   86.67   162.17   69.61   180.34   81.66 
 342    0.00    4.97     20.81   16.79   12.69     22.78    7.92   14.82     26.93    4.61    5.89      9.94   32.93   37.04   164.78   90.75   162.46   73.81   180.47   85.76 
 343    0.00    4.98     20.94   17.06   12.71     20.60   10.79   14.81     26.93    4.61    5.88      9.82   32.98   37.02   168.75   95.29   166.40   78.66   184.16   90.37 
 344    0.00    6.36     21.53   16.60   12.72     18.42   14.13   14.81     26.93    4.61    5.88      9.00   35.02   37.02   174.05   99.99   170.78   83.45   189.21   94.16 
 345    0.00    5.98     21.72   16.66   12.73     18.90   13.52   14.80     26.93    4.61    5.88      9.49   34.65   37.01   178.88  103.62   176.05   87.10   194.13   98.24 
 346    0.00    6.35     22.02   16.44   12.74     22.33    8.94   14.79     26.74    5.27    5.87      9.78   35.28   37.01   183.95  103.55   181.51   86.99   199.32   98.52 
 347    0.00    5.36     22.16   16.34   12.75     20.09   11.19   14.78     26.74    5.27    5.87     10.06   36.32   37.01   187.07  101.61   184.53   85.27   202.18   96.52 
 348    0.00    5.81     22.34   16.32   12.76     19.43   11.99   14.77     26.74    5.27    5.87      9.25   37.66   37.01   194.14   98.98   191.75   82.48   209.43   94.02 
 349    0.00    6.39     22.37   16.61   12.77     20.01   11.14   14.76     26.74    5.27    5.87      8.96   37.97   37.01   201.71   96.79   199.55   80.38   217.02   92.12 
 350    0.00    5.96     22.89   16.00   12.78     20.07   10.85   14.75     26.74    5.27    5.87     10.09   32.96   37.00   204.93   97.26   202.23   80.99   220.06   92.19 
 351    0.00    5.18     23.56   15.06   12.79     26.57    5.05   14.72     26.24    5.49    5.87      9.24   35.09   36.99   207.47   99.87   204.64   83.64   222.53   94.68 
 352    0.00    4.98     23.37   15.58   12.80     20.58    9.89   14.71     26.24    5.49    5.87      8.85   35.76   36.99   209.57  104.14   206.95   88.18   224.29   99.02 
 353    0.00    4.99     23.93   14.75   12.80     19.05   11.41   14.70     26.24    5.49    5.86      9.02   35.31   36.98   209.25  106.46   205.88   90.39   224.10  100.82 
 354    0.00    6.39     23.73   14.98   12.81     17.83   12.70   14.69     26.24    5.49    5.86      8.94   36.17   36.98   206.74  107.30   203.65   91.17   221.69  101.93 
 355    0.00    5.96     23.20   15.68   12.82     17.70   12.69   14.68     26.24    5.49    5.86      9.46   34.54   36.98   204.12  106.80   201.25   90.87   218.89  101.58 
 356    0.00    6.35     23.13   15.46   12.82     20.44    9.09   14.67     24.17    6.34    5.86      9.30   35.88   36.97   198.62  104.50   195.63   88.54   213.37   99.16 
 357    0.00    5.40     23.16   15.19   12.83     18.16   11.78   14.66     24.17    6.34    5.87     10.24   31.47   36.96   196.69  102.44   193.49   86.52   211.34   96.84 
 358    0.00    5.83     23.05   15.29   12.84     17.89   11.87   14.65     24.17    6.34    5.87      9.89   32.14   36.94   195.29  101.33   191.95   85.80   209.55   95.67 
 359    0.00    6.35     23.07   15.09   12.84     17.58   12.78   14.65     24.17    6.34    5.87      9.43   34.49   36.94   191.83  102.53   189.64   86.35   206.93   97.92 
 360    0.00    5.94     22.40   16.11   12.85     17.08   13.25   14.64     24.17    6.34    5.87     10.27   30.86   36.92   190.00  101.49   187.07   85.54   204.82   96.22 
 361    0.00    5.18     22.42   16.11   12.86     19.23   10.35   14.63     22.46    7.16    5.87     10.20   30.10   36.90   191.86  100.95   188.62   85.31   206.23   95.38 
 362    0.00    6.39     23.11   14.81   12.87     18.92   10.56   14.62     22.46    7.16    5.88      9.85   31.50   36.89   189.76  100.75   186.10   85.17   204.07   94.84 
 363    0.00    4.93     22.77   15.29   12.87     18.02   11.97   14.61     22.46    7.16    5.88      9.60   32.34   36.87   187.24  102.31   184.00   86.61   201.71   96.79 
 364    0.00    4.98     23.12   14.55   12.88     18.07   12.27   14.61     22.46    7.16    5.88      9.32   34.62   36.87   185.08  103.01   181.89   87.52   199.34   97.51 
 365    0.00    4.98     22.65   15.23   12.88     16.84   14.67   14.61     22.46    7.16    5.89      9.51   35.26   36.86   182.97  102.15   179.74   86.62   197.27   96.64 
 366    0.00    6.36     22.93   14.68   12.89     18.99   11.78   14.60     21.49    8.15    5.89     10.21   32.93   36.85   181.28  102.52   177.99   87.06   195.50   96.92 
 367    0.00    5.95     22.65   15.12   12.90     19.28   11.61   14.59     21.49    8.15    5.90     10.24   33.28   36.84   181.04  102.39   177.75   86.92   195.30   96.86 
 368    0.00    6.37     22.68   15.06   12.90     18.47   12.95   14.59     21.49    8.15    5.91     10.16   34.26   36.84   181.25  102.25   177.78   87.09   195.17   96.57 
 369    0.00    5.94     22.36   15.56   12.91     17.45   14.78   14.59     21.49    8.15    5.91     10.19   35.25   36.83   181.64  100.59   178.72   85.32   195.72   95.39 
 370    0.00    6.37     22.41   15.51   12.92     16.55   15.86   14.59     21.49    8.15    5.92     10.15   34.49   36.82   182.33   98.57   179.61   83.32   196.42   93.59 
 371    0.00    5.93     22.66   15.19   12.92     22.93    7.70   14.57     24.38    6.49    5.92     10.31   32.52   36.81   184.89   97.24   182.32   81.69   199.28   92.30 
 372    0.00    6.40     23.43   14.05   12.92     21.36    8.99   14.56     24.38    6.49    5.92     10.06   31.93   36.80   187.83   97.13   184.64   82.33   201.46   91.76 
 373    0.00    5.92     23.19   14.83   12.93     21.49    8.76   14.54     24.38    6.49    5.92      9.10   32.69   36.79   193.11   98.77   190.67   83.90   206.93   94.09 
 374    0.00    6.36     23.21   15.22   12.94     18.12   12.61   14.54     24.38    6.49    5.92      8.75   32.79   36.78   198.94  101.38   196.09   86.15   212.99   96.26 
 375    0.00    5.42     22.96   16.01   12.94     16.81   13.36   14.53     24.38    6.49    5.93      8.68   31.48   36.76   202.13  103.91   199.56   87.98   216.85   98.79 
 376    0.00    5.80     22.96   16.24   12.95     17.34   11.83   14.53     23.82    6.59    5.93      9.51   28.23   36.74   204.52  106.31   201.89   90.84   218.84  101.37 
 377    0.00    6.37     23.23   15.87   12.96     17.40   12.54   14.52     23.82    6.59    5.93     10.08   27.75   36.72   207.48  108.43   204.41   93.13   221.55  103.08 
 378    0.00    4.95     23.49   15.51   12.97     21.39    8.55   14.51     23.82    6.59    5.93     10.55   29.42   36.70   209.04  108.55   206.36   92.97   223.36  103.28 
 379    0.00    4.94     22.86   16.79   12.98     16.92   14.48   14.50     23.82    6.59    5.93     10.23   32.15   36.69   211.04  106.45   208.40   90.89   225.34  101.20 
 380    0.00    4.95     23.26   16.05   12.99     17.22   14.53   14.51     23.82    6.59    5.93      9.63   37.72   36.69   212.24  103.54   209.30   87.96   226.52   98.05 
 381    0.00    4.94     22.58   17.26   13.00     18.78   12.38   14.50     22.53    7.30    5.94     10.10   36.08   36.69   212.61  101.23   209.77   85.54   227.02   95.84 
 382    0.00    4.98     22.54   17.31   13.01     17.16   14.97   14.50     22.53    7.30    5.94      9.90   35.12   36.68   212.66  100.75   209.71   84.94   227.19   95.22 
 383    0.00    4.98     22.61   17.11   13.02     15.80   16.32   14.51     22.53    7.30    5.94      9.88   33.92   36.68   211.68   99.93   208.32   84.55   225.70   94.06 
 384    0.00    5.78     22.15   18.02   13.03     14.48   16.32   14.51     22.53    7.30    5.95      9.66   29.64   36.66   212.99   98.93   209.28   83.53   227.01   92.79 
 385    0.00    6.37     22.52   17.23   13.04     13.08   17.46   14.52     22.53    7.30    5.95      8.67   31.75   36.65   213.08   95.02   209.61   79.55   227.16   88.99 
 386    0.00    5.89     22.70   16.98   13.05     17.01   10.99   14.51     22.86    6.98    5.95      8.80   29.83   36.63   216.43   92.29   212.90   76.94   230.41   86.23 
 387    0.00    5.12     22.84   16.93   13.06     17.96    9.95   14.50     22.86    6.98    5.96      9.26   26.75   36.60   220.16   92.66   216.85   77.18   234.32   86.89 
 388    0.00    6.40     23.00   16.73   13.07     17.32   10.84   14.49     22.86    6.98    5.96      9.61   27.11   36.58   219.96   95.52   215.96   80.39   233.64   89.13 
 389    0.00    5.32     22.93   16.95   13.08     14.23   16.38   14.49     22.86    6.98    5.96      9.17   28.75   36.56   221.11   98.60   217.00   83.58   234.73   92.21 
 390    0.00    5.75     22.00   19.13   13.10     11.43   22.78   14.51     22.86    6.98    5.96      8.47   31.69   36.54   222.36   99.99   219.78   84.39   236.70   94.80 
 391    0.00    6.39     22.67   17.79   13.11     13.00   19.00   14.53     21.36    6.94    5.97      8.86   32.35   36.53   221.19  100.67   218.61   85.02   235.58   95.50 
 392    0.00    5.90     22.10   18.84   13.12     11.58   22.55   14.55     21.36    6.94    5.97      8.46   35.73   36.53   220.05  100.54   216.67   85.89   233.37   94.73 
 393    0.00    5.15     21.99   18.94   13.14     10.37   26.72   14.58     21.36    6.94    5.97      7.93   39.69   36.54   217.81  100.40   214.27   85.81   231.01   94.46 
 394    0.00    4.97     22.13   18.36   13.15      9.49   32.68   14.62     21.36    6.94    5.97      7.55   45.15   36.56   215.62   99.87   211.77   85.29   228.75   93.63 
 395    0.00    4.97     27.87    9.34   13.14      9.41   33.59   14.67     21.36    6.94    5.98      7.73   47.18   36.59   205.66  107.99   202.61   93.42   219.05  102.70 
 396    0.00    6.39     28.55    8.45   13.13     21.18    8.94   14.66     23.11    6.38    5.98     10.74   33.17   36.58   200.82  106.82   197.19   92.28   214.10  101.04 
 397    0.00    5.93     27.62    9.34   13.12     20.13   10.07   14.64     23.11    6.38    5.98     10.82   31.04   36.57   197.96  105.59   194.73   90.77   211.53  100.04 
 398    0.00    6.37     28.34    8.60   13.11     16.75   14.70   14.64     23.11    6.38    5.98     10.59   30.53   36.55   198.81  106.93   195.50   91.98   212.50  101.28 
 399    0.00    5.92     28.83    8.11   13.10     13.00   23.39   14.67     23.11    6.38    5.98     10.38   32.74   36.54   196.94  107.38   193.20   92.38   210.49  101.15 
 400    0.00    6.40     27.62    9.27   13.09     12.57   26.20   14.70     23.11    6.38    5.98     10.45   34.01   36.54   195.63  107.15   191.79   92.56   208.90  101.10 
 401    0.00    5.92     28.15    8.68   13.08     17.17   14.86   14.70     23.78    6.75    5.98     11.14   30.31   36.52   194.12  105.50   190.62   90.85   207.47   99.75 
 402    0.00    6.38     27.48    9.19   13.07     15.46   16.75   14.70     23.78    6.75    5.99     11.02   28.37   36.50   190.13  102.85   186.85   87.60   204.10   97.18 
 403    0.00    5.32     28.44    8.04   13.05     14.86   16.69   14.71     23.78    6.75    5.99     10.90   27.17   36.48   186.87   99.67   183.40   84.90   200.33   93.90 
 404    0.00    5.77     27.74    8.61   13.04     14.27   16.91   14.71     23.78    6.75    5.99     10.95   26.44   36.45   186.95   95.63   183.68   80.58   200.67   89.84 
 405    0.00    6.39     27.85    8.44   13.03     13.41   18.24   14.72     23.78    6.75    5.99     11.04   25.34   36.42   186.15   93.08   182.98   77.94   200.02   87.53 
 406    0.00    5.39     28.63    7.58   13.02     19.78    8.65   14.71     24.54    5.61    5.99     11.45   23.19   36.39   181.34   90.96   177.87   76.05   194.97   85.18 
 407    0.00    4.97     27.14    9.18   13.01     18.75    9.56   14.69     24.54    5.61    5.99     11.74   25.21   36.36   188.68   89.98   185.69   74.67   202.76   84.57 
 408    0.00    5.76     27.52    8.92   13.00     19.42    8.83   14.68     24.54    5.61    5.99     11.81   22.41   36.33   192.28   91.81   188.95   77.00   205.87   86.22 
 409    0.00    6.37     29.15    7.59   12.99     18.02   10.61   14.67     24.54    5.61    5.99     11.52   22.56   36.30   196.33   95.51   192.44   80.67   209.81   89.35 
 410    0.00    5.37     28.31    8.54   12.98     17.53   10.89   14.66     24.54    5.61    5.99     10.90   23.70   36.27   200.60   98.21   197.22   83.10   214.42   92.44 
 411    0.00    4.94     28.35    8.56   12.96     23.30    5.54   14.64     24.72    4.83    5.98     11.31   22.52   36.23   201.38   98.62   198.28   83.41   215.37   93.10 
 412    0.00    5.62     28.17    8.87   12.95     23.81    5.10   14.61     24.72    4.83    5.98     11.33   23.36   36.20   205.19   98.54   201.57   83.81   218.65   92.71 
 413    0.00    4.99     28.43    8.69   12.94     21.50    6.52   14.59     24.72    4.83    5.98     11.14   22.75   36.17   207.16   98.10   203.58   83.03   220.94   92.23 
 414    0.00    6.36     28.59    8.48   12.93     21.96    6.12   14.57     24.72    4.83    5.98     11.10   22.00   36.13   206.00   97.73   202.60   82.84   219.63   92.07 
 415    0.00    5.93     28.56    8.41   12.92     20.18    7.44   14.56     24.72    4.83    5.97     10.64   23.24   36.10   203.02   97.08   200.30   81.76   217.19   92.01 
 416    0.00    5.51     28.63    8.21   12.91     23.35    5.15   14.53     25.37    4.21    5.97     10.74   23.56   36.07   200.77   94.79   197.68   79.60   214.73   89.36 
 417    0.00    4.97     28.56    8.24   12.90     20.02    7.36   14.52     25.37    4.21    5.96     10.83   22.46   36.04   200.61   91.99   197.28   77.05   214.29   86.39 
 418    0.00    5.62     30.00    6.94   12.89     19.22    8.12   14.50     25.37    4.21    5.96     10.55   22.25   36.01   198.56   93.27   195.07   78.42   212.15   87.55 
 419    0.00    4.98     29.22    7.56   12.87     19.79    7.49   14.48     25.37    4.21    5.96      9.88   22.65   35.98   195.59   95.33   192.52   80.38   209.30   89.97 
 420    0.00    6.38     28.60    8.12   12.86     18.27    8.94   14.47     25.37    4.21    5.95      9.89   22.18   35.94   194.54   98.95   191.06   84.21   207.91   93.11 
 421    0.00    5.40     28.39    8.30   12.85     22.07    5.83   14.45     26.06    3.68    5.95     10.37   21.28   35.91   193.28  102.73   190.02   87.54   207.19   97.15 
 422    0.00    4.98     28.46    8.21   12.84     23.43    5.05   14.43     26.06    3.68    5.94     11.16   20.45   35.87   189.86  104.16   186.52   89.43   203.29   98.52 
 423    0.00    5.81     27.20    9.25   12.83     21.34    6.31   14.41     26.06    3.68    5.94     10.96   23.01   35.84   184.56  101.85   180.69   86.96   198.09   95.73 
 424    0.00    6.37     27.16    8.99   12.82     22.48    5.58   14.39     26.06    3.68    5.93     10.61   24.64   35.81   178.90  100.01   175.26   85.26   192.38   94.19 
 425    0.00    5.89     27.74    8.29   12.81     18.92    8.47   14.37     26.06    3.68    5.93     10.97   22.04   35.78   178.13   98.58   174.34   84.03   191.29   92.53 
 426    0.00    5.06     28.03    7.90   12.80     23.66    4.89   14.35     24.54    4.41    5.92     11.47   20.79   35.75   174.01   96.25   169.60   82.00   186.74   89.56 
 427    0.00    4.95     27.96    7.82   12.79     21.61    6.18   14.33     24.54    4.41    5.92     10.93   21.88   35.71   171.62   94.59   166.83   80.40   184.30   87.65 
 428    0.00    5.64     28.19    7.58   12.78     22.86    5.40   14.31     24.54    4.41    5.91     11.33   20.82   35.68   169.32   94.32   164.95   79.84   182.36   87.72 
 429    0.00    4.93     27.80    7.81   12.77     23.62    4.92   14.29     24.54    4.41    5.91     11.02   21.25   35.65   166.83   94.15   162.78   79.71   179.90   87.92 
 430    0.00    5.21     27.27    8.27   12.75     22.60    5.59   14.27     24.54    4.41    5.91     10.94   21.30   35.61   165.28   95.29   161.46   80.86   178.28   89.12 
 431    0.01    5.24     27.41    8.17   12.74     24.26    4.65   14.25     25.31    4.06    5.90     10.76   21.31   35.58   165.17   97.49   161.16   83.04   178.26   91.26 
 432    0.01    5.61     27.64    8.01   12.73     25.04    4.25   14.22     25.31    4.06    5.90     10.66   22.02   35.55   167.14   97.91   163.06   83.69   179.99   91.62 
 433    0.01    4.99     26.90    8.88   12.72     27.16    3.34   14.20     25.31    4.06    5.89     10.34   23.30   35.52   170.65   97.70   166.54   83.76   183.26   91.50 
 434    0.01    4.96     27.35    8.61   12.71     23.88    4.88   14.18     25.31    4.06    5.89     10.23   24.00   35.49   175.17   96.96   170.87   83.11   187.65   90.57 
 435    0.01    6.36     28.53    7.67   12.70     23.87    4.93   14.16     25.31    4.06    5.89      9.81   24.66   35.47   179.62   97.85   175.66   83.72   192.34   91.61 
 436    0.00    5.36     28.50    7.87   12.69     24.88    4.40   14.13     27.73    3.13    5.88      9.87   25.01   35.44   184.47   97.41   180.65   83.47   197.01   91.33 
 437    0.00    5.81     28.34    8.16   12.68     22.58    5.77   14.12     27.73    3.13    5.87      9.88   25.16   35.42   189.14   96.26   185.74   82.44   201.63   90.58 
 438    0.00    6.36     28.40    8.15   12.67     23.50    5.18   14.09     27.73    3.13    5.87     10.38   23.39   35.39   191.37   95.42   187.33   81.51   203.81   89.10 
 439    0.00    5.87     28.02    8.61   12.66     22.69    5.62   14.08     27.73    3.13    5.86     10.28   23.84   35.37   194.93   93.51   191.43   79.75   207.33   87.70 
 440    0.00    4.94     28.82    7.92   12.65     20.46    7.25   14.06     27.73    3.13    5.86     10.21   23.39   35.34   196.49   93.78   192.96   79.92   208.99   87.97 
 441    0.00    6.37     28.50    8.30   12.64     23.88    4.92   14.04     25.60    4.04    5.85      9.96   23.42   35.31   197.83   96.68   194.32   82.71   210.50   90.94 
 442    0.00    5.31     28.08    8.79   12.63     22.26    5.95   14.02     25.60    4.04    5.85      9.13   25.56   35.29   197.55  100.09   194.16   86.57   209.77   94.47 
 443    0.00    5.79     29.72    7.30   12.62     24.63    4.59   14.00     25.60    4.04    5.84      9.10   26.10   35.27   197.11  103.96   192.83   90.32   209.39   97.59 
 444    0.00    6.39     29.67    7.33   12.61     24.98    4.46   13.98     25.60    4.04    5.84      9.49   25.16   35.25   194.77  106.87   190.77   93.28   206.93  100.68 
 445    0.00    5.36     29.01    7.91   12.60     22.45    6.01   13.96     25.60    4.04    5.83      9.67   24.91   35.22   193.30  108.89   188.84   95.80   205.03  102.47 
 446    0.00    4.94     29.85    7.15   12.59     22.34    6.13   13.94     26.22    3.82    5.83     10.02   24.34   35.20   192.30  110.30   187.68   97.11   204.11  103.72 
 447    0.00    6.39     28.46    8.32   12.58     25.73    4.14   13.92     26.22    3.82    5.83     10.51   23.58   35.17   188.55  109.80   184.67   96.28   200.64  103.70 
 448    0.00    5.81     27.94    8.58   12.57     24.61    4.71   13.90     26.22    3.82    5.82     10.32   25.18   35.15   184.18  106.18   180.42   92.62   196.35  100.14 
 449    0.00    6.40     28.74    7.69   12.56     24.19    4.98   13.88     26.22    3.82    5.82     10.29   25.75   35.13   184.06  102.32   179.94   89.01   195.92   95.99 
 450    0.00    5.84     27.80    8.41   12.55     24.37    4.89   13.86     26.22    3.82    5.81     10.52   24.26   35.11   178.73  100.71   174.89   87.04   190.94   94.53 
 451    0.00    6.36     27.51    8.57   12.54     25.51    4.27   13.84     26.27    3.91    5.81     10.32   23.98   35.08   176.58  100.87   172.39   87.10   189.01   94.60 
 452    0.00    5.28     27.28    8.71   12.53     22.12    6.33   13.82     26.27    3.91    5.80      9.38   25.61   35.06   172.28  103.93   167.70   90.77   183.99   97.30 
 453    0.00    5.75     28.04    7.95   12.52     23.16    5.62   13.80     26.27    3.91    5.80      9.87   24.88   35.04   169.96  105.91   165.61   92.28   182.26   99.54 
 454    0.00    6.40     27.76    8.17   12.51     23.10    5.67   13.79     26.27    3.91    5.80     10.28   24.30   35.01   168.57  106.36   164.47   92.39   181.25  100.19 
 455    0.00    5.83     26.48    9.39   12.50     21.94    6.39   13.77     26.27    3.91    5.79      9.87   26.05   34.99   167.87  103.65   163.77   89.87   180.35   97.49 
 456    0.00    4.97     27.44    8.32   12.49     23.51    5.36   13.75     25.98    4.05    5.79      9.73   26.16   34.97   165.56  103.78   161.32   89.87   178.13   97.45 
 457    0.00    5.75     27.01    8.74   12.49     21.56    6.69   13.74     25.98    4.05    5.78      9.91   25.66   34.95   165.61  103.41   161.80   89.75   178.04   97.57 
 458    0.00    6.38     26.84    8.85   12.48     20.70    7.27   13.72     25.98    4.05    5.78     10.04   25.37   34.93   162.97  102.54   159.11   88.46   175.74   96.46 
 459    0.00    5.32     27.64    7.94   12.47     22.23    6.18   13.71     25.98    4.05    5.78     10.13   25.36   34.91   160.36  102.63   157.02   88.35   173.40   97.03 
 460    0.00    4.94     26.93    8.52   12.46     22.81    5.73   13.69     25.98    4.05    5.77     10.12   24.76   34.89   158.10  102.59   153.87   87.80   171.53   96.14 
 461    0.00    4.98     26.22    9.09   12.45     25.51    4.17   13.67     24.07    4.99    5.77      9.93   25.05   34.87   155.66  101.39   152.03   87.00   168.62   95.32 
 462    0.00    4.98     26.08    9.05   12.45     22.30    6.04   13.65     24.07    4.99    5.77      9.97   24.94   34.85   153.46   99.88   149.30   85.69   166.14   93.35 
