   6    0.13    5.34     44.57    0.90    1.47     22.03    6.69    8.01    314.58    0.00   25.52      8.80   30.38   30.59   125.82   97.40   110.50   76.53   143.00   78.76 
   7    0.13    5.03     39.35    1.63    1.49     20.85    7.89    7.99    314.58    0.00   21.88      9.78   27.96   30.21   124.02   96.12   108.54   75.79   140.70   77.51 
   8    0.13    5.03     41.43    1.28    1.47     21.78    7.35    7.91    314.58    0.00   19.14      9.68   28.95   30.05   123.31   97.86   107.84   77.04   140.41   79.18 
   9    0.13    5.00     47.90    0.62    1.37     19.60    9.84    8.12    314.58    0.00   17.02      8.86   32.41   30.32   123.23  103.80   107.79   82.88   140.41   85.11 
  10    0.13    5.05     36.72    2.29    1.46     17.35   13.28    8.64    314.58    0.00   15.31      8.18   35.98   30.88   121.31  110.80   105.42   90.58   137.88   91.86 
  11    0.00    5.00     40.08    1.58    1.47     21.40    8.46    8.62    315.33    0.00   13.92      8.42   36.19   31.36   119.42  114.83   103.56   94.12   136.37   95.74 
  12    0.00    5.02     36.88    2.28    1.54     22.83    7.38    8.52    315.33    0.00   12.76      8.62   36.37   31.78   115.80  118.79    99.99   98.47   132.49   99.92 
  13    0.00    5.02     39.53    1.65    1.55     20.26   10.01    8.63    315.33    0.00   11.78      8.66   36.76   32.16   110.51  120.40    94.70  100.35   126.98  101.57 
  14    0.00    5.03     36.99    2.12    1.59     19.49   10.87    8.79    315.33    0.00   10.94      8.43   37.84   32.57   102.87  119.07    86.74   99.35   118.92  100.01 
  15    0.00    5.06     39.50    1.53    1.59     19.89   10.41    8.90    315.33    0.00   10.21      8.54   37.50   32.90    97.92  118.01    81.67   98.57   113.70   98.92 
  16    0.01    5.06     42.02    1.09    1.56     25.16    5.66    8.70    316.42    0.00    9.57      8.31   39.28   33.30    92.34  113.33    76.09   93.75   108.31   94.24 
  17    0.01    5.04     36.81    1.96    1.58     22.92    7.51    8.63    316.42    0.00    9.01      9.42   35.43   33.42    92.90  109.58    77.05   90.15   108.69   90.86 
  18    0.01    5.03     35.06    2.35    1.62     20.13   10.47    8.73    316.42    0.00    8.51      9.35   36.19   33.58    93.49  105.46    77.49   86.24   109.19   86.71 
  19    0.01    5.04     38.93    1.52    1.62     18.87   12.14    8.91    316.42    0.00    8.06      9.39   35.78   33.69    96.51  104.13    81.08   84.49   112.72   85.82 
  20    0.01    5.06     37.22    1.89    1.63     17.66   14.10    9.17    316.42    0.00    7.66      8.92   37.98   33.91   101.20  103.85    84.91   85.15   116.38   84.93 
  21    0.01    5.03     37.45    1.93    1.64     20.46   10.33    9.23     39.75    0.97    7.34      8.74   38.43   34.12   106.55  107.03    91.26   87.73   122.38   88.93 
  22    0.01    5.03     38.66    1.72    1.65     21.02    9.92    9.26     39.75    0.97    7.05      8.86   38.70   34.33   107.58  111.15    91.00   92.61   122.52   91.95 
  23    0.01    5.04     40.09    1.48    1.64     22.08    9.04    9.25     39.75    0.97    6.79      9.34   37.86   34.48   108.57  113.77    91.80   96.03   122.79   94.57 
  24    0.01    5.00     37.34    2.10    1.66     20.88   10.76    9.31     39.75    0.97    6.54      8.99   40.83   34.75   113.37  115.18    96.77   97.71   127.35   96.20 
  25    0.01    5.01     35.20    2.78    1.70     18.62   14.36    9.51     39.75    0.97    6.32      8.97   42.12   35.04   117.56  117.81   100.93  100.29   131.58   98.77 
  26    0.01    5.07     38.88    1.86    1.71     25.89    6.39    9.39     35.52    1.66    6.14      9.59   40.54   35.25   122.29  118.57   105.85  100.93   136.43   99.68 
  27    0.01    5.04     38.72    1.91    1.72     22.99    9.17    9.38     35.52    1.66    5.97      9.13   45.08   35.62   127.29  115.34   110.67   97.60   141.47   96.25 
  28    0.01    5.04     36.77    2.40    1.74     20.26   12.88    9.51     35.52    1.66    5.82      9.11   46.80   36.02   131.90  110.50   115.41   92.30   146.51   91.43 
  29    0.01    5.03     27.50    6.94    1.92     18.87   15.43    9.71     35.52    1.66    5.68      8.35   52.48   36.59   136.37  102.74   119.54   85.02   150.46   83.44 
  30    0.01    5.01     34.06    3.34    1.97     17.24   19.04   10.02     35.52    1.66    5.54      7.85   54.58   37.19   144.43   94.99   128.49   77.14   158.82   76.57 
  31    0.01    5.03     32.76    4.02    2.04     23.08    9.88   10.02     33.93    2.12    5.43      8.43   50.78   37.62   152.95   90.88   137.07   73.08   167.37   72.56 
  32    0.01    5.05     34.99    3.20    2.07     20.63   13.29   10.12     33.93    2.12    5.33      9.17   47.18   37.92   161.14   92.18   144.76   74.58   175.27   73.40 
  33    0.01    5.06     39.04    2.08    2.07     18.12   17.95   10.36     33.93    2.12    5.23      9.21   47.12   38.20   166.44   96.07   150.64   78.39   180.70   77.81 
  34    0.01    5.05     39.62    1.98    2.07     17.44   19.22   10.62     33.93    2.12    5.14     10.15   43.47   38.36   167.90   99.73   152.31   80.99   183.19   81.46 
  35    0.01    5.05     35.16    3.35    2.11     15.90   22.95   10.97     33.93    2.12    5.05     10.19   43.78   38.51   169.30  101.62   152.67   83.49   183.77   82.45 
  36    0.01    4.99     36.41    2.92    2.13     21.69   12.06   11.00     32.41    2.67    4.99     10.48   43.06   38.64   172.24  102.99   155.45   85.81   185.96   83.92 
  37    0.01    4.97     35.27    3.39    2.16     21.57   12.27   11.04     32.41    2.67    4.93     10.15   44.33   38.79   174.15  105.10   156.83   87.99   187.70   85.54 
  38    0.01    5.03     37.09    2.74    2.18     18.94   16.54   11.18     32.41    2.67    4.87     10.40   43.54   38.92   174.17  105.50   157.24   88.10   188.05   86.26 
  39    0.01    5.03     37.47    2.61    2.19     17.44   19.42   11.39     32.41    2.67    4.81     10.18   44.87   39.07   172.84  103.69   156.21   85.65   187.31   84.56 
  40    0.01    5.02     35.70    3.21    2.21     16.41   21.54   11.65     32.41    2.67    4.76      9.85   45.73   39.24   175.36  101.79   157.71   85.01   188.35   81.79 
  41    0.02    5.04     38.36    2.37    2.22     25.40    7.56   11.55     31.13    3.23    4.72     10.38   42.63   39.32   176.06   99.98   158.60   82.93   189.37   80.13 
  42    0.02    5.00     36.87    2.80    2.23     21.99   11.15   11.54     31.13    3.23    4.68     10.44   42.38   39.39   174.54   96.91   157.30   79.86   187.76   77.24 
  43    0.02    4.98     36.31    2.99    2.25     18.74   16.09   11.64     31.13    3.23    4.65     10.37   41.62   39.44   176.19   96.43   159.03   79.29   189.71   76.90 
  44    0.02    4.99     33.95    3.94    2.29     18.44   16.62   11.76     31.13    3.23    4.62     10.17   42.17   39.51   175.25   98.91   157.16   83.05   187.27   78.62 
  45    0.02    4.98     35.80    3.19    2.31     17.67   18.08   11.90     31.13    3.23    4.59     10.39   41.00   39.54   175.41   99.46   157.70   83.40   187.84   79.58 
  46    0.02    4.97     37.12    2.74    2.32     23.23    9.43   11.84     30.20    3.68    4.57     10.22   41.22   39.58   175.04  101.67   157.31   85.31   187.67   81.71 
  47    0.02    4.99     34.24    3.81    2.35     20.84   12.28   11.85     30.20    3.68    4.55     10.32   40.72   39.60   174.81  101.21   158.06   84.35   188.18   82.13 
  48    0.02    4.99     33.53    4.16    2.39     20.72   12.35   11.86     30.20    3.68    4.53     10.13   41.01   39.63   174.89  101.72   158.25   84.86   188.22   82.73 
  49    0.02    5.01     36.37    3.00    2.40     19.15   14.66   11.92     30.20    3.68    4.51     10.20   40.47   39.65   174.97  101.63   158.61   84.54   188.63   82.89 
  50    0.02    4.99     36.83    2.86    2.41     17.21   18.21   12.05     30.20    3.68    4.50     10.08   41.03   39.67   176.41  100.87   159.88   83.81   190.05   82.00 
  51    0.02    5.05     33.88    4.03    2.44     20.87   11.76   12.04     29.49    4.05    4.49     10.10   41.11   39.70   178.49   96.23   162.41   78.79   192.61   77.73 
  52    0.02    5.04     36.28    3.06    2.45     20.60   11.93   12.04     29.49    4.05    4.48      9.93   41.30   39.73   180.94   91.82   164.30   75.12   194.23   72.95 
  53    0.02    5.06     38.48    2.42    2.45     19.30   13.69   12.07     29.49    4.05    4.47      9.57   41.41   39.76   186.89   89.75   170.70   73.16   200.11   71.31 
  54    0.02    5.05     35.72    3.38    2.47     19.21   13.50   12.10     29.49    4.05    4.46     10.31   37.28   39.72   189.54   88.39   172.88   72.20   202.33   69.59 
  55    0.02    5.04     34.55    3.95    2.50     17.39   16.38   12.17     29.49    4.05    4.46      9.77   37.61   39.68   191.90   93.64   176.26   76.48   205.78   75.65 
  56    0.03    5.07     33.48    4.53    2.53     22.59    8.82   12.11     28.44    4.58    4.46      9.80   36.43   39.62   191.52  100.71   175.68   83.87   205.10   82.61 
  57    0.03    5.06     32.18    5.31    2.58     19.96   11.71   12.11     28.44    4.58    4.46      9.66   36.51   39.57   189.40  106.47   173.83   89.43   203.29   88.62 
  58    0.03    5.05     34.63    4.02    2.61     18.34   13.94   12.14     28.44    4.58    4.46     10.34   33.66   39.47   189.52  111.91   173.82   95.09   203.15   93.96 
  59    0.03    5.06     33.07    4.83    2.64     17.40   15.31   12.19     28.44    4.58    4.46     10.80   31.87   39.34   187.60  112.94   172.28   95.96   201.35   95.29 
  60    0.03    5.05     34.15    4.15    2.67     17.08   15.64   12.25     28.44    4.58    4.47     10.23   34.49   39.26   184.08  109.86   168.69   92.69   198.10   92.16 
  61    0.03    5.06     35.13    3.65    2.68     20.68   10.17   12.22     27.92    4.85    4.47      9.92   36.28   39.21   183.34  103.97   167.37   87.30   196.78   85.79 
  62    0.03    5.06     33.04    4.68    2.72     20.97    9.72   12.17     27.92    4.85    4.48     10.67   32.66   39.10   186.82   97.86   171.40   80.89   200.61   80.16 
  63    0.03    5.05     35.95    3.39    2.73     18.62   12.50   12.18     27.92    4.85    4.48     10.58   31.97   38.99   193.14   94.50   177.85   77.39   207.04   76.84 
  64    0.03    4.99     33.90    4.40    2.75     16.43   15.98   12.24     27.92    4.85    4.49     10.39   31.14   38.87   196.59   96.72   180.52   80.22   209.77   78.48 
  65    0.03    5.04     35.24    3.78    2.77     15.94   16.94   12.31     27.92    4.85    4.50     10.33   31.15   38.75   196.64   99.51   181.60   82.52   210.50   82.18 
  66    0.04    5.04     35.80    3.56    2.78     21.88    8.52   12.25     27.36    5.13    4.51     10.52   30.16   38.62   196.17  102.83   180.55   86.94   208.99   85.16 
  67    0.04    5.05     34.47    4.10    2.80     20.91    9.56   12.21     27.36    5.13    4.51     10.75   30.25   38.49   191.34  104.73   176.23   88.42   204.58   87.43 
  68    0.04    5.08     33.06    4.69    2.83     18.12   13.37   12.23     27.36    5.13    4.52      9.97   33.34   38.42   183.24  107.57   167.28   91.84   195.69   89.55 
  69    0.04    5.06     32.47    4.89    2.86     17.78   13.89   12.26     27.36    5.13    4.53     10.45   32.35   38.33   176.58  106.63   161.68   90.25   190.03   89.63 
  70    0.04    5.09     33.96    4.01    2.88     18.83   12.43   12.26     27.36    5.13    4.54     10.72   31.33   38.23   171.87  106.80   156.85   90.66   185.08   89.70 
  71    0.04    5.09     34.34    3.64    2.89     20.90    9.75   12.22     26.94    5.35    4.55     10.07   34.82   38.18   163.88  101.57   148.25   86.43   176.02   84.04 
  72    0.04    5.02     36.49    2.76    2.88     22.43    8.20   12.17     26.94    5.35    4.56     11.14   30.52   38.07   159.38   97.82   144.80   81.86   172.23   81.08 
  73    0.04    5.12     32.77    4.13    2.90     20.11   10.72   12.15     26.94    5.35    4.57     11.08   31.25   37.98   156.03   92.41   141.19   76.75   168.56   75.50 
  74    0.04    5.05     32.60    4.25    2.92     21.02    9.51   12.11     26.94    5.35    4.58     11.39   28.77   37.86   159.11   89.45   144.31   73.65   171.75   72.54 
  75    0.04    5.11     33.89    3.71    2.93     23.17    7.44   12.05     26.94    5.35    4.60     11.69   27.14   37.71   161.77   91.44   146.96   75.76   174.27   74.51 
  76    0.05    5.06     32.45    4.40    2.95     25.67    5.63   11.96     26.61    5.52    4.61     11.70   27.17   37.57   159.68   94.26   145.12   78.35   172.45   77.53 
  77    0.05    5.02     32.44    4.43    2.97     25.73    5.60   11.88     26.61    5.52    4.62     11.94   26.59   37.43   160.14   96.86   145.31   80.84   172.96   79.84 
  78    0.05    4.97     33.11    4.14    2.98     24.33    6.59   11.81     26.61    5.52    4.63     11.73   27.20   37.30   160.72   99.14   146.24   83.05   173.74   82.50 
  79    0.05    5.02     33.67    3.86    2.99     23.80    7.02   11.75     26.61    5.52    4.64     12.24   26.12   37.16   159.65   99.88   144.50   84.68   171.72   82.74 
  80    0.05    5.01     32.45    4.39    3.01     24.30    6.68   11.69     26.61    5.52    4.65     11.76   27.48   37.04   155.82  101.65   140.86   86.04   168.22   84.58 
  81    0.05    5.04     30.71    5.32    3.04     24.92    6.19   11.62     26.59    5.50    4.66     12.29   26.17   36.90   152.82  102.08   137.80   86.45   165.33   85.02 
  82    0.05    5.00     32.22    4.38    3.06     25.75    5.68   11.55     26.59    5.50    4.67     12.99   24.96   36.76   151.11   98.80   136.01   83.71   162.98   81.67 
  83    0.05    5.05     33.81    3.65    3.06     26.41    5.25   11.47     26.59    5.50    4.68     12.00   27.86   36.65   154.42   95.20   139.77   79.71   166.78   78.37 
  84    0.05    5.00     33.10    4.03    3.08     25.20    6.06   11.41     26.59    5.50    4.69     12.12   27.15   36.54   158.32   93.49   143.16   78.31   170.23   76.23 
  85    0.05    5.03     33.67    3.83    3.08     24.76    6.42   11.35     26.59    5.50    4.70     12.48   26.02   36.41   162.14   92.97   146.75   77.97   174.01   75.65 
  86    0.06    5.14     32.34    4.73    3.10     26.00    5.60   11.28     26.59    5.49    4.71      9.99   31.48   36.36   171.16   96.86   155.97   81.83   183.01   79.63 
  87    0.06    5.07     31.87    5.14    3.13     24.01    7.09   11.24     26.59    5.49    4.72     11.65   27.84   36.26   175.55  100.30   160.16   85.15   187.57   82.97 
  88    0.06    5.06     32.52    4.87    3.15     21.44    9.56   11.22     26.59    5.49    4.73     11.65   28.19   36.17   180.84  100.19   165.86   84.92   192.91   83.09 
  89    0.06    5.06     32.22    5.20    3.17     19.11   12.54   11.23     26.59    5.49    4.74     10.57   31.87   36.12   188.89   97.06   174.26   81.33   201.65   80.37 
  90    0.06    5.05     31.28    5.89    3.20     17.55   15.03   11.27     26.59    5.49    4.75     11.08   30.62   36.06   192.22   95.69   177.98   79.56   205.25   79.14 
  91    0.07    5.04     33.02    4.85    3.22     24.27    7.03   11.23     26.53    5.52    4.75     12.09   27.99   35.97   195.95   93.66   182.31   77.48   209.15   77.77 
  92    0.07    5.05     31.11    6.12    3.25     23.60    7.60   11.19     26.53    5.52    4.76     12.63   26.79   35.87   197.26   92.40   183.47   76.28   210.36   76.37 
  93    0.07    5.06     31.67    5.76    3.28     22.61    8.72   11.16     26.53    5.52    4.77     12.59   27.42   35.78   199.00   92.39   184.97   76.47   211.87   76.16 
  94    0.07    5.05     32.77    5.02    3.30     22.36    9.00   11.14     26.53    5.52    4.78     12.69   28.72   35.70   199.09   87.84   185.90   71.62   212.40   72.36 
  95    0.07    5.06     33.87    4.41    3.31     19.92   11.97   11.15     26.53    5.52    4.79     12.25   29.66   35.64   200.71   84.04   187.74   67.70   214.12   68.72 
  96    0.08    5.09     31.75    5.63    3.33     20.52   11.08   11.15     26.45    5.56    4.80     12.22   29.78   35.58   200.27   81.67   186.79   65.98   213.03   66.00 
  97    0.08    5.01     32.93    4.89    3.35     20.70   11.18   11.15     26.45    5.56    4.80     12.12   30.44   35.53   199.10   82.76   185.79   66.66   212.25   67.18 
  98    0.08    5.04     33.08    4.82    3.36     20.69   11.22   11.15     26.45    5.56    4.81     11.83   30.44   35.47   199.28   83.81   186.17   67.92   212.28   68.47 
  99    0.08    5.01     32.57    5.22    3.38     18.66   14.23   11.18     26.45    5.56    4.82     10.39   32.19   35.44   201.28   91.51   188.00   75.39   214.42   75.95 
 100    0.08    5.02     32.96    5.00    3.40     19.11   13.78   11.20     26.45    5.56    4.83      9.88   37.17   35.46   198.89   98.88   185.11   83.55   211.19   82.94 
 101    0.10    5.01     31.33    5.98    3.42     22.89    8.80   11.18     26.17    5.76    4.84     10.84   35.66   35.46   194.64  102.08   180.75   86.76   206.88   86.02 
 102    0.10    4.98     32.69    5.04    3.44     22.39    9.43   11.16     26.17    5.76    4.84     11.30   35.66   35.46   190.51  104.79   176.62   89.74   202.51   88.80 
 103    0.10    4.99     35.72    3.45    3.44     19.42   13.52   11.19     26.17    5.76    4.85     11.30   37.46   35.48   185.73  104.44   171.62   89.67   197.41   88.29 
 104    0.10    4.99     35.91    3.26    3.44     19.02   13.93   11.21     26.17    5.76    4.86     11.88   34.66   35.47   180.33  100.86   165.14   86.93   190.99   83.78 
 105    0.10    4.98     35.50    3.38    3.44     18.37   14.72   11.25     26.17    5.76    4.87     13.08   27.87   35.40   179.93   95.99   164.86   82.33   190.38   79.10 
 106    0.10    4.99     36.54    3.03    3.43     20.01   12.21   11.25     25.85    5.99    4.88     12.19   29.16   35.34   184.86   91.05   169.56   77.69   195.05   74.02 
 107    0.10    4.99     35.14    3.57    3.43     18.46   14.60   11.29     25.85    5.99    4.89     12.47   28.55   35.28   186.97   90.07   171.22   77.52   196.32   72.74 
 108    0.10    5.02     36.49    3.09    3.43     18.07   14.99   11.32     25.85    5.99    4.90     12.06   29.08   35.22   188.33   92.38   172.45   80.01   197.39   74.92 
 109    0.10    4.98     34.60    3.85    3.43     18.16   14.63   11.35     25.85    5.99    4.91     12.09   28.72   35.16   187.97   94.44   172.44   82.53   196.75   77.46 
 110    0.10    5.01     38.77    2.41    3.43     17.44   16.18   11.39     25.85    5.99    4.92     12.08   28.87   35.10   188.98  100.18   172.90   88.55   197.34   82.68 
 111    0.11    4.99     33.35    4.53    3.44     18.12   14.84   11.43     25.58    6.19    4.93     12.26   29.14   35.05   188.72  100.94   173.71   88.42   198.18   84.32 
 112    0.11    4.99     34.76    3.85    3.44     16.61   18.07   11.49     25.58    6.19    4.94     12.05   30.26   35.01   190.36  102.59   174.50   91.28   198.45   85.38 
 113    0.11    4.99     33.36    4.56    3.45     15.20   21.21   11.57     25.58    6.19    4.95     11.27   32.80   34.99   190.52  104.94   174.38   94.24   198.07   87.57 
 114    0.11    4.99     33.48    4.51    3.46     15.01   22.65   11.67     25.58    6.19    4.97     11.25   33.25   34.97   193.77  109.48   177.90   98.93   201.20   92.37 
 115    0.11    5.00     33.69    4.45    3.47     14.78   22.38   11.76     25.58    6.19    4.98     11.31   33.89   34.96   194.43  107.18   178.48   96.96   201.58   90.09 
 116    0.12    5.05     34.94    3.85    3.47     21.31   10.42   11.75     25.01    6.62    4.99     12.18   31.62   34.94   195.53  102.92   179.83   92.64   202.72   86.02 
 117    0.12    5.04     34.07    4.19    3.48     19.56   12.61   11.76     25.01    6.62    5.00     13.27   27.80   34.87   194.22   98.82   179.38   87.14   202.88   82.47 
 118    0.12    5.06     34.53    4.02    3.48     19.05   13.33   11.77     25.01    6.62    5.02     12.63   28.37   34.82   197.84   98.71   183.00   87.10   206.42   82.37 
 119    0.12    5.06     34.18    4.26    3.49     17.79   15.03   11.80     25.01    6.62    5.03     11.43   30.27   34.78   200.28  100.93   185.44   90.31   207.93   84.79 
 120    0.12    5.06     35.28    3.77    3.49     17.40   15.51   11.83     25.01    6.62    5.04     11.08   30.26   34.74   199.09  105.43   184.25   94.61   206.92   89.27 
 121    0.13    5.05     35.65    3.61    3.49     20.80   10.42   11.82     24.78    6.80    5.06     11.80   28.97   34.70   196.61  108.85   181.98   97.76   204.71   92.83 
 122    0.13    5.03     33.99    4.31    3.50     19.86   11.77   11.82     24.78    6.80    5.07     11.67   29.88   34.66   192.85  110.94   178.03  100.16   200.64   94.80 
 123    0.13    5.05     35.66    3.51    3.50     19.99   11.54   11.81     24.78    6.80    5.09     11.98   29.78   34.62   187.91  110.70   173.72   99.56   196.14   95.10 
 124    0.13    5.03     34.66    3.88    3.50     20.39   11.21   11.81     24.78    6.80    5.10     12.29   29.12   34.57   186.48  110.40   172.51   99.46   194.56   95.02 
 125    0.13    5.03     34.43    3.96    3.50     20.37   11.09   11.80     24.78    6.80    5.11     12.48   28.31   34.52   185.11  108.47   171.25   97.72   193.03   93.23 
 126    0.14    5.00     33.24    4.44    3.51     20.68   10.78   11.80     24.72    6.84    5.13     12.38   28.75   34.48   183.12  106.72   169.20   96.20   190.77   91.45 
 127    0.14    4.99     33.33    4.30    3.52     20.63   10.65   11.79     24.72    6.84    5.14     12.48   28.21   34.43   179.17  104.05   165.21   93.53   186.87   88.79 
 128    0.14    5.00     31.10    5.40    3.53     18.44   13.71   11.80     24.72    6.84    5.16     12.11   29.72   34.39   173.84  101.97   160.18   91.43   181.57   86.97 
 129    0.14    5.02     34.33    3.68    3.53     18.00   14.53   11.82     24.72    6.84    5.17     12.54   27.88   34.34   170.57  100.91   156.94   90.67   178.01   85.95 
 130    0.14    5.02     33.23    4.06    3.54     18.55   13.78   11.84     24.72    6.84    5.18     13.40   26.76   34.28   167.41   96.70   153.48   86.73   174.51   81.52 
 131    0.13    5.03     32.63    4.24    3.54     20.74   10.64   11.83     24.51    7.01    5.20     12.95   28.53   34.24   166.74   89.43   152.67   79.62   173.71   74.15 
 132    0.13    5.02     31.69    4.70    3.55     19.97   11.67   11.83     24.51    7.01    5.21     13.59   24.79   34.17   165.72   88.71   151.53   79.40   172.17   73.41 
 133    0.13    5.01     33.48    3.82    3.55     19.28   12.75   11.83     24.51    7.01    5.22     11.98   28.28   34.12   161.84   93.02   147.26   83.56   168.40   77.33 
 134    0.13    5.01     31.97    4.56    3.56     18.89   13.64   11.85     24.51    7.01    5.24     12.69   27.02   34.07   162.85   95.67   148.27   86.55   169.00   80.01 
 135    0.13    5.01     31.91    4.59    3.57     18.52   14.43   11.87     24.51    7.01    5.25     12.91   27.21   34.02   163.35   96.75   148.32   88.10   168.99   80.74 
 136    0.15    5.00     32.02    4.55    3.58     20.46   11.82   11.87     24.39    7.10    5.26     11.80   30.44   33.99   161.33  100.60   146.66   91.10   167.92   84.85 
 137    0.15    4.97     30.81    5.21    3.59     18.39   15.28   11.89     24.39    7.10    5.28     11.88   31.48   33.97   158.92  102.38   144.80   92.87   165.56   87.11 
 138    0.15    4.97     31.76    4.67    3.60     17.61   16.82   11.93     24.39    7.10    5.29     11.95   32.09   33.96   157.85  103.51   143.35   93.30   165.15   87.76 
 139    0.15    4.98     31.43    4.80    3.60     16.54   19.13   11.98     24.39    7.10    5.30     11.91   32.95   33.95   156.32  103.42   141.96   92.85   163.98   87.76 
 140    0.15    5.01     28.89    6.50    3.63     16.42   19.68   12.03     24.39    7.10    5.31     12.08   32.47   33.94   159.81  102.48   145.57   91.60   167.83   86.88 
 141    0.16    5.05     30.42    5.58    3.64     21.42   11.06   12.03     24.20    7.28    5.33     11.49   34.16   33.94   165.60  102.52   151.15   92.07   173.02   86.74 
 142    0.16    5.08     30.56    5.68    3.65     20.57   12.27   12.03     24.20    7.28    5.34     11.32   34.94   33.95   172.01  103.26   157.44   92.74   179.49   87.35 
 143    0.16    5.05     30.69    5.78    3.67     19.24   14.40   12.05     24.20    7.28    5.36     11.63   33.78   33.95   179.82  103.32   165.45   92.94   187.21   87.65 
 144    0.16    5.06     31.75    5.24    3.68     18.34   16.32   12.08     24.20    7.28    5.37     11.70   34.20   33.95   184.94  103.63   170.31   93.53   191.94   87.72 
 145    0.16    5.12     31.52    5.45    3.69     17.60   17.73   12.11     24.20    7.28    5.38     11.68   35.06   33.96   187.72  102.88   173.61   92.29   195.29   87.41 
 146    0.18    5.05     31.11    5.76    3.71     19.61   14.13   12.13     24.08    7.42    5.40     11.49   35.53   33.97   189.35  105.03   175.18   94.69   196.67   89.53 
 147    0.18    5.12     32.06    5.18    3.72     18.85   15.34   12.15     24.08    7.42    5.41     11.39   36.08   33.98   187.81  106.80   173.22   97.14   194.39   91.02 
 148    0.18    5.09     30.89    5.92    3.73     18.37   16.16   12.18     24.08    7.42    5.42     11.88   34.95   33.99   188.64  105.57   174.53   95.34   195.88   90.17 
 149    0.18    5.11     31.41    5.63    3.74     16.86   19.30   12.22     24.08    7.42    5.44     11.23   38.70   34.02   192.72  103.59   178.67   93.26   200.08   88.25 
 150    0.18    5.05     32.33    5.03    3.75     16.91   19.18   12.27     24.08    7.42    5.45     11.62   36.51   34.04   190.42  101.97   176.39   92.25   197.18   86.75 
 151    0.19    4.98     32.48    4.92    3.76     20.64   12.60   12.27     23.90    7.60    5.46     11.39   37.59   34.06   189.25  102.11   175.61   92.13   196.31   87.21 
 152    0.19    4.97     29.88    6.42    3.78     16.71   20.36   12.33     23.90    7.60    5.48     12.31   36.77   34.08   182.72   99.39   169.61   89.10   190.17   84.93 
 153    0.19    5.01     28.88    6.95    3.80     13.96   27.40   12.43     23.90    7.60    5.49     11.29   41.07   34.13   176.90   95.53   164.08   85.23   184.44   81.35 
 154    0.19    4.97     27.23    8.37    3.83     12.61   31.82   12.55     23.90    7.60    5.51     10.74   41.39   34.17   177.07   95.21   164.76   84.68   184.93   81.48 
 155    0.19    5.03     23.28   13.08    3.89     11.20   36.21   12.70     23.90    7.60    5.52     10.03   42.23   34.22   179.34   98.15   166.43   88.52   186.25   84.03 
 156    0.21    5.04     23.67   12.47    3.94     17.19   18.85   12.74     23.42    8.08    5.54     11.25   37.06   34.24   177.12  101.05   164.00   91.55   183.88   86.74 
 157    0.21    5.01     23.13   13.23    4.00     14.07   26.71   12.83     23.42    8.08    5.55     10.62   39.35   34.28   176.40  102.73   163.28   93.53   182.88   88.48 
 158    0.21    5.00     23.17   13.22    4.06     12.70   31.48   12.95     23.42    8.08    5.57     10.55   41.08   34.32   174.72  103.17   162.15   93.40   181.81   89.33 
 159    0.21    5.02     22.39   14.74    4.13     11.94   33.42   13.08     23.42    8.08    5.58      9.86   48.96   34.41   179.77  103.39   167.79   93.16   187.49   90.06 
 160    0.21    5.03     22.27   15.12    4.20     11.88   34.48   13.21     23.42    8.08    5.60      9.48   48.46   34.50   181.29  104.71   169.46   94.39   189.11   91.49 
 161    0.22    5.12     22.50   14.89    4.26     21.11   11.85   13.20     23.04    8.47    5.62     10.23   43.37   34.55   183.67  105.56   171.74   95.74   190.94   92.33 
 162    0.22    5.12     22.90   14.33    4.32     20.75   12.32   13.20     23.04    8.47    5.64     10.44   42.05   34.60   184.17  106.62   172.58   96.43   191.95   93.69 
 163    0.22    5.09     23.27   13.89    4.38     19.79   13.45   13.20     23.04    8.47    5.65     10.55   43.12   34.65   186.34  106.82   174.74   96.76   194.00   93.92 
 164    0.22    5.16     23.17   14.00    4.44     17.83   16.81   13.22     23.04    8.47    5.67     11.42   36.69   34.66   186.06  107.02   174.40   97.19   193.49   94.11 
 165    0.22    5.07     23.22   13.99    4.50     17.28   17.35   13.25     23.04    8.47    5.69     11.14   38.67   34.69   186.55  106.27   175.35   96.08   194.43   93.73 
 166    0.23    5.01     23.35   13.75    4.56     18.34   15.18   13.26     22.97    8.57    5.70     11.69   34.34   34.69   185.46  105.87   174.00   95.68   193.29   93.08 
 167    0.23    5.00     23.49   13.02    4.61     15.00   21.60   13.31     22.97    8.57    5.72     10.63   34.88   34.69   177.45  105.11   166.69   94.73   185.56   92.94 
 168    0.23    5.00     22.81   13.66    4.66     14.55   21.37   13.36     22.97    8.57    5.74     10.87   33.76   34.68   172.36  102.33   161.68   92.24   180.26   90.33 
 169    0.23    5.01     23.08   12.99    4.71     13.08   25.18   13.43     22.97    8.57    5.76     10.37   34.25   34.68   167.40  101.30   156.77   91.25   175.27   89.34 
 170    0.23    5.00     22.42   13.91    4.76     13.01   25.30   13.50     22.97    8.57    5.77     10.09   35.40   34.68   166.51  101.57   156.04   91.56   174.38   89.80 
 171    0.24    5.08     22.07   14.16    4.82     20.97   10.28   13.48     22.67    8.86    5.79     10.91   32.22   34.67   163.02  100.75   152.47   90.41   171.19   88.83 
 172    0.24    5.05     21.64   14.89    4.88     18.84   13.11   13.48     22.67    8.86    5.81     11.06   32.01   34.65   163.03  100.43   152.51   90.02   171.30   88.54 
 173    0.24    5.04     21.91   14.33    4.93     16.62   16.82   13.50     22.67    8.86    5.83     11.09   32.26   34.64   162.42   99.53   151.82   89.28   170.53   87.61 
 174    0.24    5.02     21.84   14.46    4.99     15.62   19.12   13.53     22.67    8.86    5.84     10.80   34.03   34.64   162.51   99.48   152.13   88.96   170.90   87.69 
 175    0.24    5.05     21.31   15.33    5.05     15.26   20.01   13.56     22.67    8.86    5.86     11.22   33.04   34.63   163.84   97.45   153.98   86.37   172.85   86.08 
 176    0.26    5.01     21.23   15.64    5.11     18.38   13.64   13.56     22.58    8.95    5.88     11.40   32.50   34.62   167.56   95.58   157.52   84.89   176.18   84.11 
 177    0.26    5.04     21.62   15.04    5.16     16.65   16.74   13.58     22.58    8.95    5.90     11.29   32.58   34.60   168.99   94.27   158.68   83.29   177.91   82.55 
 178    0.26    5.04     21.62   15.17    5.22     15.17   19.55   13.62     22.58    8.95    5.91     10.76   34.38   34.60   171.25   94.47   161.50   83.24   180.45   83.18 
 179    0.26    5.03     22.39   14.13    5.27     13.94   22.41   13.67     22.58    8.95    5.93     10.74   34.33   34.60   173.51   94.17   164.08   83.07   182.66   83.25 
 180    0.26    5.03     21.78   15.17    5.32     13.22   24.18   13.72     22.58    8.95    5.95     10.26   35.60   34.61   175.48   93.49   165.71   82.32   184.62   82.19 
 181    0.28    5.03     21.63   15.43    5.38     18.71   12.81   13.72     22.38    9.14    5.96      9.89   36.88   34.62   175.08   94.51   165.49   82.99   184.51   83.31 
 182    0.28    5.07     21.89   14.76    5.43     16.96   15.49   13.73     22.38    9.14    5.98      8.93   41.20   34.66   170.93   94.46   161.52   82.54   180.76   83.41 
 183    0.28    5.06     21.40   15.51    5.49     15.65   17.64   13.75     22.38    9.14    6.00     10.03   35.92   34.66   171.26   93.13   162.21   81.28   181.09   82.43 
 184    0.28    5.03     21.18   15.85    5.54     14.00   20.94   13.79     22.38    9.14    6.02     10.01   35.23   34.67   171.75   91.34   162.81   79.53   181.57   80.75 
 185    0.28    5.06     21.69   14.99    5.59     13.85   21.30   13.83     22.38    9.14    6.03     10.09   34.62   34.66   172.37   91.07   163.43   79.13   182.32   80.47 
 186    0.30    4.99     21.04   16.10    5.65     16.95   15.05   13.84     22.23    9.27    6.05     10.47   33.09   34.66   173.37   90.39   164.53   78.15   183.58   79.78 
 187    0.30    5.00     21.20   15.95    5.70     15.78   17.52   13.86     22.23    9.27    6.07     10.38   33.73   34.65   174.53   89.04   166.19   76.32   185.34   78.87 
 188    0.30    5.01     21.51   15.36    5.76     14.56   20.84   13.89     22.23    9.27    6.08     10.35   34.76   34.65   174.27   88.51   165.79   75.80   185.07   78.22 
 189    0.30    5.01     32.88    4.20    5.75     13.60   25.43   13.95     22.23    9.27    6.10     11.16   32.01   34.64   167.78   93.37   158.92   80.86   178.32   82.75 
 190    0.30    5.00     19.85   18.95    5.82     14.08   24.41   14.01     22.23    9.27    6.12     12.39   29.49   34.61   179.91  103.76   171.08   92.14   189.54   93.28 
 191    0.33    4.98     21.70   15.40    5.87     15.00   20.48   14.04     21.90    9.62    6.14     13.50   26.22   34.57   180.60   83.31   172.76   70.89   191.20   73.64 
 192    0.33    4.99     39.04    2.02    5.85     14.42   23.03   14.09     21.90    9.62    6.15     12.29   29.84   34.54   163.11   87.80   153.39   76.44   172.37   76.52 
 193    0.33    4.98     38.88    2.05    5.83     15.00   20.44   14.12     21.90    9.62    6.17     12.70   28.11   34.51   162.43   84.08   153.35   73.12   171.42   73.51 
 194    0.33    5.00     36.50    2.68    5.81     15.01   20.04   14.15     21.90    9.62    6.19     12.48   27.24   34.47   161.34   84.99   152.21   74.22   170.16   74.41 
 195    0.33    5.03     39.04    1.97    5.79     15.10   19.67   14.18     21.90    9.62    6.21     12.07   27.68   34.44   156.85   86.68   147.64   75.89   165.69   76.03 
 196    0.32    5.04     35.81    2.85    5.78     20.18   10.84   14.16     21.70    9.83    6.23     12.60   25.31   34.39   156.43   88.98   147.12   78.16   165.25   78.20 
 197    0.32    5.01     35.45    2.92    5.76     20.58   10.29   14.14     21.70    9.83    6.24     13.28   24.03   34.34   152.73   87.80   143.44   76.41   162.04   76.93 
 198    0.32    4.95     32.82    3.99    5.75     20.13   10.79   14.13     21.70    9.83    6.26     13.14   23.81   34.28   155.61   88.87   146.08   77.09   165.32   77.70 
 199    0.32    5.02     34.49    3.32    5.74     19.62   11.24   14.11     21.70    9.83    6.28     14.46   21.13   34.22   156.42   86.18   146.79   74.85   165.64   75.00 
 200    0.32    4.98     33.69    3.73    5.73     20.17   10.61   14.10     21.70    9.83    6.30     13.41   24.39   34.17   163.23   86.03   153.78   74.64   172.61   75.03 
 201    0.34    5.02     38.31    2.22    5.71     21.34    9.27   14.07     21.70    9.81    6.32     14.27   22.06   34.11   165.67   81.79   156.44   69.33   175.99   70.77 
 202    0.34    5.03     34.99    3.29    5.70     19.62   10.84   14.06     21.70    9.81    6.33     14.51   20.53   34.04   171.28   78.46   162.04   66.77   180.99   67.63 
 203    0.34    5.06     34.90    3.41    5.69     18.15   12.61   14.05     21.70    9.81    6.35     13.47   22.22   33.98   176.29   78.41   166.32   67.41   185.19   66.97 
 204    0.34    5.00     34.15    3.82    5.68     18.05   13.10   14.04     21.70    9.81    6.37     13.22   22.42   33.93   180.53   82.08   170.94   70.71   189.88   70.97 
 205    0.34    5.05     34.87    3.55    5.67     19.93   10.57   14.03     21.70    9.81    6.38     13.55   21.52   33.87   182.28   83.09   172.66   70.70   192.59   71.80 
 206    0.37    4.96     34.89    3.64    5.66     20.27    9.99   14.01     21.66    9.83    6.40     13.96   20.90   33.80   187.55   83.11   177.85   70.92   197.64   71.76 
 207    0.37    5.02     32.69    4.73    5.66     20.58    9.72   13.99     21.66    9.83    6.42     14.34   20.32   33.74   190.15   82.71   180.95   70.09   200.77   71.81 
 208    0.37    5.06     34.89    3.63    5.65     21.01    9.18   13.96     21.66    9.83    6.43     14.70   19.82   33.67   189.62   78.28   179.91   65.82   199.98   66.90 
 209    0.37    5.03     35.10    3.53    5.64     20.17   10.17   13.95     21.66    9.83    6.45     14.57   20.20   33.61   190.06   74.82   181.05   62.79   200.08   64.12 
 210    0.37    4.98     38.79    2.34    5.62     21.29    9.01   13.92     21.66    9.83    6.47     14.21   20.89   33.55   192.38   74.02   182.40   61.91   202.37   62.43 
 211    0.41    5.03     38.03    2.60    5.61     21.54    8.70   13.90     21.65    9.81    6.48     13.45   22.01   33.49   196.11   73.71   186.68   61.13   206.60   62.57 
 212    0.41    5.02     39.33    2.22    5.59     21.20    9.19   13.88     21.65    9.81    6.50     13.15   21.69   33.44   193.00   77.76   183.45   65.62   203.02   66.53 
 213    0.41    5.05     35.10    3.65    5.58     22.85    7.64   13.85     21.65    9.81    6.51     12.56   22.86   33.39   192.31   83.43   183.06   70.70   202.92   72.39 
 214    0.41    5.02     36.19    3.20    5.57     21.93    8.37   13.82     21.65    9.81    6.53     12.77   22.56   33.34   189.64   87.36   180.34   74.67   200.31   76.40 
 215    0.41    5.03     35.55    3.35    5.56     22.16    8.24   13.79     21.65    9.81    6.54     11.97   24.56   33.29   182.68   91.42   173.87   78.56   193.55   80.80 
 216    0.42    5.09     39.84    2.00    5.54     23.01    7.47   13.76     21.67    9.77    6.56     11.70   25.20   33.26   175.31   93.13   166.11   80.55   185.84   82.18 
 217    0.42    5.07     39.04    2.13    5.53     21.58    8.98   13.74     21.67    9.77    6.57     12.63   23.64   33.21   169.03   93.60   159.75   81.45   179.12   82.62 
 218    0.42    5.07     34.12    3.60    5.52     17.11   15.06   13.75     21.67    9.77    6.59     11.93   28.07   33.19   159.76   90.53   150.00   78.91   169.27   79.18 
 219    0.42    5.06     36.85    2.62    5.51     17.32   14.78   13.75     21.67    9.77    6.60     13.10   24.04   33.15   160.17   91.78   150.92   79.96   169.89   80.88 
 220    0.42    5.05     34.55    3.37    5.50     17.86   14.14   13.76     21.67    9.77    6.62     13.90   23.48   33.10   157.80   89.63   148.78   77.59   167.85   78.94 
 221    0.45    5.02     34.12    3.50    5.49     20.24   10.82   13.74     21.63    9.79    6.63     13.87   24.17   33.06   156.18   85.98   147.19   73.74   166.45   75.29 
 222    0.45    4.98     33.67    3.72    5.48     20.35   10.74   13.73     21.63    9.79    6.65     13.46   23.04   33.02   159.23   86.31   149.94   74.20   169.27   75.33 
 223    0.45    5.00     32.91    4.14    5.47     19.50   11.93   13.72     21.63    9.79    6.66     13.29   23.74   32.98   162.12   88.01   152.94   76.01   171.93   77.09 
 224    0.45    4.99     34.03    3.72    5.46     19.20   12.62   13.72     21.63    9.79    6.67     13.41   23.80   32.94   166.04   88.83   157.24   76.60   176.40   78.41 
 225    0.45    5.00     33.58    4.00    5.46     19.35   12.59   13.71     21.63    9.79    6.69     13.19   24.31   32.90   170.03   91.33   160.86   79.00   180.32   80.46 
 226    0.46    5.03     31.72    5.06    5.46     23.53    7.82   13.68     21.64    9.77    6.70     13.41   24.06   32.86   172.00   94.29   162.98   81.84   182.40   83.54 
 227    0.46    5.08     32.84    4.54    5.45     21.42   10.20   13.67     21.64    9.77    6.71     13.19   24.87   32.82   174.90   98.64   165.84   86.33   185.30   87.98 
 228    0.46    5.01     31.54    5.45    5.45     21.84    9.76   13.65     21.64    9.77    6.73     12.87   25.99   32.79   179.63  101.61   170.84   88.83   190.34   90.97 
 229    0.46    5.09     32.50    4.94    5.45     20.98   10.75   13.64     21.64    9.77    6.74     13.17   25.77   32.76   181.65  103.34   172.14   90.67   192.08   91.98 
 230    0.46    5.04     32.39    5.01    5.45     19.96   11.90   13.63     21.64    9.77    6.75     14.40   23.12   32.72   183.85  100.35   175.22   87.28   194.86   89.79 
 231    0.49    5.00     32.26    5.19    5.45     17.36   16.04   13.64     21.66    9.75    6.77     13.11   27.14   32.70   193.18   94.92   183.04   81.54   204.20   82.88 
 232    0.49    4.98     30.74    6.15    5.45     17.80   15.13   13.65     21.66    9.75    6.78     13.27   26.22   32.67   190.17   92.11   180.04   78.54   201.34   80.03 
 233    0.49    4.97     31.15    5.72    5.45     17.83   15.21   13.66     21.66    9.75    6.79     13.26   28.33   32.65   188.69   85.21   177.95   72.32   199.13   72.65 
 234    0.49    5.00     30.77    5.90    5.45     17.03   16.73   13.67     21.66    9.75    6.81     13.52   26.41   32.62   187.49   80.53   176.72   67.50   198.02   67.93 
 235    0.49    4.95     30.85    5.80    5.46     16.60   17.38   13.68     21.66    9.75    6.82     13.80   25.37   32.59   187.81   75.54   177.13   62.57   198.34   63.05 
 236    0.52    4.98     30.47    5.88    5.46     16.91   16.87   13.70     21.56    9.87    6.83     13.14   27.77   32.57   183.57   70.80   172.71   58.04   193.91   58.20 
 237    0.52    5.02     31.53    5.16    5.46     16.67   17.53   13.71     21.56    9.87    6.84     12.48   27.78   32.55   181.70   72.63   171.06   59.42   192.43   60.11 
 238    0.52    5.00     34.06    3.78    5.45     15.47   19.87   13.74     21.56    9.87    6.86     11.95   28.52   32.53   177.18   76.70   165.86   64.20   187.20   63.69 
 239    0.52    5.02     32.86    4.26    5.44     14.51   22.42   13.78     21.56    9.87    6.87     10.94   30.98   32.53   171.35   78.87   160.86   65.46   182.32   66.45 
 240    0.52    4.99     33.13    4.06    5.44     14.47   23.13   13.82     21.56    9.87    6.88     11.57   30.60   32.52   167.92   79.08   157.44   65.48   179.06   66.64 
 241    0.54    5.08     31.37    4.97    5.44     19.95   12.42   13.81     21.46    9.98    6.89     11.93   31.25   32.51   167.60   79.60   157.22   66.41   178.31   67.27 
 242    0.54    5.02     32.40    4.40    5.43     18.36   15.00   13.81     21.46    9.98    6.91     12.09   30.87   32.51   167.11   79.97   157.45   66.64   178.18   68.42 
 243    0.54    5.07     33.22    4.00    5.43     18.13   15.50   13.82     21.46    9.98    6.92     12.10   30.61   32.50   165.65   81.34   155.74   68.21   176.49   69.58 
 244    0.54    5.05     32.83    4.15    5.42     17.39   17.06   13.83     21.46    9.98    6.93     12.06   31.06   32.49   163.51   81.48   153.88   68.50   174.25   69.98 
 245    0.54    5.09     34.92    3.21    5.41     16.67   18.77   13.85     21.46    9.98    6.94     12.14   32.24   32.49   161.93   81.17   152.35   68.23   172.65   69.75 
 246    0.59    5.07     34.07    3.56    5.40     18.65   14.93   13.86     21.42   10.05    6.96     12.49   31.22   32.49   164.65   78.49   154.95   65.60   175.33   66.97 
 247    0.59    5.13     33.33    3.92    5.40     18.11   15.76   13.87     21.42   10.05    6.97     12.07   31.34   32.48   167.42   79.47   157.25   66.96   177.61   67.53 
 248    0.59    5.05     34.90    3.33    5.39     18.02   15.79   13.87     21.42   10.05    6.98     11.87   30.94   32.48   167.64   82.36   157.56   70.37   177.34   70.60 
 249    0.59    5.04     32.74    4.34    5.39     18.57   14.79   13.88     21.42   10.05    6.99     11.88   30.42   32.47   171.13   87.34   161.07   75.41   180.74   75.59 
 250    0.59    5.08     34.13    3.76    5.38     18.69   14.47   13.88     21.42   10.05    7.01     11.68   30.79   32.46   170.31   92.17   160.15   80.28   179.88   80.32 
 251    0.59    5.05     34.97    3.43    5.37     19.44   13.04   13.88     21.36   10.12    7.02     12.05   29.71   32.45   170.43   95.15   160.69   83.16   180.17   83.72 
 252    0.59    5.04     34.53    3.65    5.36     18.80   13.98   13.88     21.36   10.12    7.03     12.15   29.24   32.44   171.14   98.39   161.75   85.88   181.48   87.21 
 253    0.59    5.05     35.98    3.04    5.36     19.63   12.73   13.87     21.36   10.12    7.04     12.73   28.75   32.42   167.93   97.64   158.21   85.15   178.14   86.13 
 254    0.59    5.07     33.48    4.04    5.35     18.44   14.32   13.87     21.36   10.12    7.06     13.25   28.51   32.41   169.22   91.08   159.57   78.59   179.50   79.67 
 255    0.59    5.06     34.93    3.38    5.34     17.66   15.42   13.88     21.36   10.12    7.07     13.16   29.00   32.40   172.54   83.47   162.91   70.92   182.79   72.03 
 256    0.67    5.05     33.91    3.83    5.34     17.36   15.77   13.89     21.32   10.18    7.08     12.31   30.39   32.39   176.64   78.17   167.34   64.98   187.63   66.96 
 257    0.67    4.98     32.23    4.72    5.33     17.97   14.69   13.89     21.32   10.18    7.09     13.01   25.46   32.36   178.64   80.61   169.56   67.41   189.69   69.62 
 258    0.67    5.05     33.39    4.20    5.33     18.25   14.30   13.89     21.32   10.18    7.10     12.81   25.09   32.33   180.37   85.54   171.16   72.30   191.36   74.33 
 259    0.67    4.99     35.62    3.30    5.32     17.11   16.01   13.90     21.32   10.18    7.12     12.44   25.58   32.31   180.40   89.77   171.59   76.53   191.51   78.98 
 260    0.67    5.03     36.67    2.92    5.31     16.84   16.44   13.91     21.32   10.18    7.13     12.98   25.00   32.28   178.40   91.70   169.35   78.49   189.49   80.70 
 261    0.68    5.05     35.12    3.48    5.31     17.80   14.78   13.91     21.23   10.28    7.14     12.96   24.82   32.25   177.40   94.16   168.58   80.76   188.61   83.33 
 262    0.68    5.05     36.06    3.11    5.30     17.45   15.01   13.92     21.23   10.28    7.15     13.33   23.82   32.22   176.35   94.60   167.93   81.30   187.55   84.20 
 263    0.68    4.99     36.97    2.80    5.29     17.58   14.65   13.92     21.23   10.28    7.16     13.11   23.94   32.19   175.40   95.50   166.34   82.39   186.40   84.58 
 264    0.68    5.03     35.43    3.32    5.28     18.04   13.64   13.92     21.23   10.28    7.18     13.73   23.16   32.15   175.53   93.37   166.27   80.41   186.36   82.23 
 265    0.68    4.98     34.52    3.72    5.27     17.46   14.29   13.92     21.23   10.28    7.19     13.29   23.18   32.12   177.82   93.26   169.18   79.83   189.05   82.58 
 266    0.73    5.08     34.71    3.64    5.27     19.60   10.93   13.91     21.18   10.33    7.20     13.39   22.12   32.08   178.39   92.64   169.58   79.73   189.09   81.93 
 267    0.73    5.11     34.25    3.75    5.26     20.18   10.17   13.90     21.18   10.33    7.21     13.17   22.35   32.04   172.98   91.19   164.21   78.47   183.66   80.62 
 268    0.73    5.09     36.67    2.79    5.25     18.76   11.87   13.89     21.18   10.33    7.22     12.22   24.06   32.01   167.79   91.76   158.78   78.69   178.75   80.90 
 269    0.73    5.09     39.00    2.10    5.24     18.41   12.16   13.88     21.18   10.33    7.23     12.48   23.23   31.98   166.22   92.90   156.45   80.37   176.43   81.34 
 270    0.73    5.09     36.67    2.69    5.23     19.13   11.17   13.87     21.18   10.33    7.25     12.56   22.95   31.95   161.24   92.35   152.29   79.51   171.95   81.57 
 271    0.77    5.02     35.38    3.02    5.22     19.81   10.17   13.86     21.16   10.33    7.26     11.85   24.45   31.92   154.82   90.67   145.91   78.02   165.43   80.00 
 272    0.77    5.02     37.89    2.20    5.21     19.07   10.95   13.85     21.16   10.33    7.27     11.93   24.29   31.89   150.26   90.09   141.02   77.03   161.08   78.91 
 273    0.77    5.00     35.04    2.97    5.20     18.80   11.15   13.84     21.16   10.33    7.28     11.95   23.75   31.86   144.79   88.84   135.37   76.27   155.23   77.68 
 274    0.77    5.06     36.09    2.57    5.19     18.48   11.55   13.83     21.16   10.33    7.29     11.74   24.24   31.83   141.35   90.10   131.92   77.08   152.21   78.87 
 275    0.77    5.00     39.74    1.71    5.18     20.04    9.60   13.81     21.16   10.33    7.30     12.59   22.22   31.80   144.73   89.44   134.71   77.12   154.87   77.78 
 276    0.80    5.02     33.94    3.34    5.18     20.87    8.68   13.80     21.14   10.32    7.31     12.91   21.75   31.76   145.68   86.62   135.57   74.38   155.71   74.88 
 277    0.80    5.04     38.89    1.88    5.16     20.43    9.04   13.78     21.14   10.32    7.32     12.78   22.20   31.73   147.21   82.48   137.41   69.16   158.26   70.76 
 278    0.80    5.02     36.14    2.64    5.15     19.44   10.17   13.77     21.14   10.32    7.33     12.82   21.12   31.69   151.12   82.32   141.28   70.04   161.25   70.87 
 279    0.80    5.07     34.01    3.48    5.15     19.25   10.21   13.75     21.14   10.32    7.34     12.07   21.79   31.65   154.39   86.06   144.12   74.07   164.18   74.24 
 280    0.80    5.04     34.86    3.23    5.14     19.92    9.48   13.74     21.14   10.32    7.36     11.61   22.54   31.62   156.94   93.44   147.34   80.02   168.11   81.89 
 281    0.84    5.06     34.19    3.60    5.14     19.59    9.65   13.72     21.13   10.30    7.37     11.34   23.12   31.59   161.53   97.46   151.88   85.15   171.61   86.09 
 282    0.84    5.03     33.18    4.20    5.13     19.62    9.47   13.71     21.13   10.30    7.38     11.99   22.07   31.56   168.21   98.98   158.83   86.50   178.51   87.85 
 283    0.84    5.07     34.16    3.84    5.13     19.71    9.18   13.69     21.13   10.30    7.39     11.38   23.66   31.53   174.70   96.21   165.38   83.28   185.50   85.06 
 284    0.84    5.04     35.95    3.17    5.12     19.26    9.46   13.68     21.13   10.30    7.40     11.60   23.01   31.50   178.85   91.70   169.47   79.02   189.40   80.52 
 285    0.84    5.08     37.60    2.62    5.11     18.30   10.16   13.66     21.13   10.30    7.41     11.22   23.10   31.47   181.01   87.48   172.27   74.31   192.19   76.87 
 286    0.91    5.08     35.63    3.32    5.11     17.41   10.68   13.65     21.11   10.28    7.42     11.25   21.61   31.44   184.14   83.48   175.18   71.25   194.35   72.87 
 287    0.91    5.01     37.14    2.81    5.10     17.18   10.84   13.64     21.11   10.28    7.43     10.98   22.11   31.40   187.09   81.12   178.08   68.86   197.25   70.40 
 288    0.91    5.08     36.04    3.21    5.09     17.17   10.73   13.63     21.11   10.28    7.44     11.13   21.28   31.37   189.27   80.12   180.32   67.35   199.90   69.33 
 289    0.91    5.01     36.27    3.14    5.09     17.51   10.34   13.62     21.11   10.28    7.45     11.29   20.61   31.33   190.09   81.42   180.60   68.96   200.51   70.23 
 290    0.91    5.08     35.52    3.42    5.08     17.21   10.63   13.61     21.11   10.28    7.46     11.40   20.35   31.29   189.53   81.98   179.70   69.62   199.75   70.45 
 291    0.94    5.03     35.75    3.34    5.07     19.13    8.49   13.59     21.08   10.27    7.47     11.47   19.91   31.25   189.57   84.09   179.54   71.80   199.73   72.42 
 292    0.94    5.06     35.61    3.40    5.07     19.71    7.99   13.58     21.08   10.27    7.48     11.66   19.41   31.21   188.15   86.54   178.74   73.96   198.49   75.33 
 293    0.94    5.05     34.21    3.94    5.06     18.94    8.83   13.56     21.08   10.27    7.49     11.83   19.48   31.17   184.54   88.60   175.44   76.35   194.78   77.82 
 294    0.94    5.03     33.84    4.10    5.06     17.27   11.05   13.55     21.08   10.27    7.49     12.14   19.75   31.14   180.31   89.78   171.16   77.22   190.80   78.96 
 295    0.94    5.04     34.65    3.73    5.06     16.03   12.85   13.55     21.08   10.27    7.50     12.05   20.06   31.10   183.34   90.15   173.87   78.18   193.05   78.98 
 296    1.00    5.04     35.64    3.27    5.05     15.74   13.68   13.55     21.05   10.25    7.51     11.63   21.79   31.07   178.43   89.36   169.17   76.91   188.70   78.32 
 297    1.00    5.05     35.34    3.36    5.04     17.17   11.77   13.54     21.05   10.25    7.52     12.66   19.89   31.03   179.56   87.68   169.98   75.09   189.91   76.32 
 298    1.00    5.07     34.67    3.61    5.04     16.79   12.57   13.54     21.05   10.25    7.53     12.49   20.60   30.99   178.34   85.50   169.42   72.86   188.95   74.75 
 299    1.00    5.04     34.66    3.63    5.03     16.84   12.60   13.54     21.05   10.25    7.54     12.45   20.66   30.96   178.64   85.06   169.22   72.27   189.21   73.87 
 300    1.00    5.04     35.64    3.24    5.03     16.55   13.22   13.54     21.05   10.25    7.55     12.48   20.54   30.92   177.34   86.77   167.86   73.52   188.37   75.43 
 301    1.05    4.99     36.90    2.80    5.02     17.58   11.83   13.53     21.00   10.28    7.56     12.74   20.35   30.89   178.51   87.38   168.74   74.49   189.16   75.86 
 302    1.05    5.07     35.47    3.31    5.02     17.74   11.78   13.52     21.00   10.28    7.57     12.67   20.60   30.85   178.82   88.35   169.91   75.43   189.70   77.56 
 303    1.05    5.00     33.95    3.99    5.01     18.62   10.60   13.51     21.00   10.28    7.58     12.98   20.11   30.82   180.91   89.69   171.68   76.15   192.32   78.47 
 304    1.05    4.99     33.52    4.24    5.01     17.99   11.59   13.51     21.00   10.28    7.59     12.83   20.48   30.79   182.84   90.72   173.93   77.49   193.90   79.88 
 305    1.05    5.02     32.23    4.93    5.01     18.15   11.34   13.50     21.00   10.28    7.59     12.87   20.53   30.75   183.98   90.36   175.01   77.57   194.72   79.52 
 306    1.07    5.00     34.98    3.59    5.00     21.18    7.99   13.48     20.98   10.27    7.60     12.72   20.63   30.72   182.45   91.40   173.29   78.36   193.33   80.42 
 307    1.07    5.00     33.67    4.21    5.00     20.18    8.99   13.47     20.98   10.27    7.61     12.82   20.57   30.69   184.52   93.07   175.56   80.02   195.43   82.29 
 308    1.07    4.99     36.93    2.90    5.00     21.85    7.45   13.45     20.98   10.27    7.62     12.98   19.88   30.65   182.72   95.24   173.25   82.67   193.28   84.03 
 309    1.07    5.00     36.93    2.87    4.99     20.36    8.92   13.43     20.98   10.27    7.63     11.68   22.28   30.62   178.56  100.48   169.31   87.67   189.27   89.49 
 310    1.07    4.98     35.79    3.31    4.98     20.02    9.40   13.42     20.98   10.27    7.64     12.68   20.46   30.59   177.70  105.26   168.19   92.90   188.06   94.05 
 311    1.17    5.05     34.37    3.95    4.98     19.35   10.25   13.41     20.98   10.24    7.65     13.05   20.11   30.56   178.68  107.05   170.52   94.42   189.34   97.06 
 312    1.17    4.99     37.86    2.66    4.97     20.51    9.07   13.40     20.98   10.24    7.65     12.96   20.26   30.52   178.10  112.00   169.80   98.93   189.02  101.65 
 313    1.17    5.03     38.43    2.49    4.96     20.15    9.48   13.38     20.98   10.24    7.66     12.94   20.68   30.49   175.51  114.55   166.80  101.40   186.55  103.96 
 314    1.17    5.01     40.55    1.91    4.95     19.83    9.82   13.37     20.98   10.24    7.67     13.44   20.91   30.46   172.53  112.82   163.96   99.61   183.91  102.39 
 315    1.17    5.06     37.72    2.64    4.95     20.47    9.25   13.36     20.98   10.24    7.68     13.98   20.48   30.43   173.19  110.24   164.52   97.54   183.71   99.62 
 316    1.18    4.96     34.73    3.73    4.94     19.29   11.18   13.35     20.97   10.22    7.69     13.64   21.67   30.40   174.85  108.89   166.09   96.20   185.48   98.39 
 317    1.18    5.07     33.52    4.24    4.94     18.90   11.74   13.35     20.97   10.22    7.70     12.51   27.09   30.39   171.01  106.33   162.26   93.71   181.56   95.80 
 318    1.18    5.01     33.79    4.10    4.94     18.88   11.63   13.34     20.97   10.22    7.70     13.46   22.80   30.37   172.74  102.55   164.28   89.69   183.40   92.08 
 319    1.18    5.08     33.40    4.30    4.94     18.23   12.09   13.34     20.97   10.22    7.71     13.38   21.70   30.34   174.88  100.58   166.44   88.19   185.21   90.31 
 320    1.18    5.04     35.26    3.52    4.93     18.76   11.76   13.33     20.97   10.22    7.72     13.25   21.55   30.31   178.95  101.38   171.08   88.54   189.81   91.55 
 321    1.21    5.03     34.29    3.99    4.93     19.31   10.83   13.33     20.96   10.23    7.73     13.13   21.69   30.29   181.31  101.33   172.79   88.82   191.88   91.11 
 322    1.21    4.99     36.53    3.13    4.92     20.51    9.70   13.31     20.96   10.23    7.73     13.09   21.94   30.26   185.29  103.35   177.36   90.66   196.00   93.48 
 323    1.21    5.02     35.57    3.54    4.92     20.58    9.63   13.30     20.96   10.23    7.74     13.47   21.41   30.23   185.60  103.43   177.39   90.64   196.45   93.44 
 324    1.21    4.99     35.97    3.42    4.91     20.64    9.70   13.29     20.96   10.23    7.75     13.48   21.58   30.21   188.66  103.99   181.12   90.87   199.81   94.38 
 325    1.21    5.03     37.53    2.88    4.91     21.44    8.97   13.28     20.96   10.23    7.76     13.77   21.66   30.18   191.42  102.42   183.71   89.47   202.38   92.68 
 326    1.30    4.97     35.82    3.47    4.90     23.79    6.90   13.26     20.96   10.21    7.76     13.83   22.94   30.16   191.51   98.19   184.11   85.31   202.62   88.90 
 327    1.30    5.00     35.89    3.43    4.90     22.82    7.74   13.24     20.96   10.21    7.77     13.75   23.13   30.14   190.23   96.29   182.48   83.47   201.07   86.56 
 328    1.30    4.95     34.10    4.15    4.90     23.31    7.33   13.22     20.96   10.21    7.78     12.78   26.91   30.13   187.63   93.78   180.35   80.96   198.52   84.46 
 329    1.30    5.00     35.82    3.31    4.89     22.73    7.88   13.21     20.96   10.21    7.79     12.67   27.95   30.12   183.79   90.85   176.24   78.29   194.41   81.34 
 330    1.30    4.95     35.74    3.29    4.89     22.77    7.82   13.19     20.96   10.21    7.79     12.94   24.88   30.10   179.52   92.06   171.65   79.16   190.45   82.28 
 331    1.35    5.01     35.30    3.40    4.88     22.73    7.67   13.18     20.99   10.17    7.80     12.77   23.67   30.08   174.43   94.85   166.50   82.28   185.09   85.03 
 332    1.35    5.03     37.08    2.72    4.88     21.83    8.51   13.16     20.99   10.17    7.81     12.85   23.06   30.06   169.81   98.23   161.58   85.70   180.43   88.14 
 333    1.35    5.03     35.08    3.36    4.87     21.27    9.12   13.15     20.99   10.17    7.82     13.17   22.59   30.04   164.38   99.04   156.42   85.96   175.47   89.13 
 334    1.35    5.00     35.91    3.03    4.87     21.29    9.11   13.14     20.99   10.17    7.82     13.04   22.75   30.02   162.04  101.35   154.21   88.37   172.95   91.47 
 335    1.35    5.03     34.40    3.55    4.86     22.31    8.11   13.12     20.99   10.17    7.83     13.19   22.73   30.00   156.96  102.18   149.28   89.62   167.70   92.65 
 336    1.40    5.09     34.63    3.38    4.86     22.49    8.02   13.11     21.01   10.14    7.84     12.95   23.93   29.98   152.41  102.89   145.02   90.05   163.29   93.47 
 337    1.40    5.26     34.92    3.26    4.85     22.39    8.08   13.09     21.01   10.14    7.84     13.84   21.63   29.95   152.56  102.86   144.52   90.22   163.10   92.81 
 338    1.40    5.40     33.89    3.61    4.85     23.89    6.85   13.07     21.01   10.14    7.85     13.92   22.53   29.93   148.59  100.12   141.23   87.25   159.49   90.71 
 339    1.40    5.10     34.75    3.22    4.85     22.05    8.49   13.06     21.01   10.14    7.86     14.12   22.00   29.91   148.61   95.79   141.06   83.01   159.52   86.31 
 340    1.40    5.01     35.12    3.13    4.84     20.53   10.16   13.05     21.01   10.14    7.86     13.86   22.02   29.89   153.43   94.34   145.06   82.24   163.39   84.13 
 341    1.46    5.02     33.96    3.61    4.84     21.77    8.90   13.04     21.02   10.11    7.87     13.79   21.98   29.86   154.44   95.36   146.46   83.03   164.85   85.61 
 342    1.46    5.03     34.62    3.43    4.83     22.64    8.35   13.03     21.02   10.11    7.88     13.21   22.93   29.84   155.88  100.79   147.69   88.58   166.23   90.91 
 343    1.46    5.05     33.11    4.20    4.83     21.75    9.48   13.02     21.02   10.11    7.88     12.85   24.30   29.83   160.19  103.86   152.12   91.92   170.24   94.09 
 344    1.46    5.05     33.74    4.07    4.83     21.50   10.02   13.01     21.02   10.11    7.89     12.26   25.74   29.81   164.77  109.85   157.17   97.95   174.91  100.61 
 345    1.46    5.08     33.85    4.12    4.83     19.94   12.01   13.00     21.02   10.11    7.90     12.31   26.46   29.81   169.83  112.37   162.26  100.34   180.09  103.09 
 346    1.54    4.96     36.49    3.11    4.82     21.02   10.72   13.00     21.04   10.10    7.90     12.44   27.11   29.80   175.18  112.68   167.57  101.01   185.08  103.45 
 347    1.54    5.03     36.87    3.01    4.82     20.28   11.69   12.99     21.04   10.10    7.91     12.67   27.44   29.79   178.19  111.22   170.95   99.46   188.26  102.34 
 348    1.54    4.99     36.92    3.05    4.81     20.08   11.75   12.99     21.04   10.10    7.92     12.43   27.29   29.78   184.27  107.74   177.30   95.39   194.93   98.96 
 349    1.54    5.03     37.64    2.86    4.81     19.37   12.33   12.99     21.04   10.10    7.92     11.73   28.77   29.78   191.95  104.56   184.97   92.40   202.45   95.82 
 350    1.54    4.96     37.85    2.86    4.80     21.19   10.06   12.98     21.04   10.10    7.93     12.58   25.98   29.77   196.38  106.39   189.05   94.92   206.15   97.48 
 351    1.66    5.11     36.01    3.59    4.80     22.88    8.12   12.97     21.04   10.10    7.93     12.38   25.75   29.76   198.90  108.29   191.68   96.65   208.84   99.44 
 352    1.66    5.06     37.79    2.96    4.79     22.70    8.28   12.95     21.04   10.10    7.94     12.39   25.38   29.75   201.60  112.83   193.57  101.66   210.92  103.27 
 353    1.66    5.07     36.57    3.44    4.79     22.28    8.57   12.94     21.04   10.10    7.95     12.68   24.64   29.73   201.54  115.34   193.98  103.89   211.22  106.21 
 354    1.66    5.02     37.02    3.24    4.78     21.20    9.63   12.93     21.04   10.10    7.95     12.69   24.78   29.72   199.21  116.40   191.63  105.07   208.76  107.25 
 355    1.66    5.08     35.82    3.67    4.78     20.71   10.01   12.92     21.04   10.10    7.96     13.11   23.72   29.70   195.23  115.31   187.97  103.89   204.93  106.47 
 356    1.65    5.02     36.15    3.46    4.78     22.40    8.14   12.91     21.05   10.08    7.96     12.65   24.74   29.69   190.71  113.21   183.19  101.81   200.30  104.09 
 357    1.65    5.06     36.18    3.39    4.77     22.23    8.25   12.90     21.05   10.08    7.97     13.02   23.85   29.67   189.53  110.62   181.78   99.37   199.01  101.33 
 358    1.65    5.00     36.63    3.20    4.77     20.94    9.61   12.89     21.05   10.08    7.98     12.91   23.55   29.65   187.37  111.05   180.00   99.82   196.89  102.16 
 359    1.65    5.03     36.13    3.36    4.76     20.69    9.85   12.88     21.05   10.08    7.98     12.75   23.82   29.64   183.60  111.34   176.53   99.76   193.51  102.67 
 360    1.65    5.02     36.49    3.18    4.76     19.74   10.88   12.87     21.05   10.08    7.99     13.13   23.04   29.62   182.97  110.59   175.51   99.50   192.38  101.62 
 361    1.64    5.04     35.43    3.60    4.76     20.06   10.46   12.87     21.06   10.06    7.99     13.27   22.60   29.60   183.05  109.91   175.51   98.20   192.92  100.73 
 362    1.64    5.07     37.08    2.97    4.75     19.20   11.36   12.86     21.06   10.06    8.00     13.08   22.89   29.58   182.67  109.60   174.79   98.67   191.83  100.28 
 363    1.64    5.06     35.03    3.73    4.75     18.96   11.96   12.86     21.06   10.06    8.00     12.92   23.32   29.56   179.51  110.82   172.24   99.30   189.29  101.94 
 364    1.64    5.07     34.63    3.87    4.75     19.14   11.85   12.86     21.06   10.06    8.01     12.73   24.43   29.55   177.00  111.23   169.46   99.66   186.72  102.04 
 365    1.64    5.05     33.58    4.33    4.74     19.05   12.01   12.85     21.06   10.06    8.02     12.57   25.99   29.54   174.89  110.87   167.32   99.55   184.48  101.77 
 366    1.74    5.00     34.73    3.78    4.74     20.00   10.81   12.85     21.04   10.07    8.02     12.87   24.86   29.53   173.68  111.50   166.30  100.12   183.35  102.57 
 367    1.74    5.03     35.48    3.45    4.74     19.67   11.19   12.84     21.04   10.07    8.03     12.92   24.50   29.51   173.20  111.29   165.20   99.84   182.82  101.76 
 368    1.74    5.05     35.53    3.43    4.74     19.62   11.37   12.84     21.04   10.07    8.03     12.93   24.74   29.50   172.98  111.53   164.77  100.27   182.37  101.84 
 369    1.74    5.01     36.46    3.07    4.73     19.72   11.15   12.84     21.04   10.07    8.04     13.07   24.68   29.49   173.81  109.15   166.48   98.00   183.27  100.32 
 370    1.74    4.99     35.53    3.42    4.73     19.18   11.86   12.83     21.04   10.07    8.04     13.20   23.96   29.47   175.80  107.16   168.00   96.15   185.06   97.91 
 371    1.93    5.07     35.13    3.62    4.72     20.21   10.48   12.83     21.03   10.08    8.05     13.22   23.27   29.46   176.85  106.45   169.58   94.70   186.83   97.53 
 372    1.93    5.01     34.59    3.89    4.72     19.55   11.16   12.82     21.03   10.08    8.05     13.43   22.21   29.44   179.31  105.71   172.09   93.78   189.43   96.77 
 373    1.93    5.10     35.33    3.67    4.72     19.26   11.75   12.82     21.03   10.08    8.06     12.99   21.98   29.42   185.96  107.90   178.51   96.64   195.46   98.91 
 374    1.93    5.03     33.66    4.57    4.72     19.95   10.68   12.81     21.03   10.08    8.07     13.04   21.46   29.39   190.88  110.02   183.68   98.24   200.86  101.12 
 375    1.93    5.03     34.31    4.33    4.72     19.44   11.22   12.81     21.03   10.08    8.07     13.06   21.11   29.37   193.72  113.88   186.65  101.52   204.32  105.07 
 376    1.96    5.03     33.04    5.09    4.72     18.94   11.36   12.81     21.02   10.08    8.08     13.09   20.74   29.35   195.87  116.61   188.59  104.51   206.24  107.67 
 377    1.96    5.05     34.79    4.20    4.72     17.58   12.99   12.81     21.02   10.08    8.08     13.46   20.21   29.33   200.09  117.72   192.18  106.13   209.82  108.21 
 378    1.96    5.01     34.03    4.61    4.72     19.30   11.08   12.80     21.02   10.08    8.09     13.51   21.06   29.30   201.21  117.54   193.52  105.83   211.12  108.25 
 379    1.96    5.04     33.42    4.98    4.72     19.13   11.06   12.80     21.02   10.08    8.09     13.75   20.50   29.28   202.53  115.67   194.34  103.68   212.66  105.87 
 380    1.96    5.01     34.15    4.58    4.72     18.68   11.68   12.79     21.02   10.08    8.10     12.83   23.98   29.27   203.12  114.27   195.31  101.98   213.56  104.77 
 381    2.00    5.03     33.70    4.80    4.72     18.86   11.77   12.79     21.00   10.10    8.10     12.97   23.97   29.25   203.82  111.30   196.15   99.47   213.74  101.92 
 382    2.00    5.04     33.86    4.70    4.72     18.85   11.90   12.79     21.00   10.10    8.11     12.90   23.80   29.24   203.31  110.91   195.59   98.52   213.87  101.49 
 383    2.00    5.01     33.81    4.71    4.72     18.90   12.02   12.79     21.00   10.10    8.11     13.05   23.13   29.22   203.63  109.98   195.53   98.03   213.71  100.27 
 384    2.00    5.08     33.96    4.63    4.72     19.10   11.20   12.78     21.00   10.10    8.12     13.69   20.26   29.20   204.53  109.06   196.60   96.62   215.14   99.47 
 385    2.00    5.11     30.57    6.82    4.72     17.37   12.70   12.78     21.00   10.10    8.12     12.59   21.89   29.18   200.49  105.33   193.41   92.42   211.63   96.43 
 386    2.10    5.03     34.39    4.42    4.72     16.29   13.37   12.78     20.97   10.11    8.13     12.62   21.70   29.16   207.47  102.90   199.32   89.72   218.81   93.01 
 387    2.10    5.09     32.40    5.64    4.72     16.09   13.91   12.79     20.97   10.11    8.13     12.44   21.27   29.14   209.01  103.48   201.76   91.17   219.52   94.47 
 388    2.10    5.04     30.66    6.93    4.73     15.00   15.71   12.79     20.97   10.11    8.14     12.17   21.34   29.12   209.15  103.91   202.23   92.28   219.14   95.35 
 389    2.10    5.06     34.43    4.51    4.73     14.76   16.85   12.80     20.97   10.11    8.14     11.10   24.03   29.11   213.46  109.23   205.17   97.77   222.86   99.34 
 390    2.10    5.05     32.40    5.78    4.73     14.11   18.05   12.82     20.97   10.11    8.15     10.80   25.60   29.10   214.66  110.75   206.54   98.71   224.90  101.06 
 391    2.21    5.08     34.02    4.81    4.73     14.76   16.87   12.83     20.88   10.20    8.15     11.90   22.58   29.08   213.21  114.60   204.45  102.63   223.22  104.24 
 392    2.21    5.05     34.60    4.47    4.73     15.24   15.91   12.84     20.88   10.20    8.16     12.19   22.32   29.06   212.03  114.17   203.53  101.72   222.57  104.03 
 393    2.21    5.05     35.06    4.21    4.73     16.44   13.74   12.84     20.88   10.20    8.16     12.32   22.07   29.05   209.94  114.29   201.08  102.06   220.22  103.83 
 394    2.21    5.03     34.98    4.19    4.73     15.94   14.82   12.84     20.88   10.20    8.17     11.94   23.88   29.03   207.81  112.64   198.83  100.57   217.91  102.09 
 395    2.21    5.08     33.68    4.79    4.73     15.96   15.25   12.85     20.88   10.20    8.17     12.04   24.81   29.02   204.19  111.07   195.62   98.51   214.83  100.84 
 396    2.24    5.01     33.93    4.55    4.73     16.54   14.55   12.85     20.81   10.26    8.18     12.18   25.53   29.01   198.97  108.82   190.19   96.99   208.77   98.51 
 397    2.24    4.98     32.66    5.22    4.73     16.48   14.89   12.86     20.81   10.26    8.19     12.25   24.97   29.00   195.61  109.34   186.37   97.38   205.50   98.54 
 398    2.24    5.08     36.30    3.44    4.73     17.42   13.42   12.86     20.81   10.26    8.19     12.28   24.37   28.99   196.89  110.63   187.51   98.93   206.41   99.73 
 399    2.24    4.99     34.80    4.08    4.72     17.08   14.84   12.87     20.81   10.26    8.20     12.61   24.87   28.98   195.59  111.29   186.18   99.59   205.25  100.40 
 400    2.24    5.05     34.08    4.41    4.72     17.68   15.05   12.87     20.81   10.26    8.20     13.21   24.92   28.97   194.85  111.02   185.64   99.24   204.52  100.25 
 401    2.17    5.00     34.55    4.16    4.72     18.31   13.42   12.87     20.76   10.30    8.21     13.72   23.17   28.96   195.42  109.30   186.14   97.35   205.23   98.49 
 402    2.17    5.00     32.94    4.90    4.72     18.23   12.57   12.87     20.76   10.30    8.21     13.25   22.16   28.94   191.51  106.40   182.37   94.17   201.77   95.69 
 403    2.17    5.06     35.73    3.47    4.72     18.37   11.93   12.87     20.76   10.30    8.22     12.61   22.78   28.92   187.73  104.19   178.55   91.39   198.43   93.32 
 404    2.17    5.06     35.75    3.43    4.72     18.74   10.79   12.86     20.76   10.30    8.22     12.88   22.06   28.91   187.18   99.45   177.86   86.96   197.52   88.46 
 405    2.17    4.97     35.58    3.46    4.71     18.47   10.88   12.86     20.76   10.30    8.23     13.43   20.37   28.89   186.70   96.90   177.53   84.29   197.18   86.01 
 406    2.38    5.03     36.04    3.23    4.71     18.68   10.27   12.85     20.74   10.32    8.23     12.77   21.08   28.87   183.54   95.02   174.05   82.56   193.74   83.81 
 407    2.38    5.09     33.64    4.34    4.71     18.00   11.13   12.85     20.74   10.32    8.24     13.04   22.85   28.85   188.83   93.55   179.14   82.39   197.81   82.41 
 408    2.38    5.00     34.99    3.78    4.71     17.83   11.39   12.85     20.74   10.32    8.24     12.92   21.14   28.83   193.11   95.94   184.06   84.41   202.64   85.34 
 409    2.38    5.01     35.71    3.56    4.70     18.02   11.08   12.84     20.74   10.32    8.25     12.56   21.36   28.82   197.62   98.66   188.53   86.97   207.31   88.00 
 410    2.38    5.00     37.56    2.95    4.70     17.10   12.68   12.84     20.74   10.32    8.25     11.93   22.36   28.80   200.61  101.97   191.12   89.81   210.49   90.80 
 411    2.49    5.15     36.13    3.49    4.70     18.41   10.32   12.83     20.72   10.32    8.26     12.34   21.33   28.78   202.01  102.02   193.13   90.36   211.76   91.57 
 412    2.49    5.15     34.93    4.07    4.70     18.39   10.13   12.83     20.72   10.32    8.26     12.55   21.59   28.76   205.56  101.82   196.03   90.52   214.77   90.85 
 413    2.49    5.00     35.69    3.77    4.69     18.71    9.70   12.82     20.72   10.32    8.27     12.27   21.27   28.75   207.20  101.77   198.56   89.65   217.32   91.43 
 414    2.49    5.02     35.61    3.78    4.69     18.62    9.65   12.81     20.72   10.32    8.27     12.44   19.72   28.72   206.60  101.24   197.96   89.17   216.66   90.90 
 415    2.49    5.03     34.84    4.08    4.69     19.26    8.83   12.80     20.72   10.32    8.28     12.28   19.82   28.70   203.34  100.34   194.36   88.63   212.99   89.75 
 416    2.60    5.01     35.83    3.59    4.69     21.18    7.11   12.79     20.71   10.30    8.28     12.58   19.87   28.68   200.93   98.14   192.42   85.98   211.10   87.91 
 417    2.60    5.03     36.47    3.31    4.68     19.99    7.94   12.78     20.71   10.30    8.29     12.74   19.15   28.66   201.05   95.47   192.04   83.65   210.83   84.88 
 418    2.60    4.97     36.35    3.34    4.68     20.75    7.28   12.76     20.71   10.30    8.29     12.77   18.02   28.63   199.07   96.66   190.21   84.76   208.94   86.18 
 419    2.60    5.00     36.48    3.28    4.68     20.64    7.37   12.75     20.71   10.30    8.30     11.92   18.86   28.61   195.43   99.17   186.83   87.13   205.47   88.91 
 420    2.60    4.97     35.39    3.71    4.67     20.23    7.70   12.74     20.71   10.30    8.30     11.91   18.63   28.59   193.71  102.62   185.26   90.55   203.74   92.52 
 421    2.65    5.04     36.00    3.45    4.67     21.41    6.81   12.73     20.71   10.27    8.31     11.78   19.15   28.56   192.13  106.42   183.56   94.40   202.14   96.16 
 422    2.65    5.05     34.40    4.14    4.67     21.07    7.14   12.71     20.71   10.27    8.31     12.64   18.45   28.54   189.61  107.83   180.69   95.92   199.46   97.28 
 423    2.65    5.00     33.58    4.44    4.67     20.38    7.75   12.70     20.71   10.27    8.32     12.65   20.13   28.52   184.32  106.31   175.37   94.12   194.46   95.71 
 424    2.65    4.99     34.69    3.78    4.67     20.08    7.92   12.69     20.71   10.27    8.32     12.29   21.47   28.50   179.88  103.81   170.74   92.45   189.22   93.16 
 425    2.65    5.00     35.09    3.56    4.67     20.03    7.87   12.68     20.71   10.27    8.32     12.69   19.38   28.48   177.60  101.18   168.77   89.69   187.11   90.80 
 426    2.82    5.05     34.40    3.79    4.66     20.85    7.21   12.67     20.71   10.24    8.33     13.16   18.42   28.46   174.60   99.46   165.12   87.86   184.10   88.47 
 427    2.82    4.97     35.82    3.17    4.66     20.21    7.80   12.65     20.71   10.24    8.33     12.35   20.10   28.44   171.26   98.51   162.31   87.17   180.56   88.08 
 428    2.82    5.01     34.53    3.65    4.66     20.08    7.86   12.64     20.71   10.24    8.34     12.81   18.75   28.42   170.08   97.26   161.29   85.91   179.39   86.96 
 429    2.82    4.97     34.14    3.77    4.66     20.36    7.63   12.63     20.71   10.24    8.34     12.52   19.30   28.39   167.47   97.30   158.32   86.34   176.38   86.73 
 430    2.82    5.02     34.21    3.72    4.65     20.66    7.43   12.62     20.71   10.24    8.35     12.44   19.14   28.37   166.35   98.30   156.99   87.37   175.17   87.53 
 431    2.93    5.08     33.55    4.02    4.65     21.60    6.70   12.60     20.71   10.21    8.35     12.42   18.84   28.35   165.64  100.43   156.65   89.47   174.62   89.98 
 432    2.93    5.02     35.56    3.22    4.65     20.13    7.94   12.59     20.71   10.21    8.36     12.26   19.44   28.33   167.00  100.94   157.72   90.20   175.63   90.26 
 433    2.93    5.05     34.47    3.71    4.65     19.98    8.22   12.58     20.71   10.21    8.36     12.01   20.25   28.31   169.91  101.88   160.84   90.91   178.94   91.38 
 434    2.93    5.02     34.02    3.99    4.64     20.18    8.03   12.57     20.71   10.21    8.36     11.87   20.89   28.29   173.82  101.05   164.97   89.72   183.12   90.70 
 435    2.93    5.09     35.40    3.48    4.64     20.65    7.59   12.56     20.71   10.21    8.37     11.08   22.33   28.28   179.22  101.04   170.45   90.02   188.17   90.76 
 436    2.93    5.11     36.95    2.98    4.64     20.69    7.67   12.55     20.71   10.18    8.37     11.53   21.42   28.26   184.85  101.66   175.79   90.65   193.80   91.12 
 437    2.93    5.03     34.23    4.14    4.64     19.52    8.63   12.54     20.71   10.18    8.38     11.43   21.75   28.25   190.45   98.89   181.32   88.46   198.92   88.40 
 438    2.93    5.10     35.50    3.60    4.63     19.88    8.39   12.53     20.71   10.18    8.38     12.06   20.23   28.23   191.74   98.96   182.61   88.25   200.40   88.41 
 439    2.93    5.05     34.47    4.10    4.63     19.12    9.03   12.52     20.71   10.18    8.38     11.91   20.47   28.21   195.05   96.77   186.30   85.81   203.92   86.51 
 440    2.93    5.10     37.52    2.91    4.63     19.59    8.62   12.52     20.71   10.18    8.39     11.83   20.42   28.20   197.40   98.03   188.45   87.63   205.96   87.79 
 441    2.87    5.01     35.95    3.52    4.63     21.12    7.18   12.50     20.71   10.16    8.39     12.03   19.49   28.18   199.07  100.23   190.33   89.85   207.62   90.15 
 442    2.87    4.99     33.71    4.60    4.63     20.20    8.01   12.49     20.71   10.16    8.40     11.30   20.92   28.16   198.00  103.49   189.32   93.18   206.51   93.50 
 443    2.87    4.99     34.80    4.07    4.63     19.91    8.31   12.48     20.71   10.16    8.40     11.27   21.18   28.14   197.53  106.69   188.81   96.54   205.90   96.73 
 444    2.87    4.97     36.77    3.23    4.62     18.51   10.05   12.48     20.71   10.16    8.40     11.48   21.01   28.13   195.93  111.32   186.89  100.24   204.88  100.77 
 445    2.87    5.01     35.39    3.79    4.62     19.60    8.80   12.47     20.71   10.16    8.41     11.47   21.29   28.11   194.35  112.64   185.65  102.64   202.54  102.67 
 446    3.14    5.03     35.86    3.58    4.62     20.52    7.96   12.46     20.70   10.14    8.41     11.95   20.54   28.10   192.69  113.61   183.47  103.48   200.98  103.18 
 447    3.14    5.01     33.85    4.47    4.62     21.21    7.37   12.45     20.70   10.14    8.42     12.53   19.58   28.08   189.41  113.39   180.84  103.70   197.34  103.60 
 448    3.14    5.07     34.17    4.19    4.62     21.24    7.44   12.44     20.70   10.14    8.42     12.50   20.21   28.06   184.00  110.59   175.30  100.05   192.53  100.46 
 449    3.14    5.02     35.82    3.40    4.61     20.89    7.68   12.43     20.70   10.14    8.42     12.71   20.15   28.04   184.75  105.77   175.97   95.85   192.81   95.71 
 450    3.14    5.03     34.32    3.97    4.61     21.28    7.38   12.42     20.70   10.14    8.43     12.68   19.66   28.02   180.05  104.41   171.31   93.93   188.50   94.25 
 451    3.34    5.06     34.04    4.04    4.61     21.42    7.25   12.40     20.71   10.11    8.43     12.04   20.65   28.01   177.16  104.47   168.55   94.24   185.68   94.63 
 452    3.34    5.07     33.07    4.47    4.61     20.22    8.33   12.40     20.71   10.11    8.44     11.38   21.46   27.99   171.81  107.49   163.86   97.05   180.52   98.16 
 453    3.34    5.01     34.99    3.57    4.61     19.27    9.32   12.39     20.71   10.11    8.44     11.78   21.03   27.98   169.09  110.01   160.50   99.90   177.44  100.16 
 454    3.34    5.06     32.52    4.73    4.61     19.81    8.68   12.38     20.71   10.11    8.44     12.24   20.19   27.96   169.01  109.03   160.62   98.68   177.48   99.23 
 455    3.34    5.06     32.62    4.63    4.61     19.57    8.86   12.37     20.71   10.11    8.45     12.10   20.64   27.94   168.24  107.50   159.80   96.69   177.19   97.61 
 456    3.39    4.99     32.97    4.41    4.61     19.74    8.64   12.36     20.71   10.10    8.45     11.79   21.17   27.93   166.37  106.87   157.75   96.07   175.28   96.81 
 457    3.39    5.00     33.12    4.32    4.61     19.90    8.60   12.36     20.71   10.10    8.45     11.97   21.01   27.91   165.57  107.20   157.13   96.25   174.62   97.24 
 458    3.39    5.00     32.83    4.44    4.61     19.69    8.72   12.35     20.71   10.10    8.46     12.17   20.94   27.90   163.62  106.54   155.27   95.60   172.71   96.71 
 459    3.39    5.02     33.79    3.91    4.61     19.84    8.64   12.34     20.71   10.10    8.46     12.10   21.31   27.88   160.14  106.41   151.52   95.58   169.14   96.38 
 460    3.39    5.06     34.45    3.59    4.60     19.47    8.97   12.33     20.71   10.10    8.46     12.10   20.87   27.87   158.96  106.40   150.12   95.43   167.97   96.08 
 461    3.45    4.98     32.16    4.59    4.60     19.70    8.61   12.32     20.70   10.08    8.47     12.00   20.75   27.85   155.39  104.97   146.40   93.90   164.56   94.54 
 462    3.45    5.00     33.00    4.08    4.60     19.91    8.37   12.32     20.70   10.08    8.47     11.96   20.68   27.84   153.70  103.90   144.88   92.90   162.82   93.63 
