   6    0.75   22.29     38.63    1.92    1.00     18.25   16.96   15.89       Inf    0.00   70.94      3.91   84.31   84.99   145.34   82.71   141.54   75.07 
   7    0.75   22.15     39.21    1.80    1.12     19.05   15.37   15.81       Inf    0.00   60.80      3.96   83.75   84.81   144.76   84.05   140.91   76.46 
   8    0.75   22.15     38.45    1.97    1.22     16.83   19.81   16.31       Inf    0.00   53.20      3.86   84.54   84.78   144.87   84.27   141.06   76.65 
   9    0.75   22.17     35.57    2.76    1.39     16.43   20.72   16.80       Inf    0.00   47.29      3.93   83.55   84.64   144.87   84.78   140.90   77.25 
  10    0.75   22.11     38.14    2.04    1.46     15.24   23.53   17.48       Inf    0.00   42.56      3.74   85.19   84.70   144.14   86.04   140.26   78.38 
  11    0.21   22.67     38.34    2.00    1.51     24.92    7.71   16.59     28.64    5.11   39.16      3.93   83.30   84.57   144.05   86.54   140.26   78.83 
  12    0.21   22.12     37.58    2.19    1.56     25.59    7.11   15.80     28.64    5.11   36.32      3.81   84.26   84.54   143.93   86.83   140.09   79.13 
  13    0.21   22.12     37.97    2.08    1.60     20.16   13.37   15.61     28.64    5.11   33.92      3.84   83.75   84.48   143.41   86.83   139.62   79.15 
  14    0.21   22.67     39.00    1.86    1.62     18.58   16.01   15.64     28.64    5.11   31.86      3.81   84.04   84.45   143.13   87.69   139.38   80.02 
  15    0.21   22.11     36.19    2.57    1.68     19.18   14.93   15.59     28.64    5.11   30.08      3.81   84.04   84.42   143.82   86.64   140.00   78.93 
  16    0.13   22.69     35.96    2.64    1.74     25.51    7.18   15.07     25.22    7.53   28.67      3.79   84.14   84.41   142.91   87.84   139.15   80.16 
  17    0.13   22.67     40.94    1.48    1.73     20.93   12.13   14.89     25.22    7.53   27.42      3.75   84.48   84.41   142.81   88.24   139.11   80.48 
  18    0.13   22.69     39.99    1.66    1.73     17.26   18.53   15.10     25.22    7.53   26.32      3.80   84.17   84.40   142.93   89.19   139.10   81.57 
  19    0.13   22.63     36.05    2.62    1.77     19.76   13.96   15.04     25.22    7.53   25.33      3.70   85.21   84.44   142.41   88.45   138.57   80.83 
  20    0.13   22.69     36.63    2.44    1.81     17.97   17.26   15.15     25.22    7.53   24.44      3.77   84.78   84.46   143.34   88.09   139.47   80.53 
  21    0.14   22.06     40.00    1.66    1.80     21.55   11.30   14.96     24.40    8.25   23.67      3.81   84.39   84.45   142.38   89.95   138.62   82.32 
  22    0.14   22.12     34.34    3.17    1.86     19.69   14.13   14.93     24.40    8.25   22.97      3.81   84.27   84.45   142.79   88.57   138.85   81.03 
  23    0.14   22.04     33.61    3.46    1.93     18.92   15.53   14.95     24.40    8.25   22.33      4.03   83.01   84.38   142.41   88.50   138.48   81.01 
  24    0.14   22.68     33.82    3.38    1.99     17.12   19.14   15.13     24.40    8.25   21.74      3.86   84.54   84.39   142.43   89.52   138.66   82.02 
  25    0.14   22.04     35.21    2.88    2.03     17.43   18.25   15.25     24.40    8.25   21.20      4.03   83.42   84.35   141.63   90.21   137.93   82.58 
  26    0.18   22.12     36.09    2.60    2.05     19.06   15.18   15.25     23.82    8.81   20.73      3.93   83.53   84.32   142.09   90.17   138.31   82.57 
  27    0.18   22.62     37.40    2.23    2.06     19.56   14.33   15.21     23.82    8.81   20.28      3.84   84.49   84.33   140.95   90.68   137.39   83.05 
  28    0.18   22.14     37.24    2.27    2.06     20.70   12.67   15.12     23.82    8.81   19.87      3.87   84.21   84.32   140.77   90.50   137.03   83.02 
  29    0.18   22.13     37.19    2.28    2.07     20.99   12.27   15.03     23.82    8.81   19.49      3.93   84.38   84.32   140.47   90.52   136.79   83.03 
  30    0.18   22.10     35.47    2.77    2.09     19.16   15.27   15.03     23.82    8.81   19.14      3.82   85.16   84.35   140.93   89.73   137.24   82.26 
  31    0.19   22.66     36.60    2.42    2.11     18.70   16.12   15.07     23.13    9.54   18.83      3.99   84.59   84.36   139.37   89.95   135.75   82.45 
  32    0.19   22.70     33.03    3.63    2.15     15.73   23.05   15.32     23.13    9.54   18.54      4.00   85.35   84.39   139.10   88.88   135.51   81.35 
  33    0.19   22.63     33.96    3.21    2.19     14.88   25.82   15.64     23.13    9.54   18.26      4.03   86.81   84.46   137.83   88.50   134.41   80.88 
  34    0.19   22.08     35.86    2.54    2.20     12.94   33.00   16.15     23.13    9.54   18.01      4.19   86.49   84.52   135.37   88.76   132.26   81.16 
  35    0.19   22.66     32.14    3.83    2.24     11.46   39.38   16.81     23.13    9.54   17.77      4.35   86.38   84.58   134.24   86.72   131.17   78.99 
  36    0.23   22.06     29.69    5.00    2.32     15.20   26.50   17.08     21.47   11.64   17.60      4.44   86.64   84.63   132.08   84.67   129.17   77.13 
  37    0.23   22.00     30.30    4.58    2.38     15.77   24.84   17.29     21.47   11.64   17.43      4.53   86.76   84.69   130.57   84.58   127.66   77.00 
  38    0.23   22.13     29.54    4.93    2.45     13.13   33.43   17.71     21.47   11.64   17.28      4.42   87.76   84.77   129.17   85.04   126.31   77.50 
  39    0.23   21.48     28.91    5.27    2.52     12.46   36.75   18.20     21.47   11.64   17.14      4.45   87.42   84.84   128.80   83.27   125.99   75.80 
  40    0.23   22.10     29.34    5.00    2.58     12.65   35.62   18.64     21.47   11.64   17.00      4.54   87.41   84.90   128.16   84.12   125.13   76.66 
  41    0.25   21.49     29.64    4.83    2.64     22.59   11.52   18.46     20.22   13.63   16.92      4.72   85.27   84.91   128.23   84.10   125.29   76.74 
  42    0.25   21.56     28.95    5.23    2.70     19.74   16.06   18.41     20.22   13.63   16.84      4.95   84.11   84.89   129.12   82.84   126.08   75.45 
  43    0.25   20.40     30.28    4.49    2.74     17.75   20.08   18.45     20.22   13.63   16.76      4.82   85.72   84.91   129.13   83.54   126.02   76.09 
  44    0.25   21.53     30.92    4.19    2.77     14.96   28.02   18.66     20.22   13.63   16.69      4.86   85.06   84.92   130.20   82.58   126.87   75.25 
  45    0.25   20.39     33.70    3.05    2.78     12.17   38.84   19.11     20.22   13.63   16.63      5.11   83.73   84.89   130.68   80.23   127.18   72.93 
  46    0.25   21.49     31.68    3.87    2.80     15.51   26.74   19.28     19.94   14.27   16.57      5.19   83.14   84.85   132.23   81.16   128.48   74.09 
  47    0.25   20.39     32.03    3.73    2.82     14.34   30.51   19.52     19.94   14.27   16.53      5.04   83.79   84.83   133.53   80.13   129.84   73.05 
  48    0.25   20.41     35.01    2.66    2.82     12.96   35.21   19.84     19.94   14.27   16.48      4.94   84.43   84.82   134.42   78.60   130.67   71.49 
  49    0.25   20.39     33.67    3.12    2.83     12.94   35.09   20.15     19.94   14.27   16.43      5.00   83.92   84.80   135.25   79.42   131.57   72.23 
  50    0.25   20.38     33.35    3.26    2.83     12.61   35.77   20.47     19.94   14.27   16.39      5.03   82.94   84.77   135.98   80.46   132.24   73.13 
  51    0.29   20.42     37.87    1.96    2.82     20.62   14.23   20.34     19.66   14.89   16.36      4.84   83.38   84.74   135.99   81.00   132.26   73.75 
  52    0.29   21.63     37.19    2.13    2.80     17.13   21.03   20.36     19.66   14.89   16.33      4.64   84.91   84.74   136.44   82.72   132.87   75.38 
  53    0.29   22.06     40.42    1.48    2.78     13.92   30.12   20.54     19.66   14.89   16.30      4.57   84.47   84.74   136.44   84.23   132.96   76.85 
  54    0.29   22.18     37.51    2.10    2.77     14.59   27.63   20.67     19.66   14.89   16.28      4.60   83.61   84.72   136.91   85.97   133.19   78.68 
  55    0.29   22.21     37.85    2.03    2.75     16.68   21.45   20.69     19.66   14.89   16.25      4.46   84.11   84.70   136.24   88.83   132.67   81.51 
  56    0.27   22.11     34.62    2.99    2.76     17.85   18.53   20.65     19.39   15.43   16.24      4.20   84.98   84.71   136.88   90.87   133.10   83.66 
  57    0.27   22.09     32.75    3.76    2.77     14.02   28.32   20.78     19.39   15.43   16.22      3.97   86.33   84.74   136.67   92.77   132.93   85.55 
  58    0.27   21.57     36.24    2.54    2.77     13.39   29.95   20.94     19.39   15.43   16.21      4.02   85.17   84.74   136.54   96.12   132.83   88.90 
  59    0.27   21.64     32.57    3.91    2.79     12.51   32.62   21.14     19.39   15.43   16.20      3.92   85.23   84.75   137.16   97.62   133.40   90.29 
  60    0.27   22.11     33.57    3.51    2.80     11.75   34.80   21.37     19.39   15.43   16.19      3.74   85.57   84.77   136.21  100.38   132.34   93.02 
  61    0.37   22.05     32.41    4.03    2.82     12.80   30.73   21.52     18.89   16.32   16.19      3.58   85.92   84.79   135.92  102.30   131.91   95.08 
  62    0.37   21.49     30.85    4.86    2.85     11.60   35.18   21.74     18.89   16.32   16.19      3.45   86.85   84.82   135.22  104.16   131.32   96.96 
  63    0.37   21.53     30.79    4.92    2.89      9.86   42.07   22.06     18.89   16.32   16.19      3.25   87.42   84.86   134.52  106.73   130.74   99.48 
  64    0.37   22.03     30.43    5.16    2.92      8.75   46.94   22.45     18.89   16.32   16.19      2.92   88.66   84.92   134.70  108.80   130.95  101.54 
  65    0.37   22.03     29.03    6.11    2.97      8.09   50.44   22.88     18.89   16.32   16.20      2.87   88.52   84.98   135.07  109.10   131.14  101.90 
  66    0.33   21.49     29.11    6.12    3.02     13.71   26.08   22.93     18.04   17.87   16.22      2.95   87.16   85.01   135.67  110.60   131.51  103.43 
  67    0.33   20.26     28.51    6.63    3.07     12.78   29.22   23.03     18.04   17.87   16.25      2.95   86.43   85.03   137.17  110.95   133.07  103.83 
  68    0.33   20.36     29.09    6.26    3.12     12.19   30.87   23.14     18.04   17.87   16.27      2.95   86.40   85.05   138.86  112.06   134.80  104.84 
  69    0.33   20.35     30.36    5.47    3.15     11.18   34.25   23.30     18.04   17.87   16.29      2.93   85.92   85.06   140.51  113.55   136.13  106.47 
  70    0.33   20.37     29.38    6.18    3.20     10.94   35.17   23.47     18.04   17.87   16.31      2.88   86.26   85.08   141.86  113.40   137.50  106.25 
  71    0.36   20.55     31.06    5.14    3.23     15.20   21.42   23.44     17.21   19.49   16.36      3.07   84.51   85.07   143.67  114.74   139.30  107.55 
  72    0.36   22.18     29.40    6.29    3.27     12.01   31.23   23.55     17.21   19.49   16.40      3.04   84.42   85.06   144.53  113.86   140.16  106.71 
  73    0.36   21.53     30.89    5.33    3.30     11.58   32.35   23.67     17.21   19.49   16.45      2.85   85.99   85.07   146.77  114.45   142.25  107.35 
  74    0.36   22.53     30.35    5.70    3.33      9.86   39.13   23.88     17.21   19.49   16.49      2.76   85.98   85.09   148.32  113.82   143.57  106.84 
  75    0.36   22.72     30.79    5.40    3.36      8.66   45.02   24.16     17.21   19.49   16.53      2.70   86.93   85.11   148.38  112.19   143.61  105.16 
  76    0.37   21.52     31.84    4.74    3.37     11.29   34.04   24.29     16.92   19.99   16.57      3.08   84.40   85.10   147.92  111.15   143.25  104.22 
  77    0.37   21.62     31.55    4.85    3.39     10.10   40.30   24.50     16.92   19.99   16.62      3.21   85.42   85.11   147.11  108.47   142.52  101.53 
  78    0.37   20.40     32.64    4.23    3.40     10.40   39.58   24.69     16.92   19.99   16.66      3.35   85.72   85.11   146.61  106.61   142.01   99.64 
  79    0.37   21.60     34.50    3.37    3.40     11.00   37.62   24.86     16.92   19.99   16.70      3.48   85.37   85.12   146.16  104.40   141.31   97.54 
  80    0.37   20.41     33.81    3.61    3.41     11.04   38.20   25.02     16.92   19.99   16.74      3.62   85.29   85.12   145.51  101.66   140.65   94.91 
  81    0.42   21.60     33.80    3.58    3.41     12.61   32.08   25.11     16.43   21.08   16.80      3.83   84.02   85.11   145.30   99.41   140.59   92.54 
  82    0.42   21.51     36.79    2.51    3.40     12.53   32.64   25.20     16.43   21.08   16.85      4.00   82.90   85.08   145.46   97.82   140.57   91.09 
  83    0.42   21.61     34.61    3.21    3.40     12.34   33.09   25.30     16.43   21.08   16.90      3.99   83.17   85.06   144.55   96.32   139.72   89.45 
  84    0.42   21.49     39.22    1.88    3.38     12.44   32.58   25.38     16.43   21.08   16.95      4.01   82.53   85.03   145.42   96.01   140.59   89.11 
  85    0.42   22.09     36.25    2.65    3.37     11.98   34.41   25.49     16.43   21.08   17.00      3.88   83.70   85.01   145.65   94.64   140.93   87.67 
  86    0.42   22.65     34.85    3.10    3.37     15.86   21.80   25.45     16.99   19.74   17.03      3.98   82.77   84.98   144.93   94.22   140.11   87.16 
  87    0.42   21.57     37.30    2.33    3.35     16.58   20.17   25.39     16.99   19.74   17.06      3.90   82.90   84.96   144.77   94.42   140.25   87.33 
  88    0.42   22.11     35.96    2.72    3.35     15.48   23.06   25.36     16.99   19.74   17.09      4.16   81.53   84.92   144.24   93.32   139.70   86.25 
  89    0.42   22.06     38.14    2.10    3.33     15.92   21.92   25.32     16.99   19.74   17.12      4.17   81.87   84.89   144.30   92.72   139.71   85.57 
  90    0.42   22.64     35.88    2.71    3.33     14.41   26.23   25.33     16.99   19.74   17.15      4.05   82.81   84.86   143.32   91.93   138.72   84.80 
  91    0.44   20.26     40.72    1.54    3.31     15.72   22.76   25.30     16.06   21.95   17.20      4.15   82.55   84.84   143.25   91.72   138.73   84.59 
  92    0.44   21.47     41.29    1.42    3.29     16.58   20.85   25.26     16.06   21.95   17.26      4.34   81.61   84.80   142.14   89.13   137.67   81.97 
  93    0.44   20.36     38.00    2.06    3.27     14.44   26.83   25.27     16.06   21.95   17.31      4.30   83.25   84.79   140.88   87.53   136.56   80.17 
  94    0.44   22.05     41.96    1.28    3.25     13.49   30.41   25.33     16.06   21.95   17.35      4.56   82.02   84.76   139.53   86.63   135.43   79.18 
  95    0.44   20.29     40.51    1.49    3.23     13.54   30.92   25.39     16.06   21.95   17.40      4.63   83.01   84.74   138.96   85.20   134.81   77.80 
  96    0.45   20.14     42.29    1.20    3.21     15.50   25.08   25.38     16.41   21.09   17.44      4.59   85.15   84.74   136.06   84.22   132.10   76.72 
  97    0.45   20.12     33.13    3.36    3.21     14.64   28.28   25.41     16.41   21.09   17.48      4.86   84.00   84.74   134.99   83.85   131.02   76.41 
  98    0.45   20.05     33.17    3.28    3.21     15.28   26.40   25.42     16.41   21.09   17.52      4.95   84.13   84.73   131.93   83.17   128.29   75.60 
  99    0.45   20.22     31.88    3.76    3.22     13.94   30.98   25.48     16.41   21.09   17.55      4.93   84.61   84.73   130.31   82.40   126.70   74.86 
 100    0.45   20.32     29.84    4.69    3.23     13.10   34.58   25.57     16.41   21.09   17.59      4.94   84.77   84.73   129.50   81.96   125.86   74.53 
 101    0.47   21.47     28.88    5.18    3.25     12.90   35.25   25.67     16.21   21.71   17.63      5.13   83.28   84.71   127.71   82.64   123.93   75.28 
 102    0.47   21.53     28.62    5.31    3.27     12.38   37.35   25.78     16.21   21.71   17.67      5.02   83.82   84.71   126.66   82.86   122.85   75.58 
 103    0.47   20.02     29.01    5.07    3.29     12.92   35.33   25.87     16.21   21.71   17.71      4.99   84.01   84.70   126.01   82.77   122.39   75.50 
 104    0.47   21.46     29.43    4.82    3.31     13.62   32.70   25.94     16.21   21.71   17.75      5.08   83.88   84.69   126.45   81.70   123.02   74.35 
 105    0.47   21.45     30.69    4.16    3.31     15.45   26.42   25.94     16.21   21.71   17.78      5.17   83.03   84.68   125.33   81.61   122.02   74.20 
 106    0.50   22.12     30.19    4.39    3.32     20.43   14.88   25.84     16.13   22.01   17.82      5.24   82.41   84.65   125.50   81.02   122.03   73.64 
 107    0.50   22.09     30.74    4.13    3.33     18.55   18.44   25.77     16.13   22.01   17.86      5.25   82.30   84.63   124.63   81.91   121.02   74.61 
 108    0.50   22.11     31.50    3.79    3.34     17.53   20.84   25.72     16.13   22.01   17.90      5.18   82.52   84.61   125.54   81.04   121.92   73.83 
 109    0.50   22.06     33.19    3.14    3.33     15.49   26.42   25.73     16.13   22.01   17.94      5.21   82.48   84.59   125.73   80.95   122.42   73.67 
 110    0.50   22.10     36.90    2.07    3.32     16.08   24.26   25.72     16.13   22.01   17.98      5.14   82.99   84.58   125.81   81.72   122.59   74.30 
 111    0.55   20.48     41.87    1.18    3.30     15.64   25.31   25.71     16.17   22.04   18.01      4.91   83.43   84.57   126.75   81.45   123.45   74.01 
 112    0.55   21.60     40.23    1.44    3.29     14.53   28.41   25.74     16.17   22.04   18.05      4.82   83.04   84.55   127.85   81.82   124.72   74.28 
 113    0.55   20.40     46.30    0.72    3.26     14.30   28.85   25.76     16.17   22.04   18.08      4.74   83.11   84.54   129.03   83.26   125.25   75.96 
 114    0.55   22.07     39.01    1.70    3.25     15.58   24.65   25.75     16.17   22.04   18.12      4.68   83.02   84.53   129.20   82.96   125.50   75.61 
 115    0.55   20.37     34.80    2.78    3.25     14.55   27.42   25.77     16.17   22.04   18.15      4.66   82.61   84.51   129.71   83.28   125.93   75.88 
 116    0.59   21.56     39.27    1.68    3.23     15.52   24.28   25.76     16.17   22.10   18.19      4.45   83.55   84.50   130.72   85.40   126.98   77.94 
 117    0.59   20.49     36.67    2.29    3.22     13.95   28.79   25.78     16.17   22.10   18.22      4.62   82.12   84.48   131.50   87.03   127.61   79.61 
 118    0.59   21.69     33.63    3.31    3.23     13.24   31.17   25.83     16.17   22.10   18.25      4.36   82.92   84.47   133.51   87.80   129.55   80.42 
 119    0.59   21.47     32.44    3.84    3.23     13.30   30.24   25.87     16.17   22.10   18.29      4.12   84.14   84.47   133.48   89.56   129.50   82.15 
 120    0.59   22.12     31.12    4.50    3.24     12.76   31.99   25.92     16.17   22.10   18.32      4.04   84.02   84.46   134.36   90.01   130.05   82.72 
 121    0.67   22.13     31.92    4.12    3.25     12.44   32.93   25.97     15.93   22.70   18.35      4.14   83.11   84.45   134.40   91.56   129.95   84.30 
 122    0.67   22.11     33.28    3.53    3.25     12.41   32.63   26.03     15.93   22.70   18.39      3.99   83.59   84.44   134.30   93.17   129.89   85.88 
 123    0.67   22.14     33.83    3.31    3.25     11.96   34.32   26.10     15.93   22.70   18.42      3.88   84.25   84.44   134.16   93.74   129.66   86.51 
 124    0.67   22.16     32.81    3.74    3.25     11.54   36.10   26.18     15.93   22.70   18.46      3.99   83.39   84.43   134.44   94.01   129.90   86.79 
 125    0.67   22.69     29.81    5.35    3.27     13.19   29.85   26.21     15.93   22.70   18.49      3.99   83.15   84.42   134.72   94.15   129.91   87.13 
 126    0.97   21.50     30.59    4.91    3.28     13.49   28.54   26.22     15.82   22.96   18.53      3.89   83.28   84.42   135.90   94.63   131.00   87.61 
 127    0.97   22.08     29.74    5.44    3.30     12.00   33.41   26.28     15.82   22.96   18.56      3.76   83.75   84.41   135.66   95.52   130.74   88.47 
 128    0.97   21.49     31.52    4.44    3.31     11.52   35.90   26.36     15.82   22.96   18.60      3.85   83.25   84.40   136.51   96.15   131.45   89.44 
 129    0.97   22.10     30.06    5.24    3.33     12.72   30.85   26.39     15.82   22.96   18.63      3.83   84.02   84.40   135.46   95.57   130.54   88.46 
 130    0.97   21.49     30.87    4.75    3.34     12.92   30.29   26.42     15.82   22.96   18.66      3.81   83.31   84.39   135.72   95.24   130.54   88.32 
 131    0.68   21.54     30.76    4.81    3.35     15.50   22.69   26.39     15.91   22.69   18.69      3.74   84.25   84.39   136.12   94.03   130.98   87.08 
 132    0.68   20.20     31.63    4.34    3.36     16.43   20.25   26.35     15.91   22.69   18.72      3.94   82.69   84.38   136.12   94.28   131.05   87.22 
 133    0.68   21.46     31.56    4.37    3.36     14.27   25.76   26.34     15.91   22.69   18.75      3.68   84.88   84.38   135.69   94.54   130.49   87.45 
 134    0.68   22.01     30.57    4.90    3.37     15.84   21.63   26.31     15.91   22.69   18.78      3.76   83.76   84.37   135.84   93.83   130.67   86.78 
 135    0.68   20.17     30.35    5.03    3.39     15.75   21.80   26.27     15.91   22.69   18.81      3.86   82.95   84.36   135.62   93.99   130.68   86.78 
 136    0.76   21.54     30.52    4.94    3.40     14.87   24.29   26.26     15.91   22.64   18.84      3.91   82.29   84.35   136.27   93.43   131.35   86.23 
 137    0.76   20.10     30.49    4.95    3.41     17.22   18.59   26.20     15.91   22.64   18.87      3.97   82.36   84.33   135.98   93.79   131.05   86.67 
 138    0.76   21.56     31.80    4.24    3.42     17.46   18.04   26.14     15.91   22.64   18.90      3.89   83.03   84.33   135.82   94.50   130.99   87.32 
 139    0.76   20.13     30.75    4.78    3.43     18.38   16.16   26.07     15.91   22.64   18.92      3.95   82.84   84.31   134.66   94.75   129.77   87.56 
 140    0.76   21.54     30.46    4.94    3.44     16.81   19.74   26.03     15.91   22.64   18.95      3.92   83.20   84.31   134.42   93.86   129.53   86.78 
 141    0.62   21.52     30.83    4.70    3.44     20.02   13.60   25.94     15.99   22.39   18.97      4.02   83.10   84.30   133.20   94.08   128.16   87.05 
 142    0.62   21.50     31.92    4.12    3.45     18.11   16.95   25.87     15.99   22.39   19.00      3.97   83.67   84.29   132.35   94.36   127.35   87.29 
 143    0.62   21.50     32.90    3.64    3.45     16.20   21.40   25.84     15.99   22.39   19.02      4.15   83.08   84.29   131.20   93.95   126.37   86.80 
 144    0.62   21.48     31.81    4.09    3.46     14.33   27.20   25.85     15.99   22.39   19.05      4.35   82.84   84.27   129.40   93.23   124.54   86.19 
 145    0.62   21.51     32.30    3.80    3.46     12.11   35.28   25.92     15.99   22.39   19.07      4.50   82.39   84.26   126.91   92.92   121.96   85.88 
 146    0.84   21.56     34.56    2.90    3.45     11.38   37.90   26.00     15.99   22.38   19.09      4.35   82.81   84.25   125.62   93.10   120.47   86.15 
 147    0.84   21.49     36.18    2.38    3.45     11.09   38.78   26.09     15.99   22.38   19.11      4.19   83.06   84.24   124.79   93.11   119.31   86.35 
 148    0.84   22.08     34.57    2.87    3.44     10.06   43.73   26.21     15.99   22.38   19.14      4.22   82.50   84.23   125.19   92.20   119.56   85.48 
 149    0.84   21.48     37.27    2.10    3.43     10.59   40.74   26.30     15.99   22.38   19.16      4.29   82.25   84.22   124.15   93.56   118.94   86.53 
 150    0.84   22.06     36.64    2.26    3.43     11.65   36.22   26.37     15.99   22.38   19.18      4.35   80.99   84.20   124.73   92.47   119.57   85.35 
 151    0.92   20.27     37.42    2.06    3.42     12.26   34.12   26.42     15.62   23.35   19.21      4.32   81.33   84.18   125.18   92.52   119.92   85.59 
 152    0.92   22.13     42.18    1.20    3.40     12.42   33.41   26.47     15.62   23.35   19.23      4.41   81.40   84.16   126.18   93.68   121.25   86.55 
 153    0.92   20.06     42.97    1.10    3.39     12.57   32.80   26.51     15.62   23.35   19.26      4.24   82.39   84.15   126.20   94.21   121.26   87.12 
 154    0.92   21.58     38.32    1.89    3.38     14.60   26.07   26.51     15.62   23.35   19.29      4.33   81.41   84.13   126.74   93.91   122.07   86.75 
 155    0.92   20.09     37.05    2.19    3.37     13.12   30.84   26.53     15.62   23.35   19.31      4.24   82.56   84.12   126.93   93.82   122.24   86.64 
 156    0.99   22.13     35.86    2.53    3.36     13.70   28.65   26.55     15.20   24.50   19.35      4.27   82.15   84.11   127.66   94.45   123.05   87.15 
 157    0.99   21.52     37.61    2.08    3.36     13.25   29.96   26.57     15.20   24.50   19.38      4.07   83.43   84.10   128.39   95.00   123.91   87.58 
 158    0.99   21.58     37.81    2.03    3.35     13.25   29.86   26.59     15.20   24.50   19.41      4.09   82.60   84.09   128.74   95.15   124.45   87.64 
 159    0.99   21.53     36.43    2.39    3.34     14.19   26.60   26.59     15.20   24.50   19.44      4.03   83.07   84.09   128.94   94.80   124.77   87.11 
 160    0.99   21.60     35.16    2.76    3.34     14.82   24.79   26.58     15.20   24.50   19.48      4.11   82.10   84.08   128.42   94.86   124.70   87.00 
 161    1.16   20.38     37.24    2.18    3.33     15.12   23.97   26.56     15.41   23.90   19.50      4.19   81.45   84.06   129.59   94.43   125.66   86.64 
 162    1.16   20.30     36.51    2.37    3.33     14.16   26.73   26.56     15.41   23.90   19.53      4.17   81.57   84.04   129.57   93.64   125.99   85.67 
 163    1.16   20.55     39.44    1.69    3.32     14.48   25.59   26.56     15.41   23.90   19.56      4.17   81.55   84.03   129.60   95.06   126.27   86.98 
 164    1.16   20.25     42.00    1.26    3.30     14.65   25.34   26.55     15.41   23.90   19.58      4.26   80.81   84.01   130.27   94.34   126.83   86.41 
 165    1.16   22.16     38.12    1.97    3.29     14.92   24.59   26.54     15.41   23.90   19.61      4.19   81.43   83.99   130.13   93.74   126.80   85.79 
 166    0.89   20.28     38.82    1.82    3.29     15.12   23.98   26.52     15.61   23.32   19.63      4.14   82.17   83.98   130.32   93.73   126.93   85.76 
 167    0.89   22.03     38.50    1.89    3.28     18.04   17.11   26.47     15.61   23.32   19.65      4.12   82.17   83.97   130.23   94.01   127.06   85.98 
 168    0.89   20.29     41.14    1.39    3.27     16.36   20.67   26.43     15.61   23.32   19.68      4.09   82.39   83.96   130.57   93.91   127.45   85.78 
 169    0.89   22.06     37.44    2.13    3.26     16.62   20.03   26.39     15.61   23.32   19.70      4.23   81.14   83.95   129.94   94.13   126.73   86.00 
 170    0.89   20.28     35.17    2.78    3.26     16.59   20.13   26.36     15.61   23.32   19.72      4.09   82.01   83.93   129.85   93.64   126.70   85.49 
 171    1.29   20.37     38.56    1.87    3.25     15.91   21.77   26.33     15.63   23.24   19.74      4.11   82.04   83.92   129.49   94.66   126.37   86.49 
 172    1.29   20.25     37.68    2.07    3.24     16.47   20.43   26.30     15.63   23.24   19.76      4.29   81.00   83.91   129.56   94.21   126.48   86.03 
 173    1.29   20.32     37.32    2.14    3.24     17.05   19.32   26.26     15.63   23.24   19.78      4.31   81.28   83.89   128.61   92.97   125.45   84.85 
 174    1.29   20.28     38.25    1.91    3.23     17.59   18.27   26.21     15.63   23.24   19.80      4.27   81.64   83.88   128.19   92.96   125.06   84.91 
 175    1.29   20.37     39.92    1.57    3.22     13.60   29.03   26.23     15.63   23.24   19.82      4.24   82.52   83.87   128.63   92.75   125.44   84.71 
 176    1.15   22.66     38.27    1.89    3.21     18.02   17.60   26.18     15.45   23.71   19.84      4.37   81.65   83.86   126.93   92.03   123.61   84.10 
 177    1.15   22.07     40.40    1.47    3.20     18.20   17.24   26.13     15.45   23.71   19.86      4.50   80.99   83.84   126.53   92.05   123.09   84.17 
 178    1.15   22.12     43.03    1.08    3.19     15.88   22.50   26.11     15.45   23.71   19.88      4.53   80.70   83.82   126.38   91.99   122.92   84.08 
 179    1.15   22.13     43.12    1.07    3.18     15.73   23.07   26.09     15.45   23.71   19.91      4.60   80.42   83.80   126.12   91.39   122.67   83.54 
 180    1.15   22.10     44.07    0.96    3.16     15.11   24.87   26.08     15.45   23.71   19.93      4.53   81.27   83.79   125.67   91.28   122.46   83.39 
 181    1.27   22.70     48.39    0.58    3.15     14.78   25.77   26.08     15.35   23.99   19.95      4.56   80.95   83.77   125.25   91.57   121.91   83.72 
 182    1.27   22.66     48.76    0.55    3.14     14.14   27.95   26.09     15.35   23.99   19.97      4.59   81.18   83.76   125.16   91.27   121.95   83.41 
 183    1.27   22.66     48.64    0.56    3.12     13.20   31.06   26.12     15.35   23.99   19.99      4.53   81.76   83.75   124.56   91.29   121.36   83.43 
 184    1.27   22.09     41.67    1.25    3.11     13.24   30.82   26.14     15.35   23.99   20.02      4.50   81.80   83.74   124.79   91.12   121.75   83.22 
 185    1.27   22.67     44.67    0.89    3.10     12.95   32.03   26.18     15.35   23.99   20.04      4.51   81.35   83.73   125.03   92.35   122.14   84.50 
 186    1.34   22.03     43.59    1.00    3.09     14.97   25.41   26.17     15.31   24.11   20.06      4.43   82.37   83.72   124.91   92.71   121.85   85.00 
 187    1.34   22.68     46.20    0.74    3.08     13.86   28.72   26.19     15.31   24.11   20.08      4.49   81.92   83.71   124.19   92.09   120.99   84.39 
 188    1.34   22.02     41.82    1.22    3.07     13.92   28.34   26.20     15.31   24.11   20.10      4.31   82.80   83.70   124.49   92.43   121.32   84.71 
 189    1.34   22.66     40.56    1.42    3.06     12.74   32.31   26.23     15.31   24.11   20.12      4.45   81.48   83.69   124.79   93.16   121.62   85.48 
 190    1.34   22.02     41.25    1.31    3.05     12.02   34.93   26.27     15.31   24.11   20.14      4.38   82.02   83.68   124.15   92.75   121.08   84.98 
 191    1.44   22.12     39.86    1.53    3.04     17.31   19.03   26.24     15.56   23.43   20.16      4.39   81.18   83.67   124.48   92.19   121.36   84.52 
 192    1.44   22.12     36.15    2.35    3.04     13.74   28.49   26.25     15.56   23.43   20.18      4.22   82.47   83.66   125.24   92.32   122.27   84.54 
 193    1.44   22.07     43.21    1.05    3.03     14.62   25.48   26.24     15.56   23.43   20.20      4.17   82.65   83.66   124.50   92.79   121.50   85.01 
 194    1.44   22.08     38.73    1.76    3.02     12.86   30.75   26.27     15.56   23.43   20.21      4.10   82.54   83.65   125.15   92.41   122.09   84.50 
 195    1.44   22.09     37.94    1.92    3.01     11.77   34.65   26.31     15.56   23.43   20.23      4.04   82.27   83.65   125.51   93.89   122.41   86.00 
 196    1.56   22.20     39.78    1.56    3.01     15.05   23.77   26.30     15.04   24.85   20.25      4.06   81.18   83.63   125.72   92.82   122.64   85.03 
 197    1.56   22.20     37.99    1.93    3.00     13.20   29.01   26.31     15.04   24.85   20.28      3.87   82.59   83.63   126.16   92.94   123.13   85.04 
 198    1.56   22.20     38.61    1.81    3.00     14.10   26.18   26.31     15.04   24.85   20.30      3.71   83.24   83.63   126.48   93.88   123.56   86.06 
 199    1.56   22.76     38.73    1.79    2.99     13.64   27.38   26.32     15.04   24.85   20.32      3.81   82.10   83.62   126.59   94.62   123.61   86.82 
 200    1.56   22.18     38.62    1.82    2.98     13.08   29.44   26.33     15.04   24.85   20.34      3.83   81.45   83.61   126.54   94.61   123.66   86.91 
 201    1.45   20.25     37.31    2.11    2.98     17.81   16.64   26.28     15.58   23.33   20.36      3.92   80.71   83.59   127.46   95.44   124.38   87.62 
 202    1.45   22.13     41.74    1.27    2.97     16.05   20.48   26.25     15.58   23.33   20.37      3.82   81.07   83.58   126.82   95.86   123.77   88.15 
 203    1.45   21.39     35.23    2.71    2.97     15.89   20.76   26.23     15.58   23.33   20.39      3.71   81.13   83.57   127.60   95.85   124.54   88.15 
 204    1.45   20.38     37.53    2.09    2.96     17.18   17.69   26.19     15.58   23.33   20.40      3.60   81.65   83.56   128.19   97.32   125.06   89.69 
 205    1.45   20.26     36.03    2.49    2.96     16.47   19.12   26.15     15.58   23.33   20.42      3.56   81.70   83.55   128.33   97.52   125.03   89.98 
 206    1.16   21.53     35.16    2.76    2.96     14.20   24.61   26.14     15.60   23.24   20.43      3.49   82.05   83.54   128.04   97.36   124.71   89.81 
 207    1.16   19.69     38.29    1.94    2.96     12.97   28.20   26.15     15.60   23.24   20.44      3.45   81.79   83.53   128.03   99.14   124.85   91.54 
 208    1.16   21.51     36.65    2.33    2.95     17.23   17.18   26.11     15.60   23.24   20.46      3.42   81.61   83.53   128.29   98.84   125.01   91.29 
 209    1.16   19.65     38.78    1.83    2.95     14.57   23.40   26.10     15.60   23.24   20.47      3.33   81.98   83.52   127.71   99.58   124.73   92.02 
 210    1.16   21.56     37.29    2.17    2.94     15.57   20.69   26.07     15.60   23.24   20.48      3.20   82.47   83.51   127.41   99.80   124.28   92.33 
 211    1.27   20.23     35.30    2.73    2.94     17.00   17.55   26.03     15.32   23.93   20.50      3.32   81.21   83.50   127.50   99.99   124.25   92.67 
 212    1.27   22.10     33.88    3.21    2.94     16.23   19.05   26.00     15.32   23.93   20.52      3.33   81.36   83.49   127.02  100.05   123.95   92.65 
 213    1.27   20.22     36.13    2.48    2.94     13.77   24.95   25.99     15.32   23.93   20.53      3.35   80.69   83.48   126.34  100.75   123.03   93.40 
 214    1.27   22.08     34.24    3.07    2.94     14.08   24.15   25.99     15.32   23.93   20.55      3.26   80.67   83.47   125.85  100.16   122.85   92.74 
 215    1.27   20.35     35.91    2.53    2.94     12.91   27.26   25.99     15.32   23.93   20.56      3.21   80.56   83.45   125.71  100.32   122.33   93.00 
 216    1.40   20.38     35.99    2.49    2.94     13.51   25.24   25.99     15.51   23.36   20.58      3.50   77.55   83.42   125.96  100.59   122.81   93.16 
 217    1.40   19.38     35.05    2.77    2.94     14.35   22.88   25.97     15.51   23.36   20.59      3.25   79.12   83.40   125.64   99.86   122.58   92.43 
 218    1.40   20.37     34.31    3.01    2.94     14.66   21.96   25.96     15.51   23.36   20.60      3.35   78.07   83.38   125.12   99.36   122.10   91.99 
 219    1.40   19.35     35.06    2.76    2.94     11.97   29.68   25.97     15.51   23.36   20.62      3.34   77.91   83.36   125.13   99.99   122.14   92.59 
 220    1.40   20.39     33.43    3.32    2.94     12.36   28.07   25.98     15.51   23.36   20.63      3.21   78.39   83.33   124.81   98.77   121.72   91.34 
 221    1.60   21.56     34.17    3.04    2.94     15.76   18.97   25.95     15.49   23.35   20.64      3.41   76.02   83.30   124.46   99.02   121.44   91.64 
 222    1.60   21.49     33.88    3.13    2.94     13.89   23.44   25.94     15.49   23.35   20.65      3.35   76.34   83.27   124.35   99.01   121.11   91.75 
 223    1.60   21.58     33.85    3.13    2.94     14.11   22.86   25.92     15.49   23.35   20.66      3.40   76.01   83.24   123.31   98.32   120.19   91.08 
 224    1.60   21.44     33.71    3.16    2.94     12.12   28.77   25.94     15.49   23.35   20.68      3.37   75.97   83.20   123.09   98.62   120.16   91.34 
 225    1.60   21.54     32.96    3.43    2.94     11.49   31.04   25.96     15.49   23.35   20.69      3.60   74.36   83.16   122.41   97.65   119.62   90.40 
 226    1.32   19.83     34.22    2.95    2.94     12.21   28.63   25.97     15.49   23.25   20.70      3.66   73.78   83.12   120.95   97.23   118.25   90.06 
 227    1.32   21.60     31.41    4.06    2.95     11.74   30.17   25.99     15.49   23.25   20.71      3.60   74.02   83.08   121.89   97.05   118.95   89.93 
 228    1.32   19.61     31.61    3.96    2.95     12.49   27.82   26.00     15.49   23.25   20.72      3.76   73.48   83.04   121.01   97.08   118.04   90.03 
 229    1.32   21.58     31.91    3.81    2.96     12.43   28.10   26.01     15.49   23.25   20.73      3.67   74.01   83.00   120.57   96.94   117.62   89.95 
 230    1.32   19.83     31.42    4.02    2.96     12.04   29.52   26.02     15.49   23.25   20.74      3.85   73.32   82.96   120.09   96.66   117.22   89.60 
 231    1.46   21.60     30.97    4.21    2.97     14.08   23.41   26.01     15.44   23.31   20.76      4.04   71.83   82.91   120.02   95.87   117.26   88.79 
 232    1.46   22.16     32.47    3.54    2.97     14.33   22.94   26.00     15.44   23.31   20.77      4.06   71.89   82.86   119.43   96.09   116.82   88.99 
 233    1.46   22.11     33.24    3.25    2.97     13.93   24.16   25.99     15.44   23.31   20.78      4.18   71.29   82.81   119.44   96.97   116.67   89.91 
 234    1.46   22.65     32.55    3.54    2.97     15.82   19.60   25.96     15.44   23.31   20.79      4.16   72.16   82.77   120.05   97.13   117.09   90.10 
 235    1.46   22.64     32.73    3.48    2.98     17.64   16.01   25.92     15.44   23.31   20.80      4.14   72.50   82.72   121.08   97.46   118.20   90.41 
 236    1.41   22.65     33.23    3.30    2.98     16.63   18.03   25.89     15.41   23.35   20.81      4.18   72.92   82.68   120.75   98.01   117.73   90.97 
 237    1.41   22.62     33.79    3.10    2.98     16.18   19.06   25.86     15.41   23.35   20.82      4.16   73.10   82.64   120.98   98.18   118.16   91.05 
 238    1.41   22.36     33.86    3.08    2.98     15.41   21.14   25.84     15.41   23.35   20.83      4.19   73.70   82.60   121.24   98.85   118.35   91.81 
 239    1.41   22.25     33.91    3.07    2.98     13.07   27.98   25.85     15.41   23.35   20.84      4.16   74.79   82.57   120.84  100.19   118.01   93.14 
 240    1.41   22.06     35.48    2.56    2.98     12.95   28.26   25.86     15.41   23.35   20.85      4.19   75.38   82.54   119.92  100.23   116.94   93.14 
 241    1.86   20.34     34.25    2.95    2.98     14.88   22.83   25.85     14.45   26.03   20.87      4.32   73.84   82.51   120.19  100.02   117.28   92.87 
 242    1.86   20.33     33.67    3.15    2.98     13.30   27.48   25.85     14.45   26.03   20.89      4.32   74.92   82.47   119.50   99.16   116.46   92.00 
 243    1.86   20.23     35.13    2.66    2.98     14.99   22.97   25.84     14.45   26.03   20.92      4.52   73.41   82.44   120.60   99.89   117.08   92.96 
 244    1.86   20.29     32.69    3.53    2.98     12.83   29.71   25.86     14.45   26.03   20.94      4.46   74.45   82.40   121.51   98.62   117.93   91.66 
 245    1.86   20.24     33.70    3.15    2.98     14.03   25.66   25.86     14.45   26.03   20.96      4.31   76.61   82.38   121.92   99.23   118.44   92.06 
 246    1.94   20.09     34.04    3.05    2.98     15.38   22.25   25.84     15.30   23.56   20.97      4.46   75.27   82.35   122.17   99.08   118.85   91.89 
 247    1.94   22.08     34.49    2.90    2.98     15.83   20.87   25.82     15.30   23.56   20.98      4.30   76.71   82.33   121.83   98.82   118.28   91.54 
 248    1.94   20.08     34.43    2.92    2.98     16.30   19.85   25.80     15.30   23.56   20.99      4.38   75.64   82.30   121.91   99.04   118.27   91.80 
 249    1.94   22.06     35.00    2.74    2.98     14.55   24.41   25.79     15.30   23.56   21.00      4.35   75.75   82.28   122.44  100.24   118.65   93.17 
 250    1.94   19.95     33.17    3.39    2.98     14.84   23.39   25.78     15.30   23.56   21.01      4.16   77.76   82.26   121.47   99.44   117.83   92.11 
 251    1.89   21.51     33.15    3.39    2.98     16.84   18.64   25.75     14.66   25.35   21.03      4.41   75.62   82.23   121.14   99.70   117.37   92.47 
 252    1.89   19.50     34.10    3.02    2.98     16.26   20.13   25.73     14.66   25.35   21.04      4.37   76.06   82.21   121.24   98.89   117.45   91.68 
 253    1.89   21.38     35.33    2.61    2.98     15.30   22.74   25.72     14.66   25.35   21.06      4.45   76.26   82.18   120.57   98.18   116.80   90.92 
 254    1.89   19.70     34.46    2.85    2.98     16.09   21.11   25.70     14.66   25.35   21.08      4.41   77.56   82.17   120.34   96.58   116.39   89.49 
 255    1.89   22.00     34.68    2.75    2.98     14.44   25.69   25.70     14.66   25.35   21.09      4.59   77.25   82.15   120.18   95.38   116.29   88.22 
 256    1.44   19.20     34.52    2.78    2.98     15.44   23.17   25.69     15.32   23.47   21.10      4.64   77.20   82.13   119.85   93.03   115.92   85.85 
 257    1.44   21.49     35.79    2.39    2.98     13.76   28.67   25.70     15.32   23.47   21.11      4.74   77.44   82.11   119.57   91.14   115.72   84.01 
 258    1.44   19.61     34.45    2.75    2.97     13.09   31.30   25.72     15.32   23.47   21.12      4.77   77.88   82.09   120.33   88.86   116.36   81.83 
 259    1.44   20.27     35.61    2.40    2.97     13.56   29.74   25.74     15.32   23.47   21.13      4.94   77.70   82.07   120.44   88.50   116.46   81.40 
 260    1.44   19.33     36.54    2.14    2.97     12.19   35.11   25.78     15.32   23.47   21.14      4.92   78.29   82.06   119.61   86.54   115.63   79.45 
 261    1.78   20.23     34.54    2.66    2.97     12.69   33.65   25.81     15.14   23.97   21.15      5.15   77.27   82.04   119.97   84.48   116.00   77.40 
 262    1.78   18.81     34.78    2.56    2.97     11.47   39.20   25.86     15.14   23.97   21.16      5.17   78.17   82.03   120.22   82.28   116.10   75.25 
 263    1.78   20.25     36.26    2.14    2.96     10.47   44.22   25.93     15.14   23.97   21.17      5.06   79.18   82.02   119.84   80.41   115.66   73.38 
 264    1.78   18.76     34.77    2.52    2.96      9.43   50.25   26.02     15.14   23.97   21.18      5.08   79.82   82.01   120.66   77.76   116.66   70.64 
 265    1.78   20.26     29.63    4.49    2.97      9.32   52.01   26.12     15.14   23.97   21.19      5.04   81.16   82.00   120.20   77.49   116.17   70.55 
 266    1.39   18.82     28.72    4.93    2.97     10.34   46.70   26.19     15.06   24.23   21.21      5.16   80.90   82.00   120.44   75.16   116.32   68.33 
 267    1.39   22.13     28.02    5.30    2.98      9.97   49.06   26.28     15.06   24.23   21.22      5.19   81.86   82.00   120.69   73.60   116.67   66.77 
 268    1.39   22.15     26.77    6.06    3.00      9.46   52.05   26.38     15.06   24.23   21.23      5.27   81.68   82.00   120.92   71.68   116.64   64.97 
 269    1.39   22.07     26.08    6.51    3.01      9.05   55.17   26.48     15.06   24.23   21.24      5.24   82.06   82.00   121.15   69.88   117.04   63.17 
 270    1.39   22.76     24.56    7.68    3.03      8.52   58.05   26.60     15.06   24.23   21.25      5.26   82.10   82.00   120.72   68.92   116.28   62.35 
 271    2.05   22.14     25.44    6.93    3.04     13.72   31.83   26.62     14.40   26.22   21.27      6.03   74.52   81.97   120.99   67.08   116.70   60.44 
 272    2.05   22.04     25.57    6.84    3.05     13.47   32.67   26.64     14.40   26.22   21.29      5.94   75.30   81.95   121.37   66.57   117.14   59.87 
 273    2.05   22.15     25.17    7.18    3.07     13.92   31.06   26.66     14.40   26.22   21.30      5.90   75.50   81.92   121.41   67.09   117.02   60.47 
 274    2.05   22.04     25.86    6.70    3.08     14.50   29.07   26.67     14.40   26.22   21.32      5.85   75.90   81.90   122.03   68.10   117.79   61.34 
 275    2.05   22.68     27.70    5.51    3.09     14.86   28.04   26.67     14.40   26.22   21.34      5.63   77.59   81.89   123.00   68.99   118.67   62.29 
 276    1.66   21.61     29.32    4.66    3.10     17.53   20.29   26.65     15.15   24.10   21.35      5.63   77.36   81.87   124.47   70.80   120.19   63.88 
 277    1.66   22.17     30.98    3.90    3.10     15.27   25.97   26.65     15.15   24.10   21.36      5.46   77.87   81.86   125.40   71.82   121.05   64.86 
 278    1.66   22.04     32.90    3.20    3.10     13.41   31.72   26.66     15.15   24.10   21.37      5.41   77.19   81.84   126.52   74.66   121.98   67.79 
 279    1.66   22.68     36.50    2.15    3.10     11.30   39.61   26.71     15.15   24.10   21.38      5.02   78.79   81.83   126.99   75.90   122.43   69.01 
 280    1.66   21.54     42.58    1.09    3.09     11.16   39.95   26.76     15.15   24.10   21.39      4.86   79.62   81.82   128.61   75.73   123.92   68.94 
 281    2.18   21.38     46.49    0.70    3.08     11.17   39.20   26.80     15.09   24.29   21.40      4.68   80.16   81.81   130.19   77.30   125.66   70.28 
 282    2.18   21.51     41.04    1.34    3.07     11.56   37.36   26.84     15.09   24.29   21.41      4.58   80.16   81.81   131.39   78.52   126.84   71.65 
 283    2.18   21.39     37.28    2.09    3.07     11.67   36.81   26.87     15.09   24.29   21.42      4.48   80.49   81.80   132.08   79.54   127.71   72.63 
 284    2.18   21.52     36.98    2.18    3.07     11.82   35.72   26.91     15.09   24.29   21.43      4.39   80.84   81.80   133.33   80.06   129.02   73.12 
 285    2.18   21.38     35.06    2.74    3.07     11.86   35.53   26.94     15.09   24.29   21.44      4.15   82.23   81.80   133.78   80.19   129.39   73.35 
 286    2.36   20.29     32.85    3.57    3.07     12.19   33.89   26.96     14.75   25.28   21.45      4.22   81.43   81.80   134.40   80.77   130.06   73.90 
 287    2.36   20.17     31.93    4.00    3.07     12.38   33.24   26.98     14.75   25.28   21.47      4.04   82.79   81.80   135.14   80.87   130.90   74.01 
 288    2.36   20.29     33.50    3.33    3.07     12.21   34.21   27.01     14.75   25.28   21.48      4.07   82.90   81.81   135.31   81.18   131.16   74.35 
 289    2.36   20.15     31.58    4.17    3.08     12.29   33.79   27.03     14.75   25.28   21.49      4.07   83.07   81.81   135.28   82.17   131.16   75.28 
 290    2.36   20.25     31.91    4.04    3.08     11.74   35.67   27.06     14.75   25.28   21.51      4.13   82.77   81.82   136.11   82.88   131.72   76.02 
 291    2.51   22.10     31.56    4.25    3.08     11.56   36.39   27.09     14.89   24.89   21.52      3.94   83.87   81.82   137.22   83.96   132.75   77.16 
 292    2.51   22.10     28.75    5.97    3.09     10.92   39.03   27.13     14.89   24.89   21.53      4.05   82.69   81.83   138.13   84.46   133.83   77.53 
 293    2.51   22.66     31.03    4.62    3.10     10.11   42.73   27.19     14.89   24.89   21.54      3.89   83.74   81.83   139.51   86.60   135.14   79.70 
 294    2.51   22.13     29.45    5.61    3.11      9.81   44.54   27.25     14.89   24.89   21.55      3.95   83.64   81.84   140.41   87.53   136.02   80.75 
 295    2.51   22.16     28.73    6.19    3.12      8.81   49.74   27.32     14.89   24.89   21.56      3.76   85.24   81.85   141.59   88.91   137.31   82.00 
 296    2.72   22.12     28.69    6.30    3.13      9.47   45.45   27.38     14.65   25.59   21.58      3.85   83.98   81.86   142.78   90.92   138.56   83.98 
 297    2.72   22.12     27.87    6.96    3.14      8.84   48.82   27.46     14.65   25.59   21.59      3.71   84.70   81.87   142.66   91.48   138.36   84.58 
 298    2.72   22.12     27.55    7.28    3.16      8.58   50.02   27.53     14.65   25.59   21.60      3.76   84.32   81.87   143.27   92.78   138.96   85.89 
 299    2.72   22.04     28.06    6.89    3.17      8.37   51.20   27.61     14.65   25.59   21.62      3.61   85.56   81.89   143.36   94.64   139.05   87.81 
 300    2.72   22.65     27.30    7.57    3.18      8.24   52.71   27.69     14.65   25.59   21.63      3.62   85.81   81.90   142.61   96.22   138.42   89.35 
 301    2.43   22.59     27.44    7.50    3.20      9.91   43.17   27.75     14.33   26.51   21.65      3.77   84.16   81.91   142.69   98.38   138.45   91.52 
 302    2.43   22.69     27.86    7.18    3.21      8.93   47.99   27.81     14.33   26.51   21.66      3.53   85.90   81.92   142.53  100.50   138.41   93.54 
 303    2.43   22.08     26.37    8.54    3.23      8.27   51.78   27.89     14.33   26.51   21.68      3.42   86.50   81.94   141.82  100.30   137.82   93.27 
 304    2.43   22.12     28.16    6.97    3.24      8.09   52.57   27.97     14.33   26.51   21.70      3.52   85.63   81.95   141.83  103.69   138.07   96.48 
 305    2.43   22.15     27.78    7.28    3.25      8.70   49.17   28.04     14.33   26.51   21.71      3.41   86.57   81.96   140.78  104.15   137.21   96.80 
 306    2.53   22.01     28.18    6.92    3.27     14.45   25.41   28.03     14.04   27.41   21.73      3.53   85.09   81.97   140.08  104.41   136.59   97.06 
 307    2.53   22.68     29.40    5.97    3.27     12.14   33.25   28.05     14.04   27.41   21.75      3.77   83.46   81.98   138.99  105.27   135.55   97.85 
 308    2.53   21.97     28.25    6.79    3.29     10.37   40.37   28.09     14.04   27.41   21.77      3.58   84.52   81.99   138.03  104.43   134.50   96.96 
 309    2.53   22.69     29.62    5.77    3.29     10.24   40.98   28.13     14.04   27.41   21.78      3.65   83.22   81.99   137.26  105.34   134.21   97.74 
 310    2.53   21.98     31.39    4.68    3.30      9.75   42.79   28.18     14.04   27.41   21.80      3.56   84.22   82.00   137.84  105.05   134.84   97.29 
 311    2.09   22.08     32.49    4.11    3.30     11.03   37.26   28.21     14.39   26.31   21.82      3.92   80.79   81.99   136.63  105.41   133.92   97.71 
 312    2.09   21.54     31.55    4.57    3.30     11.53   34.60   28.23     14.39   26.31   21.83      3.97   80.40   81.99   136.89  105.17   133.97   97.24 
 313    2.09   21.52     30.80    4.96    3.31     12.51   31.23   28.24     14.39   26.31   21.85      3.86   81.50   81.99   135.62  105.12   132.71   97.26 
 314    2.09   21.54     32.25    4.18    3.31     12.01   32.69   28.25     14.39   26.31   21.86      3.93   80.86   81.98   134.74  105.12   131.77   97.21 
 315    2.09   21.54     30.82    4.91    3.32     11.84   33.84   28.27     14.39   26.31   21.87      3.84   81.62   81.98   134.93  103.82   131.98   95.93 
 316    2.32   21.97     30.88    4.84    3.32     13.39   28.65   28.27     14.34   26.45   21.89      4.02   81.30   81.98   133.57  103.00   130.82   95.04 
 317    2.32   22.66     34.26    3.24    3.32     13.02   30.23   28.28     14.34   26.45   21.90      4.05   81.46   81.98   132.27  103.34   129.71   95.44 
 318    2.32   22.02     32.10    4.12    3.32     13.60   28.41   28.28     14.34   26.45   21.92      4.11   82.17   81.98   130.95  102.15   128.29   94.20 
 319    2.32   22.65     31.68    4.27    3.33     12.91   31.05   28.29     14.34   26.45   21.93      4.18   81.60   81.98   129.60  100.99   126.98   93.04 
 320    2.32   21.99     33.01    3.63    3.33     13.06   30.61   28.29     14.34   26.45   21.95      4.27   81.19   81.98   128.41  100.75   125.82   92.76 
 321    2.52   22.69     33.70    3.32    3.33     13.92   27.66   28.29     14.35   26.42   21.96      4.30   81.69   81.97   126.87  100.45   124.16   92.38 
 322    2.52   21.56     34.22    3.10    3.33     13.53   28.93   28.29     14.35   26.42   21.97      4.32   81.41   81.97   125.12  100.73   122.51   92.56 
 323    2.52   22.07     32.28    3.85    3.33     13.63   28.60   28.30     14.35   26.42   21.99      4.37   81.19   81.97   123.17   99.95   120.54   91.71 
 324    2.52   22.07     35.19    2.71    3.33     13.47   29.35   28.30     14.35   26.42   22.00      4.41   81.17   81.97   121.96   99.73   119.41   91.44 
 325    2.52   22.68     34.81    2.80    3.33     13.65   28.62   28.30     14.35   26.42   22.01      4.48   80.68   81.96   120.21   99.16   117.49   90.82 
 326    3.07   22.08     31.18    4.22    3.33     14.71   25.28   28.29     14.06   27.32   22.03      4.51   80.16   81.96   119.12   97.70   116.44   89.25 
 327    3.07   21.54     32.35    3.64    3.33     14.42   26.43   28.28     14.06   27.32   22.05      4.57   79.91   81.95   117.20   96.91   114.65   88.48 
 328    3.07   21.54     31.40    4.01    3.33     14.57   25.87   28.28     14.06   27.32   22.06      4.59   79.95   81.95   116.00   96.29   113.23   87.86 
 329    3.07   21.50     30.37    4.49    3.34     14.13   27.10   28.27     14.06   27.32   22.08      4.54   79.88   81.94   114.64   95.56   111.74   87.18 
 330    3.07   21.52     33.72    3.03    3.33     13.79   28.30   28.27     14.06   27.32   22.10      4.64   79.18   81.93   113.33   96.07   110.49   87.70 
 331    2.38   22.05     33.56    3.05    3.33     13.21   30.14   28.28     14.24   26.73   22.11      4.56   80.14   81.93   111.50   96.10   108.82   87.66 
 332    2.38   22.63     33.05    3.22    3.33     13.39   29.62   28.28     14.24   26.73   22.12      4.72   78.59   81.92   110.78   95.76   107.93   87.35 
 333    2.38   22.15     31.68    3.73    3.33     13.19   30.29   28.29     14.24   26.73   22.14      4.55   80.16   81.91   109.30   95.14   106.54   86.69 
 334    2.38   22.13     33.40    3.03    3.33     12.67   32.25   28.30     14.24   26.73   22.15      4.67   79.16   81.90   108.39   94.66   105.61   86.22 
 335    2.38   22.16     34.01    2.81    3.33     12.15   33.99   28.32     14.24   26.73   22.16      4.74   78.47   81.89   106.41   94.68   103.61   86.17 
 336    2.71   19.95     33.11    3.08    3.33     16.49   20.95   28.30     14.38   26.32   22.18      4.73   78.79   81.88   105.52   94.28   102.84   85.87 
 337    2.71   20.07     32.71    3.20    3.33     14.83   25.29   28.29     14.38   26.32   22.19      4.90   77.64   81.87   104.24   94.40   101.52   85.89 
 338    2.71   19.88     31.55    3.64    3.33     13.77   28.14   28.29     14.38   26.32   22.20      4.77   77.72   81.86   101.92   94.27    99.12   85.76 
 339    2.71   20.07     33.63    2.85    3.33     12.41   32.92   28.30     14.38   26.32   22.21      4.74   77.44   81.84   100.72   95.92    97.90   87.53 
 340    2.71   19.87     30.64    3.99    3.33     12.92   31.19   28.31     14.38   26.32   22.23      4.71   78.36   81.83    99.20   95.30    96.36   86.91 
 341    2.51   20.39     29.44    4.54    3.34     12.17   33.41   28.32     14.39   26.29   22.24      4.68   78.42   81.82    96.73   95.17    94.22   86.71 
 342    2.51   20.26     28.80    4.86    3.34     11.94   34.12   28.34     14.39   26.29   22.25      4.55   77.79   81.81    95.89   94.86    93.25   86.38 
 343    2.51   20.37     29.01    4.71    3.34     11.19   37.00   28.37     14.39   26.29   22.26      4.53   77.86   81.80    94.52   95.14    92.18   86.59 
 344    2.51   20.30     31.23    3.62    3.35     10.89   38.20   28.40     14.39   26.29   22.27      4.43   78.47   81.79    94.06   95.52    91.03   87.08 
 345    2.51   20.36     30.04    4.13    3.35     10.98   37.59   28.42     14.39   26.29   22.28      4.48   78.01   81.78    92.17   95.60    89.52   87.02 
 346    2.74   22.07     29.48    4.35    3.35     11.48   35.02   28.44     14.20   26.88   22.30      4.38   78.71   81.77    90.24   95.55    87.65   86.87 
 347    2.74   22.69     29.01    4.56    3.35     10.93   37.14   28.47     14.20   26.88   22.31      4.28   78.49   81.76    88.82   95.24    86.06   86.61 
 348    2.74   22.69     30.39    3.87    3.36     10.55   38.66   28.50     14.20   26.88   22.32      4.37   77.57   81.75    87.56   96.11    84.63   87.53 
 349    2.74   22.10     30.98    3.59    3.36      9.78   41.69   28.53     14.20   26.88   22.34      4.22   78.20   81.74    85.74   96.27    82.69   87.63 
 350    2.74   22.72     29.76    4.11    3.36      9.44   43.20   28.57     14.20   26.88   22.35      4.17   77.91   81.73    84.50   96.17    81.68   87.49 
 351    2.94   20.36     30.20    3.87    3.36     10.85   36.65   28.60     14.09   27.20   22.36      4.30   76.28   81.71    82.84   96.06    79.99   87.42 
 352    2.94   20.27     30.00    3.92    3.36     10.00   39.90   28.63     14.09   27.20   22.38      4.33   75.95   81.70    81.01   96.38    78.27   87.64 
 353    2.94   20.10     30.65    3.62    3.36      9.37   42.96   28.67     14.09   27.20   22.39      4.32   76.06   81.68    79.65   96.72    77.01   88.05 
 354    2.94   20.20     28.23    4.70    3.37      9.12   43.85   28.71     14.09   27.20   22.40      4.26   75.69   81.66    78.15   96.58    75.30   87.83 
 355    2.94   20.12     28.55    4.52    3.37      8.77   45.12   28.76     14.09   27.20   22.42      4.27   75.19   81.65    76.49   96.53    73.84   87.73 
 356    2.66   19.74     29.03    4.23    3.37     13.59   25.50   28.75     14.03   27.34   22.43      4.19   74.69   81.63    74.71   96.03    72.33   87.20 
 357    2.66   19.47     28.82    4.30    3.37     14.26   23.91   28.74     14.03   27.34   22.45      4.20   74.08   81.61    74.51   95.54    72.26   86.66 
 358    2.66   22.06     29.27    4.07    3.38     13.37   26.65   28.73     14.03   27.34   22.46      4.24   74.94   81.59    73.80   95.34    71.21   86.50 
 359    2.66   19.49     30.52    3.47    3.38     12.30   30.28   28.74     14.03   27.34   22.47      4.29   74.29   81.57    72.85   95.20    70.39   86.55 
 360    2.66   22.11     28.56    4.31    3.38     11.97   31.45   28.74     14.03   27.34   22.49      4.24   74.26   81.55    72.36   93.98    69.86   85.38 
 361    2.81   22.02     29.68    3.79    3.38     16.47   18.37   28.71     13.92   27.65   22.50      4.50   71.78   81.52    72.08   94.59    69.86   85.60 
 362    2.81   21.55     28.34    4.41    3.38     15.97   19.50   28.69     13.92   27.65   22.52      4.53   71.16   81.49    71.96   93.74    69.75   84.80 
 363    2.81   21.46     28.72    4.23    3.39     16.83   18.03   28.66     13.92   27.65   22.53      4.48   71.39   81.46    72.86   93.93    70.60   85.00 
 364    2.81   21.54     30.24    3.54    3.39     16.56   19.10   28.63     13.92   27.65   22.54      4.61   71.94   81.44    73.91   92.83    71.62   84.01 
 365    2.81   21.48     28.49    4.35    3.39     14.14   25.69   28.63     13.92   27.65   22.56      4.70   73.06   81.41    75.19   91.41    72.87   82.50 
 366    3.47   22.04     30.93    3.30    3.39      9.01   47.47   28.68     13.10   30.35   22.58      4.58   74.56   81.39    78.00   91.65    75.72   82.71 
 367    3.47   22.69     31.13    3.23    3.39      9.24   46.35   28.72     13.10   30.35   22.60      4.67   74.83   81.38    79.44   90.50    77.08   81.50 
 368    3.47   22.00     30.68    3.38    3.39      9.41   45.41   28.77     13.10   30.35   22.62      4.73   74.46   81.36    80.70   88.87    78.43   79.89 
 369    3.47   22.74     32.42    2.77    3.39      9.86   43.15   28.81     13.10   30.35   22.64      4.79   74.40   81.34    82.22   88.51    79.83   79.37 
 370    3.47   22.05     33.69    2.41    3.38      9.79   43.93   28.85     13.10   30.35   22.66      4.93   74.54   81.32    83.05   87.13    80.79   77.90 
 371    3.11   20.09     33.85    2.35    3.38     16.87   19.74   28.83     13.77   28.10   22.68      5.12   73.54   81.30    84.28   85.82    81.95   76.63 
 372    3.11   20.16     33.98    2.31    3.38     14.41   26.53   28.82     13.77   28.10   22.69      5.11   74.10   81.28    85.61   84.56    83.40   75.39 
 373    3.11   20.10     33.45    2.42    3.37     13.82   28.85   28.82     13.77   28.10   22.71      5.12   75.06   81.26    86.60   81.42    84.60   72.29 
 374    3.11   20.15     34.32    2.18    3.37     13.24   31.12   28.83     13.77   28.10   22.72      5.12   76.19   81.25    87.51   79.48    85.19   70.40 
 375    3.11   20.11     34.36    2.16    3.37     11.93   36.72   28.85     13.77   28.10   22.73      5.27   75.69   81.24    88.70   77.46    86.28   68.46 
 376    2.78   20.15     33.52    2.39    3.37      9.80   47.25   28.90     14.02   27.32   22.75      5.52   74.54   81.22    89.80   77.03    87.51   68.05 
 377    2.78   20.06     31.35    3.07    3.37     10.05   46.87   28.94     14.02   27.32   22.76      5.56   74.86   81.20    92.62   75.41    90.36   66.40 
 378    2.78   20.15     33.17    2.49    3.36     10.81   43.66   28.98     14.02   27.32   22.77      5.55   76.47   81.19    93.94   73.36    91.85   64.42 
 379    2.78   20.06     32.31    2.77    3.36     11.32   41.77   29.02     14.02   27.32   22.78      5.73   76.15   81.18    95.97   72.31    93.79   63.39 
 380    2.78   20.15     32.24    2.81    3.36     11.44   41.68   29.05     14.02   27.32   22.80      5.61   78.45   81.17    97.72   70.90    95.45   61.98 
 381    3.11   19.32     33.51    2.47    3.36     12.07   39.17   29.08     13.61   28.68   22.81      5.89   76.87   81.16    99.42   71.08    97.20   62.11 
 382    3.11   22.08     36.00    1.88    3.35     12.84   36.08   29.09     13.61   28.68   22.83      5.86   77.89   81.15   101.70   68.95    99.58   59.96 
 383    3.11   19.32     35.88    1.93    3.35     12.63   37.34   29.12     13.61   28.68   22.84      5.86   78.11   81.14   104.23   68.71   102.21   59.74 
 384    3.11   22.11     38.14    1.50    3.35     13.14   35.70   29.13     13.61   28.68   22.86      5.90   78.31   81.13   106.29   67.10   104.23   58.33 
 385    3.11   19.33     37.89    1.57    3.34     12.89   36.50   29.15     13.61   28.68   22.87      5.84   79.38   81.13   107.91   67.94   105.85   59.18 
 386    3.22   22.10     39.20    1.37    3.34     13.24   35.07   29.17     13.74   28.30   22.89      5.78   79.25   81.12   109.73   67.35   107.65   58.69 
 387    3.22   19.05     42.10    1.00    3.33     13.85   32.47   29.18     13.74   28.30   22.90      5.85   78.25   81.12   112.02   67.14   110.00   58.51 
 388    3.22   22.07     41.62    1.07    3.32     13.47   33.70   29.19     13.74   28.30   22.91      5.70   79.26   81.11   113.58   68.27   111.69   59.65 
 389    3.22   19.04     44.68    0.77    3.32     13.12   35.02   29.20     13.74   28.30   22.93      5.56   79.70   81.11   115.77   68.85   113.86   60.31 
 390    3.22   22.08     39.40    1.43    3.31     11.86   39.72   29.23     13.74   28.30   22.94      5.53   79.47   81.10   118.47   69.18   116.59   60.54 
 391    3.25   22.68     38.65    1.59    3.31     11.16   42.20   29.26     13.69   28.52   22.96      5.30   80.66   81.10   119.42   72.31   117.75   63.54 
 392    3.25   22.14     39.14    1.52    3.30     11.19   41.53   29.29     13.69   28.52   22.97      5.21   80.05   81.10   120.48   71.77   119.04   62.95 
 393    3.25   22.69     40.17    1.37    3.30     10.44   44.68   29.33     13.69   28.52   22.98      5.09   80.06   81.10   121.64   73.65   120.04   64.80 
 394    3.25   22.14     39.54    1.49    3.29     10.92   41.86   29.36     13.69   28.52   23.00      4.97   80.24   81.09   122.60   74.39   120.66   65.63 
 395    3.25   22.12     39.84    1.46    3.29     10.13   45.31   29.41     13.69   28.52   23.01      4.83   80.71   81.09   124.83   75.25   122.65   66.51 
 396    3.55   20.27     39.34    1.56    3.28     12.57   33.94   29.42     13.71   28.51   23.03      4.98   79.00   81.09   124.71   77.50   122.49   68.76 
 397    3.55   20.39     45.57    0.77    3.28     13.47   30.53   29.42     13.71   28.51   23.04      4.86   79.29   81.08   125.67   80.05   123.50   71.37 
 398    3.55   20.34     45.96    0.75    3.27     14.24   27.83   29.42     13.71   28.51   23.05      4.85   78.89   81.08   126.73   82.03   124.41   73.47 
 399    3.55   20.35     37.66    1.96    3.27     14.81   25.85   29.41     13.71   28.51   23.07      4.72   80.19   81.08   126.47   83.38   123.97   74.81 
 400    3.55   20.30     42.72    1.10    3.26     15.63   23.45   29.39     13.71   28.51   23.08      4.66   80.40   81.07   126.92   85.03   124.40   76.53 
 401    3.23   22.00     40.70    1.41    3.26     14.57   26.36   29.38     13.88   27.96   23.09      4.65   80.12   81.07   126.91   88.64   124.40   80.19 
 402    3.23   22.11     35.39    2.63    3.26     17.29   19.31   29.36     13.88   27.96   23.10      4.59   80.46   81.07   127.35   89.65   124.64   81.29 
 403    3.23   22.21     38.39    1.87    3.25     17.72   18.08   29.33     13.88   27.96   23.12      4.51   80.64   81.07   127.52   92.36   124.91   83.90 
 404    3.23   22.37     35.02    2.79    3.25     16.66   20.40   29.31     13.88   27.96   23.13      4.46   80.11   81.07   127.72   93.86   124.91   85.54 
 405    3.23   22.02     39.10    1.76    3.25     14.50   25.74   29.30     13.88   27.96   23.14      4.32   81.04   81.07   127.36   97.99   124.55   89.61 
 406    3.98   22.69     39.67    1.66    3.24     17.67   17.79   29.27     13.82   28.15   23.15      4.37   79.46   81.06   127.92   99.63   125.22   91.31 
 407    3.98   22.23     38.02    2.03    3.24     14.45   25.71   29.26     13.82   28.15   23.17      4.27   80.08   81.06   127.82  101.82   125.27   93.55 
 408    3.98   22.69     35.69    2.68    3.24     16.03   21.41   29.24     13.82   28.15   23.18      4.35   79.14   81.06   128.58  102.99   126.05   94.79 
 409    3.98   22.24     36.43    2.49    3.24     14.58   25.06   29.23     13.82   28.15   23.19      4.20   80.52   81.05   128.57  105.60   126.11   97.36 
 410    3.98   22.18     35.23    2.88    3.24     13.07   30.08   29.24     13.82   28.15   23.20      4.10   80.93   81.05   129.68  107.38   127.17   99.23 
 411    3.99   22.01     36.29    2.59    3.24     13.00   29.68   29.24     13.60   28.86   23.22      4.08   80.50   81.05   129.37  110.47   127.03  102.14 
 412    3.99   22.08     33.66    3.56    3.24     12.12   32.82   29.25     13.60   28.86   23.23      4.14   79.27   81.05   129.79  113.02   127.27  104.91 
 413    3.99   21.59     34.28    3.34    3.24     12.50   31.24   29.25     13.60   28.86   23.24      3.98   80.44   81.05   129.64  115.52   127.08  107.44 
 414    3.99   22.06     32.97    3.95    3.24     11.95   32.81   29.26     13.60   28.86   23.26      3.89   80.36   81.05   129.58  119.00   127.26  110.90 
 415    3.99   22.06     32.40    4.26    3.24     11.85   33.17   29.27     13.60   28.86   23.27      3.78   80.81   81.05   130.30  120.62   127.81  112.58 
 416    3.52   22.15     32.93    4.05    3.24     11.10   35.36   29.28     13.83   28.10   23.28      3.69   81.41   81.05   129.62  124.27   127.07  116.21 
 417    3.52   21.63     32.24    4.43    3.25     11.12   35.02   29.30     13.83   28.10   23.29      3.62   81.52   81.05   129.82  126.20   127.04  118.06 
 418    3.52   22.14     31.85    4.68    3.25     10.34   37.96   29.32     13.83   28.10   23.30      3.60   80.17   81.04   129.85  129.03   127.03  120.88 
 419    3.52   22.13     31.19    5.10    3.25     10.11   39.01   29.34     13.83   28.10   23.32      3.51   80.56   81.04   129.53  131.18   126.78  123.16 
 420    3.52   22.15     31.30    5.09    3.26      9.77   40.25   29.37     13.83   28.10   23.33      3.31   82.50   81.05   129.96  133.48   127.27  125.34 
 421    3.94   22.14     32.46    4.46    3.26     11.77   31.43   29.37     13.72   28.42   23.34      3.33   81.28   81.05   128.66  136.37   125.71  128.25 
 422    3.94   22.14     30.75    5.49    3.27     12.33   29.19   29.37     13.72   28.42   23.35      3.38   79.82   81.04   129.04  138.04   126.04  129.95 
 423    3.94   22.18     30.97    5.38    3.27     11.77   30.86   29.37     13.72   28.42   23.36      3.21   80.73   81.04   128.24  140.57   125.17  132.52 
 424    3.94   22.10     31.14    5.33    3.28     11.30   32.24   29.38     13.72   28.42   23.38      3.17   80.63   81.04   128.08  143.00   125.07  134.89 
 425    3.94   22.17     31.27    5.29    3.28     10.08   37.04   29.40     13.72   28.42   23.39      2.92   82.63   81.05   127.09  145.58   123.99  137.51 
 426    3.53   21.57     29.80    6.35    3.29     10.76   33.84   29.41     13.68   28.50   23.40      3.03   81.09   81.05   127.04  147.96   123.81  139.79 
 427    3.53   21.59     31.20    5.44    3.29      9.72   37.88   29.43     13.68   28.50   23.41      2.71   82.98   81.05   126.61  151.01   123.44  142.85 
 428    3.53   21.63     29.29    6.85    3.30      9.52   38.55   29.45     13.68   28.50   23.42      2.74   82.44   81.05   126.47  152.57   123.45  144.30 
 429    3.53   22.11     29.14    7.04    3.31      8.45   44.41   29.49     13.68   28.50   23.44      2.70   82.11   81.06   126.74  155.46   123.79  147.24 
 430    3.53   21.64     27.95    8.14    3.32      8.11   45.30   29.52     13.68   28.50   23.45      2.60   83.28   81.06   125.85  156.49   122.64  148.24 
 431    4.04   21.58     29.28    7.04    3.33      8.99   40.77   29.55     13.58   28.79   23.46      2.71   80.97   81.06   125.52  159.90   122.06  151.77 
 432    4.04   22.69     29.31    7.08    3.34      8.68   41.93   29.58     13.58   28.79   23.47      2.65   80.72   81.06   125.40  162.10   122.07  153.91 
 433    4.04   22.05     27.70    8.59    3.35      8.11   44.10   29.61     13.58   28.79   23.48      2.48   82.07   81.06   124.77  163.14   121.33  154.94 
 434    4.04   22.17     27.76    8.60    3.36      7.85   45.17   29.65     13.58   28.79   23.50      2.35   81.86   81.07   124.56  165.27   121.16  157.05 
 435    4.04   22.09     27.90    8.52    3.37      7.57   46.49   29.69     13.58   28.79   23.51      2.27   82.35   81.07   124.37  167.72   120.97  159.60 
 436    4.97   22.74     28.30    8.17    3.39      8.51   41.06   29.71     13.59   28.72   23.52      2.30   81.35   81.07   123.45  169.75   119.83  161.63 
 437    4.97   22.66     27.91    8.61    3.40      7.99   43.29   29.74     13.59   28.72   23.53      2.16   81.71   81.07   122.85  171.69   119.24  163.70 
 438    4.97   22.72     28.31    8.24    3.41      7.59   44.85   29.78     13.59   28.72   23.54      2.13   81.50   81.07   122.31  173.05   118.54  164.99 
 439    4.97   22.70     28.92    7.69    3.42      7.28   46.22   29.81     13.59   28.72   23.56      2.05   81.92   81.07   121.93  174.43   118.01  166.38 
 440    4.97   22.69     28.69    7.94    3.43      6.63   49.45   29.86     13.59   28.72   23.57      2.03   81.49   81.07   121.60  175.92   117.75  167.96 
 441    4.38   22.00     28.59    8.03    3.44     10.89   29.95   29.86     13.45   29.11   23.58      2.33   78.82   81.07   120.38  176.58   116.64  168.58 
 442    4.38   22.69     28.70    7.99    3.45     10.14   32.41   29.87     13.45   29.11   23.59      2.21   78.99   81.06   120.13  178.75   115.89  170.92 
 443    4.38   22.09     28.52    8.18    3.46     10.19   31.90   29.87     13.45   29.11   23.61      2.06   79.89   81.06   119.39  179.69   115.16  171.73 
 444    4.38   22.67     28.99    7.76    3.47      9.86   32.92   29.88     13.45   29.11   23.62      2.15   78.85   81.06   118.61  180.91   114.39  172.89 
 445    4.38   22.09     29.15    7.65    3.48      8.90   36.59   29.89     13.45   29.11   23.63      2.10   78.85   81.05   118.35  182.97   114.24  174.93 
 446    4.49   22.16     28.52    8.26    3.49      7.16   44.37   29.92     13.21   29.87   23.64      2.15   78.48   81.05   117.28  183.77   113.09  175.72 
 447    4.49   22.11     28.02    8.79    3.50      6.64   46.43   29.96     13.21   29.87   23.66      2.12   78.17   81.04   115.93  185.59   111.85  177.53 
 448    4.49   22.15     28.63    8.15    3.51      6.30   48.09   30.00     13.21   29.87   23.67      2.13   77.90   81.03   114.01  185.57   109.92  177.46 
 449    4.49   22.11     28.77    8.01    3.52      6.16   48.71   30.04     13.21   29.87   23.69      2.10   77.87   81.03   112.83  185.83   108.74  177.64 
 450    4.49   22.15     29.10    7.69    3.53      6.26   48.27   30.08     13.21   29.87   23.70      2.19   76.77   81.02   112.70  186.05   108.41  177.96 
 451    4.16   22.13     28.32    8.41    3.54      6.89   44.92   30.12     13.20   29.81   23.71      2.53   74.08   81.00   111.15  185.49   106.99  177.36 
 452    4.16   21.57     29.42    7.40    3.55      6.85   45.24   30.15     13.20   29.81   23.73      2.39   75.11   80.99   111.18  186.61   107.10  178.42 
 453    4.16   21.65     28.98    7.77    3.56      6.58   46.67   30.19     13.20   29.81   23.74      2.44   74.78   80.97   109.93  186.41   105.70  178.24 
 454    4.16   21.59     28.49    8.27    3.57      6.57   46.42   30.22     13.20   29.81   23.75      2.38   74.78   80.96   108.96  187.93   104.80  179.63 
 455    4.16   22.14     27.95    8.80    3.58      6.43   47.01   30.26     13.20   29.81   23.77      2.28   75.61   80.95   108.07  188.55   103.95  180.17 
 456    4.52   22.72     28.38    8.31    3.59      6.10   49.37   30.30     12.66   31.63   23.78      2.66   71.70   80.93   107.61  187.49   103.42  179.16 
 457    4.52   22.73     27.42    9.26    3.61      6.33   48.28   30.34     12.66   31.63   23.80      2.68   71.95   80.91   106.11  186.04   102.35  177.60 
 458    4.52   22.13     27.78    8.75    3.62      6.76   46.27   30.38     12.66   31.63   23.82      2.64   72.07   80.89   105.78  183.32   101.79  174.91 
 459    4.52   22.73     27.35    9.06    3.63      6.91   45.52   30.41     12.66   31.63   23.84      2.68   71.84   80.87   105.53  180.19   101.60  171.66 
 460    4.52   22.71     27.59    8.70    3.64      6.95   45.11   30.44     12.66   31.63   23.85      2.72   72.07   80.85   105.09  177.47   101.46  168.83 
 461    5.14   22.18     28.25    7.95    3.65     10.68   29.31   30.44     13.04   30.21   23.87      3.06   68.89   80.82   104.85  174.95   101.53  166.17 
 462    5.14   22.16     27.66    8.39    3.66      9.42   33.77   30.44     13.04   30.21   23.88      3.18   68.46   80.80   104.71  171.11   101.36  162.34 
 463    5.14   22.15     27.64    8.25    3.67      8.29   38.84   30.46     13.04   30.21   23.89      3.14   69.31   80.77   105.17  167.11   102.15  158.36 
 464    5.14   22.16     27.49    8.24    3.68      6.89   45.58   30.50     13.04   30.21   23.91      3.05   71.05   80.75   105.81  162.92   102.77  154.10 
 465    5.14   22.10     27.58    7.97    3.69      6.19   48.40   30.53     13.04   30.21   23.92      2.77   72.31   80.73   104.94  157.75   102.02  148.83 
 466    4.57   22.16     27.35    8.06    3.70      6.89   43.94   30.56     12.93   30.52   23.93      3.14   69.24   80.71   104.74  153.69   101.71  144.84 
 467    4.57   22.17     27.93    7.43    3.71      6.41   45.81   30.60     12.93   30.52   23.95      2.80   70.53   80.69   105.35  150.83   102.12  141.99 
 468    4.57   22.16     28.04    7.23    3.71      6.48   45.22   30.63     12.93   30.52   23.96      2.79   70.39   80.67   105.77  146.93   102.51  138.02 
 469    4.57   22.16     28.73    6.60    3.72      6.61   44.57   30.66     12.93   30.52   23.98      2.78   70.41   80.64   106.17  144.35   102.85  135.51 
 470    4.57   22.75     27.15    7.81    3.73      6.95   43.97   30.68     12.93   30.52   23.99      2.71   70.85   80.62   107.57  140.21   104.14  131.42 
 471    6.29   22.14     28.08    6.93    3.73      7.55   40.47   30.71     12.96   30.35   24.00      2.89   69.55   80.60   107.78  137.12   104.55  128.28 
 472    6.29   22.74     27.98    6.93    3.74      7.68   39.91   30.73     12.96   30.35   24.02      2.87   69.05   80.57   109.15  133.41   105.70  124.62 
 473    6.29   21.63     30.40    5.19    3.74      7.68   40.60   30.75     12.96   30.35   24.03      2.83   69.30   80.55   111.45  131.31   107.86  122.60 
 474    6.29   22.19     28.58    6.39    3.75      7.55   41.19   30.77     12.96   30.35   24.04      2.94   68.42   80.53   112.57  128.53   109.35  119.74 
 475    6.29   22.14     29.73    5.60    3.75      8.05   38.60   30.78     12.96   30.35   24.06      2.90   68.56   80.50   113.50  128.22   109.77  119.46 
 476    5.13   22.14     29.29    5.90    3.76      9.21   34.16   30.79     12.90   30.47   24.07      3.10   67.66   80.47   114.81  127.03   111.17  118.23 
 477    5.13   22.16     29.61    5.69    3.76      9.17   34.74   30.80     12.90   30.47   24.08      3.23   68.10   80.45   116.09  126.13   112.35  117.32 
 478    5.13   22.19     29.91    5.48    3.77      8.99   36.32   30.81     12.90   30.47   24.10      3.28   68.98   80.42   117.99  123.88   114.21  115.18 
 479    5.13   22.13     30.67    4.98    3.77      8.60   38.57   30.83     12.90   30.47   24.11      3.25   69.98   80.40   119.91  121.53   116.01  112.85 
 480    5.13   22.21     31.21    4.71    3.77      8.55   39.06   30.84     12.90   30.47   24.12      3.26   70.74   80.38   121.34  121.40   117.25  112.85 
 481    5.50   22.09     28.82    6.24    3.78      8.31   41.28   30.87     12.61   31.44   24.14      3.32   71.41   80.36   123.24  119.30   119.08  110.71 
 482    5.50   22.06     31.41    4.66    3.78      8.51   40.31   30.89     12.61   31.44   24.15      3.24   72.80   80.35   124.65  120.53   120.60  111.89 
 483    5.50   21.62     31.77    4.51    3.78      9.34   36.95   30.90     12.61   31.44   24.17      3.27   73.39   80.33   127.62  120.66   123.71  111.85 
 484    5.50   21.55     31.52    4.70    3.78      9.57   36.30   30.91     12.61   31.44   24.18      3.37   72.72   80.32   129.25  121.49   125.27  112.85 
 485    5.50   21.62     31.60    4.70    3.78      9.49   36.75   30.92     12.61   31.44   24.20      3.36   73.40   80.30   130.83  121.76   126.98  113.05 
 486    5.45   22.68     29.42    6.12    3.79     11.79   28.37   30.92     12.76   30.84   24.21      3.20   75.01   80.29   132.34  121.39   128.46  112.77 
 487    5.45   21.67     30.61    5.33    3.79     12.22   27.13   30.91     12.76   30.84   24.23      3.34   74.22   80.28   134.53  120.95   130.65  112.34 
 488    5.45   22.14     31.10    5.05    3.79     11.89   28.30   30.90     12.76   30.84   24.24      3.29   75.01   80.27   135.55  120.47   131.76  111.85 
 489    5.45   22.16     31.96    4.60    3.79     11.24   30.56   30.90     12.76   30.84   24.25      3.27   75.41   80.26   137.40  120.11   133.64  111.50 
 490    5.45   22.18     32.50    4.33    3.80     11.46   30.08   30.90     12.76   30.84   24.27      3.25   76.03   80.25   138.83  119.73   134.93  111.20 
 491    5.61   21.62     31.26    5.04    3.80     10.90   32.35   30.90     12.62   31.28   24.28      3.26   76.16   80.24   139.74  119.54   135.96  111.01 
 492    5.61   21.60     31.04    5.21    3.80     10.80   32.98   30.91     12.62   31.28   24.30      3.16   77.40   80.24   141.78  118.97   137.90  110.54 
 493    5.61   21.62     31.19    5.15    3.80     10.50   34.52   30.92     12.62   31.28   24.31      3.25   76.79   80.23   143.65  118.39   139.76  110.10 
 494    5.61   21.61     30.87    5.37    3.81      9.89   37.30   30.93     12.62   31.28   24.32      3.26   77.28   80.22   146.14  117.04   142.48  108.67 
 495    5.61   21.63     30.53    5.63    3.81      9.28   39.81   30.95     12.62   31.28   24.34      3.26   77.18   80.22   147.29  116.62   143.52  108.28 
 496    5.99   22.17     30.87    5.44    3.81     11.47   30.70   30.95     12.74   30.81   24.35      3.17   77.95   80.21   150.06  116.21   146.16  107.85 
 497    5.99   22.21     31.57    5.06    3.82     11.13   32.23   30.95     12.74   30.81   24.36      3.15   78.11   80.21   152.26  116.02   148.18  107.82 
 498    5.99   22.71     32.06    4.80    3.82     11.29   31.60   30.95     12.74   30.81   24.38      3.13   78.42   80.20   153.47  115.61   149.35  107.45 
 499    5.99   22.20     30.50    5.80    3.82     10.48   34.59   30.96     12.74   30.81   24.39      3.22   78.02   80.20   155.10  114.82   151.18  106.52 
 500    5.99   22.14     32.43    4.67    3.82     11.03   32.74   30.96     12.74   30.81   24.40      3.17   78.53   80.20   158.54  114.84   154.68  106.55 
 501    5.88   21.52     30.92    5.62    3.83     10.13   36.63   30.97     12.81   30.54   24.42      3.24   78.26   80.19   160.77  113.85   156.99  105.63 
 502    5.88   21.58     32.01    5.02    3.83      9.59   38.58   30.99     12.81   30.54   24.43      3.21   78.51   80.19   164.08  114.42   160.12  106.18 
 503    5.88   21.52     30.83    5.82    3.83      9.16   40.58   31.01     12.81   30.54   24.44      3.11   78.97   80.19   165.48  114.14   161.42  106.02 
 504    5.88   21.58     32.13    5.06    3.84      9.00   41.21   31.03     12.81   30.54   24.45      3.21   78.32   80.18   168.16  114.88   164.19  106.74 
 505    5.88   20.42     31.04    5.82    3.84      8.83   42.01   31.05     12.81   30.54   24.46      3.09   79.52   80.18   170.74  114.99   166.86  106.84 
 506    5.75   20.44     29.62    6.97    3.85      8.96   41.42   31.07     12.78   30.60   24.48      3.10   79.10   80.18   173.24  115.61   169.56  107.41 
 507    5.75   20.40     30.75    6.16    3.85      7.97   46.06   31.10     12.78   30.60   24.49      3.06   78.88   80.18   176.39  115.88   172.48  107.82 
 508    5.75   20.32     30.45    6.45    3.86      7.82   46.40   31.13     12.78   30.60   24.50      3.03   78.60   80.17   177.84  117.20   174.04  108.99 
 509    5.75   20.31     30.91    6.17    3.86      7.53   47.88   31.16     12.78   30.60   24.51      3.08   77.76   80.17   179.02  118.78   175.30  110.59 
 510    5.75   20.33     30.20    6.80    3.87      7.29   49.06   31.20     12.78   30.60   24.52      3.04   77.82   80.16   181.41  120.26   177.68  112.06 
 511    6.79   20.23     30.37    6.73    3.87      9.84   36.03   31.21     12.69   30.89   24.54      3.00   77.13   80.16   183.21  122.31   179.47  114.11 
 512    6.79   20.13     29.66    7.38    3.88      9.41   37.44   31.22     12.69   30.89   24.55      2.96   76.66   80.15   183.54  124.38   179.76  116.10 
 513    6.79   20.24     29.36    7.73    3.89      9.14   38.60   31.23     12.69   30.89   24.56      2.89   76.28   80.14   184.45  127.00   180.42  119.12 
 514    6.79   20.12     29.96    7.26    3.89      8.87   38.86   31.25     12.69   30.89   24.57      2.94   75.10   80.13   184.23  130.30   180.25  122.21 
 515    6.79   20.27     30.07    7.22    3.90      9.65   35.67   31.26     12.69   30.89   24.59      2.89   74.43   80.12   184.36  133.21   180.58  125.31 
 516    5.55   19.89     30.36    7.04    3.91      9.91   34.29   31.26     12.36   32.05   24.60      2.76   75.39   80.11   185.25  135.56   181.62  127.69 
 517    5.55   20.03     30.26    7.20    3.91      9.02   37.28   31.27     12.36   32.05   24.61      2.81   74.39   80.10   186.16  138.51   182.33  130.57 
 518    5.55   19.88     30.21    7.31    3.92      8.64   38.68   31.29     12.36   32.05   24.63      2.72   74.48   80.09   187.53  140.15   183.66  132.22 
 519    5.55   20.16     29.62    7.91    3.93      8.73   38.55   31.30     12.36   32.05   24.64      2.80   74.12   80.08   189.74  141.24   185.87  133.40 
 520    5.55   19.87     30.07    7.56    3.93      8.98   37.48   31.31     12.36   32.05   24.66      2.97   73.05   80.07   191.81  140.54   187.83  132.72 
 521    5.02   22.11     30.49    7.22    3.94      8.14   41.34   31.33     12.25   32.39   24.67      3.09   72.37   80.05   193.59  139.89   189.52  132.11 
 522    5.02   22.04     28.91    8.73    3.95      8.04   42.18   31.35     12.25   32.39   24.69      3.11   72.91   80.04   195.56  138.02   191.49  130.36 
 523    5.02   22.10     29.71    7.94    3.96      7.79   43.49   31.38     12.25   32.39   24.70      3.18   73.19   80.03   197.32  135.52   193.26  127.85 
 524    5.02   22.06     29.49    8.11    3.96      7.64   44.76   31.40     12.25   32.39   24.72      3.35   72.83   80.01   198.38  132.06   194.37  124.40 
 525    5.02   21.58     29.43    8.13    3.97      7.55   45.57   31.43     12.25   32.39   24.73      3.36   73.82   80.00   199.78  127.91   195.65  120.30 
 526    5.87   21.59     28.63    8.86    3.98      9.30   37.61   31.44     12.19   32.56   24.75      3.34   74.58   79.99   200.69  122.52   196.56  114.99 
 527    5.87   21.60     29.28    8.18    3.99      9.05   38.71   31.45     12.19   32.56   24.76      3.42   74.29   79.98   201.32  119.99   197.15  112.44 
 528    5.87   21.67     28.68    8.70    4.00      8.90   39.56   31.47     12.19   32.56   24.78      3.32   74.99   79.97   201.80  115.06   197.48  107.68 
 529    5.87   21.61     29.96    7.46    4.01      8.26   41.90   31.49     12.19   32.56   24.79      3.29   74.99   79.96   203.02  111.99   198.55  104.51 
 530    5.87   21.57     29.66    7.67    4.01      7.76   44.00   31.51     12.19   32.56   24.81      3.11   75.93   79.95   202.79  108.61   198.02  101.27 
 531    5.21   22.06     29.14    8.11    4.02      6.26   52.72   31.55     12.58   31.07   24.82      3.22   74.46   79.94   202.41  106.78   197.68   99.52 
 532    5.21   22.11     29.52    7.73    4.03      6.24   52.60   31.59     12.58   31.07   24.83      3.20   74.51   79.93   203.18  103.91   198.34   96.72 
 533    5.21   22.06     28.96    8.22    4.03      6.21   53.44   31.63     12.58   31.07   24.84      3.27   74.38   79.92   202.37  102.16   197.70   94.87 
 534    5.21   22.16     29.24    7.88    4.04      6.31   53.09   31.67     12.58   31.07   24.85      3.21   75.15   79.91   202.01   99.81   197.29   92.63 
 535    5.21   22.08     29.96    7.17    4.05      6.38   53.07   31.71     12.58   31.07   24.86      3.43   74.13   79.90   201.26   96.78   196.56   89.52 
 536    6.01   21.61     29.98    7.12    4.05      8.75   40.18   31.73     12.28   32.11   24.88      3.69   71.90   79.89   201.31   93.56   196.43   86.47 
 537    6.01   22.13     29.43    7.55    4.06      8.60   41.10   31.75     12.28   32.11   24.89      3.76   70.91   79.87   200.71   91.44   196.08   84.14 
 538    6.01   22.13     29.62    7.36    4.07      8.32   41.38   31.77     12.28   32.11   24.90      3.82   70.34   79.85   202.12   88.01   197.48   80.79 
 539    6.01   22.13     28.57    8.31    4.07      7.80   42.52   31.79     12.28   32.11   24.92      3.67   69.47   79.83   202.95   83.98   198.10   76.94 
 540    6.01   21.60     28.87    7.99    4.08      7.24   44.01   31.81     12.28   32.11   24.93      3.44   69.09   79.81   203.48   81.51   198.80   74.29 
 541    6.53   21.58     28.79    8.03    4.09      7.43   42.03   31.83     12.14   32.61   24.95      3.28   67.55   79.79   203.78   79.34   199.12   72.21 
 542    6.53   21.50     28.75    8.08    4.10      6.77   44.54   31.85     12.14   32.61   24.96      3.08   68.26   79.77   204.48   77.04   200.13   69.84 
 543    6.53   21.58     28.41    8.39    4.10      6.58   44.92   31.87     12.14   32.61   24.97      2.89   68.14   79.75   204.27   74.86   199.76   67.67 
 544    6.53   21.50     27.48    9.30    4.11      6.57   44.95   31.90     12.14   32.61   24.99      2.86   67.79   79.73   203.31   74.06   198.62   66.94 
 545    6.53   21.58     27.29    9.46    4.12      6.67   44.94   31.92     12.14   32.61   25.00      2.85   68.02   79.70   202.41   72.76   197.73   65.65 
 546    6.18   22.09     28.16    8.52    4.13      9.25   34.01   31.93     12.11   32.62   25.02      3.66   63.60   79.68   201.99   73.31   197.59   65.96 
 547    6.18   22.14     28.00    8.65    4.14     10.08   32.26   31.93     12.11   32.62   25.03      3.84   64.02   79.65   200.36   74.19   196.01   66.89 
 548    6.18   22.09     27.61    9.00    4.15     10.09   33.76   31.93     12.11   32.62   25.04      4.03   65.11   79.62   198.19   76.42   193.81   69.16 
 549    6.18   22.14     27.83    8.73    4.16     10.44   33.81   31.93     12.11   32.62   25.06      4.12   66.70   79.60   196.75   77.34   192.57   69.99 
 550    6.18   22.07     28.26    8.25    4.16     10.01   36.81   31.94     12.11   32.62   25.07      4.23   68.09   79.58   194.35   79.85   190.24   72.43 
 551    6.42   22.69     28.58    7.91    4.17     10.99   33.47   31.95     12.13   32.51   25.08      4.50   68.31   79.56   193.19   80.24   189.07   72.79 
 552    6.42   22.72     28.39    8.06    4.18     10.74   35.25   31.95     12.13   32.51   25.10      4.58   68.39   79.54   191.55   82.05   187.64   74.39 
 553    6.42   22.20     30.08    6.59    4.18     10.43   36.74   31.96     12.13   32.51   25.11      4.61   69.08   79.52   190.61   83.53   186.69   75.82 
 554    6.42   22.84     30.77    6.04    4.19     10.36   38.01   31.97     12.13   32.51   25.12      4.61   69.68   79.50   187.86   86.23   184.02   78.53 
 555    6.42   22.18     31.42    5.58    4.19      9.90   40.54   31.99     12.13   32.51   25.14      4.64   70.16   79.48   185.67   88.72   182.18   80.86 
 556    7.34   20.26     31.42    5.52    4.19      8.87   45.37   32.01     12.13   32.50   25.15      4.59   71.10   79.47   182.73   90.24   178.77   82.37 
 557    7.34   20.36     32.00    5.10    4.19      9.22   44.17   32.03     12.13   32.50   25.16      4.66   70.77   79.45   180.07   91.49   176.25   83.62 
 558    7.34   20.32     33.80    4.09    4.19      9.46   42.92   32.05     12.13   32.50   25.18      4.52   72.29   79.44   177.43   93.15   173.76   85.30 
 559    7.34   20.37     33.20    4.34    4.19      9.56   42.53   32.07     12.13   32.50   25.19      4.35   73.48   79.43   174.08   93.22   170.61   85.24 
 560    7.34   20.24     33.06    4.34    4.19      9.02   45.52   32.09     12.13   32.50   25.20      4.50   73.67   79.42   171.08   93.43   167.78   85.31 
 561    6.53   19.56     36.22    2.97    4.19     10.39   39.15   32.11     12.09   32.64   25.22      4.49   73.49   79.41   168.18   94.50   165.02   86.49 
 562    6.53   21.64     31.36    5.15    4.19     10.08   40.16   32.12     12.09   32.64   25.23      4.25   75.08   79.40   165.70   94.26   162.65   86.15 
 563    6.53   17.99     33.60    3.91    4.19      9.85   41.56   32.14     12.09   32.64   25.24      4.35   75.19   79.39   162.84   94.26   160.02   86.08 
 564    6.53   22.12     34.40    3.50    4.19      9.10   46.23   32.16     12.09   32.64   25.26      4.19   77.28   79.39   160.15   95.04   157.44   86.94 
 565    6.53   17.97     33.01    4.03    4.19      9.22   45.52   32.19     12.09   32.64   25.27      4.25   77.71   79.38   157.28   95.41   154.80   87.13 
 566    6.65   21.68     29.07    6.28    4.19      9.28   45.44   32.21     11.88   33.41   25.28      4.30   77.15   79.38   153.27   96.18   151.10   87.80 
 567    6.65   22.72     29.36    5.97    4.20      9.53   44.19   32.23     11.88   33.41   25.30      4.22   78.50   79.38   149.41   98.73   147.33   90.39 
 568    6.65   22.20     28.52    6.50    4.20      8.99   45.72   32.25     11.88   33.41   25.31      4.01   79.10   79.38   145.25  100.82   143.03   92.50 
 569    6.65   22.20     29.53    5.72    4.20      7.80   50.70   32.29     11.88   33.41   25.33      3.80   78.72   79.38   142.61  102.12   140.32   93.81 
 570    6.65   22.17     29.17    5.99    4.21      7.42   52.56   32.32     11.88   33.41   25.34      3.59   78.50   79.38   141.40  102.43   139.21   94.17 
 571    7.53   21.40     32.23    4.23    4.21      7.86   51.99   32.36     12.04   32.82   25.35      3.68   79.61   79.38   143.79  102.33   141.38   94.07 
 572    7.53   20.45     29.33    6.03    4.21      8.84   48.51   32.39     12.04   32.82   25.37      3.84   80.37   79.38   148.22   99.47   145.41   91.29 
 573    7.53   21.48     33.48    3.81    4.21      9.30   46.37   32.41     12.04   32.82   25.38      4.10   80.16   79.38   151.07   98.86   148.07   90.68 
 574    7.53   20.40     31.40    4.96    4.21      8.25   52.52   32.44     12.04   32.82   25.39      4.21   79.82   79.38   154.38   98.33   151.20   90.21 
 575    7.53   20.32     31.44    5.06    4.21      8.92   48.21   32.47     12.04   32.82   25.41      4.17   80.18   79.38   160.20   98.31   156.79   90.20 
 576    6.32   20.45     31.10    5.39    4.21      9.23   45.60   32.50     11.95   33.16   25.42      4.33   78.43   79.38   164.99   99.16   161.28   91.12 
 577    6.32   20.23     28.63    7.34    4.22      9.92   41.39   32.51     11.95   33.16   25.43      4.47   76.67   79.38   168.87   97.74   164.95   89.79 
 578    6.32   20.33     28.73    7.38    4.22      9.45   42.05   32.53     11.95   33.16   25.45      4.60   74.01   79.37   173.14   97.30   169.04   89.25 
 579    6.32   20.25     27.75    8.35    4.23     10.76   35.30   32.53     11.95   33.16   25.46      4.57   72.65   79.35   175.02   96.45   170.62   88.46 
 580    6.32   20.31     28.45    7.76    4.24     10.92   33.92   32.53     11.95   33.16   25.47      4.64   70.90   79.34   177.86   96.41   173.37   88.51 
 581    6.81   21.42     26.63    9.67    4.25     11.70   30.64   32.53     11.96   33.10   25.49      4.48   70.95   79.33   178.81   95.53   174.14   87.67 
 582    6.81   20.44     27.91    8.29    4.25     11.21   31.95   32.53     11.96   33.10   25.50      4.40   70.89   79.31   179.93   92.89   175.25   85.00 
 583    6.81   20.35     28.25    7.91    4.26     11.95   29.92   32.53     11.96   33.10   25.51      4.60   69.18   79.29   178.25   92.89   173.61   84.98 
 584    6.81   20.50     26.66    9.43    4.27     11.74   31.13   32.52     11.96   33.10   25.52      4.69   68.78   79.28   175.61   92.79   170.92   84.93 
 585    6.81   20.32     26.41    9.58    4.28     11.16   33.85   32.53     11.96   33.10   25.54      4.68   69.16   79.26   172.30   94.15   167.33   86.51 
 586    8.59   22.18     26.93    8.97    4.29     10.65   36.25   32.53     12.01   32.88   25.55      4.62   70.10   79.24   169.90   96.03   164.85   88.48 
 587    8.59   22.18     26.96    8.88    4.29      9.89   39.95   32.54     12.01   32.88   25.56      4.70   69.58   79.23   167.06   98.73   162.13   91.11 
 588    8.59   21.72     26.65    9.17    4.30     10.44   37.29   32.55     12.01   32.88   25.58      4.52   70.47   79.21   164.19  100.77   158.95   93.44 
 589    8.59   22.18     26.91    8.84    4.31     11.33   33.86   32.55     12.01   32.88   25.59      4.61   69.91   79.20   161.39  103.40   156.61   95.64 
 590    8.59   22.70     26.19    9.48    4.32     12.01   32.06   32.55     12.01   32.88   25.60      4.39   72.37   79.18   156.45  105.92   151.54   98.28 
 591    7.37   22.21     26.04    9.52    4.33     11.10   34.97   32.56     11.96   33.06   25.61      4.16   74.13   79.18   152.75  107.20   147.97   99.39 
 592    7.37   22.21     28.02    7.44    4.33     11.92   31.36   32.56     11.96   33.06   25.63      3.95   75.34   79.17   149.09  109.37   143.69  102.09 
 593    7.37   22.73     30.07    5.76    4.34     12.93   27.64   32.55     11.96   33.06   25.64      3.89   76.02   79.16   145.53  110.85   139.93  103.74 
 594    7.37   22.15     30.40    5.46    4.34     11.86   31.26   32.55     11.96   33.06   25.65      3.73   77.52   79.16   141.62  111.35   136.02  104.20 
 595    7.37   22.73     29.09    6.30    4.34     10.23   37.51   32.55     11.96   33.06   25.66      3.80   76.64   79.16   139.21  112.46   133.41  105.49 
 596    8.42   22.05     30.15    5.52    4.34      8.60   44.04   32.57     11.99   32.96   25.67      3.57   77.32   79.15   135.55  114.72   129.71  107.71 
 597    8.42   22.22     30.87    5.08    4.34      7.80   47.90   32.60     11.99   32.96   25.69      3.65   76.04   79.15   133.40  117.23   127.48  110.27 
 598    8.42   22.19     28.33    6.84    4.35      7.51   48.86   32.63     11.99   32.96   25.70      3.64   74.99   79.14   133.33  119.83   127.44  112.81 
 599    8.42   21.64     27.68    7.40    4.35      7.29   48.12   32.65     11.99   32.96   25.71      3.33   76.26   79.14   129.80  121.94   124.19  114.85 
 600    8.42   21.63     27.95    7.23    4.36      7.42   45.94   32.67     11.99   32.96   25.72      3.21   74.40   79.13   128.99  124.56   123.28  117.55 
 601    6.87   22.75     27.04    8.16    4.36      7.92   43.17   32.69     11.78   33.70   25.74      3.30   73.12   79.12   129.27  127.24   123.32  120.48 
 602    6.87   22.71     27.09    8.21    4.37      7.78   44.49   32.71     11.78   33.70   25.75      3.17   74.40   79.11   129.88  130.83   123.93  124.14 
 603    6.87   22.72     27.00    8.41    4.38      8.36   42.15   32.73     11.78   33.70   25.76      3.30   73.85   79.10   129.86  133.44   124.25  126.39 
 604    6.87   21.63     26.05    9.54    4.39      8.02   44.76   32.75     11.78   33.70   25.78      3.20   75.49   79.10   130.55  136.52   125.15  129.40 
 605    6.87   22.73     25.22   10.73    4.40      6.71   52.20   32.78     11.78   33.70   25.79      3.02   77.40   79.09   130.64  140.71   125.28  133.58 
 606    7.02   22.15     26.98    8.90    4.40      6.22   51.64   32.81     11.88   33.30   25.80      2.62   77.78   79.09   131.90  145.80   126.52  138.71 
 607    7.02   22.23     26.05   10.06    4.41      5.18   55.15   32.85     11.88   33.30   25.81      2.48   75.92   79.09   131.50  148.57   125.95  141.60 
 608    7.02   22.17     26.17   10.02    4.42      4.20   59.43   32.89     11.88   33.30   25.83      1.98   77.88   79.08   131.97  151.17   126.55  144.22 
 609    7.02   22.22     27.04    9.15    4.43      3.41   63.08   32.94     11.88   33.30   25.84      1.72   77.64   79.08   132.53  154.23   126.97  147.38 
 610    7.02   22.19     19.01   23.24    4.46      4.24   56.56   32.98     11.88   33.30   25.85      1.74   77.22   79.08   132.17  187.48   126.78  180.53 
 611    7.82   22.75     20.34   20.17    4.49      5.30   48.26   33.00     11.73   33.81   25.86      3.86   57.26   79.04   127.21  186.93   121.94  179.91 
 612    7.82   22.73     22.02   16.72    4.51      5.35   47.88   33.03     11.73   33.81   25.88      3.57   57.61   79.01   128.53  185.96   123.63  178.79 
 613    7.82   22.73     21.14   18.59    4.53      5.28   47.86   33.05     11.73   33.81   25.89      3.57   57.19   78.97   127.47  189.60   122.78  182.34 
 614    7.82   22.17     21.82   17.14    4.55      5.14   47.57   33.08     11.73   33.81   25.90      3.57   56.80   78.94   126.46  188.74   121.84  181.35 
 615    7.82   22.22     20.90   18.95    4.57      5.23   46.93   33.10     11.73   33.81   25.92      3.67   55.69   78.90   125.44  189.34   121.06  181.96 
 616    8.97   22.21     21.32   17.89    4.60      5.41   46.07   33.12     11.74   33.68   25.93      3.33   57.56   78.86   126.92  186.80   122.64  179.21 
 617    8.97   22.73     20.52   19.46    4.62      5.48   45.78   33.14     11.74   33.68   25.94      3.65   56.26   78.83   127.30  187.11   123.00  179.32 
 618    8.97   22.23     20.51   19.36    4.64      5.58   45.31   33.16     11.74   33.68   25.95      3.56   56.74   78.79   126.64  186.00   122.45  178.23 
 619    8.97   22.20     19.39   21.81    4.67      5.93   45.05   33.18     11.74   33.68   25.97      3.66   56.46   78.76   127.43  186.22   123.36  178.95 
 620    8.97   22.23     18.47   24.02    4.70      5.98   45.54   33.20     11.74   33.68   25.98      3.74   56.67   78.72   127.60  186.49   123.43  179.31 
