   6    0.39    5.38     38.63    1.92    1.00     20.82   12.61   15.16    320.23    0.00   70.94      4.07   82.82   84.74   145.34   82.71   141.54   75.07 
   7    0.39    5.00     39.21    1.80    1.12     20.11   13.59   14.94    320.23    0.00   60.80      4.11   82.36   84.40   144.76   84.05   140.91   76.46 
   8    0.39    5.03     38.45    1.97    1.22     18.59   16.17   15.09    320.23    0.00   53.20      3.99   83.22   84.25   144.87   84.27   141.06   76.65 
   9    0.39    4.96     35.57    2.76    1.39     17.54   18.23   15.44    320.23    0.00   47.29      4.07   82.06   84.01   144.87   84.78   140.90   77.25 
  10    0.39    5.00     38.17    2.03    1.46     16.36   20.69   15.97    320.23    0.00   42.56      3.88   83.85   83.99   144.79   86.37   140.93   78.72 
  11    0.00    4.96     38.90    1.88    1.50     26.54    6.41   15.10    311.54    0.00   38.69      4.25   80.31   83.66   144.70   86.87   140.93   79.17 
  12    0.00    5.00     38.39    1.99    1.54     25.93    6.85   14.41    311.54    0.00   35.47      4.12   81.35   83.47   144.58   87.16   140.76   79.47 
  13    0.00    5.00     38.73    1.91    1.57     23.70    8.87   13.98    311.54    0.00   32.74      4.15   80.85   83.27   144.06   87.15   140.29   79.50 
  14    0.00    5.05     40.21    1.61    1.57     20.95   12.16   13.85    311.54    0.00   30.40      4.14   80.97   83.10   143.79   88.02   140.05   80.37 
  15    0.00    5.01     37.00    2.34    1.62     18.94   15.32   13.95    311.54    0.00   28.38      4.13   81.22   82.98   144.48   86.97   140.67   79.27 
  16    0.01    5.01     37.61    2.19    1.66     27.28    5.86   13.45    309.45    0.00   26.60      4.28   79.60   82.76   143.57   88.17   139.82   80.50 
  17    0.01    5.06     43.84    1.06    1.62     22.91    9.66   13.22    309.45    0.00   25.04      4.27   79.77   82.59   143.47   88.57   139.78   80.83 
  18    0.01    4.98     35.46    2.80    1.69     22.00   10.85   13.09    309.45    0.00   23.65      4.31   79.36   82.41   143.35   87.84   139.56   80.23 
  19    0.01    5.00     37.85    2.13    1.71     25.17    7.48   12.80    309.45    0.00   22.40      4.21   80.42   82.30   143.06   88.77   139.25   81.21 
  20    0.01    5.00     37.78    2.14    1.73     21.37   11.66   12.74    309.45    0.00   21.28      4.29   79.96   82.19   142.97   88.41   139.22   80.86 
  21    0.01    5.02     38.67    1.93    1.74     25.65    7.03   12.47    312.69    0.00   20.27      4.35   79.39   82.05   142.74   89.57   139.05   81.85 
  22    0.01    5.03     35.68    2.72    1.79     23.56    9.02   12.31    312.69    0.00   19.35      4.33   79.70   81.95   142.94   89.12   139.02   81.56 
  23    0.01    5.02     36.45    2.50    1.82     25.45    7.32   12.09    312.69    0.00   18.51      4.56   78.00   81.78   142.35   89.52   138.54   82.03 
  24    0.01    5.00     32.39    3.99    1.91     22.87    9.92   12.00    312.69    0.00   17.73      4.39   79.25   81.67   141.88   88.84   138.10   81.42 
  25    0.01    5.03     34.46    3.14    1.96     21.84   11.13   11.97    312.69    0.00   17.03      4.50   78.65   81.55   142.61   89.88   138.97   82.37 
  26    0.01    5.00     37.41    2.24    1.97     27.95    5.48   11.72    313.19    0.00   16.37      4.59   77.97   81.41   141.95   90.54   138.24   83.02 
  27    0.01    4.96     34.47    3.13    2.01     24.51    8.24   11.59    313.19    0.00   15.76      4.49   79.00   81.32   141.64   89.50   138.00   82.02 
  28    0.01    4.97     37.91    2.10    2.01     25.04    7.72   11.45    313.19    0.00   15.20      4.53   78.74   81.23   141.78   90.65   137.92   83.25 
  29    0.01    5.01     36.77    2.39    2.03     26.25    6.68   11.29    313.19    0.00   14.68      4.60   78.49   81.14   141.29   90.44   137.61   82.84 
  30    0.01    4.97     40.52    1.55    2.01     22.56   10.20   11.25    313.19    0.00   14.19      4.45   79.37   81.08   140.89   91.02   137.08   83.52 
  31    0.01    4.98     36.87    2.35    2.02     25.17    7.58   11.13    308.70    0.00   13.73      4.71   77.48   80.96   140.76   90.25   136.93   82.71 
  32    0.01    4.98     34.63    3.02    2.05     18.54   16.61   11.30    308.70    0.00   13.30      4.66   78.75   80.89   140.12   90.15   136.50   82.63 
  33    0.01    4.98     35.23    2.78    2.07     17.46   18.80   11.53    308.70    0.00   12.90      4.67   79.94   80.86   137.41   88.90   133.96   80.99 
  34    0.01    4.97     34.22    3.07    2.10     14.74   25.95   11.96    308.70    0.00   12.52      4.87   79.17   80.81   135.30   87.81   132.02   79.80 
  35    0.01    4.96     33.75    3.19    2.14     13.74   30.32   12.48    308.70    0.00   12.16      4.96   79.34   80.77   133.67   87.06   130.31   79.41 
  36    0.02    4.96     32.48    3.62    2.18     18.00   18.56   12.65     46.08    0.68   11.84      5.18   78.61   80.71   131.19   86.13   127.89   78.33 
  37    0.02    4.95     32.10    3.72    2.22     15.45   24.82   12.98     46.08    0.68   11.54      5.23   78.67   80.66   129.81   85.55   126.70   77.57 
  38    0.02    4.96     30.27    4.53    2.28     14.12   29.07   13.40     46.08    0.68   11.25      5.07   79.28   80.62   128.64   84.29   125.53   76.43 
  39    0.02    4.97     31.79    3.78    2.32     13.39   31.64   13.87     46.08    0.68   10.98      5.12   79.07   80.58   127.22   84.38   124.05   76.59 
  40    0.02    4.99     30.49    4.38    2.37     12.86   33.67   14.36     46.08    0.68   10.73      5.15   78.91   80.54   127.32   83.34   124.04   75.55 
  41    0.02    5.00     31.74    3.79    2.40     26.88    6.75   14.18     39.78    1.43   10.50      5.62   74.88   80.40   127.01   83.73   123.67   76.01 
  42    0.02    4.98     31.22    4.03    2.44     20.64   13.87   14.17     39.78    1.43   10.28      5.84   73.30   80.23   127.70   84.20   124.46   76.43 
  43    0.02    5.00     31.99    3.69    2.47     20.21   14.63   14.18     39.78    1.43   10.08      5.70   75.05   80.11   128.33   82.68   124.91   74.94 
  44    0.02    4.99     34.04    2.92    2.48     17.51   20.15   14.32     39.78    1.43    9.88      5.82   74.39   79.98   128.79   82.48   125.20   74.84 
  45    0.02    4.99     35.18    2.57    2.48     16.28   23.53   14.52     39.78    1.43    9.69      6.03   73.08   79.83   129.71   81.49   125.78   74.09 
  46    0.02    4.96     34.92    2.66    2.49     24.53    9.20   14.41     37.04    1.97    9.52      6.13   72.75   79.67   131.06   80.49   127.14   73.15 
  47    0.02    4.97     35.07    2.63    2.49     21.10   13.61   14.39     37.04    1.97    9.36      6.05   73.10   79.53   132.36   79.47   128.51   72.11 
  48    0.02    4.99     35.19    2.61    2.49     17.95   19.25   14.49     37.04    1.97    9.21      5.95   73.59   79.41   133.06   79.27   129.07   71.93 
  49    0.02    4.96     36.44    2.27    2.49     17.67   19.77   14.60     37.04    1.97    9.06      5.95   73.41   79.29   133.91   79.36   130.01   71.97 
  50    0.02    4.96     37.93    1.92    2.48     18.01   18.93   14.68     37.04    1.97    8.92      5.98   72.66   79.15   135.17   79.10   131.00   71.80 
  51    0.02    4.98     42.71    1.12    2.45     21.87   12.05   14.63     35.44    2.39    8.79      5.94   72.38   79.02   134.55   81.08   130.41   73.74 
  52    0.02    4.97     40.27    1.50    2.43     22.50   11.17   14.57     35.44    2.39    8.67      5.70   73.92   78.92   136.07   81.75   131.91   74.47 
  53    0.02    4.98     42.00    1.24    2.41     21.01   13.01   14.54     35.44    2.39    8.55      5.67   73.34   78.82   136.29   84.66   132.30   77.20 
  54    0.02    4.99     38.57    1.86    2.40     20.64   13.46   14.52     35.44    2.39    8.44      5.71   72.63   78.70   137.19   86.74   133.17   79.34 
  55    0.02    4.98     36.89    2.27    2.40     21.09   12.47   14.48     35.44    2.39    8.33      5.59   72.87   78.60   136.46   88.66   132.56   80.95 
  56    0.03    4.96     34.06    3.19    2.41     21.34   12.11   14.44     34.05    2.82    8.23      5.42   72.93   78.50   136.31   90.49   132.29   83.05 
  57    0.03    4.94     34.92    2.93    2.42     21.70   11.40   14.38     34.05    2.82    8.13      5.11   74.57   78.43   137.26   93.88   133.28   86.42 
  58    0.03    4.95     35.40    2.79    2.43     19.27   14.85   14.39     34.05    2.82    8.04      5.27   72.91   78.33   137.22   95.98   133.26   88.48 
  59    0.03    4.95     32.61    3.89    2.45     16.94   19.30   14.48     34.05    2.82    7.95      5.12   73.48   78.25   137.11   97.70   133.30   90.13 
  60    0.03    4.95     32.00    4.20    2.48     14.96   23.92   14.63     34.05    2.82    7.87      4.96   73.39   78.17   136.58   99.70   132.63   92.17 
  61    0.03    4.98     31.32    4.57    2.52     20.14   12.98   14.61     32.91    3.20    7.79      4.84   73.70   78.10   136.18  101.80   132.42   94.12 
  62    0.03    4.99     30.96    4.80    2.55     17.08   18.36   14.67     32.91    3.20    7.72      4.71   74.11   78.03   135.93  104.39   132.02   96.85 
  63    0.03    4.98     30.39    5.15    2.59     14.61   23.97   14.81     32.91    3.20    7.65      4.52   74.57   77.98   134.97  106.58   131.07   99.08 
  64    0.03    4.97     29.97    5.44    2.64     12.66   29.45   15.04     32.91    3.20    7.58      4.22   75.53   77.94   135.16  108.65   131.29  101.14 
  65    0.03    4.98     29.67    5.67    2.68     11.38   33.85   15.33     32.91    3.20    7.51      4.18   75.37   77.90   135.06  109.67   131.17  102.16 
  66    0.04    4.98     29.95    5.55    2.73     16.75   18.26   15.38     31.68    3.67    7.45      4.37   73.22   77.83   135.70  111.25   131.57  104.00 
  67    0.04    4.98     29.00    6.27    2.78     16.37   19.06   15.43     31.68    3.67    7.39      4.38   73.00   77.76   137.40  111.42   133.33  104.06 
  68    0.04    4.98     29.05    6.29    2.83     14.52   23.21   15.55     31.68    3.67    7.34      4.38   72.55   77.68   139.24  112.10   135.05  104.61 
  69    0.04    4.95     30.38    5.46    2.87     12.68   28.34   15.73     31.68    3.67    7.29      4.37   72.26   77.60   140.89  113.59   136.37  106.25 
  70    0.04    4.97     29.19    6.31    2.92     12.07   30.80   15.95     31.68    3.67    7.23      4.30   72.54   77.53   142.55  113.21   138.02  106.00 
  71    0.04    5.00     31.53    4.87    2.95     16.06   19.31   15.99     30.57    4.13    7.19      4.55   70.73   77.43   143.80  115.01   139.32  107.83 
  72    0.04    4.97     29.64    6.12    2.99     15.25   21.28   16.07     30.57    4.13    7.15      4.60   70.45   77.34   145.23  113.81   140.58  106.62 
  73    0.04    4.94     31.66    4.88    3.02     13.08   26.96   16.22     30.57    4.13    7.11      4.37   71.87   77.26   147.19  114.84   142.43  107.69 
  74    0.04    4.96     29.06    6.61    3.07     11.84   31.35   16.42     30.57    4.13    7.07      4.27   72.01   77.19   148.72  112.56   144.00  105.45 
  75    0.04    4.96     30.11    5.84    3.10     10.91   34.82   16.67     30.57    4.13    7.03      4.25   72.62   77.13   149.19  111.22   144.40  104.09 
  76    0.05    4.95     31.38    5.00    3.13     18.33   15.18   16.65     29.37    4.71    7.00      4.59   71.02   77.05   148.73  110.19   144.04  103.15 
  77    0.05    4.94     31.30    4.99    3.15     15.67   21.02   16.70     29.37    4.71    6.97      4.69   71.89   76.98   148.39  107.61   143.67  100.44 
  78    0.05    4.95     32.38    4.36    3.17     14.57   24.21   16.80     29.37    4.71    6.94      4.81   72.19   76.92   146.99  106.11   142.03   99.03 
  79    0.05    4.97     33.63    3.72    3.17     14.06   26.29   16.92     29.37    4.71    6.91      4.90   71.81   76.86   147.18  103.04   142.16   96.03 
  80    0.05    4.96     34.17    3.46    3.18     13.84   26.94   17.05     29.37    4.71    6.88      5.04   71.80   76.79   146.13  101.15   141.19   93.93 
  81    0.05    4.95     33.46    3.73    3.18     19.04   15.05   17.02     28.36    5.27    6.86      5.23   70.50   76.71   145.99   98.45   140.93   91.39 
  82    0.05    4.98     37.17    2.40    3.17     17.38   18.15   17.03     28.36    5.27    6.84      5.43   69.10   76.62   145.69   97.80   140.69   90.66 
  83    0.05    4.95     34.97    3.08    3.17     16.62   19.68   17.07     28.36    5.27    6.82      5.39   69.39   76.53   144.78   96.30   139.85   89.02 
  84    0.05    4.93     36.67    2.52    3.17     15.62   21.93   17.12     28.36    5.27    6.81      5.46   68.58   76.44   144.84   95.70   139.79   88.40 
  85    0.05    4.97     34.03    3.42    3.17     16.33   20.17   17.16     28.36    5.27    6.79      5.26   69.85   76.36   145.07   94.33   140.14   86.96 
  86    0.06    4.94     35.02    3.05    3.17     24.42    7.91   17.05     27.80    5.61    6.77      5.43   68.41   76.27   145.17   94.19   140.25   86.72 
  87    0.06    4.98     36.90    2.45    3.16     21.17   11.48   16.99     27.80    5.61    6.76      5.32   68.99   76.19   144.83   94.51   139.89   87.04 
  88    0.06    4.96     36.43    2.57    3.15     21.47   11.16   16.92     27.80    5.61    6.75      5.60   67.23   76.08   144.64   93.35   139.94   85.79 
  89    0.06    4.98     37.36    2.30    3.14     21.55   11.15   16.86     27.80    5.61    6.74      5.61   67.54   75.99   144.12   93.05   139.36   85.58 
  90    0.06    4.93     37.88    2.16    3.13     19.37   14.40   16.83     27.80    5.61    6.72      5.48   68.58   75.91   144.03   92.27   139.23   84.82 
  91    0.07    4.98     41.33    1.43    3.11     20.47   12.81   16.79     27.53    5.77    6.71      5.54   68.96   75.83   143.57   90.78   138.67   83.42 
  92    0.07    4.99     40.79    1.51    3.10     20.71   12.61   16.74     27.53    5.77    6.70      5.73   68.26   75.75   142.14   90.07   137.41   82.69 
  93    0.07    5.01     37.93    2.08    3.09     19.11   15.23   16.72     27.53    5.77    6.69      5.61   69.99   75.69   140.88   88.47   136.31   80.88 
  94    0.07    4.99     41.21    1.40    3.07     18.27   17.01   16.73     27.53    5.77    6.68      5.88   68.95   75.61   139.41   86.41   134.88   78.75 
  95    0.07    4.98     43.30    1.08    3.05     19.51   15.20   16.71     27.53    5.77    6.67      5.92   70.19   75.56   137.84   84.70   133.45   77.15 
  96    0.08    4.94     41.80    1.27    3.03     21.55   12.30   16.67     27.22    5.99    6.67      6.06   70.68   75.51   136.24   83.72   131.87   76.19 
  97    0.08    4.98     36.87    2.18    3.02     17.41   20.13   16.70     27.22    5.99    6.66      6.26   70.48   75.45   133.18   83.38   128.77   75.93 
  98    0.08    4.95     34.44    2.84    3.02     18.88   16.93   16.70     27.22    5.99    6.65      6.36   70.46   75.40   131.13   83.29   127.32   75.44 
  99    0.08    4.97     32.82    3.38    3.02     18.26   18.27   16.72     27.22    5.99    6.64      6.27   70.89   75.36   129.51   82.52   125.73   74.69 
 100    0.08    4.95     32.09    3.62    3.03     17.39   20.41   16.76     27.22    5.99    6.64      6.27   70.95   75.31   128.33   81.61   124.52   73.87 
 101    0.09    4.97     30.94    4.09    3.04     22.58   11.37   16.70     26.82    6.29    6.63      6.49   69.49   75.26   127.04   81.40   123.33   73.78 
 102    0.09    4.93     31.50    3.81    3.04     21.02   13.54   16.67     26.82    6.29    6.63      6.33   70.60   75.21   125.14   81.94   121.45   74.37 
 103    0.09    4.93     32.07    3.56    3.05     21.18   13.36   16.64     26.82    6.29    6.63      6.37   70.51   75.16   124.50   81.85   120.99   74.30 
 104    0.09    4.97     32.61    3.35    3.05     23.77    9.94   16.58     26.82    6.29    6.63      6.43   70.30   75.12   124.76   81.43   121.24   73.89 
 105    0.09    4.92     34.14    2.80    3.05     21.79   12.46   16.54     26.82    6.29    6.62      6.56   69.42   75.06   123.64   81.34   120.25   73.73 
 106    0.09    4.94     32.82    3.24    3.05     23.18   10.54   16.48     26.72    6.40    6.62      6.53   69.62   75.01   123.77   81.41   120.38   73.72 
 107    0.09    4.95     35.21    2.46    3.05     20.54   14.62   16.46     26.72    6.40    6.62      6.64   68.76   74.95   123.39   79.84   119.89   72.47 
 108    0.09    4.97     35.85    2.30    3.04     20.30   15.04   16.45     26.72    6.40    6.62      6.55   69.41   74.90   123.61   81.09   120.24   73.71 
 109    0.09    4.99     38.08    1.79    3.03     20.26   15.01   16.44     26.72    6.40    6.61      6.68   68.94   74.85   124.15   80.38   120.72   72.96 
 110    0.09    4.96     38.78    1.67    3.02     20.17   15.13   16.42     26.72    6.40    6.61      6.55   69.57   74.80   125.64   80.71   121.99   73.36 
 111    0.12    4.89     49.42    0.49    2.99     21.21   13.36   16.40     26.43    6.65    6.61      6.40   69.82   74.75   126.11   81.37   122.50   74.09 
 112    0.12    4.90     43.58    0.98    2.98     21.19   13.23   16.37     26.43    6.65    6.61      6.34   69.77   74.71   127.21   81.73   123.75   74.34 
 113    0.12    4.90     43.49    1.00    2.96     20.63   13.80   16.35     26.43    6.65    6.61      6.25   69.90   74.67   128.13   82.52   124.58   74.97 
 114    0.12    4.90     41.64    1.25    2.94     19.33   15.73   16.34     26.43    6.65    6.61      6.18   69.64   74.62   128.83   83.69   125.34   76.00 
 115    0.12    4.91     33.28    3.30    2.95     19.26   15.88   16.34     26.43    6.65    6.61      6.22   68.62   74.57   130.23   82.69   126.40   75.15 
 116    0.12    4.94     37.41    2.08    2.94     21.42   12.22   16.30     26.20    6.85    6.62      5.99   69.71   74.53   130.99   84.77   127.03   77.22 
 117    0.12    4.95     33.72    3.21    2.94     19.63   15.09   16.29     26.20    6.85    6.62      6.16   68.24   74.48   132.85   85.41   128.96   77.90 
 118    0.12    4.94     34.22    3.09    2.94     18.73   16.48   16.29     26.20    6.85    6.62      5.96   68.88   74.43   133.11   88.38   128.94   81.02 
 119    0.12    4.94     32.25    3.92    2.95     19.45   14.90   16.28     26.20    6.85    6.62      5.67   70.07   74.39   134.40   88.79   130.15   81.37 
 120    0.12    4.93     31.06    4.53    2.96     18.93   15.74   16.28     26.20    6.85    6.62      5.60   70.24   74.36   134.30   90.02   130.03   82.67 
 121    0.14    4.89     31.10    4.53    2.98     19.01   15.66   16.27     25.96    7.05    6.63      5.78   68.85   74.31   135.31   90.53   130.81   83.30 
 122    0.14    4.98     31.53    4.32    2.99     19.69   14.34   16.25     25.96    7.05    6.63      5.61   69.80   74.27   134.34   91.98   129.53   85.00 
 123    0.14    5.01     31.27    4.45    3.00     19.39   14.87   16.24     25.96    7.05    6.63      5.57   69.69   74.24   134.02   92.06   129.28   85.06 
 124    0.14    4.98     33.06    3.63    3.00     18.13   17.16   16.25     25.96    7.05    6.64      5.68   69.21   74.20   134.87   93.69   129.85   86.89 
 125    0.14    4.98     30.13    5.15    3.02     17.74   17.90   16.26     25.96    7.05    6.64      5.69   69.13   74.16   135.33   93.79   130.37   86.91 
 126    0.15    4.95     30.96    4.71    3.03     20.69   12.59   16.23     25.72    7.25    6.65      5.61   68.90   74.11   136.51   94.28   131.46   87.39 
 127    0.15    4.95     30.10    5.23    3.05     19.04   15.04   16.23     25.72    7.25    6.65      5.45   69.47   74.08   136.27   95.17   131.20   88.25 
 128    0.15    4.95     29.63    5.52    3.07     18.28   16.37   16.23     25.72    7.25    6.66      5.52   69.05   74.04   136.69   94.55   131.56   87.58 
 129    0.15    4.96     29.68    5.47    3.09     18.32   16.36   16.23     25.72    7.25    6.66      5.53   68.84   74.00   136.76   93.91   131.75   86.81 
 130    0.15    4.94     30.53    4.94    3.10     18.53   15.92   16.23     25.72    7.25    6.66      5.55   68.84   73.96   135.99   94.61   130.71   87.69 
 131    0.24    4.96     30.77    4.80    3.12     22.84    9.77   16.18     25.55    7.38    6.67      5.38   70.24   73.93   136.74   93.48   131.53   86.50 
 132    0.24    4.92     30.47    4.96    3.13     21.10   11.94   16.14     25.55    7.38    6.68      5.61   68.36   73.89   136.97   92.68   131.80   85.64 
 133    0.24    4.91     31.07    4.62    3.14     21.01   11.96   16.11     25.55    7.38    6.68      5.26   71.01   73.87   136.54   92.94   131.24   85.87 
 134    0.24    4.97     29.79    5.36    3.16     20.30   13.08   16.09     25.55    7.38    6.69      5.45   69.34   73.83   136.70   92.23   131.42   85.20 
 135    0.24    4.93     31.18    4.57    3.17     20.81   12.32   16.06     25.55    7.38    6.69      5.54   68.63   73.79   136.51   93.52   131.17   86.62 
 136    0.15    4.96     30.86    4.74    3.18     20.18   13.31   16.04     25.48    7.43    6.70      5.63   67.89   73.75   136.15   93.85   130.91   87.02 
 137    0.15    4.98     30.45    4.98    3.19     24.71    7.83   15.98     25.48    7.43    6.70      5.60   68.75   73.71   136.48   93.30   131.31   86.15 
 138    0.15    4.97     31.00    4.66    3.20     24.93    7.70   15.92     25.48    7.43    6.71      5.54   68.63   73.68   136.30   93.25   131.23   86.16 
 139    0.15    5.00     30.19    5.11    3.22     22.90    9.73   15.88     25.48    7.43    6.71      5.64   68.38   73.64   135.14   93.51   130.01   86.41 
 140    0.15    4.95     29.63    5.43    3.23     21.56   11.37   15.84     25.48    7.43    6.72      5.58   68.82   73.61   134.57   93.01   129.28   85.97 
 141    0.18    4.98     29.95    5.20    3.25     23.14    9.48   15.80     25.41    7.48    6.72      5.63   68.88   73.57   133.63   92.96   128.48   85.81 
 142    0.18    4.90     30.44    4.88    3.26     22.69   10.06   15.76     25.41    7.48    6.73      5.58   69.38   73.54   133.34   92.52   128.26   85.41 
 143    0.18    4.93     31.71    4.17    3.27     21.24   12.01   15.73     25.41    7.48    6.73      5.78   68.92   73.51   131.35   92.95   126.07   85.96 
 144    0.18    4.89     30.29    4.87    3.28     19.18   15.62   15.73     25.41    7.48    6.74      5.93   69.01   73.48   129.79   91.89   124.50   84.99 
 145    0.18    4.91     34.13    3.08    3.28     16.69   20.69   15.77     25.41    7.48    6.74      6.00   69.12   73.45   127.61   93.41   122.24   86.50 
 146    0.18    4.99     37.86    1.98    3.27     18.98   15.80   15.77     25.25    7.63    6.75      5.88   69.27   73.42   126.27   93.84   120.88   87.06 
 147    0.18    4.95     35.59    2.55    3.26     17.07   19.38   15.79     25.25    7.63    6.76      5.71   69.56   73.39   124.40   93.35   118.68   86.61 
 148    0.18    4.92     34.58    2.86    3.26     16.94   19.90   15.82     25.25    7.63    6.76      5.85   68.40   73.36   124.58   92.43   119.20   85.63 
 149    0.18    4.97     36.48    2.30    3.25     17.89   17.89   15.83     25.25    7.63    6.77      6.05   67.34   73.32   124.60   92.76   119.31   85.93 
 150    0.18    4.97     38.65    1.79    3.24     18.07   17.42   15.84     25.25    7.63    6.77      6.07   67.19   73.28   124.98   92.87   119.62   85.96 
 151    0.20    4.98     40.46    1.45    3.23     22.85   10.09   15.81     25.08    7.77    6.78      6.05   67.09   73.24   125.73   93.04   120.50   86.08 
 152    0.20    5.02     35.66    2.54    3.23     22.19   10.94   15.77     25.08    7.77    6.79      6.17   66.68   73.19   125.51   92.29   120.50   85.27 
 153    0.20    5.00     35.80    2.51    3.22     21.03   12.44   15.75     25.08    7.77    6.79      5.95   67.79   73.16   126.30   92.50   121.27   85.39 
 154    0.20    5.01     37.15    2.16    3.22     21.35   11.87   15.73     25.08    7.77    6.80      6.05   66.76   73.12   126.69   93.70   121.69   86.49 
 155    0.20    4.99     43.69    1.02    3.20     17.33   18.71   15.75     25.08    7.77    6.81      5.88   67.87   73.08   127.68   94.93   122.66   87.70 
 156    0.21    4.90     35.34    2.69    3.20     19.85   14.08   15.74     24.96    7.88    6.81      5.91   67.43   73.05   127.52   94.39   122.72   87.09 
 157    0.21    4.89     36.92    2.25    3.19     18.83   15.70   15.74     24.96    7.88    6.82      5.70   68.74   73.02   128.25   94.94   123.57   87.52 
 158    0.21    4.91     37.13    2.20    3.19     18.16   16.88   15.74     24.96    7.88    6.83      5.76   67.81   72.99   128.61   95.09   124.11   87.57 
 159    0.21    4.98     41.02    1.41    3.17     18.89   15.43   15.74     24.96    7.88    6.83      5.69   68.18   72.96   129.35   95.85   124.91   88.27 
 160    0.21    4.93     38.52    1.88    3.17     18.81   15.60   15.74     24.96    7.88    6.84      5.81   67.24   72.92   128.83   95.90   124.83   88.15 
 161    0.23    5.01     38.45    1.89    3.16     21.17   11.93   15.72     24.86    7.97    6.85      5.90   66.78   72.88   129.20   95.26   125.02   87.60 
 162    0.23    4.95     39.09    1.76    3.15     22.97    9.67   15.68     24.86    7.97    6.85      5.87   67.14   72.85   129.88   94.21   125.81   86.41 
 163    0.23    5.00     40.18    1.55    3.14     21.35   11.59   15.65     24.86    7.97    6.86      5.87   67.06   72.81   129.67   95.29   126.16   87.29 
 164    0.23    4.96     42.35    1.21    3.13     20.83   12.35   15.63     24.86    7.97    6.87      5.98   66.28   72.77   130.51   94.32   126.81   86.39 
 165    0.23    4.98     37.85    2.03    3.12     20.49   12.81   15.62     24.86    7.97    6.87      5.92   66.65   72.74   129.48   94.69   126.14   86.57 
 166    0.24    4.93     39.74    1.63    3.11     22.47   10.18   15.58     24.80    8.02    6.88      5.85   67.03   72.70   130.53   93.88   126.80   85.92 
 167    0.24    4.93     37.99    2.00    3.11     23.46    9.18   15.55     24.80    8.02    6.89      5.84   66.93   72.67   129.89   94.32   126.61   86.29 
 168    0.24    4.92     40.89    1.43    3.10     21.80   11.06   15.52     24.80    8.02    6.89      5.78   67.40   72.63   130.41   94.00   127.27   85.85 
 169    0.24    4.98     37.01    2.24    3.09     22.46   10.22   15.49     24.80    8.02    6.90      5.95   66.47   72.60   129.77   94.22   126.54   86.06 
 170    0.24    4.93     39.36    1.71    3.08     21.07   11.99   15.47     24.80    8.02    6.91      5.81   67.37   72.57   130.62   94.50   127.41   86.31 
 171    0.25    4.96     38.47    1.89    3.08     25.64    7.14   15.42     24.76    8.04    6.91      5.88   67.02   72.54   129.56   94.46   126.25   86.40 
 172    0.25    4.93     38.74    1.83    3.07     22.86    9.86   15.39     24.76    8.04    6.92      6.06   66.34   72.50   129.94   94.16   126.78   86.03 
 173    0.25    4.96     37.65    2.06    3.06     24.01    8.69   15.35     24.76    8.04    6.93      6.01   67.10   72.47   128.49   93.22   125.20   85.14 
 174    0.25    4.90     39.08    1.74    3.05     23.04    9.75   15.31     24.76    8.04    6.93      6.01   67.01   72.44   128.69   92.80   125.40   84.75 
 175    0.25    4.97     38.42    1.87    3.05     23.10    9.76   15.28     24.76    8.04    6.94      5.92   67.93   72.41   127.92   92.60   124.55   84.65 
 176    0.27    4.97     45.41    0.83    3.04     23.38    9.53   15.25     24.76    8.05    6.95      6.08   67.31   72.38   127.68   92.80   124.42   84.90 
 177    0.27    5.01     41.13    1.35    3.03     22.61   10.44   15.22     24.76    8.05    6.95      6.18   66.74   72.35   126.46   92.35   123.07   84.52 
 178    0.27    5.04     41.06    1.36    3.02     22.08   11.10   15.20     24.76    8.05    6.96      6.20   66.90   72.32   126.07   91.74   122.75   83.87 
 179    0.27    4.97     39.05    1.71    3.01     22.41   10.81   15.18     24.76    8.05    6.96      6.37   66.02   72.28   126.11   90.66   122.80   82.87 
 180    0.27    4.95     45.19    0.84    3.00     21.12   12.42   15.16     24.76    8.05    6.97      6.22   67.17   72.26   125.57   91.50   122.47   83.56 
 181    0.28    5.02     44.38    0.92    2.99     21.96   11.24   15.14     24.73    8.08    6.98      6.27   66.56   72.22   124.84   91.43   121.36   83.55 
 182    0.28    4.96     46.52    0.71    2.97     22.31   10.86   15.11     24.73    8.08    6.98      6.24   66.89   72.19   124.75   91.12   121.40   83.24 
 183    0.28    4.97     43.80    0.98    2.96     20.85   12.79   15.10     24.73    8.08    6.99      6.17   67.34   72.17   124.15   91.14   120.82   83.26 
 184    0.28    4.91     42.07    1.19    2.95     20.31   13.66   15.09     24.73    8.08    6.99      6.19   67.02   72.14   123.90   91.04   120.60   83.26 
 185    0.28    4.96     47.09    0.67    2.94     19.07   15.78   15.10     24.73    8.08    7.00      6.19   66.71   72.11   124.15   92.27   120.99   84.53 
 186    0.33    4.96     44.09    0.95    2.93     20.57   13.12   15.09     24.67    8.14    7.01      6.07   67.62   72.09   124.28   92.05   120.84   84.28 
 187    0.33    4.91     45.22    0.83    2.92     19.29   15.21   15.09     24.67    8.14    7.01      6.14   66.71   72.06   123.85   92.07   120.28   84.41 
 188    0.33    4.93     40.96    1.35    2.91     19.81   14.40   15.08     24.67    8.14    7.02      6.01   67.61   72.03   123.98   91.74   120.84   84.02 
 189    0.33    4.95     43.01    1.07    2.90     19.04   15.57   15.09     24.67    8.14    7.02      6.16   66.79   72.01   123.67   92.19   120.36   84.51 
 190    0.33    4.94     43.68    0.99    2.89     18.73   16.24   15.09     24.67    8.14    7.03      6.10   67.01   71.98   123.65   92.64   120.53   85.02 
 191    0.33    4.92     40.99    1.35    2.88     23.77    9.06   15.06     24.59    8.21    7.04      6.18   66.24   71.95   124.08   91.96   120.83   84.34 
 192    0.33    4.93     39.05    1.68    2.88     22.12   10.91   15.04     24.59    8.21    7.04      5.98   67.41   71.93   123.87   91.79   120.60   84.22 
 193    0.33    4.99     44.24    0.93    2.87     21.22   12.06   15.02     24.59    8.21    7.05      5.87   68.11   71.91   124.10   92.23   120.66   84.74 
 194    0.33    4.99     38.17    1.87    2.86     18.54   16.45   15.03     24.59    8.21    7.05      5.87   67.54   71.88   125.21   92.02   121.90   84.55 
 195    0.33    4.90     39.88    1.54    2.85     20.21   13.53   15.02     24.59    8.21    7.06      5.86   67.53   71.86   124.76   92.10   121.44   84.68 
 196    0.35    4.96     41.48    1.28    2.85     21.27   11.91   15.01     24.54    8.26    7.07      5.91   66.90   71.84   125.63   93.24   122.38   85.81 
 197    0.35    4.95     37.85    1.97    2.84     22.68   10.01   14.98     24.54    8.26    7.07      5.71   67.79   71.82   126.08   92.68   122.82   85.20 
 198    0.35    4.97     38.47    1.84    2.84     20.97   11.99   14.97     24.54    8.26    7.08      5.55   68.62   71.80   126.17   93.43   122.78   85.92 
 199    0.35    4.94     37.95    1.96    2.83     19.54   14.01   14.96     24.54    8.26    7.08      5.65   67.22   71.78   126.27   94.17   122.84   86.68 
 200    0.35    4.96     37.36    2.10    2.83     19.15   14.74   14.96     24.54    8.26    7.09      5.70   66.21   71.75   126.23   94.16   122.90   86.77 
 201    0.34    4.99     36.95    2.20    2.83     22.68    9.82   14.94     24.48    8.31    7.10      5.75   65.94   71.72   126.84   94.61   123.49   87.27 
 202    0.34    4.89     41.60    1.29    2.82     21.93   10.60   14.91     24.48    8.31    7.10      5.66   66.79   71.70   126.85   95.75   123.43   88.42 
 203    0.34    4.89     38.98    1.76    2.81     18.85   14.87   14.91     24.48    8.31    7.11      5.60   66.28   71.67   127.00   96.56   123.56   89.18 
 204    0.34    4.90     36.88    2.25    2.81     19.40   14.02   14.91     24.48    8.31    7.11      5.43   66.76   71.65   127.94   96.77   124.50   89.52 
 205    0.34    4.91     37.30    2.15    2.81     17.64   17.03   14.92     24.48    8.31    7.12      5.39   66.93   71.62   127.56   97.52   124.21   90.23 
 206    0.39    4.95     34.81    2.88    2.81     17.72   16.70   14.93     24.41    8.37    7.13      5.38   66.72   71.60   127.45   97.09   123.93   89.84 
 207    0.39    4.92     36.04    2.51    2.81     20.04   12.76   14.92     24.41    8.37    7.13      5.40   66.12   71.57   127.97   98.37   124.35   91.22 
 208    0.39    4.97     35.28    2.73    2.81     19.57   13.44   14.91     24.41    8.37    7.14      5.36   66.28   71.55   127.73   98.10   124.45   90.87 
 209    0.39    4.96     36.18    2.46    2.80     17.78   16.42   14.92     24.41    8.37    7.14      5.27   66.63   71.52   128.01   98.78   124.66   91.59 
 210    0.39    4.93     36.72    2.31    2.80     19.57   13.35   14.91     24.41    8.37    7.15      5.12   67.19   71.50   126.84   99.33   123.54   92.24 
 211    0.40    4.94     35.13    2.78    2.80     22.33    9.76   14.89     24.30    8.46    7.16      5.30   65.69   71.47   126.92   99.52   123.51   92.58 
 212    0.40    4.97     33.66    3.30    2.80     21.19   11.03   14.87     24.30    8.46    7.16      5.32   65.80   71.45   126.45   99.58   123.20   92.56 
 213    0.40    4.92     35.42    2.69    2.80     18.24   15.32   14.87     24.30    8.46    7.17      5.36   65.07   71.42   125.77  100.28   122.29   93.31 
 214    0.40    4.93     33.57    3.32    2.81     18.02   15.74   14.87     24.30    8.46    7.17      5.30   65.10   71.39   126.43   99.96   123.17   93.03 
 215    0.40    4.91     36.47    2.37    2.80     17.54   16.55   14.88     24.30    8.46    7.18      5.20   65.13   71.36   125.35  100.22   122.08   93.36 
 216    0.43    4.94     34.93    2.81    2.80     21.27   10.75   14.86     24.20    8.54    7.19      5.62   62.22   71.32   125.80   99.53   122.49   92.67 
 217    0.43    4.95     34.07    3.10    2.80     19.31   13.28   14.86     24.20    8.54    7.19      5.34   64.06   71.28   125.13   98.89   121.90   91.92 
 218    0.43    4.93     34.55    2.93    2.81     18.42   14.63   14.86     24.20    8.54    7.20      5.45   63.00   71.25   124.83   99.20   121.57   92.27 
 219    0.43    4.94     32.76    3.60    2.81     16.94   17.33   14.87     24.20    8.54    7.20      5.41   62.64   71.21   125.47   98.68   122.05   91.86 
 220    0.43    4.93     33.28    3.37    2.81     16.29   18.41   14.88     24.20    8.54    7.21      5.35   62.84   71.17   124.40   98.18   121.06   91.30 
 221    0.46    5.00     34.00    3.10    2.81     21.87    9.72   14.86     24.11    8.61    7.22      5.45   61.75   71.13   124.05   98.43   120.78   91.59 
 222    0.46    4.96     33.24    3.37    2.82     20.48   11.37   14.84     24.11    8.61    7.22      5.38   61.79   71.08   124.03   98.03   120.76   91.22 
 223    0.46    4.94     32.66    3.59    2.82     19.43   12.79   14.83     24.11    8.61    7.23      5.45   61.59   71.04   123.61   97.66   120.25   90.91 
 224    0.46    4.95     32.43    3.66    2.82     17.23   16.44   14.84     24.11    8.61    7.24      5.40   61.51   71.00   122.59   96.85   119.20   90.13 
 225    0.46    4.95     32.77    3.50    2.83     16.30   18.24   14.86     24.11    8.61    7.24      5.63   60.18   70.95   122.05   96.88   118.69   90.14 
 226    0.47    4.95     32.45    3.62    2.83     20.78   10.85   14.84     24.07    8.63    7.25      5.52   60.61   70.90   121.44   96.38   118.06   89.65 
 227    0.47    4.97     33.37    3.24    2.83     15.22   20.42   14.86     24.07    8.63    7.25      5.40   61.18   70.86   120.77   97.14   117.51   90.29 
 228    0.47    4.98     31.70    3.92    2.84     16.34   17.89   14.88     24.07    8.63    7.26      5.58   59.79   70.81   120.34   96.26   116.87   89.46 
 229    0.47    4.99     31.62    3.94    2.84     15.69   19.25   14.90     24.07    8.63    7.27      5.47   60.16   70.77   119.94   95.71   116.56   88.84 
 230    0.47    4.95     31.58    3.94    2.85     15.20   20.83   14.92     24.07    8.63    7.27      5.59   59.98   70.72   119.54   95.87   116.15   89.22 
 231    0.52    4.92     32.11    3.70    2.85     20.54   11.33   14.91     23.96    8.70    7.28      5.70   59.72   70.67   119.37   95.86   116.06   89.20 
 232    0.52    4.99     31.95    3.76    2.85     19.98   12.04   14.89     23.96    8.70    7.28      5.73   59.85   70.63   119.53   95.53   116.25   88.73 
 233    0.52    4.88     32.74    3.44    2.86     20.87   10.92   14.88     23.96    8.70    7.29      5.86   59.00   70.58   119.54   96.41   116.10   89.66 
 234    0.52    4.95     31.56    3.97    2.86     22.79    8.87   14.85     23.96    8.70    7.30      5.84   59.69   70.53   120.18   96.27   116.84   89.50 
 235    0.52    4.93     32.24    3.68    2.86     22.78    8.85   14.83     23.96    8.70    7.30      5.81   60.07   70.48   120.55   96.20   117.13   89.38 
 236    0.55    4.93     32.69    3.51    2.87     21.07   10.93   14.81     23.95    8.69    7.31      5.82   60.24   70.44   120.98   97.80   117.63   91.01 
 237    0.55    4.93     33.61    3.16    2.87     22.26    9.58   14.79     23.95    8.69    7.31      5.82   60.76   70.40   120.75   97.55   117.31   90.80 
 238    0.55    4.91     33.80    3.10    2.87     22.08    9.76   14.77     23.95    8.69    7.32      5.83   61.29   70.36   120.58   97.93   117.09   91.03 
 239    0.55    4.93     33.74    3.13    2.87     20.06   12.52   14.76     23.95    8.69    7.33      5.84   61.70   70.33   120.65   99.39   117.00   92.67 
 240    0.55    4.87     34.11    3.00    2.87     19.85   12.81   14.75     23.95    8.69    7.33      5.80   62.64   70.29   119.75   99.26   116.08   92.44 
 241    0.56    4.93     34.38    2.91    2.87     21.45   10.70   14.73     23.92    8.71    7.34      6.00   61.02   70.26   120.05   99.85   116.39   92.94 
 242    0.56    4.89     33.91    3.06    2.87     21.33   11.01   14.72     23.92    8.71    7.34      5.96   62.10   70.22   119.74   99.73   116.08   92.93 
 243    0.56    4.91     36.74    2.21    2.87     19.09   14.26   14.71     23.92    8.71    7.35      6.22   61.13   70.18   119.76   99.66   116.14   92.74 
 244    0.56    4.92     33.36    3.27    2.87     21.84   10.48   14.70     23.92    8.71    7.35      6.09   61.73   70.15   120.46   98.09   116.71   91.15 
 245    0.56    4.95     34.39    2.91    2.87     20.96   11.84   14.69     23.92    8.71    7.36      5.97   63.01   70.12   121.26   98.68   117.50   91.87 
 246    0.60    4.95     35.09    2.70    2.87     23.60    8.70   14.66     23.89    8.73    7.36      6.22   61.98   70.09   121.45   98.85   117.73   91.92 
 247    0.60    5.03     34.89    2.77    2.87     21.53   11.12   14.65     23.89    8.73    7.37      6.05   63.12   70.06   121.74   98.78   118.06   91.88 
 248    0.60    5.01     34.33    2.95    2.87     20.48   12.49   14.64     23.89    8.73    7.38      6.15   62.59   70.03   121.09   98.59   117.39   91.62 
 249    0.60    5.06     36.09    2.41    2.87     20.02   13.12   14.63     23.89    8.73    7.38      6.10   62.84   70.00   121.84  100.18   118.09   93.20 
 250    0.60    5.02     32.50    3.66    2.87     19.96   13.23   14.63     23.89    8.73    7.39      5.83   64.62   69.98   121.66   99.05   117.68   92.12 
 251    0.63    4.94     34.43    2.93    2.87     22.28   10.15   14.61     23.85    8.77    7.39      6.08   63.43   69.95   120.84  100.09   116.88   93.19 
 252    0.63    4.97     35.35    2.61    2.87     20.85   12.03   14.60     23.85    8.77    7.40      6.05   63.58   69.93   121.12   99.28   117.19   92.32 
 253    0.63    5.01     33.96    3.05    2.87     22.21   10.37   14.58     23.85    8.77    7.40      6.15   63.40   69.90   120.51   97.52   116.18   90.70 
 254    0.63    4.96     33.56    3.16    2.87     20.49   12.93   14.57     23.85    8.77    7.41      6.14   64.36   69.88   120.28   95.92   115.78   89.29 
 255    0.63    5.01     34.65    2.76    2.87     21.14   11.87   14.56     23.85    8.77    7.41      6.22   64.44   69.86   119.24   94.51   114.77   87.66 
 256    0.67    4.97     34.88    2.67    2.87     21.41   11.64   14.55     23.81    8.80    7.42      6.36   63.57   69.83   119.48   92.88   115.06   85.98 
 257    0.67    5.04     33.07    3.27    2.87     18.88   15.93   14.56     23.81    8.80    7.42      6.46   63.68   69.81   119.83   90.06   115.42   83.30 
 258    0.67    5.01     37.30    1.98    2.87     19.19   15.51   14.56     23.81    8.80    7.43      6.46   64.35   69.79   119.52   89.36   115.28   82.50 
 259    0.67    5.00     35.46    2.44    2.87     19.35   15.40   14.56     23.81    8.80    7.44      6.70   63.44   69.76   120.18   87.48   115.75   80.75 
 260    0.67    4.95     35.60    2.38    2.87     18.11   18.05   14.58     23.81    8.80    7.44      6.62   64.78   69.75   119.63   85.80   115.34   79.07 
 261    0.70    4.96     34.53    2.66    2.86     19.95   14.81   14.58     23.72    8.90    7.45      6.93   63.60   69.72   119.99   83.74   115.71   77.02 
 262    0.70    4.95     37.60    1.85    2.86     17.57   19.67   14.60     23.72    8.90    7.45      6.91   64.73   69.70   119.18   81.72   115.04   74.91 
 263    0.70    4.92     36.52    2.08    2.86     15.97   24.04   14.63     23.72    8.90    7.46      6.93   64.95   69.68   119.69   78.79   115.72   71.92 
 264    0.70    4.93     39.26    1.50    2.85     14.21   29.49   14.69     23.72    8.90    7.46      6.90   65.95   69.67   119.67   76.74   115.20   70.11 
 265    0.70    4.96     33.72    2.81    2.85     14.10   30.53   14.75     23.72    8.90    7.47      6.91   66.28   69.66   119.66   75.56   115.61   68.84 
 266    0.72    4.90     32.21    3.30    2.85     20.16   15.31   14.75     23.60    9.04    7.47      7.41   63.35   69.63   119.91   73.23   115.76   66.62 
 267    0.72    4.87     32.88    3.03    2.85     17.79   20.10   14.77     23.60    9.04    7.48      7.53   63.04   69.61   119.86   70.72   115.75   64.09 
 268    0.72    4.89     29.83    4.26    2.86     17.32   21.37   14.80     23.60    9.04    7.49      7.67   62.18   69.58   119.72   70.01   115.58   63.42 
 269    0.72    4.90     30.27    4.02    2.86     15.57   25.74   14.84     23.60    9.04    7.49      7.72   62.04   69.55   119.81   67.54   115.46   60.94 
 270    0.72    4.87     28.17    5.07    2.87     14.32   29.61   14.89     23.60    9.04    7.50      7.72   61.55   69.52   119.23   66.46   114.93   59.84 
 271    0.75    4.91     28.42    4.92    2.88     20.90   13.81   14.89     23.52    9.15    7.50      8.47   56.00   69.47   119.89   65.10   115.66   58.42 
 272    0.75    4.91     28.15    5.08    2.89     20.08   15.10   14.89     23.52    9.15    7.51      8.35   56.69   69.43   120.52   64.82   116.19   58.14 
 273    0.75    4.93     27.15    5.72    2.90     19.99   15.30   14.89     23.52    9.15    7.52      8.32   56.69   69.38   120.75   65.66   116.38   58.97 
 274    0.75    4.92     29.40    4.46    2.90     20.74   14.05   14.89     23.52    9.15    7.52      8.24   57.02   69.34   121.80   65.64   117.29   59.03 
 275    0.75    4.94     31.69    3.48    2.91     19.22   17.04   14.90     23.52    9.15    7.53      7.94   58.68   69.30   122.89   66.61   118.42   60.16 
 276    0.77    4.93     35.47    2.29    2.90     19.27   16.69   14.90     23.50    9.19    7.53      7.87   59.22   69.26   123.32   67.89   118.83   61.22 
 277    0.77    4.90     34.14    2.71    2.90     18.82   17.46   14.91     23.50    9.19    7.54      7.70   59.74   69.23   125.07   70.25   120.62   63.51 
 278    0.77    4.92     39.12    1.56    2.90     18.09   18.70   14.93     23.50    9.19    7.55      7.76   59.05   69.19   125.39   72.67   120.91   65.88 
 279    0.77    4.93     39.43    1.54    2.89     17.48   19.76   14.94     23.50    9.19    7.55      7.37   60.14   69.16   126.51   74.48   121.87   67.84 
 280    0.77    4.94     39.45    1.56    2.89     17.20   19.89   14.96     23.50    9.19    7.56      7.23   60.83   69.13   127.62   76.21   122.93   69.40 
 281    0.81    4.96     40.38    1.42    2.88     18.66   16.51   14.97     23.37    9.35    7.56      7.20   59.96   69.09   129.20   77.78   124.68   70.74 
 282    0.81    4.92     36.61    2.23    2.88     18.49   16.71   14.97     23.37    9.35    7.57      6.97   60.95   69.07   130.54   78.33   125.88   71.43 
 283    0.81    4.98     35.59    2.53    2.88     17.68   18.06   14.98     23.37    9.35    7.58      6.92   60.34   69.03   131.96   78.93   127.44   71.89 
 284    0.81    4.92     34.56    2.88    2.88     16.85   20.07   15.00     23.37    9.35    7.58      6.77   61.02   69.01   132.74   79.48   128.32   72.63 
 285    0.81    4.94     38.48    1.85    2.88     15.63   22.87   15.03     23.37    9.35    7.59      6.48   62.67   68.98   134.82   80.32   130.29   73.53 
 286    0.91    4.96     33.40    3.35    2.88     18.91   15.61   15.03     23.27    9.45    7.59      6.58   61.91   68.96   135.07   80.20   130.61   73.35 
 287    0.91    5.00     31.86    4.03    2.88     17.28   18.77   15.04     23.27    9.45    7.60      6.28   63.78   68.94   135.46   80.37   131.11   73.51 
 288    0.91    4.93     34.22    3.06    2.88     17.57   18.03   15.05     23.27    9.45    7.61      6.34   63.50   68.92   135.87   80.96   131.29   74.11 
 289    0.91    4.99     32.19    3.89    2.89     17.06   19.06   15.07     23.27    9.45    7.61      6.31   63.57   68.90   135.85   81.95   131.29   75.04 
 290    0.91    4.90     31.72    4.13    2.89     16.57   20.27   15.09     23.27    9.45    7.62      6.40   62.85   68.88   136.48   82.10   131.92   75.21 
 291    0.94    4.91     32.69    3.73    2.89     16.44   20.53   15.10     23.21    9.52    7.63      6.22   63.78   68.87   138.28   83.26   133.76   76.41 
 292    0.94    4.90     29.24    5.64    2.90     15.98   21.65   15.13     23.21    9.52    7.63      6.34   62.83   68.84   138.53   84.57   133.98   77.76 
 293    0.94    4.93     30.37    4.99    2.91     13.58   28.39   15.17     23.21    9.52    7.64      6.15   63.91   68.83   139.38   86.01   134.51   79.34 
 294    0.94    4.95     30.07    5.23    2.92     12.54   31.75   15.23     23.21    9.52    7.65      6.13   64.34   68.81   141.00   87.51   136.26   80.63 
 295    0.94    4.94     28.37    6.46    2.93     11.17   37.45   15.30     23.21    9.52    7.65      5.97   65.19   68.80   141.44   88.69   136.99   81.73 
 296    1.01    4.95     28.47    6.47    2.94     16.30   20.45   15.32     23.03    9.72    7.66      6.23   63.09   68.78   142.82   90.61   138.43   83.59 
 297    1.01    4.95     28.97    6.13    2.95     13.84   26.89   15.36     23.03    9.72    7.67      6.12   63.56   68.76   143.46   92.06   138.86   85.16 
 298    1.01    4.96     27.59    7.25    2.97     13.13   29.12   15.41     23.03    9.72    7.67      6.13   63.40   68.75   143.66   92.44   139.26   85.37 
 299    1.01    4.97     27.77    7.13    2.98     12.59   31.01   15.46     23.03    9.72    7.68      6.07   63.51   68.73   143.51   94.13   139.02   87.17 
 300    1.01    4.94     27.69    7.24    2.99     12.31   32.31   15.51     23.03    9.72    7.69      6.03   64.01   68.71   143.15   96.24   138.78   89.21 
 301    1.06    5.00     27.26    7.65    3.01     15.95   21.07   15.53     22.85    9.91    7.69      6.05   63.70   68.70   143.31   97.60   139.05   90.41 
 302    1.06    4.97     27.61    7.39    3.02     13.51   27.73   15.57     22.85    9.91    7.70      5.83   64.61   68.68   143.14   99.73   139.03   92.43 
 303    1.06    4.98     27.65    7.37    3.04     11.95   33.07   15.63     22.85    9.91    7.71      5.70   65.21   68.67   142.12  101.86   137.91   94.53 
 304    1.06    5.02     27.83    7.24    3.05     11.34   35.33   15.70     22.85    9.91    7.72      5.68   65.30   68.66   142.04  103.25   137.82   95.93 
 305    1.06    4.99     27.59    7.43    3.07     11.69   33.91   15.76     22.85    9.91    7.72      5.62   65.57   68.65   141.19  103.73   137.21   96.25 
 306    1.09    4.95     28.89    6.38    3.08     16.14   20.34   15.77     22.67   10.12    7.73      5.67   65.06   68.64   140.37  105.07   136.50   97.54 
 307    1.09    4.98     28.50    6.63    3.09     13.65   27.34   15.81     22.67   10.12    7.74      5.82   64.46   68.62   139.03  104.51   135.30   96.95 
 308    1.09    4.93     29.76    5.71    3.10     13.25   28.56   15.85     22.67   10.12    7.75      5.81   64.28   68.61   138.41  105.67   134.81   98.10 
 309    1.09    4.96     30.08    5.48    3.11     13.93   26.27   15.88     22.67   10.12    7.75      5.84   63.90   68.59   138.22  105.21   134.72   97.56 
 310    1.09    5.00     31.95    4.39    3.11     13.70   26.77   15.92     22.67   10.12    7.76      5.87   63.71   68.58   137.41  105.74   134.01   98.01 
 311    1.16    4.93     32.71    4.01    3.11     16.86   18.77   15.93     22.48   10.33    7.77      6.18   61.62   68.56   137.11  105.38   133.64   97.78 
 312    1.16    4.94     31.88    4.40    3.12     16.35   19.80   15.94     22.48   10.33    7.78      6.25   61.53   68.53   136.38  105.75   133.24   97.89 
 313    1.16    4.95     30.04    5.41    3.12     16.54   19.63   15.95     22.48   10.33    7.79      6.14   62.39   68.51   136.14  104.44   133.08   96.64 
 314    1.16    4.92     32.80    3.92    3.13     16.37   19.97   15.96     22.48   10.33    7.79      6.21   61.97   68.49   136.24  104.64   133.11   96.86 
 315    1.16    4.95     31.64    4.47    3.13     17.00   18.57   15.97     22.48   10.33    7.80      6.16   62.63   68.47   135.32  104.20   132.38   96.27 
 316    1.18    4.98     32.26    4.13    3.13     19.54   14.02   15.97     22.37   10.45    7.81      6.27   62.48   68.46   134.24  103.54   131.08   95.69 
 317    1.18    4.98     35.76    2.73    3.13     16.84   19.54   15.98     22.37   10.45    7.82      6.28   62.94   68.44   133.15  103.56   130.27   95.84 
 318    1.18    4.94     33.08    3.68    3.13     18.36   16.51   15.98     22.37   10.45    7.83      6.30   63.78   68.42   131.83  102.37   128.85   94.60 
 319    1.18    4.98     32.93    3.70    3.14     18.64   16.08   15.98     22.37   10.45    7.84      6.36   63.77   68.41   130.04  101.52   127.31   93.67 
 320    1.18    4.97     33.61    3.39    3.14     18.07   17.31   15.98     22.37   10.45    7.84      6.46   63.37   68.39   128.98  100.81   125.99   93.09 
 321    1.18    4.92     34.40    3.06    3.14     19.42   14.86   15.98     22.31   10.52    7.85      6.49   63.77   68.38   127.49  100.56   124.33   92.78 
 322    1.18    4.91     34.99    2.84    3.14     19.22   15.15   15.98     22.31   10.52    7.86      6.48   64.07   68.37   125.74  100.84   122.67   92.96 
 323    1.18    4.94     32.03    3.96    3.14     20.48   13.14   15.97     22.31   10.52    7.87      6.51   63.96   68.35   124.25   99.53   121.39   91.49 
 324    1.18    4.91     34.68    2.87    3.14     19.74   14.51   15.96     22.31   10.52    7.88      6.55   64.15   68.34   122.55   99.46   119.57   91.53 
 325    1.18    5.02     34.98    2.75    3.14     19.54   14.76   15.96     22.31   10.52    7.89      6.67   63.37   68.32   120.83   99.17   117.97   91.08 
 326    1.31    4.88     32.21    3.75    3.14     21.42   11.86   15.95     22.29   10.56    7.89      6.65   63.42   68.31   119.17   98.10   116.30   89.97 
 327    1.31    4.88     34.12    2.97    3.14     20.47   13.45   15.94     22.29   10.56    7.90      6.75   63.15   68.29   117.60   97.51   114.85   89.42 
 328    1.31    4.92     32.18    3.67    3.14     20.38   13.44   15.93     22.29   10.56    7.91      6.70   63.54   68.28   115.94   96.58   112.96   88.47 
 329    1.31    4.90     32.39    3.55    3.14     20.21   13.65   15.93     22.29   10.56    7.92      6.68   63.27   68.26   114.95   96.51   112.07   88.40 
 330    1.31    4.89     33.92    2.96    3.14     19.97   14.09   15.92     22.29   10.56    7.93      6.77   62.83   68.25   113.85   96.07   110.99   87.93 
 331    1.41    4.99     32.60    3.41    3.14     19.98   14.19   15.92     22.29   10.56    7.93      6.62   63.99   68.23   112.20   95.64   109.46   87.60 
 332    1.41    5.03     32.07    3.61    3.14     19.72   14.69   15.91     22.29   10.56    7.94      6.81   62.99   68.22   111.47   95.30   108.58   87.29 
 333    1.41    4.98     32.99    3.21    3.14     17.58   18.77   15.92     22.29   10.56    7.95      6.63   64.52   68.21   109.94   95.70   107.04   87.71 
 334    1.41    5.05     34.89    2.55    3.14     17.45   19.00   15.93     22.29   10.56    7.96      6.70   63.97   68.19   108.41   94.96   105.40   87.01 
 335    1.41    4.96     34.36    2.69    3.14     17.83   18.24   15.94     22.29   10.56    7.97      6.75   63.77   68.18   107.07   94.62   104.31   86.54 
 336    1.42    4.96     33.28    3.02    3.14     19.15   15.83   15.94     22.24   10.62    7.97      6.83   63.36   68.17   106.00   94.34   103.32   86.28 
 337    1.42    4.93     33.24    3.01    3.14     18.72   16.58   15.94     22.24   10.62    7.98      6.95   62.52   68.15   104.11   94.40   101.39   86.33 
 338    1.42    4.93     31.76    3.55    3.14     16.92   20.20   15.95     22.24   10.62    7.99      6.83   62.62   68.13   102.59   94.20    99.82   86.13 
 339    1.42    4.95     33.30    2.96    3.14     16.35   21.28   15.97     22.24   10.62    8.00      6.81   62.61   68.12   100.79   95.72    98.20   87.55 
 340    1.42    4.98     30.36    4.12    3.14     16.43   21.19   15.98     22.24   10.62    8.00      6.75   63.13   68.10    99.27   95.10    96.66   86.94 
 341    1.44    4.89     30.35    4.09    3.15     17.51   18.32   15.99     22.19   10.69    8.01      6.74   62.78   68.09    96.96   95.58    94.17   87.44 
 342    1.44    5.02     29.65    4.41    3.15     17.87   17.49   15.99     22.19   10.69    8.02      6.62   62.32   68.07    96.12   95.26    93.20   87.12 
 343    1.44    4.96     31.01    3.75    3.15     16.21   21.17   16.01     22.19   10.69    8.03      6.60   62.36   68.05    94.81   96.06    92.31   88.01 
 344    1.44    4.95     32.18    3.25    3.15     15.26   23.43   16.03     22.19   10.69    8.04      6.47   63.49   68.04    93.16   95.71    90.72   87.65 
 345    1.44    5.01     31.13    3.64    3.15     15.67   22.15   16.05     22.19   10.69    8.04      6.53   63.15   68.03    91.66   95.91    89.09   87.69 
 346    1.52    5.00     29.92    4.14    3.16     19.31   14.53   16.04     22.12   10.78    8.05      6.59   61.86   68.01    90.13   95.56    87.62   87.41 
 347    1.52    4.97     30.20    3.98    3.16     18.76   15.26   16.04     22.12   10.78    8.06      6.49   61.98   67.99    88.53   95.67    85.85   87.40 
 348    1.52    4.94     30.07    4.01    3.16     17.81   17.06   16.04     22.12   10.78    8.07      6.63   60.58   67.97    87.47   95.81    84.79   87.55 
 349    1.52    4.99     30.62    3.73    3.16     17.19   18.02   16.05     22.12   10.78    8.07      6.50   61.10   67.95    85.65   95.97    82.86   87.65 
 350    1.52    4.95     31.19    3.48    3.16     15.68   21.21   16.06     22.12   10.78    8.08      6.45   60.79   67.93    84.22   96.59    81.47   88.29 
 351    1.64    4.95     30.64    3.68    3.16     19.95   12.94   16.06     22.08   10.82    8.09      6.48   60.12   67.91    82.60   96.12    79.84   87.78 
 352    1.64    4.93     29.50    4.15    3.17     17.51   17.09   16.06     22.08   10.82    8.10      6.55   59.48   67.88    81.12   95.94    78.36   87.71 
 353    1.64    4.89     30.67    3.61    3.17     16.26   19.42   16.07     22.08   10.82    8.11      6.57   59.59   67.86    79.04   96.45    76.62   88.17 
 354    1.64    4.90     29.00    4.30    3.17     15.22   22.09   16.08     22.08   10.82    8.11      6.53   59.15   67.84    78.30   97.03    75.47   88.80 
 355    1.64    4.92     28.87    4.35    3.17     15.02   22.33   16.10     22.08   10.82    8.12      6.54   59.07   67.81    76.52   96.56    74.00   88.29 
 356    1.69    4.96     29.42    4.05    3.18     18.17   15.23   16.10     22.03   10.87    8.13      6.56   57.99   67.78    74.73   96.06    72.48   87.76 
 357    1.69    4.90     29.33    4.05    3.18     17.98   15.75   16.10     22.03   10.87    8.14      6.55   57.61   67.75    74.18   95.41    71.81   87.12 
 358    1.69    4.95     29.79    3.84    3.18     19.94   12.56   16.09     22.03   10.87    8.14      6.59   58.14   67.73    73.39   95.31    71.15   86.90 
 359    1.69    4.89     30.97    3.29    3.18     17.06   17.40   16.09     22.03   10.87    8.15      6.76   56.59   67.70    72.08   94.78    69.69   86.35 
 360    1.69    4.92     30.45    3.47    3.18     15.70   20.49   16.10     22.03   10.87    8.16      6.67   56.62   67.67    71.96   94.76    69.50   86.44 
 361    1.66    4.90     31.29    3.15    3.18     17.45   16.72   16.11     21.98   10.92    8.17      6.83   55.36   67.63    71.75   94.87    69.28   86.52 
 362    1.66    5.02     29.63    3.80    3.18     16.48   18.72   16.11     21.98   10.92    8.17      6.82   55.57   67.60    71.63   94.02    69.18   85.72 
 363    1.66    4.99     29.50    3.87    3.19     18.12   15.80   16.11     21.98   10.92    8.18      6.80   55.74   67.57    72.49   93.86    69.99   85.47 
 364    1.66    5.01     31.14    3.19    3.19     17.72   17.04   16.12     21.98   10.92    8.19      6.87   56.37   67.54    73.99   93.22    71.55   84.87 
 365    1.66    5.04     28.12    4.55    3.19     16.35   20.32   16.13     21.98   10.92    8.20      6.88   57.85   67.51    75.21   91.03    73.06   82.55 
 366    1.77    4.96     29.76    3.78    3.19     16.77   19.82   16.14     21.91   10.99    8.20      6.77   59.09   67.49    77.27   90.17    74.78   81.71 
 367    1.77    4.93     29.29    3.99    3.19     15.75   22.50   16.15     21.91   10.99    8.21      6.80   59.13   67.46    78.96   88.66    76.73   80.21 
 368    1.77    4.89     30.86    3.32    3.19     15.56   23.02   16.17     21.91   10.99    8.22      6.84   59.36   67.44    80.31   88.28    77.92   79.84 
 369    1.77    4.95     34.30    2.23    3.19     15.49   23.35   16.19     21.91   10.99    8.23      6.96   59.27   67.42    81.45   88.16    79.23   79.69 
 370    1.77    4.93     33.03    2.60    3.19     15.07   24.97   16.22     21.91   10.99    8.23      7.03   60.01   67.40    82.59   86.32    80.43   77.84 
 371    1.90    4.94     32.13    2.86    3.19     19.82   14.71   16.21     21.85   11.07    8.24      7.30   59.17   67.38    83.84   84.10    81.64   75.67 
 372    1.90    4.95     33.64    2.40    3.19     19.03   16.37   16.21     21.85   11.07    8.25      7.31   59.50   67.36    85.16   82.84    83.08   74.44 
 373    1.90    4.89     36.77    1.65    3.18     15.99   23.34   16.23     21.85   11.07    8.26      7.33   60.23   67.34    85.50   80.83    83.23   72.44 
 374    1.90    4.97     33.95    2.28    3.18     16.45   22.49   16.25     21.85   11.07    8.27      7.32   61.20   67.32    86.88   77.88    84.68   69.52 
 375    1.90    4.98     34.80    2.06    3.18     16.83   21.80   16.26     21.85   11.07    8.27      7.48   60.64   67.30    88.61   77.36    86.33   69.00 
 376    1.95    4.98     34.57    2.11    3.17     20.17   14.87   16.26     21.80   11.15    8.28      7.70   59.96   67.28    89.34   75.44    87.27   66.99 
 377    1.95    5.01     35.69    1.86    3.17     19.04   17.16   16.26     21.80   11.15    8.29      7.79   59.73   67.26    91.08   74.61    89.02   66.16 
 378    1.95    5.01     39.55    1.20    3.17     19.07   17.43   16.27     21.80   11.15    8.30      7.73   60.55   67.24    92.39   72.56    90.50   64.18 
 379    1.95    4.95     37.83    1.47    3.16     18.27   19.41   16.27     21.80   11.15    8.30      7.90   60.42   67.23    94.42   71.51    92.44   63.15 
 380    1.95    4.99     37.12    1.60    3.16     17.42   21.65   16.29     21.80   11.15    8.31      7.74   62.76   67.21    96.17   70.11    94.11   61.74 
 381    2.02    4.94     38.41    1.40    3.15     18.54   19.52   16.30     21.77   11.21    8.32      8.15   60.74   67.20    98.78   68.61    96.90   60.32 
 382    2.02    4.97     36.05    1.87    3.15     17.47   22.23   16.31     21.77   11.21    8.33      8.14   61.93   67.18   100.92   67.40    99.14   59.05 
 383    2.02    4.97     40.97    1.07    3.14     18.30   20.27   16.32     21.77   11.21    8.33      8.16   62.19   67.17   102.65   67.13   100.76   58.80 
 384    2.02    4.94     40.94    1.09    3.14     17.43   22.47   16.34     21.77   11.21    8.34      8.20   61.98   67.16   105.10   65.94   103.21   57.60 
 385    2.02    4.97     40.06    1.23    3.13     17.03   23.33   16.36     21.77   11.21    8.35      8.17   62.18   67.14   107.04   65.67   105.08   57.29 
 386    2.09    4.95     40.60    1.17    3.13     20.35   15.96   16.36     21.75   11.27    8.36      8.19   61.47   67.13   108.93   66.11   106.92   57.84 
 387    2.09    4.92     45.31    0.69    3.12     20.69   15.21   16.35     21.75   11.27    8.36      8.28   60.51   67.11   111.36   66.60   109.42   58.28 
 388    2.09    4.97     50.31    0.39    3.12     19.42   17.55   16.36     21.75   11.27    8.37      8.13   61.23   67.10   113.43   67.41   111.60   59.11 
 389    2.09    4.93     45.73    0.68    3.11     18.72   18.95   16.36     21.75   11.27    8.38      8.03   61.40   67.08   115.65   67.61   113.74   59.37 
 390    2.09    4.94     40.77    1.22    3.10     17.70   21.02   16.37     21.75   11.27    8.39      8.02   60.95   67.07   118.34   69.12   116.33   60.87 
 391    2.21    4.92     43.19    0.94    3.10     19.52   16.84   16.38     21.73   11.33    8.39      7.82   61.73   67.05   119.21   70.03   117.46   61.74 
 392    2.21    4.96     38.12    1.71    3.09     19.25   17.00   16.38     21.73   11.33    8.40      7.86   60.89   67.04   120.02   71.61   118.09   63.25 
 393    2.21    4.95     42.83    1.01    3.09     20.17   15.16   16.37     21.73   11.33    8.41      7.78   60.48   67.02   121.85   73.00   119.85   64.67 
 394    2.21    4.98     41.90    1.14    3.08     20.11   15.08   16.37     21.73   11.33    8.42      7.60   61.14   67.01   123.11   74.73   120.86   66.43 
 395    2.21    4.96     44.25    0.88    3.08     18.72   17.56   16.37     21.73   11.33    8.42      7.37   62.04   66.99   125.39   76.25   123.36   67.91 
 396    2.26    4.96     44.54    0.86    3.07     22.79   11.00   16.36     21.71   11.37    8.43      7.48   60.76   66.98   125.44   77.92   123.29   69.71 
 397    2.26    4.99     45.11    0.81    3.07     21.87   12.14   16.35     21.71   11.37    8.44      7.33   61.47   66.96   126.21   79.38   123.83   71.22 
 398    2.26    4.94     39.70    1.53    3.06     21.05   13.22   16.34     21.71   11.37    8.45      7.28   61.30   66.95   125.91   81.12   123.59   72.93 
 399    2.26    5.00     38.39    1.81    3.06     22.50   10.96   16.33     21.71   11.37    8.45      7.07   62.14   66.94   126.57   83.31   124.09   75.12 
 400    2.26    4.96     41.87    1.21    3.06     21.61   12.14   16.32     21.71   11.37    8.46      6.98   62.73   66.93   127.50   84.75   124.90   76.57 
 401    2.22    4.97     42.63    1.13    3.05     21.21   12.56   16.31     21.73   11.36    8.47      7.04   62.02   66.92   127.35   88.39   124.96   80.15 
 402    2.22    4.98     37.51    2.06    3.05     20.09   13.92   16.30     21.73   11.36    8.47      6.94   62.32   66.90   128.26   90.08   125.57   81.65 
 403    2.22    4.98     38.51    1.85    3.05     18.77   16.30   16.30     21.73   11.36    8.48      6.89   61.67   66.89   126.82   93.07   124.39   84.76 
 404    2.22    5.01     36.52    2.35    3.04     22.62   10.29   16.29     21.73   11.36    8.49      6.80   61.60   66.88   127.81   94.30   125.03   85.98 
 405    2.22    4.96     37.34    2.16    3.04     20.48   13.01   16.28     21.73   11.36    8.50      6.69   62.02   66.87   127.59   97.22   124.98   88.80 
 406    2.43    4.97     41.13    1.40    3.04     21.21   11.85   16.27     21.72   11.38    8.50      6.77   60.57   66.85   128.39   99.81   125.52   91.54 
 407    2.43    4.92     35.59    2.69    3.04     20.30   13.09   16.26     21.72   11.38    8.51      6.64   61.10   66.84   128.10  101.03   125.31   92.76 
 408    2.43    4.92     36.95    2.32    3.04     19.43   14.27   16.26     21.72   11.38    8.52      6.72   60.17   66.82   129.08  103.40   126.23   95.06 
 409    2.43    4.92     36.34    2.51    3.03     19.98   13.49   16.25     21.72   11.38    8.52      6.55   60.95   66.81   129.34  105.45   126.35   97.31 
 410    2.43    4.92     38.13    2.06    3.03     19.63   13.93   16.24     21.72   11.38    8.53      6.44   61.49   66.79   129.65  108.32   126.91  100.04 
 411    2.56    4.98     37.96    2.13    3.03     18.69   15.17   16.24     21.70   11.39    8.54      6.43   61.09   66.78   129.87  110.88   127.22  102.41 
 412    2.56    4.94     32.46    4.08    3.03     18.06   16.26   16.24     21.70   11.39    8.54      6.53   59.77   66.76   129.84  112.56   127.08  104.13 
 413    2.56    4.97     35.28    2.98    3.03     17.90   16.72   16.24     21.70   11.39    8.55      6.30   60.94   66.75   130.45  115.85   127.98  107.66 
 414    2.56    4.94     32.33    4.25    3.03     17.29   17.84   16.25     21.70   11.39    8.56      6.26   60.61   66.73   130.50  118.31   127.66  110.32 
 415    2.56    4.88     32.33    4.29    3.04     16.03   20.33   16.26     21.70   11.39    8.57      6.13   61.22   66.72   130.73  120.48   127.96  112.44 
 416    2.59    4.98     32.38    4.31    3.04     16.48   19.12   16.26     21.65   11.45    8.57      5.98   62.26   66.71   130.54  123.58   127.46  115.64 
 417    2.59    4.96     31.65    4.74    3.04     15.66   20.83   16.27     21.65   11.45    8.58      5.89   62.49   66.70   130.47  125.59   127.50  117.51 
 418    2.59    4.97     31.24    5.02    3.05     14.54   23.47   16.29     21.65   11.45    8.59      5.98   61.00   66.68   130.50  128.42   127.49  120.34 
 419    2.59    4.94     29.92    5.91    3.06     14.04   24.74   16.31     21.65   11.45    8.59      5.86   61.58   66.67   130.50  130.04   127.42  121.97 
 420    2.59    4.97     30.73    5.43    3.06     13.29   26.68   16.34     21.65   11.45    8.60      5.63   62.97   66.66   129.92  133.15   126.89  124.98 
 421    2.63    4.91     31.35    5.07    3.07     15.26   21.13   16.35     21.56   11.56    8.61      5.64   62.00   66.65   129.37  135.52   126.47  127.32 
 422    2.63    4.94     30.00    5.98    3.07     14.52   22.59   16.36     21.56   11.56    8.61      5.71   60.93   66.64   129.03  137.52   125.61  129.48 
 423    2.63    4.96     29.87    6.11    3.08     13.58   25.04   16.38     21.56   11.56    8.62      5.55   61.29   66.63   128.50  139.76   125.37  131.62 
 424    2.63    4.95     29.94    6.12    3.09     12.69   27.36   16.41     21.56   11.56    8.63      5.51   61.33   66.61   128.17  142.20   125.00  133.96 
 425    2.63    4.93     30.12    6.05    3.10     12.03   29.57   16.44     21.56   11.56    8.63      5.25   62.82   66.61   127.65  144.71   124.44  136.57 
 426    2.75    4.94     28.86    7.08    3.10     15.08   20.58   16.45     21.47   11.67    8.64      5.38   61.67   66.59   127.60  147.09   124.26  138.85 
 427    2.75    4.89     30.19    6.11    3.11     12.96   26.03   16.47     21.47   11.67    8.65      5.08   62.76   66.58   127.17  150.14   123.89  141.91 
 428    2.75    4.89     29.47    6.71    3.12     12.12   28.38   16.50     21.47   11.67    8.66      5.07   62.89   66.58   126.97  152.63   123.45  144.47 
 429    2.75    4.92     27.28    8.72    3.13     11.25   31.36   16.53     21.47   11.67    8.66      5.10   62.18   66.57   126.74  153.62   123.28  145.43 
 430    2.75    4.88     27.84    8.24    3.14     10.86   32.93   16.57     21.47   11.67    8.67      4.95   62.87   66.56   125.81  156.36   122.28  148.22 
 431    2.85    4.91     27.66    8.49    3.16     14.85   20.70   16.58     21.36   11.78    8.68      5.20   60.47   66.54   125.87  158.26   122.24  150.16 
 432    2.85    4.96     28.09    8.14    3.17     13.07   25.23   16.60     21.36   11.78    8.68      5.14   60.48   66.53   125.60  160.87   121.74  152.90 
 433    2.85    4.95     26.92    9.40    3.18     11.73   29.08   16.63     21.36   11.78    8.69      4.98   61.39   66.52   124.71  162.27   121.11  154.14 
 434    2.85    4.98     26.96    9.42    3.20     11.13   31.03   16.66     21.36   11.78    8.70      4.93   60.77   66.50   124.51  164.40   120.95  156.25 
 435    2.85    4.92     27.27    9.16    3.21     10.66   32.37   16.70     21.36   11.78    8.71      4.85   61.21   66.49   124.59  167.05   120.77  158.87 
 436    2.88    4.97     27.67    8.79    3.22     14.66   20.16   16.71     21.25   11.91    8.71      4.95   59.77   66.48   123.66  169.08   119.63  160.91 
 437    2.88    4.94     26.64    9.96    3.24     14.25   20.90   16.72     21.25   11.91    8.72      4.92   59.18   66.46   122.80  170.34   118.81  162.18 
 438    2.88    4.98     27.09    9.48    3.25     13.31   23.11   16.73     21.25   11.91    8.73      4.91   58.86   66.44   122.50  171.78   118.37  163.66 
 439    2.88    4.97     27.63    8.92    3.27     12.33   25.77   16.75     21.25   11.91    8.73      4.87   59.04   66.43   122.11  173.16   117.84  165.06 
 440    2.88    4.98     27.20    9.42    3.28     11.45   28.09   16.78     21.25   11.91    8.74      4.85   58.57   66.41   120.56  174.50   116.58  166.34 
 441    2.88    4.95     27.91    8.69    3.29     17.17   14.47   16.77     21.19   11.97    8.75      5.04   57.30   66.39   120.55  175.91   116.28  167.80 
 442    2.88    4.98     27.35    9.33    3.31     15.33   17.92   16.78     21.19   11.97    8.76      5.02   56.84   66.37   120.28  177.35   116.10  169.32 
 443    2.88    4.98     27.18    9.54    3.32     14.66   19.10   16.78     21.19   11.97    8.76      4.90   57.68   66.35   119.54  178.28   115.37  170.13 
 444    2.88    4.99     27.63    9.07    3.33     14.16   20.09   16.79     21.19   11.97    8.77      5.00   56.84   66.32   118.76  179.51   114.60  171.29 
 445    2.88    4.99     27.05    9.75    3.35     12.87   23.36   16.80     21.19   11.97    8.78      5.01   56.47   66.30   118.52  180.73   114.14  172.64 
 446    3.12    4.97     27.31    9.48    3.36     16.46   15.19   16.80     21.15   12.00    8.79      5.16   55.55   66.28   116.89  182.49   112.58  174.34 
 447    3.12    5.00     26.21   10.83    3.38     14.78   18.37   16.80     21.15   12.00    8.79      5.18   54.81   66.25   116.37  183.33   112.11  175.09 
 448    3.12    4.94     26.83   10.03    3.39     13.05   22.36   16.81     21.15   12.00    8.80      5.19   55.11   66.23   114.92  183.52   110.43  175.43 
 449    3.12    4.99     27.07    9.74    3.41     11.74   26.05   16.84     21.15   12.00    8.81      5.19   54.81   66.20   113.98  183.78   109.56  175.74 
 450    3.12    4.95     27.46    9.29    3.42     11.86   25.36   16.85     21.15   12.00    8.81      5.23   54.20   66.18   112.08  184.39   107.85  176.23 
 451    3.37    4.96     27.35    9.40    3.43     14.93   17.89   16.86     21.06   12.09    8.82      5.47   52.68   66.15   111.78  184.40   107.55  176.24 
 452    3.37    4.93     27.80    8.91    3.45     13.56   21.05   16.87     21.06   12.09    8.83      5.38   53.50   66.12   111.51  185.01   107.33  176.81 
 453    3.37    5.01     28.10    8.60    3.46     13.31   21.70   16.88     21.06   12.09    8.84      5.34   53.77   66.09   110.52  185.46   106.21  177.46 
 454    3.37    4.94     26.86    9.97    3.47     13.43   21.22   16.89     21.06   12.09    8.84      5.22   54.31   66.06   108.84  186.08   104.67  177.90 
 455    3.37    4.94     26.45   10.45    3.49     13.28   21.58   16.90     21.06   12.09    8.85      5.12   54.83   66.04   107.95  186.70   103.83  178.44 
 456    3.31    4.99     27.61    9.09    3.50     17.11   13.94   16.89     21.01   12.13    8.86      5.25   53.46   66.01   107.38  186.64   103.25  178.35 
 457    3.31    5.02     26.57   10.21    3.51     16.02   15.93   16.89     21.01   12.13    8.86      5.22   54.07   65.99   106.71  184.95   102.59  176.78 
 458    3.31    4.98     26.66    9.95    3.53     14.00   20.18   16.90     21.01   12.13    8.87      5.19   54.17   65.96   106.08  181.97   101.97  173.76 
 459    3.31    4.99     26.25   10.28    3.54     12.34   24.42   16.91     21.01   12.13    8.88      5.15   54.36   65.93   105.83  178.83   101.78  170.50 
 460    3.31    4.97     26.71    9.64    3.56     12.23   24.43   16.93     21.01   12.13    8.89      5.17   54.47   65.91   104.74  176.42   100.96  167.93 
 461    3.36    4.95     26.53    9.70    3.57     13.28   21.84   16.94     20.95   12.18    8.89      5.20   53.78   65.88   105.84  173.06   101.92  164.58 
 462    3.36    4.96     26.55    9.54    3.58     13.06   22.19   16.95     20.95   12.18    8.90      5.31   53.77   65.86   105.16  169.86   101.43  161.24 
 463    3.36    4.96     26.83    9.05    3.59     11.99   25.07   16.97     20.95   12.18    8.91      5.37   53.51   65.83   104.99  166.19   101.44  157.44 
 464    3.36    4.98     27.55    8.18    3.60     10.80   28.34   16.99     20.95   12.18    8.91      5.30   54.55   65.81   104.40  162.81   101.05  154.00 
 465    3.36    4.99     27.42    8.11    3.61     10.35   29.81   17.02     20.95   12.18    8.92      5.05   54.76   65.78   105.08  157.55   101.59  148.80 
 466    3.57    5.01     27.22    8.18    3.62     12.53   23.05   17.03     20.85   12.30    8.93      5.48   52.56   65.75   105.48  153.52   102.07  144.84 
 467    3.57    4.96     27.17    8.11    3.63     11.69   25.15   17.05     20.85   12.30    8.94      5.24   53.34   65.73   106.18  150.10   102.85  141.40 
 468    3.57    5.02     28.60    6.78    3.64     11.42   25.63   17.07     20.85   12.30    8.94      5.25   53.01   65.70   106.38  147.35   103.33  138.53 
 469    3.57    4.99     28.53    6.75    3.65     11.14   26.65   17.09     20.85   12.30    8.95      5.23   53.31   65.67   107.07  144.11   103.53  135.33 
 470    3.57    4.95     27.56    7.46    3.65     10.74   28.38   17.11     20.85   12.30    8.96      5.18   53.51   65.65   108.18  140.63   104.96  131.93 
 471    3.74    4.97     28.36    6.71    3.66     15.19   17.04   17.11     20.79   12.35    8.96      5.33   52.45   65.62   109.28  137.33   105.94  128.38 
 472    3.74    4.93     27.95    6.96    3.67     13.42   20.88   17.12     20.79   12.35    8.97      5.39   51.98   65.59   110.09  133.29   106.56  124.43 
 473    3.74    4.91     29.82    5.55    3.67     13.46   20.85   17.13     20.79   12.35    8.98      5.31   52.14   65.56   111.40  131.00   107.67  122.12 
 474    3.74    4.93     30.34    5.22    3.68     12.59   22.92   17.14     20.79   12.35    8.99      5.45   51.12   65.53   112.92  129.78   109.30  120.84 
 475    3.74    4.94     28.57    6.39    3.68     12.99   21.98   17.15     20.79   12.35    8.99      5.41   51.33   65.50   113.89  127.32   110.07  118.55 
 476    3.72    4.94     29.05    6.07    3.69     16.24   15.25   17.15     20.72   12.41    9.00      5.50   51.40   65.47   115.65  126.79   111.97  117.86 
 477    3.72    4.97     29.01    6.09    3.69     16.09   15.79   17.14     20.72   12.41    9.01      5.56   52.11   65.44   116.89  125.60   113.19  116.65 
 478    3.72    4.92     29.31    5.86    3.70     16.00   16.30   17.14     20.72   12.41    9.01      5.61   52.76   65.42   118.79  123.36   115.05  114.52 
 479    3.72    4.92     31.94    4.30    3.70     14.85   18.64   17.15     20.72   12.41    9.02      5.57   53.58   65.39   119.73  122.32   115.86  113.52 
 480    3.72    4.92     29.80    5.54    3.70     14.98   18.72   17.15     20.72   12.41    9.03      5.68   53.43   65.37   121.75  120.55   117.85  111.76 
 481    3.55    4.96     28.47    6.50    3.71     15.61   17.84   17.15     20.69   12.44    9.04      5.82   53.59   65.34   124.01  119.04   120.14  110.21 
 482    3.55    4.96     29.89    5.55    3.71     14.98   19.45   17.15     20.69   12.44    9.04      5.80   54.22   65.32   125.47  119.13   121.80  110.33 
 483    3.55    4.95     29.98    5.54    3.71     15.27   18.97   17.16     20.69   12.44    9.05      5.77   55.24   65.30   127.90  119.49   124.23  110.70 
 484    3.55    4.93     30.76    5.13    3.72     14.93   19.70   17.16     20.69   12.44    9.06      5.91   54.58   65.28   129.68  120.91   125.95  112.17 
 485    3.55    4.92     30.83    5.14    3.72     14.32   21.18   17.17     20.69   12.44    9.06      5.97   54.62   65.26   132.02  120.75   128.23  111.99 
 486    3.93    4.92     29.33    6.19    3.72     14.95   19.81   17.18     20.63   12.49    9.07      5.77   56.01   65.24   133.63  120.83   130.17  111.97 
 487    3.93    4.93     29.40    6.12    3.73     15.14   19.49   17.18     20.63   12.49    9.08      5.93   55.36   65.22   135.32  120.07   131.63  111.34 
 488    3.93    4.98     30.54    5.39    3.73     14.48   20.99   17.19     20.63   12.49    9.08      5.90   55.66   65.20   136.86  119.83   133.02  111.10 
 489    3.93    4.96     31.75    4.71    3.74     14.20   21.72   17.20     20.63   12.49    9.09      5.84   56.26   65.18   137.96  119.87   134.28  111.14 
 490    3.93    4.96     32.70    4.23    3.74     13.71   23.22   17.21     20.63   12.49    9.10      5.88   56.20   65.16   138.54  119.98   134.79  111.40 
 491    4.15    5.02     31.04    5.18    3.74     15.85   18.33   17.21     20.57   12.57    9.11      5.87   56.41   65.14   141.35  118.84   137.61  110.17 
 492    4.15    4.97     30.82    5.34    3.74     15.37   19.40   17.22     20.57   12.57    9.11      5.83   56.85   65.13   143.12  118.40   139.32  109.75 
 493    4.15    4.94     31.01    5.26    3.75     15.38   19.51   17.22     20.57   12.57    9.12      5.94   56.24   65.11   144.98  117.93   141.40  109.25 
 494    4.15    4.95     32.87    4.26    3.75     13.84   23.18   17.24     20.57   12.57    9.13      5.96   56.44   65.09   147.58  118.02   143.81  109.35 
 495    4.15    4.96     31.71    4.91    3.75     15.23   19.96   17.24     20.57   12.57    9.13      5.91   56.29   65.07   149.08  116.73   145.45  108.15 
 496    4.21    4.91     31.09    5.30    3.75     18.67   13.46   17.23     20.52   12.62    9.14      5.94   56.43   65.06   150.87  116.20   147.19  107.73 
 497    4.21    4.94     30.64    5.63    3.76     16.73   16.80   17.23     20.52   12.62    9.15      5.93   56.77   65.04   152.44  115.38   148.67  106.90 
 498    4.21    4.93     31.75    4.98    3.76     16.09   18.19   17.23     20.52   12.62    9.15      5.91   56.91   65.02   154.74  114.72   150.88  106.36 
 499    4.21    4.94     31.34    5.27    3.76     14.55   21.41   17.24     20.52   12.62    9.16      5.98   56.68   65.01   157.01  114.53   153.09  105.93 
 500    4.21    4.94     30.48    5.85    3.77     14.04   23.18   17.25     20.52   12.62    9.17      6.02   56.41   64.99   158.96  113.49   155.31  105.03 
 501    4.27    5.04     33.41    4.22    3.77     13.10   25.86   17.27     20.48   12.66    9.18      6.09   55.99   64.97   162.39  114.87   158.29  106.69 
 502    4.27    5.01     32.44    4.78    3.77     13.38   24.59   17.29     20.48   12.66    9.18      6.07   55.90   64.95   164.71  114.57   160.73  106.07 
 503    4.27    5.04     30.63    5.96    3.77     13.16   25.20   17.30     20.48   12.66    9.19      5.96   56.36   64.94   167.12  113.30   163.28  104.73 
 504    4.27    4.94     31.80    5.25    3.78     13.10   25.35   17.32     20.48   12.66    9.20      6.12   55.48   64.92   169.79  114.04   166.05  105.45 
 505    4.27    5.01     30.88    5.93    3.78     12.73   26.64   17.34     20.48   12.66    9.20      5.94   56.63   64.90   171.99  114.12   168.10  105.76 
 506    4.36    4.96     29.66    6.93    3.79     13.69   23.71   17.35     20.39   12.77    9.21      5.94   56.47   64.88   174.13  115.07   170.18  106.70 
 507    4.36    4.96     29.67    6.98    3.79     12.09   28.12   17.37     20.39   12.77    9.22      5.88   56.28   64.87   176.15  115.15   172.25  106.62 
 508    4.36    4.95     29.90    6.87    3.80     12.06   28.07   17.39     20.39   12.77    9.22      5.78   56.48   64.85   178.11  116.57   174.23  108.06 
 509    4.36    4.94     30.49    6.48    3.80     11.84   28.77   17.41     20.39   12.77    9.23      5.86   55.77   64.83   180.14  117.72   176.23  109.22 
 510    4.36    4.97     30.04    6.92    3.81     11.18   30.65   17.44     20.39   12.77    9.24      5.83   55.61   64.81   182.21  119.79   178.57  111.13 
 511    4.70    5.02     29.44    7.50    3.82     13.48   23.35   17.45     20.31   12.88    9.24      5.71   55.68   64.80   183.75  121.27   179.87  112.77 
 512    4.70    4.97     29.15    7.83    3.83     12.84   25.00   17.47     20.31   12.88    9.25      5.66   55.47   64.78   183.93  123.60   180.03  115.16 
 513    4.70    4.96     29.31    7.77    3.83     12.24   26.20   17.48     20.31   12.88    9.26      5.64   54.95   64.76   185.21  126.64   181.34  118.05 
 514    4.70    4.99     29.51    7.64    3.84     11.90   26.89   17.50     20.31   12.88    9.27      5.58   54.51   64.74   185.19  129.43   181.10  120.93 
 515    4.70    4.93     30.59    6.80    3.85     12.21   26.13   17.52     20.31   12.88    9.27      5.55   53.99   64.72   185.31  133.27   181.22  125.11 
 516    4.66    4.98     30.08    7.27    3.85     15.17   18.34   17.52     20.23   12.98    9.28      5.75   52.62   64.69   185.74  135.14   181.75  126.98 
 517    4.66    4.97     29.73    7.65    3.86     13.68   21.51   17.53     20.23   12.98    9.29      5.75   52.35   64.67   186.75  137.76   182.73  129.58 
 518    4.66    4.96     30.01    7.48    3.87     12.83   23.55   17.54     20.23   12.98    9.29      5.58   53.03   64.65   188.79  139.38   184.57  131.24 
 519    4.66    4.93     29.01    8.49    3.88     12.40   24.77   17.55     20.23   12.98    9.30      5.69   52.61   64.62   190.84  139.98   186.60  131.81 
 520    4.66    4.91     30.01    7.61    3.88     12.24   25.42   17.57     20.23   12.98    9.31      5.85   51.78   64.60   192.99  139.77   188.60  131.83 
 521    4.48    4.97     30.21    7.46    3.89     12.99   23.35   17.58     20.16   13.05    9.32      5.89   52.01   64.58   194.42  138.97   190.25  131.04 
 522    4.48    4.94     28.65    8.99    3.90     11.72   27.15   17.60     20.16   13.05    9.32      5.80   53.11   64.55   196.41  137.17   191.84  129.38 
 523    4.48    5.00     29.00    8.61    3.91     10.99   29.43   17.62     20.16   13.05    9.33      5.82   53.63   64.53   197.84  134.25   193.25  126.27 
 524    4.48    4.98     28.40    9.19    3.92     10.65   31.31   17.65     20.16   13.05    9.34      5.92   53.52   64.51   198.50  130.57   194.27  122.78 
 525    4.48    4.99     28.36    9.19    3.93     10.42   32.51   17.67     20.16   13.05    9.34      5.85   54.66   64.49   199.91  126.41   195.54  118.68 
 526    4.88    4.94     28.80    8.69    3.94     12.37   26.12   17.69     20.06   13.17    9.35      5.88   55.14   64.48   200.63  122.99   196.19  115.30 
 527    4.88    5.00     28.50    8.95    3.95     11.32   29.50   17.71     20.06   13.17    9.36      5.82   55.66   64.46   202.20  117.94   197.89  110.12 
 528    4.88    4.95     28.79    8.59    3.96     10.75   31.48   17.74     20.06   13.17    9.37      5.89   54.96   64.44   202.07  115.10   197.47  107.46 
 529    4.88    4.94     29.76    7.64    3.96     10.33   32.71   17.77     20.06   13.17    9.37      5.80   55.41   64.42   203.24  111.41   198.52  103.90 
 530    4.88    4.96     29.48    7.83    3.97      9.55   35.54   17.80     20.06   13.17    9.38      5.59   56.39   64.41   203.00  108.04   197.99  100.67 
 531    5.20    4.93     29.05    8.19    3.98     12.64   24.82   17.81     19.94   13.34    9.39      5.98   53.82   64.39   203.02  105.67   197.86   98.22 
 532    5.20    4.86     29.55    7.71    3.99     11.71   27.70   17.83     19.94   13.34    9.40      5.96   53.46   64.37   203.58  103.35   198.49   96.13 
 533    5.20    4.93     29.04    8.14    3.99     11.59   28.40   17.85     19.94   13.34    9.40      5.92   54.11   64.35   202.77  101.59   197.85   94.28 
 534    5.20    4.88     29.00    8.11    4.00     11.19   29.91   17.87     19.94   13.34    9.41      5.86   54.96   64.33   202.05   99.09   197.01   91.87 
 535    5.20    4.90     29.66    7.42    4.01     11.08   30.64   17.90     19.94   13.34    9.42      6.09   54.06   64.31   201.04   96.79   196.00   89.59 
 536    5.25    4.95     29.26    7.73    4.01     13.18   24.16   17.91     19.88   13.41    9.42      6.16   53.72   64.29   200.47   94.43   195.53   87.08 
 537    5.25    4.97     29.84    7.20    4.02     13.84   22.14   17.92     19.88   13.41    9.43      6.26   52.84   64.27   201.32   90.98   196.54   83.57 
 538    5.25    5.02     29.84    7.18    4.03     13.74   21.60   17.93     19.88   13.41    9.44      6.31   52.15   64.25   202.62   86.69   197.44   79.42 
 539    5.25    4.94     28.59    8.30    4.03     13.09   22.81   17.93     19.88   13.41    9.45      6.26   50.70   64.22   203.14   83.25   198.08   76.05 
 540    5.25    4.93     29.02    7.85    4.04     12.02   25.16   17.95     19.88   13.41    9.45      6.15   49.89   64.20   203.68   81.21   198.67   74.08 
 541    5.36    4.95     28.62    8.19    4.05     12.85   22.46   17.96     19.82   13.48    9.46      6.01   48.98   64.17   203.51   77.77   198.50   70.72 
 542    5.36    4.91     28.44    8.37    4.06     12.25   23.40   17.97     19.82   13.48    9.47      5.93   48.90   64.14   204.27   76.85   199.08   69.88 
 543    5.36    4.98     27.91    8.88    4.07     12.65   22.25   17.97     19.82   13.48    9.48      5.86   47.96   64.11   203.80   74.30   198.62   67.36 
 544    5.36    5.05     27.70    9.07    4.07     12.22   23.20   17.98     19.82   13.48    9.48      5.93   47.22   64.08   203.60   73.25   198.43   66.25 
 545    5.36    5.15     27.61    9.12    4.08     12.36   23.37   17.99     19.82   13.48    9.49      5.84   48.11   64.05   202.78   72.20   197.87   65.29 
 546    5.60    5.13     27.75    8.92    4.09     15.92   15.73   17.99     19.77   13.54    9.50      6.10   47.73   64.02   201.52   72.43   196.48   65.36 
 547    5.60    4.96     28.22    8.43    4.10     15.19   17.63   17.99     19.77   13.54    9.51      6.30   47.97   63.99   200.72   73.72   195.87   66.44 
 548    5.60    5.01     27.16    9.47    4.11     13.05   23.66   18.00     19.77   13.54    9.51      6.29   49.58   63.96   197.68   75.27   192.79   67.98 
 549    5.60    5.01     28.04    8.53    4.12     13.35   23.69   18.01     19.77   13.54    9.52      6.32   51.09   63.94   197.11   76.86   192.43   69.53 
 550    5.60    4.91     28.49    8.04    4.13     12.49   27.05   18.03     19.77   13.54    9.53      6.40   52.17   63.92   194.71   79.38   190.10   71.96 
 551    5.63    5.02     28.76    7.75    4.13     13.57   24.35   18.04     19.70   13.61    9.54      6.49   53.41   63.90   193.56   79.76   188.93   72.32 
 552    5.63    4.97     28.58    7.89    4.14     13.65   24.71   18.05     19.70   13.61    9.54      6.61   53.28   63.88   191.92   81.57   187.50   73.90 
 553    5.63    4.90     29.09    7.39    4.14     12.64   28.25   18.07     19.70   13.61    9.55      6.69   53.61   63.86   189.71   84.15   185.31   76.42 
 554    5.63    5.01     30.95    5.91    4.15     12.98   27.64   18.08     19.70   13.61    9.56      6.71   53.99   63.85   188.07   86.25   184.07   78.34 
 555    5.63    4.90     30.18    6.43    4.15     12.56   29.30   18.11     19.70   13.61    9.57      6.71   54.79   63.83   185.63   87.51   181.59   79.64 
 556    5.84    4.94     30.78    5.94    4.16     14.05   24.68   18.12     19.64   13.71    9.57      6.83   54.46   63.81   183.19   89.18   179.00   81.30 
 557    5.84    4.95     32.28    4.94    4.16     13.60   26.25   18.13     19.64   13.71    9.58      6.89   54.20   63.79   179.91   92.04   175.78   84.09 
 558    5.84    4.85     33.69    4.14    4.16     13.86   25.32   18.14     19.64   13.71    9.59      6.81   55.06   63.78   177.89   92.88   173.86   84.78 
 559    5.84    4.99     33.00    4.43    4.16     14.49   23.45   18.15     19.64   13.71    9.59      6.64   55.58   63.76   174.54   92.96   170.73   84.71 
 560    5.84    4.89     33.83    3.97    4.16     14.29   24.26   18.16     19.64   13.71    9.60      6.96   54.45   63.75   171.43   93.81   167.89   85.46 
 561    5.37    4.96     36.32    2.93    4.15     15.24   21.72   18.17     19.58   13.80    9.61      6.92   54.34   63.73   169.46   94.35   166.11   85.96 
 562    5.37    4.92     31.61    5.00    4.16     15.07   21.92   18.18     19.58   13.80    9.62      6.67   55.52   63.72   166.15   94.44   162.97   85.99 
 563    5.37    4.99     35.15    3.27    4.15     14.75   22.93   18.19     19.58   13.80    9.62      6.84   55.10   63.70   163.89   95.01   160.73   86.57 
 564    5.37    4.96     33.76    3.77    4.15     14.48   24.11   18.20     19.58   13.80    9.63      6.58   57.03   63.69   160.42   94.95   157.31   86.53 
 565    5.37    4.96     36.21    2.79    4.15     13.23   27.38   18.21     19.58   13.80    9.64      6.67   57.12   63.68   156.39   96.57   153.42   87.86 
 566    6.17    4.94     30.87    5.10    4.15     14.83   22.83   18.22     19.52   13.88    9.65      6.69   56.96   63.67   152.39   97.34   149.73   88.52 
 567    6.17    4.96     31.25    4.80    4.15     14.06   24.98   18.23     19.52   13.88    9.65      6.65   57.29   63.65   148.53   99.89   145.97   91.10 
 568    6.17    4.92     29.11    6.07    4.16     13.23   27.31   18.25     19.52   13.88    9.66      6.46   57.78   63.64   145.32  101.60   142.69   93.04 
 569    6.17    4.90     29.01    6.08    4.16     12.09   30.32   18.27     19.52   13.88    9.67      6.23   58.02   63.63   143.59  102.52   140.78   94.10 
 570    6.17    4.88     30.09    5.38    4.16     12.45   28.47   18.29     19.52   13.88    9.68      6.25   56.70   63.62   141.95  103.70   138.95   95.18 
 571    6.25    4.96     33.29    3.75    4.16     15.16   21.64   18.29     19.46   13.97    9.68      6.45   56.54   63.61   144.33  103.60   141.10   95.10 
 572    6.25    4.93     30.08    5.53    4.17     16.17   20.24   18.30     19.46   13.97    9.69      6.62   56.83   63.60   147.27   99.88   143.33   91.72 
 573    6.25    4.92     31.89    4.58    4.17     16.04   20.92   18.30     19.46   13.97    9.70      7.01   55.90   63.58   151.85   98.02   147.70   90.00 
 574    6.25    4.94     34.08    3.64    4.16     16.63   19.54   18.30     19.46   13.97    9.71      7.42   54.29   63.57   156.49   98.44   152.22   90.42 
 575    6.25    4.93     31.94    4.78    4.17     15.17   23.07   18.31     19.46   13.97    9.71      7.29   55.04   63.55   160.82   98.25   156.30   90.42 
 576    6.40    5.02     30.97    5.47    4.17     15.74   21.03   18.32     19.42   14.03    9.72      7.16   55.58   63.54   166.14   96.96   161.54   89.17 
 577    6.40    4.94     28.46    7.49    4.17     14.57   23.33   18.33     19.42   14.03    9.73      7.12   55.42   63.53   169.83   96.15   165.02   88.33 
 578    6.40    4.88     27.86    8.15    4.18     13.76   25.23   18.34     19.42   14.03    9.74      7.03   54.88   63.51   172.97   96.06   168.34   88.15 
 579    6.40    4.93     28.40    7.74    4.19     13.53   25.09   18.35     19.42   14.03    9.74      6.81   55.35   63.50   176.30   95.75   171.50   87.92 
 580    6.40    4.89     28.22    7.97    4.19     13.36   25.29   18.36     19.42   14.03    9.75      6.85   54.46   63.48   178.06   95.55   173.10   87.84 
 581    6.44    4.92     26.54    9.77    4.20     13.41   24.93   18.37     19.36   14.13    9.76      6.59   55.00   63.47   178.92   95.09   173.97   87.25 
 582    6.44    4.88     27.76    8.44    4.21     12.81   26.37   18.39     19.36   14.13    9.77      6.51   55.22   63.45   180.04   92.44   175.07   84.58 
 583    6.44    5.03     28.09    8.06    4.22     13.64   24.38   18.40     19.36   14.13    9.77      6.69   53.85   63.44   178.36   92.45   173.44   84.56 
 584    6.44    4.94     26.58    9.52    4.23     14.39   22.70   18.40     19.36   14.13    9.78      6.79   53.50   63.42   175.72   92.34   170.74   84.52 
 585    6.44    4.95     26.95    9.00    4.23     14.44   22.82   18.41     19.36   14.13    9.79      6.82   53.59   63.40   173.42   93.02   168.47   85.23 
 586    6.78    4.98     26.99    8.91    4.24     14.54   23.00   18.42     19.31   14.20    9.80      6.87   53.40   63.38   170.11   95.73   165.02   88.06 
 587    6.78    4.94     26.10    9.81    4.25     14.61   23.03   18.43     19.31   14.20    9.80      6.96   53.12   63.37   167.07   96.77   161.99   89.18 
 588    6.78    4.88     26.56    9.26    4.26     14.09   24.32   18.44     19.31   14.20    9.81      6.80   53.79   63.35   164.32  100.50   159.14   92.89 
 589    6.78    4.91     27.05    8.69    4.27     14.18   24.23   18.45     19.31   14.20    9.82      6.92   53.14   63.33   161.42  103.66   156.27   96.04 
 590    6.78    4.94     26.58    9.07    4.28     14.44   23.70   18.46     19.31   14.20    9.83      6.80   54.40   63.32   157.72  105.40   152.59   97.67 
 591    6.99    4.89     26.72    8.80    4.28     14.39   23.68   18.47     19.25   14.28    9.83      6.74   54.44   63.30   154.03  107.34   148.99   99.57 
 592    6.99    4.94     28.41    7.12    4.29     15.31   20.89   18.47     19.25   14.28    9.84      6.65   54.65   63.29   149.98  109.26   144.49  101.78 
 593    6.99    4.92     29.39    6.23    4.29     15.09   21.39   18.47     19.25   14.28    9.85      6.54   55.38   63.28   146.35  109.80   140.86  102.45 
 594    6.99    4.97     31.46    4.83    4.29     14.44   22.93   18.48     19.25   14.28    9.86      6.49   55.99   63.26   141.72  112.07   135.99  104.96 
 595    6.99    4.98     29.83    5.79    4.30     14.39   23.04   18.49     19.25   14.28    9.86      6.59   55.18   63.25   138.57  113.23   132.89  106.22 
 596    7.05    4.95     30.49    5.31    4.30     14.74   21.87   18.49     19.20   14.36    9.87      6.37   55.79   63.24   136.21  114.71   130.45  107.82 
 597    7.05    4.93     31.37    4.80    4.30     14.74   21.69   18.50     19.20   14.36    9.88      6.49   55.03   63.22   134.06  117.22   128.22  110.38 
 598    7.05    4.93     28.94    6.38    4.30     14.75   21.21   18.50     19.20   14.36    9.89      6.56   54.00   63.21   132.27  120.20   126.43  113.36 
 599    7.05    4.93     27.57    7.49    4.31     13.63   23.59   18.51     19.20   14.36    9.89      6.34   53.83   63.19   130.54  121.71   124.62  114.95 
 600    7.05    5.02     28.99    6.42    4.31     12.66   25.02   18.52     19.20   14.36    9.90      6.31   52.55   63.17   129.24  125.37   123.53  118.42 
 601    6.68    4.95     28.01    7.30    4.31     12.85   24.57   18.53     19.16   14.42    9.91      6.25   52.25   63.16   129.95  128.03   123.99  121.29 
 602    6.68    4.96     26.24    9.05    4.32     11.43   29.10   18.55     19.16   14.42    9.92      5.96   54.16   63.14   129.19  130.01   123.42  123.06 
 603    6.68    4.97     26.23    9.19    4.33     10.89   31.36   18.57     19.16   14.42    9.92      5.84   55.25   63.13   129.23  132.69   123.40  125.77 
 604    6.68    4.99     24.90   10.89    4.34     10.65   33.16   18.60     19.16   14.42    9.93      5.73   56.34   63.12   130.38  135.01   124.60  128.14 
 605    6.68    4.95     23.81   12.63    4.36      9.12   39.87   18.63     19.16   14.42    9.94      5.54   57.88   63.11   131.28  138.46   125.63  131.47 
 606    7.27    4.92     25.78   10.21    4.37      8.01   43.26   18.67     19.04   14.60    9.95      5.12   58.74   63.10   132.00  144.29   126.44  137.26 
 607    7.27    4.92     26.14    9.95    4.37      7.15   44.26   18.72     19.04   14.60    9.95      4.91   58.12   63.09   132.11  148.55   126.30  141.84 
 608    7.27    4.96     14.28   39.43    4.43      6.09   40.36   18.75     19.04   14.60    9.96      4.54   57.76   63.08   113.31  126.32   107.86  119.29 
 609    7.27    4.91     10.48   61.57    4.53      6.16   34.62   18.78     19.04   14.60    9.97      5.27   47.87   63.06    92.93  116.05    87.36  108.94 
 610    7.27    4.97      9.61   68.60    4.63      7.03   29.58   18.79     19.04   14.60    9.98      5.63   37.72   63.02    74.72  128.64    69.26  121.42 
 611    7.52    4.88     10.49   62.67    4.73      9.94   21.59   18.80     18.86   14.87    9.98      8.48   25.32   62.96    77.36  138.52    72.14  131.00 
 612    7.52    4.95     10.04   66.49    4.83      9.88   21.56   18.80     18.86   14.87    9.99      8.82   24.18   62.89    75.37  135.78    70.40  128.25 
 613    7.52    5.05     10.41   63.94    4.92      9.94   21.65   18.81     18.86   14.87   10.00      9.08   23.37   62.83    75.77  140.09    70.64  132.78 
 614    7.52    4.99      8.77   77.04    5.04     10.55   21.27   18.81     18.86   14.87   10.01      9.13   23.25   62.76    52.86  168.22    47.18  161.25 
 615    7.52    4.99      8.65   77.61    5.16     10.64   21.14   18.82     18.86   14.87   10.02      9.20   23.16   62.70    51.72  170.55    46.21  163.44 
 616    7.62    4.94      8.48   78.42    5.28     18.02    9.05   18.80     18.83   14.87   10.02     14.78   12.21   62.62    50.42  171.01    45.00  163.87 
 617    7.62    4.89      8.71   75.79    5.39     18.07    8.94   18.78     18.83   14.87   10.03     15.15   11.64   62.53    52.35  168.47    46.63  161.55 
 618    7.62    5.02      9.08   72.16    5.50     18.18    8.81   18.77     18.83   14.87   10.04     15.29   11.43   62.45    54.69  168.52    49.26  161.26 
 619    7.62    4.92      8.58   75.70    5.61     17.96    9.00   18.75     18.83   14.87   10.05     15.32   11.44   62.37    50.77  166.45    44.58  159.58 
 620    7.62    4.91      9.13   70.39    5.72     18.21    8.77   18.74     18.83   14.87   10.06     15.74   10.93   62.29    53.96  167.68    50.05  159.64 
