   6    0.37    5.12     38.63    1.92    1.00     20.82   12.61   15.16    320.23    0.00   70.94      4.07   82.82   84.74   145.34   82.71   141.54   75.07 
   7    0.37    4.93     39.21    1.80    1.12     20.11   13.59   14.94    320.23    0.00   60.80      4.11   82.36   84.40   144.76   84.05   140.91   76.46 
   8    0.37    4.91     38.45    1.97    1.22     18.59   16.17   15.09    320.23    0.00   53.20      3.99   83.22   84.25   144.87   84.27   141.06   76.65 
   9    0.37    4.93     35.57    2.76    1.39     17.54   18.23   15.44    320.23    0.00   47.29      4.07   82.06   84.01   144.87   84.78   140.90   77.25 
  10    0.37    4.87     38.17    2.03    1.46     16.36   20.69   15.97    320.23    0.00   42.56      3.88   83.85   83.99   144.79   86.37   140.93   78.72 
  11    0.00    4.94     38.90    1.88    1.50     26.54    6.41   15.10    311.54    0.00   38.69      4.25   80.31   83.66   144.70   86.87   140.93   79.17 
  12    0.00    4.92     38.39    1.99    1.54     25.93    6.85   14.41    311.54    0.00   35.47      4.12   81.35   83.47   144.58   87.16   140.76   79.47 
  13    0.00    4.93     38.73    1.91    1.57     23.70    8.87   13.98    311.54    0.00   32.74      4.15   80.85   83.27   144.06   87.15   140.29   79.50 
  14    0.00    4.92     40.21    1.61    1.57     20.95   12.16   13.85    311.54    0.00   30.40      4.14   80.97   83.10   143.79   88.02   140.05   80.37 
  15    0.00    4.94     37.00    2.34    1.62     18.94   15.32   13.95    311.54    0.00   28.38      4.13   81.22   82.98   144.48   86.97   140.67   79.27 
  16    0.01    4.97     37.61    2.19    1.66     27.28    5.86   13.45    309.45    0.00   26.60      4.28   79.60   82.76   143.57   88.17   139.82   80.50 
  17    0.01    4.99     43.84    1.06    1.62     22.91    9.66   13.22    309.45    0.00   25.04      4.27   79.77   82.59   143.47   88.57   139.78   80.83 
  18    0.01    4.96     35.46    2.80    1.69     22.00   10.85   13.09    309.45    0.00   23.65      4.31   79.36   82.41   143.35   87.84   139.56   80.23 
  19    0.01    4.96     37.85    2.13    1.71     25.17    7.48   12.80    309.45    0.00   22.40      4.21   80.42   82.30   143.06   88.77   139.25   81.21 
  20    0.01    4.97     37.78    2.14    1.73     21.37   11.66   12.74    309.45    0.00   21.28      4.29   79.96   82.19   142.97   88.41   139.22   80.86 
  21    0.01    4.96     38.67    1.93    1.74     25.49    7.16   12.47     40.05    1.36   20.33      4.30   79.81   82.07   142.74   89.57   139.05   81.85 
  22    0.01    4.98     35.68    2.72    1.79     23.15    9.46   12.34     40.05    1.36   19.47      4.28   80.12   81.98   142.94   89.12   139.02   81.56 
  23    0.01    4.98     36.45    2.50    1.82     25.25    7.50   12.13     40.05    1.36   18.68      4.52   78.42   81.83   142.35   89.52   138.54   82.03 
  24    0.01    4.95     32.39    3.99    1.91     22.82    9.98   12.04     40.05    1.36   17.96      4.34   79.70   81.74   141.88   88.84   138.10   81.42 
  25    0.01    4.95     34.46    3.14    1.96     21.68   11.34   12.01     40.05    1.36   17.30      4.47   79.07   81.63   142.61   89.88   138.97   82.37 
  26    0.01    4.95     37.41    2.24    1.97     27.55    5.74   11.77     35.77    2.23   16.72      4.49   79.00   81.53   141.95   90.54   138.24   83.02 
  27    0.01    4.95     34.47    3.13    2.01     24.05    8.70   11.65     35.77    2.23   16.18      4.38   79.97   81.47   141.64   89.50   138.00   82.02 
  28    0.01    4.93     36.29    2.53    2.03     26.46    6.54   11.47     35.77    2.23   15.68      4.43   79.73   81.41   141.15   90.12   137.30   82.68 
  29    0.01    4.94     35.46    2.78    2.06     24.68    8.07   11.36     35.77    2.23   15.22      4.46   79.72   81.35   141.04   89.96   137.38   82.44 
  30    0.01    4.95     36.60    2.43    2.07     24.20    8.50   11.26     35.77    2.23   14.79      4.35   80.35   81.32   141.32   90.23   137.58   82.68 
  31    0.01    4.97     33.99    3.27    2.11     23.96    8.80   11.18     33.77    2.81   14.40      4.57   78.90   81.24   139.99   88.99   136.29   81.44 
  32    0.01    4.95     33.19    3.56    2.15     21.89   11.24   11.18     33.77    2.81   14.04      4.58   79.73   81.20   139.72   89.21   136.11   81.55 
  33    0.01    4.97     33.53    3.38    2.19     18.23   17.40   11.37     33.77    2.81   13.70      4.58   81.31   81.20   138.45   88.83   135.01   81.07 
  34    0.01    4.93     33.32    3.40    2.22     15.93   23.09   11.72     33.77    2.81   13.38      4.73   81.11   81.20   135.86   87.69   132.46   79.94 
  35    0.01    4.96     32.22    3.80    2.27     14.29   28.27   12.19     33.77    2.81   13.07      4.88   80.69   81.18   134.14   86.73   131.17   78.84 
  36    0.03    4.93     30.84    4.38    2.33     18.98   16.65   12.31     32.10    3.42   12.81      5.03   80.37   81.16   132.29   86.37   129.34   78.48 
  37    0.03    4.91     31.15    4.15    2.38     16.53   22.08   12.58     32.10    3.42   12.55      5.04   80.29   81.14   130.03   84.77   127.24   76.78 
  38    0.03    4.93     29.29    5.08    2.45     14.13   29.09   13.01     32.10    3.42   12.31      4.94   80.87   81.13   129.23   84.30   126.36   76.36 
  39    0.03    4.92     30.58    4.34    2.50     13.23   32.48   13.51     32.10    3.42   12.08      4.98   80.74   81.12   127.90   84.20   124.89   76.44 
  40    0.03    4.93     30.21    4.52    2.55     13.22   32.61   13.99     32.10    3.42   11.87      5.02   80.46   81.10   127.56   84.07   124.62   76.27 
  41    0.02    4.94     29.92    4.68    2.60     22.37   11.38   13.92     30.51    4.15   11.68      5.43   76.93   81.00   128.09   83.97   124.98   76.20 
  42    0.02    4.93     29.48    4.92    2.66     21.21   13.15   13.91     30.51    4.15   11.50      5.64   75.58   80.87   128.73   82.91   125.75   75.15 
  43    0.02    4.91     30.43    4.41    2.70     19.25   16.47   13.97     30.51    4.15   11.33      5.53   77.22   80.79   129.14   83.07   125.97   75.32 
  44    0.02    4.95     31.76    3.80    2.72     16.31   23.20   14.18     30.51    4.15   11.17      5.62   76.41   80.69   129.67   83.11   125.96   75.55 
  45    0.02    4.91     32.90    3.34    2.73     15.53   25.86   14.43     30.51    4.15   11.01      5.84   75.18   80.56   130.53   81.88   126.84   74.45 
  46    0.02    4.93     32.81    3.39    2.75     21.52   13.09   14.41     29.24    4.85   10.88      5.94   74.96   80.44   131.88   80.88   128.20   73.51 
  47    0.02    4.94     33.26    3.24    2.76     19.42   16.63   14.45     29.24    4.85   10.75      5.87   75.14   80.33   133.17   79.86   129.57   72.47 
  48    0.02    4.93     33.38    3.21    2.77     17.90   19.48   14.56     29.24    4.85   10.63      5.76   75.66   80.23   134.64   79.30   130.87   71.91 
  49    0.02    4.94     34.93    2.70    2.77     17.48   20.18   14.67     29.24    4.85   10.51      5.80   75.14   80.13   134.85   79.33   131.03   71.90 
  50    0.02    4.92     36.77    2.20    2.76     17.40   20.34   14.79     29.24    4.85   10.39      5.80   74.52   80.02   135.35   79.37   131.59   71.95 
  51    0.02    4.90     37.61    2.02    2.74     21.64   12.55   14.74     28.54    5.31   10.30      5.64   75.13   79.92   136.08   80.98   132.37   73.66 
  52    0.02    4.94     37.37    2.09    2.73     19.51   15.84   14.76     28.54    5.31   10.20      5.46   76.72   79.86   136.63   82.34   132.71   75.04 
  53    0.02    4.90     42.89    1.12    2.70     19.78   15.24   14.77     28.54    5.31   10.11      5.40   76.12   79.79   136.17   84.19   132.30   76.96 
  54    0.02    4.92     38.96    1.78    2.68     20.28   14.12   14.76     28.54    5.31   10.02      5.39   75.78   79.71   136.70   86.30   132.95   78.84 
  55    0.02    4.89     34.23    3.09    2.69     18.79   16.47   14.79     28.54    5.31    9.93      5.30   75.78   79.64   137.50   88.55   133.75   80.96 
  56    0.03    4.90     36.75    2.34    2.68     20.88   12.79   14.76     27.75    5.84    9.86      5.19   75.36   79.57   136.97   91.83   133.09   84.43 
  57    0.03    4.93     36.02    2.58    2.68     19.26   15.17   14.76     27.75    5.84    9.79      4.94   76.40   79.51   137.28   94.33   133.43   86.97 
  58    0.03    4.92     35.26    2.84    2.68     18.02   17.25   14.81     27.75    5.84    9.72      5.07   74.86   79.43   137.69   96.11   133.72   88.73 
  59    0.03    4.93     32.70    3.85    2.70     16.31   20.94   14.91     27.75    5.84    9.66      4.92   75.45   79.36   136.80   97.58   132.84   90.27 
  60    0.03    4.93     31.10    4.67    2.74     13.89   27.15   15.11     27.75    5.84    9.59      4.74   75.67   79.30   137.37   99.37   133.66   91.82 
  61    0.03    4.94     32.44    4.01    2.76     17.96   16.88   15.14     26.96    6.38    9.54      4.60   76.43   79.25   136.54  102.46   132.58   95.21 
  62    0.03    4.96     30.96    4.80    2.79     16.05   21.04   15.24     26.96    6.38    9.49      4.50   77.04   79.22   135.84  104.32   131.99   97.09 
  63    0.03    4.90     30.81    4.91    2.82     13.17   28.56   15.45     26.96    6.38    9.44      4.33   77.06   79.18   135.25  106.83   131.20   99.66 
  64    0.03    4.91     30.35    5.21    2.86     11.61   33.78   15.74     26.96    6.38    9.39      4.04   78.24   79.17   135.37  108.94   131.60  101.76 
  65    0.03    4.93     29.14    6.03    2.91     10.84   36.99   16.06     26.96    6.38    9.34      3.99   78.23   79.16   136.15  109.47   132.32  102.37 
  66    0.04    4.92     29.71    5.71    2.95     17.83   16.31   16.07     26.13    6.98    9.31      4.26   75.68   79.10   136.53  111.18   132.63  104.00 
  67    0.04    4.95     29.07    6.22    3.00     16.41   19.25   16.11     26.13    6.98    9.27      4.24   75.28   79.05   138.41  111.56   134.45  104.40 
  68    0.04    4.90     28.66    6.58    3.05     14.35   24.22   16.23     26.13    6.98    9.24      4.25   74.92   78.98   139.89  111.76   135.85  104.61 
  69    0.04    4.97     29.24    6.22    3.10     13.01   28.23   16.41     26.13    6.98    9.21      4.23   74.46   78.92   140.74  112.70   136.73  105.62 
  70    0.04    4.91     29.35    6.20    3.14     12.16   30.99   16.62     26.13    6.98    9.18      4.17   75.04   78.86   142.05  113.34   138.00  106.25 
  71    0.04    4.94     31.05    5.15    3.17     15.58   20.78   16.67     25.46    7.48    9.15      4.23   74.57   78.80   143.86  114.67   139.81  107.55 
  72    0.04    4.91     29.48    6.22    3.21     13.30   27.20   16.82     25.46    7.48    9.13      4.26   74.10   78.74   144.73  113.79   140.67  106.71 
  73    0.04    4.93     31.00    5.26    3.24     12.80   28.52   16.98     25.46    7.48    9.11      4.06   75.58   78.69   147.20  114.29   142.98  107.27 
  74    0.04    4.95     30.44    5.64    3.27     11.42   33.03   17.20     25.46    7.48    9.08      3.98   75.53   78.65   148.52  113.75   144.09  106.82 
  75    0.04    4.93     30.97    5.28    3.30     10.59   36.47   17.45     25.46    7.48    9.06      3.94   76.31   78.62   148.57  112.12   144.13  105.14 
  76    0.05    4.92     32.08    4.61    3.32     16.21   19.50   17.48     24.48    8.32    9.05      4.26   74.41   78.57   148.11  111.08   143.77  104.20 
  77    0.05    4.91     30.89    5.23    3.34     14.61   24.27   17.57     24.48    8.32    9.04      4.39   75.22   78.52   147.58  107.56   143.04  100.80 
  78    0.05    4.90     32.15    4.47    3.36     14.59   24.77   17.66     24.48    8.32    9.03      4.57   75.28   78.48   147.08  105.70   142.53   98.91 
  79    0.05    4.89     34.94    3.20    3.36     13.88   27.23   17.78     24.48    8.32    9.03      4.69   75.20   78.44   146.44  104.17   141.92   97.39 
  80    0.05    4.89     35.60    2.94    3.35     13.45   28.82   17.92     24.48    8.32    9.02      4.77   75.45   78.40   146.02  102.24   141.46   95.39 
  81    0.05    4.91     34.00    3.50    3.35     18.37   16.63   17.90     23.86    8.90    9.01      4.90   74.62   78.35   145.36   99.34   140.94   92.52 
  82    0.05    4.94     36.91    2.48    3.34     17.75   17.87   17.90     23.86    8.90    9.01      5.12   73.42   78.29   145.40   98.29   140.81   91.56 
  83    0.05    4.95     36.10    2.70    3.33     17.24   19.05   17.92     23.86    8.90    9.01      5.07   73.70   78.24   145.06   96.32   140.51   89.58 
  84    0.05    4.93     38.30    2.09    3.32     16.46   20.70   17.95     23.86    8.90    9.01      5.19   72.73   78.17   145.12   95.72   140.47   88.96 
  85    0.05    4.96     35.34    2.94    3.32     15.95   21.97   18.00     23.86    8.90    9.01      5.00   74.06   78.13   145.35   94.35   140.81   87.53 
  86    0.06    4.96     37.54    2.28    3.30     18.66   15.98   17.98     23.58    9.19    9.01      5.12   73.01   78.07   145.75   94.93   141.29   88.01 
  87    0.06    4.93     36.87    2.45    3.29     20.20   13.39   17.92     23.58    9.19    9.01      5.01   73.80   78.02   144.87   93.60   140.33   86.67 
  88    0.06    4.94     39.53    1.80    3.28     19.67   14.25   17.88     23.58    9.19    9.02      5.32   71.71   77.94   145.03   93.92   140.50   87.04 
  89    0.06    4.93     37.21    2.34    3.27     19.57   14.52   17.84     23.58    9.19    9.02      5.28   72.27   77.88   143.99   92.60   139.43   85.73 
  90    0.06    4.94     38.57    1.99    3.25     18.16   17.07   17.83     23.58    9.19    9.02      5.18   73.00   77.83   143.98   92.59   139.50   85.62 
  91    0.08    4.94     38.73    1.94    3.24     20.24   13.68   17.79     23.39    9.39    9.02      5.22   73.37   77.78   143.03   90.11   138.53   83.22 
  92    0.08    4.93     43.76    1.07    3.21     20.54   13.29   17.74     23.39    9.39    9.03      5.51   72.17   77.72   142.43   89.51   137.94   82.60 
  93    0.08    4.96     40.35    1.58    3.20     19.20   15.57   17.72     23.39    9.39    9.03      5.34   74.24   77.68   141.32   87.69   136.99   80.55 
  94    0.08    4.97     43.05    1.13    3.17     18.95   16.47   17.70     23.39    9.39    9.04      5.64   72.97   77.63   140.25   86.61   135.79   79.71 
  95    0.08    4.97     38.35    1.91    3.16     16.31   22.44   17.75     23.39    9.39    9.04      5.61   74.81   77.60   139.64   84.93   135.43   77.68 
  96    0.08    4.96     39.80    1.59    3.14     20.32   14.33   17.72     23.13    9.69    9.05      5.72   74.71   77.57   136.64   83.58   132.74   76.11 
  97    0.08    4.98     36.94    2.17    3.13     17.65   19.76   17.74     23.13    9.69    9.05      5.98   73.74   77.53   133.59   83.25   129.63   75.84 
  98    0.08    4.93     34.21    2.91    3.13     18.04   19.47   17.76     23.13    9.69    9.06      6.11   73.55   77.49   132.18   81.83   128.38   74.59 
  99    0.08    4.96     31.05    4.14    3.14     19.88   15.82   17.74     23.13    9.69    9.07      5.94   75.31   77.47   130.51   82.76   126.85   75.48 
 100    0.08    4.96     31.95    3.68    3.15     19.10   17.39   17.73     23.13    9.69    9.07      6.04   75.51   77.45   128.49   81.28   125.06   73.89 
 101    0.09    4.96     29.91    4.60    3.16     20.82   14.08   17.70     22.92    9.99    9.08      6.24   73.51   77.41   127.32   82.03   123.76   74.60 
 102    0.09    4.92     29.90    4.58    3.18     19.26   16.88   17.69     22.92    9.99    9.09      6.09   73.82   77.37   126.84   81.33   123.25   74.00 
 103    0.09    4.97     30.08    4.48    3.19     20.27   15.13   17.66     22.92    9.99    9.10      6.02   74.38   77.34   126.20   81.24   122.78   73.92 
 104    0.09    4.96     31.79    3.68    3.19     20.05   15.48   17.64     22.92    9.99    9.11      6.10   74.38   77.32   125.20   81.26   121.99   73.84 
 105    0.09    4.93     31.65    3.73    3.20     21.36   13.22   17.60     22.92    9.99    9.12      6.28   72.67   77.27   124.68   81.80   121.32   74.36 
 106    0.10    4.95     32.81    3.25    3.20     21.73   12.70   17.55     22.87   10.10    9.12      6.29   72.68   77.23   124.31   80.49   121.04   73.05 
 107    0.10    4.95     32.14    3.51    3.20     20.25   15.09   17.53     22.87   10.10    9.13      6.32   72.26   77.18   124.65   80.05   121.38   72.64 
 108    0.10    4.97     33.02    3.18    3.20     20.28   15.03   17.51     22.87   10.10    9.14      6.26   72.38   77.14   124.61   81.38   121.27   74.05 
 109    0.10    4.95     34.93    2.57    3.20     20.16   15.16   17.49     22.87   10.10    9.15      6.31   71.76   77.09   125.15   80.67   121.75   73.30 
 110    0.10    4.90     36.31    2.21    3.19     18.96   17.34   17.49     22.87   10.10    9.16      6.24   72.19   77.04   126.17   80.56   122.79   73.19 
 111    0.11    4.95     39.12    1.62    3.17     21.01   13.58   17.45     22.79   10.24    9.17      6.03   72.93   77.01   127.18   81.07   123.76   73.70 
 112    0.11    4.93     41.48    1.25    3.16     19.00   16.93   17.45     22.79   10.24    9.18      5.97   72.61   76.97   127.53   81.59   124.09   74.20 
 113    0.11    4.92     48.23    0.58    3.13     19.27   16.21   17.44     22.79   10.24    9.19      5.90   72.62   76.93   128.77   83.43   125.18   76.11 
 114    0.11    4.94     39.50    1.60    3.12     18.25   18.07   17.44     22.79   10.24    9.20      5.85   72.43   76.89   128.93   83.13   125.43   75.77 
 115    0.11    4.93     37.49    2.04    3.11     18.59   17.17   17.44     22.79   10.24    9.21      5.87   71.78   76.85   129.89   84.07   126.18   76.71 
 116    0.12    4.92     37.55    2.04    3.10     19.03   16.29   17.43     22.66   10.42    9.22      5.65   72.68   76.81   130.94   84.73   127.07   77.48 
 117    0.12    4.92     37.86    2.00    3.09     18.01   18.08   17.43     22.66   10.42    9.23      5.84   71.39   76.76   131.94   87.13   128.10   79.81 
 118    0.12    4.93     34.64    2.94    3.09     17.23   19.73   17.45     22.66   10.42    9.24      5.62   72.01   76.72   133.34   88.31   129.41   81.13 
 119    0.12    4.92     31.84    4.11    3.10     16.37   21.49   17.49     22.66   10.42    9.25      5.36   73.26   76.69   133.95   88.70   130.26   81.38 
 120    0.12    4.90     32.39    3.89    3.11     16.38   21.25   17.52     22.66   10.42    9.26      5.26   73.59   76.67   134.46   90.66   130.25   83.54 
 121    0.13    4.95     33.15    3.58    3.11     18.49   16.52   17.51     22.44   10.69    9.27      5.47   71.89   76.63   134.49   92.20   130.15   85.13 
 122    0.13    4.96     32.72    3.77    3.11     16.08   21.68   17.54     22.44   10.69    9.28      5.31   72.57   76.59   134.99   92.15   130.60   85.08 
 123    0.13    4.90     33.42    3.47    3.12     16.35   20.99   17.57     22.44   10.69    9.29      5.22   73.01   76.57   134.84   92.72   130.36   85.70 
 124    0.13    4.98     32.40    3.92    3.12     15.50   23.25   17.62     22.44   10.69    9.30      5.32   72.43   76.53   135.12   92.99   130.61   85.98 
 125    0.13    4.94     29.52    5.53    3.14     16.22   21.44   17.65     22.44   10.69    9.31      5.32   72.16   76.50   135.40   93.13   130.63   86.32 
 126    0.15    4.86     30.87    4.76    3.16     17.15   18.97   17.66     22.25   10.91    9.33      5.20   72.32   76.46   136.57   94.07   131.80   87.23 
 127    0.15    4.86     31.27    4.57    3.17     16.05   21.33   17.69     22.25   10.91    9.34      5.08   72.83   76.44   137.35   95.10   132.59   88.26 
 128    0.15    4.86     31.08    4.67    3.18     14.63   24.87   17.74     22.25   10.91    9.35      5.12   72.63   76.41   136.30   96.03   131.58   89.00 
 129    0.15    4.86     30.08    5.22    3.19     16.80   19.67   17.76     22.25   10.91    9.36      5.12   72.41   76.38   136.57   94.25   131.80   87.35 
 130    0.15    4.89     30.38    5.03    3.21     17.55   18.10   17.76     22.25   10.91    9.38      5.15   72.74   76.35   136.46   93.96   131.69   87.05 
 131    0.23    4.93     31.82    4.25    3.22     19.98   13.64   17.73     22.06   11.14    9.39      5.02   73.71   76.33   136.95   94.04   132.22   87.08 
 132    0.23    4.92     32.25    4.04    3.22     17.37   18.44   17.74     22.06   11.14    9.40      5.20   72.17   76.30   137.23   93.65   132.32   86.76 
 133    0.23    4.94     30.00    5.23    3.24     17.64   17.98   17.74     22.06   11.14    9.42      4.88   74.68   76.28   136.04   92.35   131.17   85.45 
 134    0.23    4.92     30.37    5.02    3.25     18.02   17.17   17.73     22.06   11.14    9.43      5.12   73.04   76.26   135.88   93.41   130.96   86.58 
 135    0.23    4.89     31.18    4.57    3.26     20.67   12.69   17.70     22.06   11.14    9.44      5.13   72.75   76.23   136.55   93.32   131.71   86.43 
 136    0.16    4.87     30.86    4.75    3.27     21.18   12.04   17.65     21.98   11.23    9.45      5.29   71.42   76.20   136.19   93.64   131.44   86.83 
 137    0.16    4.87     30.96    4.70    3.28     23.69    8.94   17.59     21.98   11.23    9.47      5.32   71.76   76.17   136.35   93.70   131.60   86.70 
 138    0.16    4.86     31.48    4.41    3.29     22.52   10.30   17.54     21.98   11.23    9.48      5.23   72.12   76.14   136.18   93.65   131.51   86.72 
 139    0.16    4.87     30.07    5.18    3.30     22.88    9.93   17.48     21.98   11.23    9.49      5.29   71.91   76.11   135.09   93.27   130.43   86.34 
 140    0.16    4.87     30.27    5.04    3.32     19.58   14.56   17.46     21.98   11.23    9.51      5.26   72.50   76.08   134.01   94.08   129.31   87.24 
 141    0.16    4.92     29.77    5.31    3.33     21.20   12.13   17.42     22.01   11.18    9.52      5.31   72.37   76.05   133.13   93.05   128.39   86.12 
 142    0.16    4.96     30.47    4.86    3.34     20.88   12.61   17.39     22.01   11.18    9.53      5.26   73.18   76.03   132.39   93.02   127.66   86.13 
 143    0.16    4.92     31.94    4.06    3.35     19.58   14.81   17.37     22.01   11.18    9.54      5.46   72.51   76.01   131.94   92.49   127.20   85.52 
 144    0.16    4.88     31.65    4.17    3.35     17.65   18.77   17.38     22.01   11.18    9.55      5.60   72.94   75.99   129.65   92.83   124.85   85.92 
 145    0.16    4.92     35.22    2.72    3.35     16.00   22.85   17.42     22.01   11.18    9.56      5.70   72.51   75.96   128.20   93.34   123.27   86.61 
 146    0.19    4.92     33.96    3.11    3.35     16.10   22.57   17.46     21.91   11.31    9.58      5.50   73.51   75.95   126.05   92.41   121.16   85.69 
 147    0.19    4.90     36.69    2.25    3.34     15.11   24.98   17.51     21.91   11.31    9.59      5.39   73.60   75.93   125.57   92.87   120.59   86.17 
 148    0.19    4.92     36.52    2.29    3.33     14.86   25.81   17.56     21.91   11.31    9.60      5.47   72.96   75.91   124.76   92.85   119.85   86.24 
 149    0.19    4.88     34.50    2.89    3.33     15.32   24.54   17.61     21.91   11.31    9.61      5.65   71.83   75.88   124.99   91.78   120.04   85.06 
 150    0.19    4.90     42.15    1.20    3.31     16.00   22.53   17.64     21.91   11.31    9.62      5.68   71.47   75.85   125.16   93.29   120.28   86.58 
 151    0.21    4.95     36.51    2.29    3.31     19.95   14.34   17.62     21.75   11.53    9.63      5.69   71.07   75.82   126.17   92.11   121.31   85.28 
 152    0.21    4.92     38.44    1.84    3.30     22.62   10.60   17.57     21.75   11.53    9.65      5.79   70.72   75.79   125.91   92.92   121.44   85.99 
 153    0.21    4.97     41.03    1.37    3.29     20.48   13.49   17.55     21.75   11.53    9.66      5.61   71.56   75.76   126.80   93.63   122.34   86.63 
 154    0.21    4.98     39.88    1.58    3.27     20.09   14.01   17.52     21.75   11.53    9.67      5.74   70.49   75.73   126.85   94.14   122.30   87.19 
 155    0.21    4.96     38.45    1.87    3.27     18.21   17.33   17.52     21.75   11.53    9.68      5.54   71.78   75.70   127.04   94.05   122.47   87.08 
 156    0.22    4.90     37.62    2.07    3.26     19.63   14.69   17.51     21.72   11.57    9.70      5.57   71.36   75.67   127.68   94.83   123.32   87.79 
 157    0.22    4.98     39.68    1.64    3.25     17.98   17.66   17.51     21.72   11.57    9.71      5.36   72.72   75.65   128.42   95.38   124.16   88.24 
 158    0.22    4.96     40.10    1.56    3.24     17.31   19.00   17.52     21.72   11.57    9.72      5.41   71.95   75.63   128.77   95.53   124.70   88.30 
 159    0.22    4.99     38.20    1.95    3.23     18.97   15.60   17.50     21.72   11.57    9.73      5.39   72.16   75.61   128.97   95.19   125.02   87.78 
 160    0.22    4.99     33.82    3.23    3.23     17.91   17.72   17.51     21.72   11.57    9.74      5.47   71.28   75.58   128.79   93.87   124.99   86.36 
 161    0.23    4.95     39.39    1.70    3.22     18.37   16.84   17.50     21.67   11.64    9.75      5.54   70.90   75.55   129.88   94.77   126.37   87.24 
 162    0.23    4.90     37.31    2.16    3.21     19.90   14.08   17.48     21.67   11.64    9.77      5.53   70.99   75.52   129.46   93.78   125.73   86.30 
 163    0.23    4.93     38.02    1.99    3.21     20.37   13.21   17.45     21.67   11.64    9.78      5.52   71.06   75.50   129.74   94.33   126.28   86.56 
 164    0.23    4.99     41.91    1.27    3.19     19.68   14.25   17.43     21.67   11.64    9.79      5.62   69.93   75.46   129.99   94.53   126.65   86.73 
 165    0.23    4.91     38.09    1.98    3.19     20.15   13.54   17.41     21.67   11.64    9.80      5.54   70.28   75.43   129.85   93.93   126.62   86.11 
 166    0.24    4.95     36.40    2.40    3.18     20.40   13.19   17.39     21.62   11.69    9.81      5.48   70.87   75.40   129.91   93.18   126.64   85.37 
 167    0.24    4.96     36.37    2.41    3.18     19.82   14.14   17.37     21.62   11.69    9.82      5.47   70.94   75.38   130.48   93.12   127.23   85.28 
 168    0.24    4.95     37.44    2.13    3.17     18.99   15.63   17.36     21.62   11.69    9.83      5.42   71.29   75.35   130.41   92.99   127.17   85.19 
 169    0.24    4.91     41.62    1.32    3.16     17.76   18.02   17.36     21.62   11.69    9.84      5.58   70.43   75.32   130.79   94.37   127.69   86.60 
 170    0.24    4.94     36.10    2.49    3.16     20.37   13.38   17.34     21.62   11.69    9.86      5.44   71.46   75.30   130.23   93.52   127.09   85.79 
 171    0.24    4.91     40.61    1.48    3.15     18.80   16.03   17.33     21.58   11.74    9.87      5.48   71.40   75.28   129.87   94.54   126.76   86.79 
 172    0.24    4.92     39.18    1.74    3.14     19.58   14.70   17.31     21.58   11.74    9.88      5.66   70.67   75.25   129.94   94.08   126.87   86.32 
 173    0.24    4.95     38.60    1.85    3.13     22.83   10.22   17.27     21.58   11.74    9.89      5.65   71.35   75.23   128.98   92.85   125.84   85.14 
 174    0.24    4.92     36.69    2.29    3.13     21.14   12.33   17.24     21.58   11.74    9.90      5.64   71.23   75.21   128.68   91.97   125.45   84.19 
 175    0.24    4.92     41.70    1.28    3.11     20.64   13.08   17.22     21.58   11.74    9.91      5.54   72.17   75.19   128.48   93.02   125.18   85.28 
 176    0.26    4.90     48.84    0.56    3.10     21.23   12.30   17.19     21.58   11.75    9.92      5.68   71.45   75.17   127.99   92.75   124.63   85.08 
 177    0.26    4.99     38.27    1.88    3.09     20.95   12.80   17.17     21.58   11.75    9.93      5.76   70.74   75.14   126.93   91.04   123.45   83.46 
 178    0.26    4.91     41.29    1.32    3.08     19.76   14.73   17.15     21.58   11.75    9.94      5.80   70.58   75.12   127.29   91.24   124.02   83.55 
 179    0.26    4.96     50.07    0.48    3.07     20.59   13.37   17.13     21.58   11.75    9.95      5.94   69.99   75.09   126.30   92.01   123.02   84.36 
 180    0.26    4.89     39.39    1.64    3.06     19.47   15.19   17.12     21.58   11.75    9.96      5.84   70.62   75.06   126.14   90.35   123.02   82.59 
 181    0.28    4.91     40.54    1.43    3.05     20.67   13.38   17.10     21.56   11.78    9.97      5.86   70.40   75.04   126.08   90.14   122.81   82.50 
 182    0.28    4.92     42.13    1.18    3.04     20.52   13.65   17.08     21.56   11.78    9.98      5.87   71.02   75.02   125.77   90.62   122.74   82.99 
 183    0.28    4.95     44.15    0.94    3.03     20.06   14.34   17.07     21.56   11.78    9.99      5.84   71.21   75.00   125.03   90.74   121.83   83.10 
 184    0.28    4.96     43.02    1.07    3.02     18.45   17.23   17.07     21.56   11.78   10.00      5.83   71.22   74.97   124.89   91.13   121.48   83.62 
 185    0.28    4.95     38.34    1.83    3.01     18.79   16.60   17.07     21.56   11.78   10.01      5.82   70.72   74.95   125.32   90.81   122.06   83.28 
 186    0.31    4.96     38.88    1.72    3.01     19.19   15.69   17.06     21.54   11.82   10.02      5.71   71.83   74.93   124.59   91.06   121.26   83.48 
 187    0.31    4.95     38.29    1.84    3.00     18.99   16.13   17.05     21.54   11.82   10.03      5.72   71.13   74.91   125.09   91.11   121.78   83.66 
 188    0.31    4.92     38.68    1.76    2.99     18.81   16.48   17.05     21.54   11.82   10.04      5.62   72.14   74.90   125.09   92.03   121.91   84.60 
 189    0.31    4.96     39.38    1.62    2.99     17.74   18.60   17.06     21.54   11.82   10.05      5.76   71.25   74.88   124.23   91.61   121.03   84.20 
 190    0.31    5.04     37.93    1.91    2.98     17.43   19.21   17.07     21.54   11.82   10.06      5.71   71.16   74.86   124.67   91.77   121.45   84.36 
 191    0.34    4.92     37.06    2.12    2.98     20.40   13.64   17.05     21.49   11.88   10.07      5.74   70.68   74.84   125.06   91.76   121.89   84.39 
 192    0.34    4.85     34.88    2.72    2.97     17.86   18.01   17.06     21.49   11.88   10.08      5.55   72.01   74.82   125.30   91.27   122.09   83.85 
 193    0.34    4.92     37.32    2.06    2.97     18.66   16.49   17.05     21.49   11.88   10.09      5.44   72.52   74.81   125.10   91.27   121.79   83.98 
 194    0.34    4.88     37.84    1.95    2.96     15.47   23.70   17.09     21.49   11.88   10.09      5.42   72.36   74.80   125.84   92.99   122.59   85.70 
 195    0.34    4.92     35.81    2.46    2.96     17.41   18.99   17.10     21.49   11.88   10.10      5.48   71.85   74.78   125.55   91.29   122.34   84.02 
 196    0.33    4.96     35.91    2.44    2.96     20.24   13.67   17.08     21.41   11.99   10.11      5.47   71.32   74.77   126.72   92.17   123.47   84.98 
 197    0.33    4.98     38.33    1.86    2.95     20.31   13.50   17.06     21.41   11.99   10.12      5.32   72.43   74.75   126.61   93.05   123.42   85.87 
 198    0.33    4.93     35.88    2.47    2.95     19.46   14.85   17.05     21.41   11.99   10.13      5.18   72.88   74.75   127.51   93.70   124.41   86.56 
 199    0.33    4.94     35.31    2.65    2.95     19.64   14.35   17.04     21.41   11.99   10.14      5.31   71.76   74.73   127.36   93.68   124.02   86.59 
 200    0.33    4.93     35.41    2.63    2.95     19.02   15.52   17.03     21.41   11.99   10.15      5.34   70.96   74.71   127.32   93.67   124.08   86.68 
 201    0.35    4.92     36.97    2.20    2.94     20.03   13.74   17.01     21.40   12.00   10.16      5.37   70.69   74.69   127.64   95.20   124.33   88.27 
 202    0.35    4.94     37.52    2.07    2.94     19.78   13.95   17.00     21.40   12.00   10.17      5.28   71.59   74.68   127.78   95.30   124.57   88.24 
 203    0.35    4.93     34.30    3.02    2.94     18.21   16.57   17.00     21.40   12.00   10.18      5.20   70.93   74.66   128.03   95.40   124.80   88.33 
 204    0.35    4.95     36.01    2.49    2.94     18.48   15.89   16.99     21.40   12.00   10.19      5.06   71.43   74.64   128.62   96.88   125.32   89.87 
 205    0.35    4.91     33.98    3.16    2.94     17.14   18.39   17.00     21.40   12.00   10.20      5.00   71.43   74.63   128.75   96.76   125.41   89.72 
 206    0.39    4.89     36.77    2.30    2.94     16.10   20.55   17.01     21.37   12.04   10.21      4.92   71.55   74.61   128.93   98.29   125.41   91.38 
 207    0.39    4.96     33.43    3.38    2.94     19.20   14.38   17.00     21.37   12.04   10.21      4.90   71.31   74.60   129.26   97.67   125.88   90.70 
 208    0.39    5.00     34.50    2.99    2.94     17.68   16.98   17.00     21.37   12.04   10.22      4.87   71.49   74.58   128.50   97.97   125.23   90.97 
 209    0.39    4.96     34.83    2.88    2.94     17.02   18.22   17.01     21.37   12.04   10.23      4.79   71.57   74.57   128.78   98.65   125.44   91.69 
 210    0.39    5.00     33.80    3.24    2.94     16.05   20.23   17.02     21.37   12.04   10.24      4.63   72.17   74.55   128.49   98.87   125.01   92.01 
 211    0.40    4.89     32.03    3.97    2.94     16.74   18.55   17.03     21.28   12.14   10.25      4.73   70.97   74.54   127.71   98.41   124.37   91.48 
 212    0.40    4.89     33.20    3.48    2.95     16.72   18.27   17.04     21.28   12.14   10.26      4.73   70.67   74.52   127.66   99.95   124.33   92.91 
 213    0.40    4.85     32.78    3.64    2.95     15.51   20.97   17.05     21.28   12.14   10.27      4.73   70.00   74.50   126.84   99.38   123.56   92.32 
 214    0.40    4.92     33.35    3.40    2.95     14.88   22.26   17.08     21.28   12.14   10.28      4.71   69.66   74.48   126.71  100.04   123.34   93.04 
 215    0.40    4.90     34.12    3.10    2.95     14.85   22.42   17.10     21.28   12.14   10.28      4.58   69.90   74.45   126.75  100.17   123.49   93.21 
 216    0.45    4.95     33.52    3.31    2.95     17.00   17.45   17.11     21.18   12.25   10.29      5.00   67.02   74.42   126.71   99.85   123.53   92.85 
 217    0.45    4.91     32.80    3.59    2.96     17.27   16.66   17.10     21.18   12.25   10.30      4.75   68.21   74.39   125.98   98.72   122.68   91.65 
 218    0.45    4.94     33.14    3.44    2.96     15.56   20.09   17.12     21.18   12.25   10.31      4.82   67.13   74.36   125.68   99.04   122.35   92.00 
 219    0.45    4.93     32.95    3.52    2.96     15.06   21.20   17.14     21.18   12.25   10.32      4.79   66.95   74.32   125.47   98.86   122.24   91.80 
 220    0.45    4.94     32.79    3.57    2.97     14.35   22.96   17.16     21.18   12.25   10.33      4.73   66.83   74.29   125.49   98.90   122.36   91.86 
 221    0.46    5.01     31.75    4.01    2.97     17.01   16.81   17.16     21.10   12.33   10.34      4.85   65.90   74.25   124.97   97.80   121.79   90.80 
 222    0.46    4.95     32.87    3.52    2.97     17.09   16.55   17.16     21.10   12.33   10.35      4.78   66.07   74.22   124.58   98.40   121.30   91.40 
 223    0.46    4.92     31.48    4.11    2.98     14.78   21.49   17.18     21.10   12.33   10.36      4.82   65.68   74.18   124.57   97.84   121.24   90.86 
 224    0.46    4.93     31.62    4.02    2.98     14.67   21.78   17.20     21.10   12.33   10.36      4.76   65.76   74.14   123.45   97.08   120.16   90.15 
 225    0.46    4.91     31.54    4.04    2.99     13.51   24.74   17.23     21.10   12.33   10.37      4.98   64.29   74.10   123.01   97.06   119.68   90.09 
 226    0.48    4.87     31.27    4.14    2.99     17.04   16.43   17.23     21.01   12.41   10.38      4.95   64.23   74.05   122.41   96.56   119.04   89.60 
 227    0.48    4.89     30.56    4.48    3.00     14.87   20.80   17.24     21.01   12.41   10.39      4.84   64.69   74.01   122.13   96.40   118.77   89.29 
 228    0.48    4.99     30.72    4.39    3.00     14.50   21.79   17.26     21.01   12.41   10.40      4.97   63.33   73.96   121.24   96.43   117.86   89.40 
 229    0.48    4.93     30.61    4.42    3.01     13.93   23.16   17.29     21.01   12.41   10.41      4.86   63.88   73.92   120.85   95.89   117.56   88.79 
 230    0.48    4.99     29.35    5.09    3.02     13.57   24.41   17.32     21.01   12.41   10.42      5.02   63.23   73.87   120.74   95.23   117.44   88.18 
 231    0.49    4.90     29.25    5.14    3.03     14.72   21.21   17.34     20.95   12.47   10.43      5.15   62.51   73.82   120.97   95.27   117.69   88.07 
 232    0.49    4.89     31.17    4.11    3.03     16.65   17.16   17.34     20.95   12.47   10.43      5.11   62.87   73.78   119.96   95.49   116.54   88.39 
 233    0.49    4.93     30.34    4.54    3.04     18.85   13.45   17.32     20.95   12.47   10.44      5.22   62.27   73.73   120.54   95.65   117.30   88.47 
 234    0.49    4.89     29.44    5.06    3.05     17.51   15.76   17.31     20.95   12.47   10.45      5.26   62.74   73.68   121.48   95.95   118.10   88.79 
 235    0.49    4.91     30.89    4.30    3.05     20.68   10.94   17.29     20.95   12.47   10.46      5.23   63.18   73.64   121.80   96.70   118.45   89.50 
 236    0.53    4.97     31.35    4.09    3.06     18.49   14.12   17.27     20.90   12.50   10.47      5.27   63.11   73.59   121.47   97.25   117.97   90.07 
 237    0.53    4.92     31.69    3.94    3.06     17.90   15.20   17.26     20.90   12.50   10.48      5.24   63.40   73.55   121.70   97.42   118.41   90.13 
 238    0.53    4.98     31.80    3.90    3.07     18.40   14.56   17.25     20.90   12.50   10.49      5.28   63.74   73.51   121.96   98.09   118.59   90.90 
 239    0.53    4.98     31.47    4.06    3.07     15.44   20.70   17.27     20.90   12.50   10.49      5.30   64.45   73.47   121.63   99.13   118.36   91.91 
 240    0.53    4.99     32.16    3.76    3.07     17.97   15.57   17.26     20.90   12.50   10.50      5.31   64.99   73.43   121.13   99.43   117.58   92.31 
 241    0.53    4.88     32.32    3.69    3.08     18.95   14.06   17.25     20.83   12.56   10.51      5.44   64.26   73.40   120.85   99.33   117.33   92.26 
 242    0.53    4.92     31.86    3.88    3.08     16.90   17.91   17.25     20.83   12.56   10.52      5.43   65.26   73.36   120.85   99.17   117.42   92.01 
 243    0.53    4.91     31.93    3.85    3.08     18.00   16.07   17.24     20.83   12.56   10.53      5.67   64.21   73.32   121.06   98.13   117.39   91.18 
 244    0.53    4.93     33.28    3.30    3.08     18.12   16.22   17.24     20.83   12.56   10.54      5.59   65.05   73.29   121.31   98.72   117.60   91.94 
 245    0.53    4.93     32.87    3.47    3.08     17.13   18.14   17.24     20.83   12.56   10.55      5.49   66.93   73.26   121.49   98.12   118.02   91.14 
 246    0.59    4.93     32.09    3.81    3.09     20.46   12.60   17.22     20.78   12.62   10.55      5.76   65.58   73.23   122.21   97.86   118.62   91.04 
 247    0.59    4.90     33.28    3.33    3.09     19.35   14.13   17.21     20.78   12.62   10.56      5.59   67.07   73.21   123.08   99.20   119.44   92.23 
 248    0.59    4.92     33.36    3.30    3.09     20.41   12.66   17.19     20.78   12.62   10.57      5.66   66.63   73.18   122.58   98.90   118.87   92.02 
 249    0.59    4.89     33.93    3.10    3.09     18.03   16.66   17.19     20.78   12.62   10.58      5.62   66.72   73.16   122.06   99.14   118.37   92.27 
 250    0.59    4.92     32.12    3.83    3.09     18.52   15.45   17.18     20.78   12.62   10.59      5.41   68.16   73.14   122.44   99.25   118.57   92.20 
 251    0.63    4.87     32.01    3.87    3.10     20.46   12.42   17.17     20.76   12.63   10.59      5.64   66.68   73.11   122.11   99.52   118.11   92.57 
 252    0.63    4.90     31.93    3.87    3.10     18.36   15.89   17.16     20.76   12.63   10.60      5.59   67.21   73.09   121.78   98.01   117.73   91.04 
 253    0.63    4.83     32.88    3.46    3.10     18.15   16.49   17.16     20.76   12.63   10.61      5.67   66.81   73.06   121.38   97.42   117.51   90.38 
 254    0.63    4.90     32.06    3.75    3.10     19.31   14.75   17.15     20.76   12.63   10.62      5.64   67.89   73.04   121.16   95.81   117.11   88.95 
 255    0.63    4.86     32.40    3.57    3.10     18.43   16.53   17.15     20.76   12.63   10.63      5.85   67.54   73.02   120.57   94.17   116.51   87.36 
 256    0.67    4.96     32.67    3.44    3.11     18.65   16.32   17.14     20.74   12.66   10.63      5.92   67.43   73.00   120.78   92.63   116.59   85.90 
 257    0.67    4.93     32.19    3.62    3.11     18.40   16.97   17.14     20.74   12.66   10.64      6.09   67.14   72.98   120.47   89.89   116.19   83.19 
 258    0.67    4.95     34.41    2.77    3.11     17.84   18.15   17.15     20.74   12.66   10.65      6.03   68.16   72.96   120.67   89.13   116.45   82.35 
 259    0.67    4.91     33.24    3.15    3.11     17.75   18.55   17.15     20.74   12.66   10.66      6.24   67.32   72.94   120.62   86.73   116.50   79.91 
 260    0.67    4.96     33.16    3.15    3.11     16.91   20.81   17.17     20.74   12.66   10.67      6.20   68.37   72.92   120.59   85.18   116.36   78.53 
 261    0.67    5.00     33.31    3.06    3.11     17.06   20.61   17.18     20.68   12.75   10.67      6.46   67.55   72.90   120.08   82.78   115.83   76.06 
 262    0.67    4.94     34.62    2.61    3.10     15.13   26.20   17.21     20.68   12.75   10.68      6.46   68.24   72.88   120.38   80.28   116.16   73.63 
 263    0.67    4.95     35.56    2.32    3.10     13.87   30.53   17.26     20.68   12.75   10.69      6.41   69.13   72.87   120.00   78.42   115.71   71.77 
 264    0.67    4.95     37.94    1.75    3.10     13.40   32.64   17.32     20.68   12.75   10.70      6.46   69.54   72.85   119.99   76.91   115.81   70.25 
 265    0.67    4.96     33.29    2.95    3.10     12.37   36.85   17.40     20.68   12.75   10.71      6.49   70.00   72.84   120.63   75.00   116.40   68.35 
 266    0.73    4.92     33.79    2.75    3.09     17.94   19.54   17.40     20.57   12.94   10.71      6.82   67.66   72.82   119.70   72.47   115.57   65.81 
 267    0.73    4.89     32.48    3.18    3.09     16.95   22.07   17.42     20.57   12.94   10.72      6.93   67.00   72.80   119.95   70.91   115.92   64.25 
 268    0.73    4.93     30.62    3.89    3.10     15.18   27.00   17.46     20.57   12.94   10.73      7.04   66.65   72.78   120.18   68.99   115.90   62.45 
 269    0.73    4.90     30.03    4.13    3.10     14.09   30.84   17.51     20.57   12.94   10.74      7.06   66.42   72.75   120.41   67.19   116.30   60.64 
 270    0.73    4.93     28.02    5.16    3.11     12.97   34.74   17.57     20.57   12.94   10.75      7.08   66.44   72.73   119.98   66.24   115.54   59.83 
 271    0.78    4.96     29.07    4.56    3.11     18.37   18.53   17.57     20.51   13.06   10.76      7.62   61.78   72.69   120.25   64.39   115.96   57.92 
 272    0.78    4.91     28.43    4.91    3.12     17.43   20.57   17.59     20.51   13.06   10.76      7.53   62.33   72.65   121.06   64.23   116.65   57.77 
 273    0.78    4.96     28.08    5.14    3.13     18.35   18.54   17.59     20.51   13.06   10.77      7.48   62.59   72.62   121.02   64.80   116.73   58.23 
 274    0.78    4.93     29.85    4.23    3.13     18.69   17.88   17.59     20.51   13.06   10.78      7.44   62.92   72.58   122.01   65.21   117.49   58.77 
 275    0.78    4.95     32.17    3.29    3.13     17.41   21.08   17.60     20.51   13.06   10.79      7.09   65.02   72.55   123.10   66.19   118.62   59.90 
 276    0.82    4.92     35.97    2.17    3.13     18.14   19.12   17.61     20.50   13.10   10.80      7.08   65.00   72.52   123.53   67.46   119.03   60.97 
 277    0.82    4.91     35.51    2.32    3.13     17.95   19.42   17.61     20.50   13.10   10.81      6.93   65.29   72.50   124.32   70.03   119.92   63.42 
 278    0.82    4.93     40.78    1.29    3.12     17.05   21.40   17.63     20.50   13.10   10.81      7.06   64.09   72.47   125.98   71.73   121.48   65.23 
 279    0.82    4.91     40.14    1.41    3.11     16.13   23.01   17.65     20.50   13.10   10.82      6.68   65.65   72.44   126.93   74.73   122.31   68.13 
 280    0.82    4.98     39.48    1.55    3.11     16.17   23.00   17.67     20.50   13.10   10.83      6.62   65.67   72.42   127.68   75.37   123.07   68.90 
 281    0.83    5.04     37.97    1.87    3.10     17.32   19.81   17.67     20.42   13.25   10.84      6.53   65.28   72.39   129.18   76.18   124.57   69.61 
 282    0.83    5.04     39.40    1.61    3.10     16.97   20.25   17.68     20.42   13.25   10.85      6.34   66.16   72.37   131.33   77.97   126.84   71.27 
 283    0.83    5.01     34.88    2.75    3.10     16.33   21.60   17.70     20.42   13.25   10.86      6.33   65.62   72.35   131.84   78.48   127.40   71.75 
 284    0.83    5.05     34.59    2.87    3.10     15.61   23.23   17.72     20.42   13.25   10.86      6.18   66.06   72.33   133.09   79.00   128.71   72.24 
 285    0.83    5.03     34.46    2.93    3.10     15.03   24.78   17.74     20.42   13.25   10.87      5.92   67.31   72.31   133.69   79.79   129.55   72.94 
 286    0.90    4.93     31.92    3.97    3.10     16.40   20.82   17.75     20.33   13.38   10.88      6.02   66.35   72.29   134.44   79.89   130.03   73.07 
 287    0.90    4.98     31.65    4.12    3.10     15.84   21.96   17.77     20.33   13.38   10.89      5.78   67.77   72.27   135.15   80.66   130.94   73.64 
 288    0.90    4.96     32.69    3.65    3.10     15.94   21.93   17.78     20.33   13.38   10.90      5.81   67.63   72.26   135.40   80.41   131.00   73.62 
 289    0.90    4.94     31.39    4.27    3.11     15.93   22.04   17.80     20.33   13.38   10.91      5.81   67.83   72.24   135.77   81.19   131.39   74.42 
 290    0.90    4.95     32.55    3.76    3.11     15.04   24.38   17.82     20.33   13.38   10.92      5.89   67.06   72.22   136.57   82.66   132.20   75.90 
 291    0.92    5.02     32.21    3.94    3.11     15.86   22.14   17.83     20.28   13.47   10.92      5.71   68.27   72.21   137.68   83.74   133.24   77.03 
 292    0.92    4.98     29.28    5.62    3.12     14.38   26.06   17.86     20.28   13.47   10.93      5.80   67.31   72.19   138.23   85.19   134.03   78.26 
 293    0.92    4.99     31.67    4.29    3.13     12.51   32.52   17.91     20.28   13.47   10.94      5.64   68.15   72.18   139.82   86.79   135.50   80.03 
 294    0.92    4.98     29.76    5.42    3.13     11.92   35.04   17.97     20.28   13.47   10.95      5.67   68.32   72.17   140.68   87.48   136.33   80.80 
 295    0.92    4.97     29.15    5.90    3.14     10.55   40.48   18.05     20.28   13.47   10.96      5.46   70.02   72.16   142.21   88.61   137.92   81.77 
 296    0.98    4.93     29.38    5.82    3.15     12.72   31.20   18.09     20.10   13.74   10.97      5.59   68.48   72.15   143.02   91.57   138.90   84.63 
 297    0.98    4.90     29.39    5.84    3.16     12.28   32.70   18.14     20.10   13.74   10.98      5.49   68.99   72.14   143.79   92.01   139.62   85.14 
 298    0.98    4.95     28.26    6.71    3.17     11.62   35.53   18.20     20.10   13.74   10.99      5.49   69.06   72.12   143.47   93.53   139.34   86.73 
 299    0.98    4.92     28.67    6.43    3.18     11.15   37.26   18.26     20.10   13.74   11.00      5.40   69.81   72.12   143.63   95.12   139.39   88.36 
 300    0.98    5.00     28.34    6.72    3.20     11.02   38.03   18.33     20.10   13.74   11.01      5.40   69.82   72.11   143.38   96.73   139.37   89.79 
 301    1.02    4.89     27.91    7.11    3.21     14.01   26.70   18.36     19.96   13.95   11.02      5.50   68.74   72.10   143.54   98.10   139.65   91.00 
 302    1.02    4.97     27.98    7.08    3.22     12.37   32.29   18.40     19.96   13.95   11.03      5.27   70.04   72.09   143.18   99.96   139.22   93.02 
 303    1.02    4.98     28.92    6.37    3.23     10.76   38.74   18.47     19.96   13.95   11.03      5.16   70.87   72.09   142.76  102.63   138.83   95.68 
 304    1.02    4.98     27.84    7.23    3.25     10.71   39.08   18.54     19.96   13.95   11.04      5.07   71.70   72.09   141.98  103.14   138.10   96.15 
 305    1.02    4.97     27.60    7.42    3.26     11.04   37.76   18.60     19.96   13.95   11.05      5.10   71.43   72.08   141.13  103.61   137.48   96.48 
 306    1.10    4.93     29.08    6.24    3.27     14.94   24.09   18.62     19.77   14.27   11.06      5.13   71.05   72.08   140.50  104.97   137.01   97.79 
 307    1.10    4.91     28.70    6.48    3.28     13.14   30.06   18.65     19.77   14.27   11.07      5.29   70.37   72.08   139.16  104.41   135.80   97.20 
 308    1.10    4.94     29.92    5.60    3.29     12.80   31.08   18.70     19.77   14.27   11.09      5.25   70.28   72.07   138.53  105.58   135.30   98.35 
 309    1.10    4.91     30.24    5.38    3.29     13.16   29.65   18.73     19.77   14.27   11.10      5.29   69.96   72.06   138.34  105.12   135.20   97.83 
 310    1.10    4.94     31.74    4.50    3.30     12.85   30.47   18.77     19.77   14.27   11.11      5.26   70.01   72.06   138.92  104.82   135.83   97.38 
 311    1.15    4.92     31.12    4.81    3.30     14.25   25.69   18.79     19.61   14.52   11.12      5.56   67.75   72.04   137.74  103.98   134.71   96.36 
 312    1.15    4.96     32.08    4.30    3.31     14.73   24.61   18.81     19.61   14.52   11.13      5.65   66.77   72.03   137.67  105.11   134.91   97.53 
 313    1.15    4.92     29.93    5.49    3.31     15.11   23.19   18.82     19.61   14.52   11.14      5.56   67.64   72.01   136.20  104.32   133.31   96.56 
 314    1.15    4.96     31.61    4.50    3.32     15.19   22.92   18.84     19.61   14.52   11.15      5.65   66.71   71.99   135.31  104.32   132.37   96.51 
 315    1.15    4.92     29.49    5.72    3.32     15.00   23.75   18.85     19.61   14.52   11.16      5.56   67.40   71.98   135.14  102.81   132.37   95.02 
 316    1.19    4.97     30.99    4.78    3.33     16.41   20.26   18.86     19.51   14.68   11.17      5.66   67.47   71.97   133.62  103.00   130.86   95.16 
 317    1.19    4.97     34.13    3.29    3.33     16.20   20.91   18.86     19.51   14.68   11.18      5.74   67.33   71.95   132.75  103.05   129.81   95.34 
 318    1.19    4.95     30.08    5.20    3.33     17.02   19.28   18.86     19.51   14.68   11.19      5.75   67.85   71.94   131.43  100.85   128.75   93.03 
 319    1.19    4.88     31.93    4.15    3.34     17.14   19.11   18.87     19.51   14.68   11.20      5.84   67.50   71.92   130.39  100.98   127.76   93.16 
 320    1.19    4.95     33.82    3.31    3.34     17.34   18.68   18.86     19.51   14.68   11.21      5.87   67.57   71.91   128.47  101.00   125.62   93.26 
 321    1.15    4.91     33.43    3.43    3.34     18.46   16.51   18.86     19.46   14.75   11.23      5.97   67.60   71.90   127.30  100.22   124.54   92.34 
 322    1.15    4.95     33.97    3.19    3.34     17.38   18.69   18.86     19.46   14.75   11.24      5.96   67.82   71.88   125.54  100.50   122.89   92.52 
 323    1.15    4.97     31.73    4.10    3.34     18.24   17.13   18.85     19.46   14.75   11.25      5.99   67.89   71.87   123.88   99.36   121.19   91.49 
 324    1.15    4.96     33.83    3.17    3.34     17.43   19.01   18.85     19.46   14.75   11.26      6.07   68.02   71.86   122.67   99.14   120.06   91.22 
 325    1.15    4.94     31.50    4.10    3.34     17.23   19.34   18.85     19.46   14.75   11.27      6.15   67.55   71.85   121.12   97.78   118.44   89.72 
 326    1.31    4.91     31.14    4.25    3.34     19.14   15.53   18.84     19.45   14.78   11.28      6.21   66.92   71.83   119.37   97.54   116.71   89.51 
 327    1.31    4.92     34.55    2.82    3.34     18.54   16.76   18.84     19.45   14.78   11.29      6.29   66.86   71.82   117.59   97.64   114.92   89.66 
 328    1.31    4.95     31.28    4.07    3.34     18.82   16.21   18.83     19.45   14.78   11.30      6.25   67.26   71.80   116.25   96.13   113.51   88.12 
 329    1.31    4.93     30.29    4.53    3.35     18.03   17.66   18.83     19.45   14.78   11.31      6.21   67.14   71.79   114.90   95.40   112.02   87.43 
 330    1.31    4.87     32.27    3.58    3.35     17.77   18.24   18.82     19.45   14.78   11.32      6.31   66.62   71.77   114.45   95.52   111.93   87.39 
 331    1.38    4.93     32.58    3.41    3.35     19.02   15.82   18.81     19.44   14.79   11.33      6.14   67.97   71.76   112.51   95.71   109.91   87.66 
 332    1.38    4.88     31.97    3.64    3.35     18.09   17.68   18.81     19.44   14.79   11.34      6.33   66.68   71.75   111.78   95.36   109.03   87.35 
 333    1.38    4.92     31.71    3.72    3.35     17.60   18.67   18.81     19.44   14.79   11.35      6.14   68.15   71.73   109.94   95.09   107.03   87.17 
 334    1.38    4.89     34.99    2.53    3.35     17.75   18.26   18.81     19.44   14.79   11.36      6.24   67.48   71.72   108.42   95.01   105.65   87.01 
 335    1.38    4.89     34.03    2.80    3.35     17.55   18.71   18.81     19.44   14.79   11.37      6.31   66.92   71.71   107.74   94.65   104.93   86.57 
 336    1.43    4.96     32.50    3.31    3.35     18.16   17.52   18.80     19.43   14.82   11.38      6.35   66.93   71.69   105.75   93.99   103.15   85.85 
 337    1.43    4.93     31.68    3.60    3.35     17.56   18.82   18.80     19.43   14.82   11.39      6.46   65.93   71.68   104.66   93.98   102.05   85.83 
 338    1.43    4.95     31.50    3.66    3.35     16.10   22.12   18.81     19.43   14.82   11.40      6.33   66.31   71.66   102.87   94.10   100.05   86.12 
 339    1.43    4.96     32.98    3.07    3.35     15.39   23.74   18.83     19.43   14.82   11.41      6.31   66.31   71.64   101.08   95.63    98.42   87.55 
 340    1.43    4.96     30.09    4.25    3.35     15.46   23.67   18.84     19.43   14.82   11.42      6.28   66.78   71.63    99.56   95.00    96.88   86.93 
 341    1.47    4.92     30.03    4.24    3.35     16.52   20.60   18.85     19.40   14.88   11.44      6.28   66.29   71.61    97.52   95.54    94.81   87.45 
 342    1.47    4.96     30.02    4.22    3.36     15.95   21.93   18.86     19.40   14.88   11.45      6.11   66.12   71.60    96.66   95.62    94.08   87.54 
 343    1.47    4.92     29.58    4.42    3.36     15.61   22.56   18.87     19.40   14.88   11.46      6.08   66.29   71.58    95.31   95.50    92.75   87.33 
 344    1.47    4.93     30.69    3.86    3.36     14.50   25.60   18.89     19.40   14.88   11.47      6.02   66.56   71.57    93.66   95.15    91.17   86.97 
 345    1.47    4.96     30.48    3.93    3.36     14.43   25.63   18.91     19.40   14.88   11.47      6.06   66.17   71.55    92.35   95.72    89.81   87.56 
 346    1.53    5.01     28.47    4.89    3.37     16.24   20.83   18.91     19.36   14.94   11.48      6.12   65.70   71.54    90.79   94.93    88.13   86.79 
 347    1.53    4.94     30.76    3.73    3.37     15.72   21.82   18.92     19.36   14.94   11.49      6.05   65.48   71.52    89.31   96.19    86.75   88.07 
 348    1.53    4.96     30.58    3.79    3.37     14.33   25.65   18.94     19.36   14.94   11.50      6.13   64.98   71.50    88.25   96.33    85.69   88.21 
 349    1.53    4.92     29.67    4.16    3.37     14.45   24.95   18.96     19.36   14.94   11.51      5.95   65.87   71.48    85.94   95.49    83.15   87.37 
 350    1.53    4.94     30.81    3.64    3.37     13.37   27.96   18.98     19.36   14.94   11.52      5.91   65.41   71.47    84.55   96.42    81.69   88.31 
 351    1.59    4.87     30.35    3.81    3.37     16.41   19.66   18.99     19.31   15.02   11.53      6.02   63.84   71.44    82.94   95.94    80.06   87.80 
 352    1.59    4.91     29.40    4.20    3.37     15.26   22.45   19.00     19.31   15.02   11.54      6.08   63.24   71.42    81.83   96.08    78.82   87.99 
 353    1.59    4.92     30.80    3.55    3.38     14.72   23.57   19.01     19.31   15.02   11.55      6.10   63.43   71.40    79.74   96.60    77.07   88.44 
 354    1.59    4.91     28.80    4.41    3.38     14.06   25.31   19.03     19.31   15.02   11.56      6.02   63.14   71.38    78.14   96.73    75.43   88.59 
 355    1.59    4.93     29.15    4.21    3.38     13.24   27.43   19.05     19.31   15.02   11.57      6.00   63.02   71.35    76.47   96.67    73.95   88.49 
 356    1.65    4.96     29.11    4.19    3.38     16.18   19.58   19.05     19.26   15.09   11.58      6.06   61.74   71.32    75.44   96.20    72.93   88.02 
 357    1.65    4.90     30.58    3.51    3.38     15.35   21.50   19.06     19.26   15.09   11.59      6.13   61.19   71.30    74.52   96.26    71.97   88.05 
 358    1.65    4.89     29.22    4.10    3.39     16.85   18.13   19.06     19.26   15.09   11.60      6.16   61.61   71.27    73.84   95.14    71.47   86.84 
 359    1.65    4.91     30.25    3.57    3.39     15.34   21.53   19.06     19.26   15.09   11.61      6.30   60.14   71.24    72.53   94.61    70.02   86.30 
 360    1.65    4.92     29.14    4.03    3.39     14.37   23.76   19.08     19.26   15.09   11.62      6.19   60.10   71.21    71.72   93.80    69.43   85.42 
 361    1.64    4.88     30.15    3.59    3.39     17.73   16.22   19.07     19.23   15.12   11.63      6.27   58.68   71.17    72.17   94.62    69.90   86.27 
 362    1.64    4.90     28.71    4.22    3.39     17.52   16.70   19.06     19.23   15.12   11.64      6.34   59.03   71.14    72.06   93.77    69.79   85.47 
 363    1.64    4.90     29.04    4.08    3.39     18.12   15.90   19.05     19.23   15.12   11.65      6.28   59.28   71.11    72.95   93.97    70.64   85.67 
 364    1.64    4.91     31.28    3.14    3.39     17.72   16.98   19.05     19.23   15.12   11.66      6.39   59.99   71.08    73.85   93.13    71.53   84.85 
 365    1.64    4.92     28.78    4.21    3.39     16.19   20.81   19.05     19.23   15.12   11.67      6.44   61.12   71.05    75.29   91.45    72.92   83.17 
 366    1.80    4.89     28.86    4.19    3.40     15.46   23.04   19.06     19.22   15.13   11.68      6.26   62.77   71.03    77.00   89.49    74.80   81.17 
 367    1.80    4.91     28.36    4.44    3.40     13.97   27.54   19.09     19.22   15.13   11.69      6.34   62.49   71.00    78.83   88.00    76.72   79.63 
 368    1.80    4.97     30.07    3.63    3.40     14.51   26.02   19.10     19.22   15.13   11.70      6.35   62.83   70.98    80.68   88.09    78.67   79.78 
 369    1.80    4.89     31.11    3.22    3.40     14.31   26.96   19.13     19.22   15.13   11.71      6.48   62.93   70.96    82.04   86.80    79.69   78.51 
 370    1.80    4.93     32.91    2.64    3.40     14.07   28.07   19.15     19.22   15.13   11.72      6.68   62.87   70.94    82.83   86.32    80.57   78.05 
 371    1.91    4.92     30.97    3.27    3.40     15.66   23.79   19.16     19.13   15.28   11.73      6.88   62.29   70.91    84.41   83.87    82.11   75.52 
 372    1.91    4.91     31.65    3.01    3.40     14.94   26.04   19.18     19.13   15.28   11.74      6.90   62.63   70.89    85.24   82.00    83.09   73.62 
 373    1.91    4.88     34.07    2.25    3.39     14.63   27.46   19.20     19.13   15.28   11.75      6.93   63.05   70.87    86.63   80.81    84.29   72.55 
 374    1.91    4.92     33.20    2.48    3.39     14.25   28.85   19.23     19.13   15.28   11.76      6.89   64.33   70.85    87.94   79.18    85.82   70.85 
 375    1.91    4.96     32.68    2.63    3.39     14.02   29.97   19.26     19.13   15.28   11.76      7.03   64.14   70.84    89.43   77.42    87.28   69.06 
 376    1.92    4.90     32.89    2.57    3.39     17.78   19.47   19.26     19.08   15.38   11.77      7.26   63.08   70.81    90.16   75.50    88.22   67.06 
 377    1.92    4.88     35.01    2.02    3.38     17.51   20.32   19.26     19.08   15.38   11.78      7.32   62.90   70.79    91.34   74.63    89.33   66.24 
 378    1.92    4.91     35.54    1.90    3.38     16.84   22.25   19.27     19.08   15.38   11.79      7.24   63.91   70.78    93.28   72.69    91.51   64.26 
 379    1.92    4.88     34.17    2.24    3.38     16.51   23.49   19.28     19.08   15.38   11.80      7.44   63.53   70.76    95.30   71.64    93.46   63.22 
 380    1.92    4.87     34.10    2.27    3.37     16.52   23.75   19.29     19.08   15.38   11.81      7.26   65.92   70.74    97.06   70.23    95.13   61.81 
 381    2.02    4.88     35.93    1.87    3.37     16.50   24.01   19.30     19.07   15.44   11.82      7.61   64.13   70.73    98.76   70.42    96.87   61.95 
 382    2.02    4.93     37.61    1.56    3.36     16.92   23.15   19.31     19.07   15.44   11.83      7.55   65.19   70.71   101.03   68.28    99.25   59.81 
 383    2.02    4.91     38.85    1.37    3.36     16.51   24.50   19.33     19.07   15.44   11.84      7.53   65.41   70.70   103.56   68.04   101.87   59.59 
 384    2.02    4.92     39.22    1.33    3.35     16.72   23.94   19.34     19.07   15.44   11.85      7.62   65.48   70.68   106.00   66.85   104.32   58.40 
 385    2.02    4.89     43.53    0.82    3.35     16.53   24.55   19.35     19.07   15.44   11.86      7.57   65.82   70.67   107.57   66.16   105.76   57.86 
 386    2.09    4.88     40.24    1.22    3.34     17.32   22.16   19.36     19.03   15.53   11.87      7.51   65.96   70.66   109.37   67.19   107.53   58.85 
 387    2.09    4.94     43.74    0.83    3.33     18.55   19.12   19.36     19.03   15.53   11.88      7.57   64.75   70.64   111.65   66.98   109.87   58.67 
 388    2.09    4.92     40.47    1.22    3.33     18.42   19.33   19.36     19.03   15.53   11.89      7.46   65.25   70.63   114.39   67.63   112.59   59.37 
 389    2.09    4.90     42.77    0.96    3.32     17.59   21.25   19.36     19.03   15.53   11.90      7.39   65.36   70.62   116.59   68.21   114.76   60.02 
 390    2.09    4.89     40.24    1.30    3.32     17.36   21.31   19.37     19.03   15.53   11.91      7.38   65.04   70.60   118.42   69.25   116.43   60.99 
 391    2.24    4.91     43.87    0.87    3.31     17.65   20.53   19.37     19.02   15.58   11.92      7.20   65.41   70.59   119.72   70.04   117.99   61.80 
 392    2.24    4.88     39.85    1.40    3.31     17.35   21.11   19.38     19.02   15.58   11.93      7.24   64.50   70.57   121.70   72.26   119.90   64.08 
 393    2.24    4.95     44.18    0.86    3.30     17.93   19.52   19.38     19.02   15.58   11.93      7.15   64.83   70.56   122.55   73.15   120.54   65.03 
 394    2.24    4.93     43.07    0.99    3.29     17.97   19.22   19.38     19.02   15.58   11.94      7.03   64.91   70.54   123.71   74.47   121.64   66.33 
 395    2.24    4.91     38.65    1.68    3.29     15.21   26.28   19.39     19.02   15.58   11.95      6.82   65.92   70.53   124.44   74.93   122.53   66.79 
 396    2.25    4.91     42.25    1.12    3.29     18.80   17.24   19.39     19.00   15.64   11.96      6.88   64.77   70.52   125.81   77.51   123.84   69.40 
 397    2.25    4.95     40.90    1.32    3.28     18.34   18.03   19.39     19.00   15.64   11.97      6.79   65.26   70.51   126.58   78.96   124.38   70.90 
 398    2.25    4.95     45.30    0.80    3.27     18.14   18.13   19.38     19.00   15.64   11.98      6.75   64.98   70.49   126.63   82.05   124.41   73.94 
 399    2.25    4.95     41.30    1.29    3.27     17.99   18.24   19.38     19.00   15.64   11.99      6.55   66.01   70.48   127.73   83.56   125.35   75.42 
 400    2.25    4.95     44.24    0.92    3.26     17.98   18.18   19.38     19.00   15.64   12.00      6.47   66.64   70.47   127.88   85.86   125.31   77.76 
 401    2.22    4.88     39.75    1.57    3.26     19.50   15.44   19.37     19.00   15.66   12.01      6.58   65.39   70.46   127.64   87.39   125.12   79.50 
 402    2.22    4.94     37.49    2.06    3.26     19.77   14.80   19.36     19.00   15.66   12.02      6.43   66.11   70.45   127.74   89.99   125.19   82.07 
 403    2.22    4.97     37.27    2.13    3.25     19.32   15.47   19.35     19.00   15.66   12.03      6.43   65.80   70.44   128.10   91.63   125.59   83.70 
 404    2.22    4.92     37.51    2.09    3.25     18.34   17.01   19.34     19.00   15.66   12.04      6.35   65.78   70.42   128.10   94.32   125.37   86.33 
 405    2.22    4.91     40.37    1.52    3.25     18.42   17.05   19.33     19.00   15.66   12.04      6.22   66.26   70.41   128.69   97.19   125.85   89.47 
 406    2.39    4.93     38.28    1.95    3.24     18.59   16.34   19.33     19.01   15.65   12.05      6.28   65.23   70.40   128.50   99.18   126.03   91.18 
 407    2.39    4.94     37.25    2.22    3.24     18.68   15.94   19.32     19.01   15.65   12.06      6.18   65.36   70.39   128.46  101.34   125.71   93.42 
 408    2.39    4.95     36.90    2.33    3.24     18.77   15.68   19.31     19.01   15.65   12.07      6.29   64.08   70.37   128.92  103.17   126.20   95.25 
 409    2.39    4.94     35.55    2.75    3.24     18.80   15.61   19.30     19.01   15.65   12.08      6.11   65.04   70.36   129.20  105.13   126.55   97.23 
 410    2.39    4.92     35.99    2.64    3.24     18.77   15.63   19.29     19.01   15.65   12.09      6.00   65.51   70.35   129.45  107.56   126.78   99.67 
 411    2.52    4.93     34.62    3.13    3.24     17.36   18.30   19.29     19.01   15.65   12.10      5.98   65.10   70.34   129.76  109.55   127.08  101.70 
 412    2.52    4.92     33.95    3.44    3.24     16.29   20.57   19.29     19.01   15.65   12.11      6.08   63.91   70.32   130.43  112.91   127.71  105.16 
 413    2.52    4.88     34.14    3.39    3.24     16.65   19.39   19.29     19.01   15.65   12.11      5.84   65.18   70.31   130.29  115.32   127.60  107.40 
 414    2.52    4.89     32.03    4.40    3.24     14.91   23.34   19.30     19.01   15.65   12.12      5.80   64.60   70.29   131.34  118.12   128.96  110.01 
 415    2.52    4.92     33.50    3.75    3.24     14.59   23.93   19.31     19.01   15.65   12.13      5.67   64.82   70.28   131.43  120.93   128.79  112.98 
 416    2.56    4.93     34.73    3.29    3.24     13.55   26.77   19.33     18.97   15.71   12.14      5.52   65.86   70.27   130.78  124.70   128.14  116.82 
 417    2.56    4.90     32.17    4.46    3.24     14.02   25.50   19.35     18.97   15.71   12.15      5.45   66.04   70.26   130.75  125.68   127.93  117.99 
 418    2.56    4.94     31.42    4.92    3.25     13.64   26.35   19.36     18.97   15.71   12.16      5.50   65.11   70.25   130.82  128.39   128.14  120.60 
 419    2.56    5.00     31.46    4.94    3.25     12.93   28.28   19.38     18.97   15.71   12.17      5.40   65.56   70.24   130.82  130.97   128.02  123.12 
 420    2.56    4.93     31.54    4.94    3.26     12.65   29.01   19.41     18.97   15.71   12.17      5.18   67.06   70.23   130.39  133.41   127.38  125.64 
 421    2.65    4.92     31.51    4.98    3.26     12.89   28.17   19.43     18.87   15.86   12.18      5.14   66.62   70.22   130.39  135.43   127.55  127.68 
 422    2.65    4.92     30.82    5.44    3.26     12.17   30.21   19.45     18.87   15.86   12.19      5.17   66.01   70.21   130.01  138.00   127.01  130.24 
 423    2.65    4.90     30.63    5.60    3.27     11.62   31.79   19.48     18.87   15.86   12.20      5.00   66.66   70.20   129.59  140.27   126.67  132.48 
 424    2.65    4.96     30.72    5.59    3.28     11.28   33.03   19.51     18.87   15.86   12.21      4.95   66.63   70.19   128.95  142.59   126.09  134.82 
 425    2.65    4.93     31.70    5.04    3.28     10.49   35.78   19.55     18.87   15.86   12.22      4.69   68.34   70.19   127.93  145.62   125.21  137.77 
 426    2.72    4.90     28.88    7.05    3.29     11.52   31.79   19.58     18.75   16.06   12.23      4.85   66.77   70.18   128.40  146.93   125.53  139.19 
 427    2.72    4.92     30.21    6.10    3.29     11.09   33.22   19.61     18.75   16.06   12.24      4.55   68.18   70.18   127.97  149.98   125.15  142.25 
 428    2.72    4.93     29.53    6.66    3.30     10.69   34.44   19.65     18.75   16.06   12.24      4.54   68.21   70.17   127.77  152.47   124.73  144.79 
 429    2.72    4.94     28.74    7.37    3.31      9.80   38.12   19.69     18.75   16.06   12.25      4.56   67.54   70.17   127.67  154.98   124.80  147.28 
 430    2.72    4.90     28.97    7.24    3.32      9.41   39.55   19.74     18.75   16.06   12.26      4.47   68.02   70.16   126.15  157.28   123.21  149.54 
 431    2.84    4.95     28.75    7.48    3.33     11.91   29.46   19.76     18.62   16.28   12.27      4.71   65.43   70.15   126.22  159.17   123.18  151.47 
 432    2.84    4.88     29.12    7.23    3.34     11.33   31.41   19.79     18.62   16.28   12.28      4.65   65.27   70.14   126.57  161.67   123.43  154.01 
 433    2.84    4.90     27.99    8.31    3.35     10.97   32.50   19.82     18.62   16.28   12.29      4.49   66.23   70.13   125.97  163.12   122.91  155.45 
 434    2.84    4.88     28.31    8.06    3.36     10.34   34.37   19.85     18.62   16.28   12.30      4.43   65.80   70.12   125.02  165.62   122.03  157.91 
 435    2.84    4.90     27.90    8.52    3.37     10.25   34.56   19.88     18.62   16.28   12.31      4.35   66.12   70.11   124.86  167.51   121.74  159.91 
 436    2.89    4.94     28.31    8.16    3.39     12.71   25.66   19.90     18.52   16.43   12.32      4.41   64.87   70.10   123.94  169.54   120.62  161.93 
 437    2.89    4.92     27.89    8.63    3.40     11.69   28.64   19.92     18.52   16.43   12.33      4.35   64.58   70.09   123.34  171.48   120.03  163.99 
 438    2.89    4.89     28.33    8.22    3.41     11.31   29.64   19.94     18.52   16.43   12.34      4.32   64.43   70.07   122.81  172.84   119.34  165.29 
 439    2.89    4.92     28.91    7.70    3.42     10.85   31.11   19.96     18.52   16.43   12.35      4.29   64.52   70.06   122.43  174.22   118.82  166.68 
 440    2.89    4.95     28.60    8.01    3.43      9.95   34.29   20.00     18.52   16.43   12.35      4.28   63.99   70.05   122.09  175.71   118.55  168.26 
 441    2.84    4.92     28.89    7.76    3.44     13.30   23.15   20.00     18.46   16.52   12.36      4.50   62.53   70.03   121.62  176.77   118.05  169.18 
 442    2.84    4.88     28.13    8.53    3.45     12.80   24.18   20.01     18.46   16.52   12.37      4.43   62.35   70.01   120.15  178.03   116.50  170.55 
 443    2.84    4.94     27.92    8.76    3.46     12.45   25.01   20.03     18.46   16.52   12.38      4.27   62.91   70.00   119.76  178.90   116.10  171.35 
 444    2.84    4.96     28.53    8.18    3.47     11.87   26.57   20.04     18.46   16.52   12.39      4.38   62.12   69.98   119.28  180.25   115.75  172.66 
 445    2.84    4.86     28.61    8.15    3.48     10.64   30.00   20.06     18.46   16.52   12.40      4.38   62.04   69.96   117.77  182.33   114.28  174.73 
 446    3.09    4.94     28.15    8.61    3.49     14.47   19.31   20.06     18.41   16.58   12.41      4.51   60.82   69.94   117.42  183.23   113.75  175.70 
 447    3.09    4.92     26.89   10.02    3.51     12.80   23.44   20.07     18.41   16.58   12.42      4.54   60.14   69.92   116.89  184.07   113.27  176.46 
 448    3.09    4.90     27.61    9.17    3.52     11.60   26.89   20.08     18.41   16.58   12.43      4.57   60.28   69.90   115.45  184.26   111.61  176.78 
 449    3.09    4.99     28.89    7.90    3.53     11.87   25.82   20.10     18.41   16.58   12.44      4.53   60.09   69.87   114.29  185.61   110.61  178.00 
 450    3.09    4.86     28.92    7.86    3.54     11.64   26.30   20.11     18.41   16.58   12.45      4.64   59.04   69.85   112.60  185.72   108.92  178.07 
 451    3.34    4.90     28.75    7.99    3.55     13.78   20.63   20.11     18.35   16.64   12.46      4.83   57.62   69.82   112.30  185.74   108.63  178.08 
 452    3.34    4.96     29.18    7.60    3.56     12.84   22.95   20.12     18.35   16.64   12.47      4.76   58.30   69.80   111.27  186.24   107.84  178.54 
 453    3.34    4.95     29.75    7.12    3.57     13.04   22.50   20.12     18.35   16.64   12.48      4.70   58.50   69.77   110.74  186.93   107.09  179.29 
 454    3.34    4.92     28.31    8.44    3.58     12.68   23.20   20.13     18.35   16.64   12.49      4.61   58.85   69.75   109.05  187.56   105.55  179.75 
 455    3.34    4.92     27.49    9.28    3.59     13.02   22.46   20.13     18.35   16.64   12.49      4.51   59.53   69.73   108.60  187.86   104.90  180.19 
 456    3.30    4.94     28.83    7.90    3.60     14.17   19.73   20.13     18.31   16.68   12.50      4.67   57.98   69.70   108.03  187.80   104.32  180.10 
 457    3.30    4.91     27.26    9.43    3.61     15.32   17.40   20.13     18.31   16.68   12.51      4.64   58.31   69.68   106.78  185.67   103.40  177.81 
 458    3.30    4.92     27.35    9.20    3.63     13.41   21.96   20.13     18.31   16.68   12.52      4.65   58.25   69.65   106.14  182.69   102.79  174.79 
 459    3.30    4.91     27.73    8.67    3.64     12.59   24.05   20.14     18.31   16.68   12.53      4.58   58.70   69.63   105.44  180.46   102.33  172.54 
 460    3.30    4.91     27.77    8.52    3.65     11.44   27.39   20.16     18.31   16.68   12.54      4.60   58.75   69.60   105.20  177.51   102.33  169.54 
 461    3.45    4.97     27.56    8.62    3.66     11.58   26.94   20.17     18.27   16.72   12.55      4.56   58.96   69.58   105.17  174.11   102.20  165.85 
 462    3.45    4.97     27.00    9.05    3.67     10.04   32.01   20.20     18.27   16.72   12.56      4.76   58.05   69.55   105.03  170.27   102.03  162.01 
 463    3.45    4.95     27.94    7.97    3.68      9.55   33.95   20.23     18.27   16.72   12.57      4.77   58.38   69.53   105.37  167.35   102.36  159.05 
 464    3.45    4.94     27.79    7.96    3.69      8.98   36.24   20.26     18.27   16.72   12.58      4.67   59.66   69.51   106.01  163.16   102.98  154.79 
 465    3.45    4.93     28.10    7.50    3.70      8.86   36.00   20.29     18.27   16.72   12.58      4.54   59.69   69.49   105.58  158.25   102.58  149.91 
 466    3.55    4.92     28.00    7.48    3.70     10.31   29.91   20.31     18.15   16.91   12.59      4.92   57.14   69.46   105.38  154.20   102.27  145.91 
 467    3.55    4.91     28.47    6.98    3.71     10.09   30.99   20.34     18.15   16.91   12.60      4.61   58.27   69.44   107.19  151.61   104.39  143.17 
 468    3.55    4.91     29.02    6.46    3.72     10.21   30.39   20.36     18.15   16.91   12.61      4.73   57.75   69.41   107.45  147.73   104.75  139.29 
 469    3.55    4.87     29.09    6.32    3.72      9.72   31.72   20.38     18.15   16.91   12.62      4.66   58.32   69.39   107.32  144.47   104.17  136.07 
 470    3.55    4.91     27.45    7.55    3.73      9.53   32.87   20.41     18.15   16.91   12.63      4.58   58.57   69.37   107.64  140.39   104.36  131.97 
 471    3.69    4.91     28.08    6.93    3.74     12.11   24.67   20.42     18.07   17.03   12.64      4.79   56.61   69.34   109.43  136.94   106.12  128.53 
 472    3.69    4.94     29.47    5.84    3.74     11.22   26.99   20.43     18.07   17.03   12.65      4.82   56.44   69.31   110.01  134.38   106.72  125.94 
 473    3.69    4.96     31.07    4.80    3.74     11.47   26.64   20.45     18.07   17.03   12.66      4.70   56.76   69.29   112.45  131.77   109.27  123.33 
 474    3.69    5.01     30.21    5.30    3.75     11.48   26.54   20.46     18.07   17.03   12.67      4.83   56.08   69.26   113.60  129.56   110.49  121.08 
 475    3.69    4.92     31.74    4.44    3.75     11.72   25.52   20.47     18.07   17.03   12.68      4.85   55.94   69.23   114.20  129.21   110.95  120.81 
 476    3.72    4.97     30.64    5.05    3.75     14.60   18.50   20.47     18.01   17.10   12.69      4.93   56.04   69.20   115.53  127.65   112.25  119.23 
 477    3.72    4.91     30.58    5.09    3.75     14.42   19.44   20.46     18.01   17.10   12.70      5.00   56.60   69.18   117.78  126.47   114.56  118.02 
 478    3.72    4.94     32.05    4.28    3.76     13.05   23.00   20.47     18.01   17.10   12.70      5.06   57.52   69.15   118.97  124.95   115.61  116.50 
 479    3.72    4.93     31.66    4.45    3.76     12.94   23.83   20.48     18.01   17.10   12.71      4.97   58.66   69.13   120.79  121.98   117.43  113.64 
 480    3.72    5.02     30.66    5.01    3.76     13.04   23.74   20.48     18.01   17.10   12.72      5.13   58.21   69.11   121.89  120.90   118.32  112.61 
 481    3.50    4.94     32.22    4.22    3.76     13.03   24.04   20.49     17.97   17.13   12.73      5.26   58.21   69.08   123.70  121.29   120.25  112.93 
 482    3.50    4.92     32.26    4.23    3.76     13.71   22.72   20.49     17.97   17.13   12.74      5.21   59.05   69.06   126.39  120.17   122.77  111.91 
 483    3.50    4.90     31.38    4.72    3.76     13.56   23.50   20.50     17.97   17.13   12.75      5.27   59.64   69.04   127.87  120.21   124.47  112.01 
 484    3.50    4.89     32.15    4.37    3.77     13.33   24.04   20.51     17.97   17.13   12.76      5.41   58.97   69.02   130.04  121.55   126.56  113.31 
 485    3.50    4.92     32.34    4.32    3.77     12.86   25.50   20.52     17.97   17.13   12.77      5.45   59.20   69.00   132.39  121.38   128.84  113.13 
 486    3.94    4.93     30.68    5.29    3.77     13.96   22.62   20.52     17.93   17.19   12.78      5.22   60.95   68.99   133.59  121.56   130.40  113.29 
 487    3.94    4.84     29.71    5.92    3.77     13.20   24.84   20.53     17.93   17.19   12.79      5.37   60.20   68.97   134.90  120.08   131.24  111.96 
 488    3.94    4.95     31.49    4.83    3.78     13.74   23.40   20.54     17.93   17.19   12.80      5.31   60.68   68.95   136.48  120.26   132.83  112.16 
 489    3.94    4.87     33.51    3.85    3.78     13.04   25.19   20.55     17.93   17.19   12.80      5.28   61.15   68.93   137.96  120.60   134.42  112.39 
 490    3.94    4.84     33.68    3.79    3.78     13.36   24.58   20.56     17.93   17.19   12.81      5.30   61.14   68.92   139.36  120.07   135.91  111.87 
 491    4.12    4.92     31.52    4.90    3.78     14.32   22.30   20.56     17.88   17.25   12.82      5.27   61.42   68.90   140.95  118.99   137.37  110.88 
 492    4.12    4.87     31.25    5.09    3.78     13.80   23.71   20.57     17.88   17.25   12.83      5.21   62.09   68.89   142.72  118.55   139.08  110.45 
 493    4.12    4.92     31.44    5.00    3.78     14.31   22.50   20.57     17.88   17.25   12.84      5.30   61.62   68.87   144.58  118.08   141.14  109.95 
 494    4.12    4.91     32.35    4.53    3.78     14.66   21.85   20.57     17.88   17.25   12.85      5.35   61.70   68.86   146.31  117.79   142.96  109.81 
 495    4.12    4.93     33.13    4.17    3.79     13.95   23.80   20.58     17.88   17.25   12.86      5.32   61.87   68.85   148.90  117.36   145.72  109.35 
 496    4.15    4.96     32.89    4.32    3.79     14.62   21.86   20.58     17.85   17.29   12.87      5.32   62.20   68.83   149.90  117.30   146.67  109.35 
 497    4.15    4.89     33.42    4.09    3.79     14.61   22.04   20.58     17.85   17.29   12.88      5.27   62.58   68.82   152.10  117.11   148.71  109.29 
 498    4.15    4.93     32.61    4.51    3.79     15.23   20.88   20.58     17.85   17.29   12.89      5.27   63.02   68.81   154.16  115.26   150.74  107.56 
 499    4.15    4.88     31.80    5.00    3.79     14.57   22.10   20.59     17.85   17.29   12.89      5.40   62.48   68.80   156.41  114.80   152.81  106.87 
 500    4.15    4.93     32.99    4.38    3.79     13.45   25.19   20.60     17.85   17.29   12.90      5.44   61.86   68.78   158.40  115.12   154.85  107.21 
 501    4.34    4.96     31.84    5.06    3.80     13.95   23.82   20.60     17.82   17.33   12.91      5.53   61.19   68.77   161.27  114.17   157.66  106.26 
 502    4.34    4.93     31.56    5.29    3.80     13.61   24.74   20.61     17.82   17.33   12.92      5.50   61.02   68.75   163.97  114.03   160.40  106.10 
 503    4.34    4.96     32.58    4.76    3.80     12.49   28.00   20.63     17.82   17.33   12.93      5.40   61.44   68.74   166.59  114.58   162.73  106.82 
 504    4.34    4.93     31.75    5.29    3.80     12.83   27.05   20.64     17.82   17.33   12.94      5.54   60.58   68.72   168.57  114.16   165.00  106.29 
 505    4.34    4.89     32.90    4.70    3.80     12.20   29.00   20.66     17.82   17.33   12.95      5.36   61.94   68.71   171.69  115.53   168.14  107.72 
 506    4.38    4.95     30.14    6.56    3.81     11.77   30.45   20.67     17.76   17.43   12.96      5.30   62.22   68.69   173.75  115.62   170.17  107.81 
 507    4.38    4.88     32.40    5.10    3.81     10.71   34.20   20.70     17.76   17.43   12.96      5.26   62.04   68.68   177.36  116.58   173.84  108.86 
 508    4.38    4.95     30.09    6.72    3.82     10.63   34.41   20.73     17.76   17.43   12.97      5.16   62.49   68.67   177.63  116.79   174.22  108.97 
 509    4.38    5.11     31.04    6.08    3.82     10.72   33.95   20.75     17.76   17.43   12.98      5.23   61.69   68.66   179.82  118.08   176.28  110.32 
 510    4.38    5.22     30.32    6.70    3.83     10.44   34.85   20.78     17.76   17.43   12.99      5.23   61.35   68.64   182.14  119.74   178.79  111.93 
 511    4.79    4.90     29.75    7.23    3.84     12.28   27.92   20.80     17.67   17.60   13.00      5.13   61.21   68.63   183.27  121.49   179.86  113.69 
 512    4.79    4.88     29.80    7.26    3.84     11.68   29.45   20.81     17.67   17.60   13.01      5.08   60.88   68.61   184.27  123.86   180.88  115.97 
 513    4.79    4.93     28.98    8.08    3.85     11.20   30.85   20.83     17.67   17.60   13.02      5.06   60.17   68.59   185.00  126.07   181.47  118.29 
 514    4.79    4.90     30.40    6.90    3.86     11.53   29.04   20.85     17.67   17.60   13.03      4.99   59.76   68.58   185.29  129.95   181.56  122.18 
 515    4.79    4.87     30.43    6.92    3.86     11.36   29.21   20.86     17.67   17.60   13.04      4.97   59.08   68.56   185.07  133.05   181.44  125.30 
 516    4.67    4.90     30.70    6.77    3.87     13.40   22.97   20.87     17.61   17.69   13.04      5.08   57.78   68.54   185.96  135.40   182.47  127.69 
 517    4.67    4.92     30.60    6.93    3.87     11.74   27.23   20.88     17.61   17.69   13.05      5.07   57.54   68.52   186.87  138.34   183.19  130.56 
 518    4.67    4.91     30.41    7.14    3.88     11.99   26.72   20.89     17.61   17.69   13.06      4.89   58.32   68.50   189.02  139.45   185.23  131.91 
 519    4.67    4.90     28.91    8.59    3.89     11.73   27.38   20.90     17.61   17.69   13.07      5.04   57.83   68.48   190.41  139.85   186.47  132.35 
 520    4.67    4.91     30.02    7.60    3.90     11.32   28.97   20.92     17.61   17.69   13.08      5.16   57.19   68.46   192.47  139.82   188.63  132.36 
 521    4.52    4.88     30.49    7.22    3.90     11.39   28.67   20.94     17.56   17.77   13.09      5.23   57.13   68.43   194.26  139.17   190.33  131.75 
 522    4.52    4.92     28.62    9.03    3.91     10.80   30.96   20.95     17.56   17.77   13.10      5.20   57.80   68.41   195.89  137.22   191.89  129.90 
 523    4.52    4.89     29.36    8.27    3.92     10.20   32.94   20.98     17.56   17.77   13.11      5.24   58.24   68.39   197.61  134.68   193.46  127.22 
 524    4.52    4.98     28.89    8.70    3.93     10.04   34.22   21.00     17.56   17.77   13.12      5.35   58.25   68.37   198.76  130.82   194.96  123.42 
 525    4.52    4.90     28.82    8.72    3.94      9.84   35.41   21.03     17.56   17.77   13.12      5.32   59.21   68.36   200.16  126.66   196.24  119.32 
 526    4.87    4.88     29.30    8.21    3.95     10.43   33.04   21.05     17.47   17.92   13.13      5.22   60.54   68.34   200.79  123.48   196.67  115.88 
 527    4.87    4.87     28.64    8.81    3.96     10.01   34.79   21.08     17.47   17.92   13.14      5.11   60.98   68.33   202.07  118.14   198.02  110.50 
 528    4.87    4.88     30.02    7.46    3.96      9.62   36.07   21.11     17.47   17.92   13.15      5.19   60.14   68.31   202.69  116.23   198.39  108.81 
 529    4.87    4.87     30.95    6.66    3.97      9.13   37.92   21.14     17.47   17.92   13.16      5.06   60.83   68.30   203.67  112.64   199.34  105.22 
 530    4.87    4.89     30.63    6.86    3.97      8.77   39.27   21.17     17.47   17.92   13.17      4.81   62.18   68.29   203.44  109.26   198.81  101.97 
 531    5.18    4.93     30.92    6.61    3.98      9.52   35.74   21.20     17.36   18.13   13.18      5.20   59.20   68.27   204.42  106.66   199.72   99.50 
 532    5.18    4.92     30.09    7.25    3.98      9.76   35.15   21.23     17.36   18.13   13.19      5.15   59.24   68.25   203.29  105.01   198.48   98.03 
 533    5.18    4.91     29.47    7.74    3.99      9.57   36.11   21.25     17.36   18.13   13.20      5.18   59.59   68.24   203.33  101.30   198.69   94.13 
 534    5.18    4.92     29.94    7.27    4.00      9.57   36.23   21.28     17.36   18.13   13.21      5.18   59.61   68.22   202.74   99.73   198.09   92.57 
 535    5.18    4.91     31.01    6.35    4.00      9.53   36.69   21.31     17.36   18.13   13.22      5.33   59.33   68.20   202.13   97.67   197.39   90.49 
 536    5.18    4.90     31.08    6.27    4.01     11.45   29.61   21.33     17.26   18.30   13.23      5.51   57.98   68.18   202.01   95.06   197.51   87.95 
 537    5.18    4.94     31.00    6.30    4.01     11.24   29.83   21.34     17.26   18.30   13.24      5.58   57.56   68.16   202.18   91.60   197.58   84.30 
 538    5.18    4.89     30.63    6.55    4.02     10.76   30.77   21.36     17.26   18.30   13.24      5.64   56.48   68.14   203.09   88.12   198.40   80.91 
 539    5.18    4.96     29.04    7.88    4.02     10.02   32.77   21.38     17.26   18.30   13.25      5.61   54.98   68.12   203.64   86.20   199.02   79.09 
 540    5.18    4.89     29.24    7.65    4.03      9.26   34.37   21.41     17.26   18.30   13.26      5.45   54.41   68.09   204.19   82.93   199.40   75.65 
 541    5.35    4.91     29.07    7.78    4.04     12.06   24.52   21.41     17.21   18.38   13.27      5.37   52.66   68.06   204.23   79.87   199.55   72.76 
 542    5.35    4.93     29.00    7.85    4.04     10.85   27.29   21.42     17.21   18.38   13.28      5.35   52.27   68.04   205.05   78.01   200.28   70.95 
 543    5.35    4.89     28.59    8.21    4.05     10.85   27.12   21.43     17.21   18.38   13.29      5.22   51.59   68.01   204.58   75.46   199.81   68.43 
 544    5.35    4.96     28.28    8.48    4.06     10.49   28.07   21.44     17.21   18.38   13.30      5.25   51.08   67.97   204.39   74.41   199.63   67.32 
 545    5.35    4.98     27.55    9.18    4.07     10.68   27.95   21.46     17.21   18.38   13.31      5.19   51.79   67.94   203.11   74.20   198.54   66.96 
 546    5.45    4.95     28.24    8.44    4.08     14.05   19.32   21.45     17.17   18.42   13.32      5.52   51.12   67.91   202.31   73.91   197.64   66.73 
 547    5.45    4.92     28.18    8.47    4.08     13.65   21.16   21.45     17.17   18.42   13.33      5.73   51.28   67.88   200.68   74.79   196.06   67.65 
 548    5.45    4.89     27.76    8.84    4.09     13.16   23.43   21.46     17.17   18.42   13.34      5.79   52.75   67.86   198.47   76.75   193.95   69.36 
 549    5.45    4.92     27.65    8.91    4.10     12.33   26.86   21.47     17.17   18.42   13.35      5.86   54.38   67.83   196.74   78.85   192.32   71.37 
 550    5.45    4.90     29.53    7.13    4.11     13.08   25.36   21.47     17.17   18.42   13.36      5.92   55.42   67.81   195.70   80.05   191.46   72.54 
 551    5.72    4.97     29.43    7.18    4.11     13.40   24.93   21.48     17.14   18.45   13.37      6.00   56.71   67.79   194.06   80.86   189.88   73.15 
 552    5.72    4.94     29.21    7.34    4.12     12.82   27.23   21.49     17.14   18.45   13.38      6.15   56.29   67.77   192.42   82.68   188.45   74.77 
 553    5.72    4.95     29.76    6.84    4.12     12.53   28.62   21.50     17.14   18.45   13.38      6.22   56.70   67.75   190.21   85.27   186.28   77.29 
 554    5.72    4.97     31.37    5.64    4.13     12.38   29.45   21.52     17.14   18.45   13.39      6.25   57.18   67.73   188.32   87.33   184.40   79.32 
 555    5.72    4.87     31.25    5.69    4.13     12.05   30.89   21.53     17.14   18.45   13.40      6.25   57.52   67.71   185.87   88.46   181.82   80.58 
 556    5.82    4.93     32.08    5.12    4.13     12.27   30.27   21.55     17.09   18.54   13.41      6.33   57.35   67.69   183.09   90.53   179.05   82.58 
 557    5.82    4.90     32.70    4.71    4.13     12.11   31.36   21.57     17.09   18.54   13.42      6.44   57.32   67.67   180.42   91.79   176.53   83.84 
 558    5.82    4.91     34.62    3.72    4.13     12.17   31.19   21.58     17.09   18.54   13.43      6.33   58.12   67.66   177.79   93.45   174.03   85.52 
 559    5.82    4.91     34.73    3.64    4.13     12.31   30.13   21.60     17.09   18.54   13.44      6.17   59.00   67.64   174.76   93.71   171.10   85.59 
 560    5.82    4.92     34.47    3.69    4.13     12.51   29.52   21.61     17.09   18.54   13.45      6.47   57.96   67.62   171.76   93.92   168.27   85.66 
 561    5.36    4.99     39.68    1.99    4.13     13.67   26.01   21.62     17.04   18.64   13.46      6.39   58.09   67.61   168.95   95.40   165.99   87.14 
 562    5.36    4.92     34.89    3.43    4.12     13.41   26.32   21.63     17.04   18.64   13.47      6.16   59.17   67.59   166.41   96.24   163.41   87.95 
 563    5.36    4.89     36.66    2.75    4.12     13.29   26.98   21.64     17.04   18.64   13.48      6.23   59.19   67.58   164.34   95.65   161.44   87.38 
 564    5.36    4.91     35.33    3.15    4.12     12.59   29.67   21.65     17.04   18.64   13.49      6.05   60.96   67.56   160.74   95.86   158.09   87.47 
 565    5.36    4.92     34.16    3.53    4.12     11.89   32.53   21.67     17.04   18.64   13.49      6.11   61.12   67.55   157.74   96.76   155.22   88.42 
 566    6.17    4.88     30.03    5.62    4.12     12.10   31.84   21.69     17.00   18.73   13.50      6.15   61.04   67.54   153.59   97.20   151.07   88.81 
 567    6.17    4.94     29.75    5.71    4.12     11.89   32.80   21.71     17.00   18.73   13.51      6.08   61.78   67.53   149.83   99.50   147.39   91.16 
 568    6.17    4.93     28.18    6.76    4.13     11.05   35.20   21.73     17.00   18.73   13.52      5.92   62.19   67.52   146.25  101.36   143.89   92.96 
 569    6.17    4.97     28.18    6.69    4.13     10.38   37.32   21.76     17.00   18.73   13.53      5.72   62.00   67.51   144.38  102.43   141.72   94.18 
 570    6.17    4.97     27.92    6.91    4.14     10.68   35.60   21.79     17.00   18.73   13.54      5.69   60.96   67.50   143.04  102.25   140.27   94.01 
 571    6.18    4.91     30.30    5.29    4.14     12.36   30.39   21.80     16.91   18.90   13.55      6.00   60.57   67.49   145.43  102.15   142.44   93.93 
 572    6.18    4.95     29.96    5.61    4.14     12.84   29.85   21.82     16.91   18.90   13.56      6.25   60.39   67.48   148.38  100.00   145.20   91.85 
 573    6.18    4.91     31.96    4.54    4.14     13.70   27.70   21.83     16.91   18.90   13.57      6.43   60.43   67.46   151.97   97.91   148.18   90.09 
 574    6.18    4.96     35.49    3.10    4.14     15.56   22.17   21.83     16.91   18.90   13.58      6.71   59.43   67.45   156.40   99.15   152.49   91.29 
 575    6.18    4.90     32.51    4.47    4.14     13.65   27.49   21.84     16.91   18.90   13.59      6.67   59.43   67.44   160.73   98.95   156.57   91.27 
 576    6.27    4.95     32.32    4.68    4.14     13.61   27.20   21.85     16.87   18.98   13.60      6.62   59.55   67.42   165.96   98.96   161.86   91.25 
 577    6.27    4.88     29.57    6.59    4.15     13.77   26.12   21.85     16.87   18.98   13.61      6.58   59.70   67.41   169.66   98.15   165.35   90.40 
 578    6.27    4.93     29.26    6.94    4.15     12.89   28.38   21.86     16.87   18.98   13.62      6.49   59.08   67.39   173.34   97.97   169.00   90.36 
 579    6.27    4.93     28.63    7.55    4.16     12.95   27.56   21.87     16.87   18.98   13.62      6.27   59.88   67.38   175.92   96.51   171.45   88.91 
 580    6.27    4.95     28.42    7.79    4.16     12.34   29.12   21.89     16.87   18.98   13.63      6.31   58.77   67.37   178.07   95.72   173.54   88.16 
 581    6.47    4.96     27.14    9.12    4.17     12.04   29.76   21.90     16.84   19.05   13.64      6.05   59.50   67.35   179.31   95.84   174.66   88.36 
 582    6.47    4.94     28.55    7.70    4.18     11.43   31.46   21.92     16.84   19.05   13.65      5.90   60.06   67.34   180.43   93.20   175.76   85.69 
 583    6.47    4.94     28.71    7.50    4.19     12.12   29.71   21.93     16.84   19.05   13.66      6.12   58.69   67.33   178.52   93.22   173.99   85.52 
 584    6.47    4.96     27.72    8.35    4.19     12.57   28.43   21.94     16.84   19.05   13.67      6.23   58.16   67.31   176.82   92.95   172.13   85.42 
 585    6.47    4.94     27.03    8.92    4.20     13.10   27.28   21.95     16.84   19.05   13.68      6.28   58.02   67.29   173.06   94.09   168.27   86.60 
 586    6.52    4.92     26.85    9.06    4.21     13.13   27.44   21.96     16.79   19.15   13.69      6.37   57.45   67.28   169.89   95.69   164.76   88.42 
 587    6.52    4.91     27.28    8.56    4.22     13.04   27.72   21.97     16.79   19.15   13.70      6.47   56.99   67.26   168.01   97.73   163.00   90.39 
 588    6.52    4.88     26.60    9.22    4.22     12.70   28.96   21.98     16.79   19.15   13.71      6.27   57.57   67.24   164.22  100.55   159.07   93.32 
 589    6.52    4.97     26.66    9.09    4.23     13.09   27.77   21.99     16.79   19.15   13.72      6.43   56.79   67.23   161.87  102.52   156.98   95.05 
 590    6.52    4.95     27.46    8.19    4.24     13.58   26.56   22.00     16.79   19.15   13.73      6.35   57.89   67.21   157.52  106.84   152.84   99.25 
 591    6.78    4.93     26.76    8.76    4.25     13.74   25.80   22.00     16.75   19.23   13.74      6.29   58.03   67.19   152.93  108.03   147.86  100.72 
 592    6.78    4.87     27.98    7.48    4.25     13.84   25.04   22.01     16.75   19.23   13.74      6.19   58.38   67.18   149.63  108.92   144.70  101.49 
 593    6.78    4.92     30.32    5.60    4.25     13.77   24.89   22.01     16.75   19.23   13.75      6.13   58.73   67.17   145.38  111.16   139.95  104.15 
 594    6.78    4.93     32.18    4.45    4.26     14.16   23.85   22.02     16.75   19.23   13.76      6.01   59.50   67.15   142.94  111.79   137.46  104.83 
 595    6.78    4.91     30.06    5.64    4.26     14.11   23.78   22.02     16.75   19.23   13.77      6.07   59.14   67.14   139.95  113.01   134.48  106.02 
 596    6.89    4.97     31.13    4.93    4.26     14.07   23.56   22.02     16.72   19.27   13.78      5.83   59.74   67.13   137.62  115.01   131.96  108.18 
 597    6.89    4.92     32.36    4.28    4.26     13.26   25.63   22.03     16.72   19.27   13.79      5.92   59.14   67.11   135.48  117.52   129.74  110.74 
 598    6.89    4.92     29.53    5.96    4.26     11.99   28.85   22.04     16.72   19.27   13.80      5.98   57.91   67.10   132.30  120.65   126.59  113.80 
 599    6.89    4.94     28.16    7.00    4.27     12.19   27.71   22.05     16.72   19.27   13.81      5.82   57.18   67.08   130.60  122.23   124.83  115.49 
 600    6.89    4.99     28.87    6.51    4.27     11.55   29.13   22.06     16.72   19.27   13.82      5.75   56.09   67.06   130.38  125.00   124.44  118.43 
 601    6.69    4.92     27.93    7.37    4.28     11.30   29.61   22.07     16.68   19.34   13.83      5.70   56.26   67.04   129.85  127.87   123.76  121.53 
 602    6.69    4.91     26.34    8.94    4.28      9.74   35.83   22.10     16.68   19.34   13.84      5.40   58.19   67.03   129.91  129.96   123.97  123.46 
 603    6.69    4.91     26.65    8.75    4.29      8.84   40.36   22.13     16.68   19.34   13.85      5.23   59.67   67.02   130.34  132.87   124.44  126.33 
 604    6.69    4.92     25.72    9.92    4.30      8.48   42.91   22.16     16.68   19.34   13.86      5.03   61.72   67.01   131.02  135.95   125.33  129.33 
 605    6.69    4.90     24.78   11.30    4.31      7.57   47.45   22.20     16.68   19.34   13.86      4.85   63.15   67.00   130.57  139.99   125.14  133.20 
 606    7.18    4.97     26.43    9.48    4.32      7.45   44.89   22.24     16.58   19.56   13.87      4.54   62.88   67.00   131.70  145.12   126.41  138.16 
 607    7.18    4.93     26.39    9.68    4.33      6.19   48.59   22.28     16.58   19.56   13.88      4.35   61.37   66.99   132.83  148.90   127.64  141.95 
 608    7.18    4.91     14.58   38.05    4.38      5.90   42.03   22.32     16.58   19.56   13.89      3.97   60.53   66.98   113.90  127.45   108.45  120.73 
 609    7.18    4.95     12.59   48.28    4.46      5.27   37.45   22.34     16.58   19.56   13.90      4.49   52.66   66.95    86.47  150.37    81.12  143.61 
 610    7.18    4.92     10.11   64.70    4.55      6.46   32.50   22.36     16.58   19.56   13.91      5.10   38.55   66.91    68.26  162.96    63.01  156.09 
 611    7.37    4.95      9.98   66.42    4.66      8.21   26.70   22.37     16.45   19.79   13.92      7.11   30.26   66.85    66.54  163.95    60.80  157.58 
 612    7.37    4.92     10.44   63.48    4.75      8.19   26.64   22.37     16.45   19.79   13.93      7.42   29.18   66.78    69.27  165.88    63.55  159.53 
 613    7.37    4.91     10.12   66.05    4.85      8.22   26.67   22.38     16.45   19.79   13.94      7.58   28.72   66.72    66.06  163.22    60.18  156.91 
 614    7.37    5.03     10.44   63.55    4.95      8.24   26.64   22.39     16.45   19.79   13.95      7.69   28.54   66.66    66.77  165.09    60.95  158.86 
 615    7.37    4.92     10.42   63.32    5.04      8.25   26.60   22.39     16.45   19.79   13.96      7.83   28.35   66.60    66.55  164.85    60.64  158.76 
 616    7.57    4.91     11.01   58.60    5.13     10.89   19.48   22.39     16.41   19.82   13.97     10.17   21.80   66.52    70.26  166.17    64.99  159.16 
 617    7.57    4.97     10.69   60.33    5.22     10.97   19.38   22.38     16.41   19.82   13.98     10.11   21.82   66.45    67.93  165.32    62.15  159.06 
 618    7.57    4.94     11.04   57.62    5.30     10.91   19.45   22.38     16.41   19.82   13.99     10.08   21.93   66.38    69.35  164.83    63.88  158.22 
 619    7.57    4.90     11.13   56.41    5.39     10.88   19.49   22.37     16.41   19.82   14.00     10.11   21.89   66.31    69.78  165.40    64.26  158.82 
 620    7.57    4.95     10.75   58.38    5.47     11.00   19.34   22.37     16.41   19.82   14.01     10.18   21.71   66.24    67.14  164.81    61.05  158.83 
