   6    0.75   22.78     43.98    1.45    0.84     18.26    3.23    6.43       Inf    0.00   14.63      4.84   16.88   17.44   198.81  103.69   211.20  104.08 
   7    0.75   22.87     50.81    0.67    0.82     17.99    3.31    5.99       Inf    0.00   12.54      5.34   15.81   17.21   200.46  103.65   212.84  103.85 
   8    0.75   22.88     47.89    0.94    0.83     16.50    3.99    5.74       Inf    0.00   10.97      5.33   15.75   17.03   202.36  104.42   214.51  104.36 
   9    0.75   22.77     41.71    1.89    0.95     13.65    5.39    5.70       Inf    0.00    9.75      4.75   18.08   17.14   201.44  101.98   213.87  101.88 
  10    0.75   22.88     41.63    1.88    1.04     13.53    5.98    5.73       Inf    0.00    8.78      3.90   20.99   17.53   198.37  100.31   210.47  101.05 
  11    0.22   22.81     48.06    0.90    1.03     16.68    4.18    5.59     33.68    0.57    8.03      5.31   16.86   17.47   199.43   99.34   211.58   99.88 
  12    0.22   22.79     45.12    1.25    1.05     11.98    6.92    5.70     33.68    0.57    7.41      4.20   18.78   17.58   197.76  101.16   209.45  101.21 
  13    0.22   22.82     44.48    1.34    1.07     12.23    6.77    5.78     33.68    0.57    6.88      4.18   18.18   17.62   195.47  102.53   207.20  102.64 
  14    0.22   22.91     45.35    1.21    1.08     11.99    7.06    5.87     33.68    0.57    6.43      4.45   17.34   17.60   194.11  104.44   205.75  104.54 
  15    0.22   22.80     43.02    1.58    1.11     13.52    5.72    5.86     33.68    0.57    6.04      4.88   17.00   17.56   192.21  105.24   203.51  105.25 
  16    0.23   22.87     44.69    1.29    1.13     16.29    4.31    5.76     24.97    1.55    5.76      4.84   18.09   17.60   190.97  104.60   202.83  104.58 
  17    0.23   22.32     42.69    1.62    1.15     14.73    4.91    5.71     24.97    1.55    5.51      5.18   17.25   17.58   190.41  103.12   201.62  103.08 
  18    0.23   22.78     43.21    1.52    1.17     13.53    5.67    5.71     24.97    1.55    5.29      5.28   16.21   17.50   190.00  102.76   201.24  103.06 
  19    0.23   22.30     44.45    1.31    1.18     13.34    5.84    5.72     24.97    1.55    5.10      4.60   17.94   17.52   187.40  101.72   198.82  101.97 
  20    0.23   22.88     50.16    0.68    1.16     13.04    6.09    5.74     24.97    1.55    4.92      5.64   15.57   17.43   187.62  100.87   199.02  100.99 
  21    0.27   22.18     45.04    1.21    1.16     15.98    4.40    5.67     24.66    1.61    4.76      5.04   16.63   17.39   185.45  100.17   196.89  100.25 
  22    0.27   22.85     44.72    1.24    1.16     14.78    5.01    5.64     24.66    1.61    4.62      4.86   17.95   17.41   183.38   97.35   194.57   97.74 
  23    0.27   22.31     42.32    1.61    1.18     14.27    5.43    5.63     24.66    1.61    4.49      5.46   16.86   17.39   182.39   95.12   194.08   95.78 
  24    0.27   22.80     43.20    1.43    1.19     12.26    6.75    5.68     24.66    1.61    4.37      3.25   25.12   17.71   177.76   94.90   188.66   95.63 
  25    0.27   22.32     41.71    1.66    1.21     11.35    7.77    5.76     24.66    1.61    4.26      3.56   26.80   18.08   174.33   93.05   185.21   93.70 
  26    0.26   22.89     42.74    1.47    1.22     13.11    6.80    5.80     19.93    2.78    4.20      4.82   22.51   18.25   173.72   91.04   184.30   91.81 
  27    0.26   22.80     40.50    1.91    1.25      9.96   10.46    5.98     19.93    2.78    4.15      5.57   17.19   18.21   174.08   93.08   184.65   93.72 
  28    0.26   22.79     31.28    5.62    1.40      7.99   11.91    6.19     19.93    2.78    4.10      4.53   18.04   18.20   178.87   97.18   189.36   97.65 
  29    0.26   22.89     31.20    5.70    1.55      7.83   11.84    6.38     19.93    2.78    4.05      3.41   23.07   18.37   177.95   99.19   188.47   99.41 
  30    0.26   22.79     32.69    4.83    1.66      8.56   11.66    6.56     19.93    2.78    4.01      3.47   23.31   18.53   176.68  102.34   187.16  102.49 
  31    0.35   22.79     36.29    3.21    1.71     12.24    7.72    6.60     20.58    2.63    3.96      3.31   24.61   18.73   174.66  104.42   185.01  104.66 
  32    0.35   22.28     33.17    4.55    1.80     10.83    8.54    6.66     20.58    2.63    3.92      3.07   27.57   19.01   173.35  104.40   183.59  104.62 
  33    0.35   22.21     40.22    2.03    1.81      9.55   10.36    6.77     20.58    2.63    3.88      4.02   20.87   19.06   171.39  107.20   181.73  108.15 
  34    0.35   22.16     39.15    2.32    1.82      9.45   10.77    6.89     20.58    2.63    3.85      5.04   19.31   19.07   174.11  108.99   184.29  109.72 
  35    0.35   22.88     39.88    2.12    1.83      8.24   13.27    7.07     20.58    2.63    3.81      4.43   24.02   19.21   173.88  107.08   184.08  107.82 
  36    0.42   22.19     42.31    1.61    1.82     12.44    8.54    7.11     18.31    3.48    3.80      4.74   23.07   19.32   174.40  106.22   184.58  107.00 
  37    0.42   22.20     42.62    1.57    1.82      8.24   13.82    7.29     18.31    3.48    3.79      4.80   22.50   19.40   176.49  106.25   186.67  106.99 
  38    0.42   22.30     35.22    3.69    1.87      7.72   13.65    7.46     18.31    3.48    3.79      4.47   23.44   19.51   179.35  103.11   189.42  103.65 
  39    0.42   22.20     32.68    4.96    1.95     10.58    8.48    7.48     18.31    3.48    3.78      4.76   20.05   19.52   182.00  102.10   192.02  103.06 
  40    0.42   22.18     38.24    2.65    1.96     14.49    5.36    7.43     18.31    3.48    3.77      5.46   16.67   19.45   184.34  105.40   194.25  106.38 
  41    0.36   20.62     39.53    2.32    1.97     17.17    3.89    7.35     17.84    3.74    3.77      5.82   15.36   19.35   187.07  105.75   197.03  106.65 
  42    0.36   20.53     41.42    1.89    1.97     17.27    3.82    7.26     17.84    3.74    3.77      6.29   14.37   19.23   188.90  106.11   199.07  106.89 
  43    0.36   20.52     44.25    1.37    1.96     15.64    4.48    7.20     17.84    3.74    3.77      6.45   13.74   19.11   192.27  105.03   202.31  105.93 
  44    0.36   21.67     42.55    1.68    1.95     16.60    4.02    7.12     17.84    3.74    3.77      6.61   13.14   18.97   193.32  104.64   203.46  105.53 
  45    0.36   21.57     38.29    2.74    1.97     15.66    4.44    7.06     17.84    3.74    3.77      6.52   12.69   18.83   192.19  103.98   202.61  105.01 
  46    0.49   20.53     39.84    2.29    1.97     17.22    3.63    6.99     18.05    3.63    3.76      6.37   12.52   18.69   192.49  104.01   202.67  105.00 
  47    0.49   21.69     42.09    1.79    1.97     16.55    3.85    6.92     18.05    3.63    3.76      6.28   13.28   18.58   195.89  103.95   206.11  104.78 
  48    0.49   21.54     40.26    2.23    1.98     17.66    3.44    6.85     18.05    3.63    3.76      6.03   13.63   18.48   197.96  103.52   208.25  104.60 
  49    0.49   20.56     41.08    2.06    1.98     17.33    3.62    6.78     18.05    3.63    3.76      5.76   14.34   18.39   201.40  103.56   211.62  104.61 
  50    0.49   21.71     41.77    1.91    1.98     18.62    3.15    6.71     18.05    3.63    3.75      6.58   13.10   18.29   203.48  103.67   213.85  104.43 
  51    0.46   21.59     39.12    2.59    1.99     21.53    2.28    6.63     17.86    3.68    3.75      6.88   12.57   18.17   203.47  102.43   213.92  103.15 
  52    0.46   21.57     40.39    2.24    1.99     21.43    2.35    6.54     17.86    3.68    3.75      7.12   12.28   18.06   203.89  100.79   214.36  101.81 
  53    0.46   21.66     42.99    1.66    1.99     19.08    3.13    6.48     17.86    3.68    3.75      6.89   12.79   17.96   204.78  100.13   215.30  101.28 
  54    0.46   21.60     41.85    1.91    1.99     17.77    3.71    6.43     17.86    3.68    3.75      6.20   13.70   17.88   206.52  102.24   216.91  103.28 
  55    0.46   21.60     41.32    2.04    1.99     17.02    4.07    6.38     17.86    3.68    3.75      5.51   14.24   17.82   206.55  105.23   217.07  106.74 
  56    0.38   21.66     41.34    2.06    1.99     16.68    4.15    6.34     16.71    4.19    3.75      5.71   14.14   17.75   208.07  107.81   218.34  109.08 
  57    0.38   21.02     44.38    1.46    1.98     18.04    3.52    6.30     16.71    4.19    3.76      6.02   13.61   17.68   209.89  110.30   220.05  111.57 
  58    0.38   21.70     42.26    1.87    1.98     18.08    3.46    6.25     16.71    4.19    3.77      6.78   12.48   17.59   209.05  110.31   219.60  111.41 
  59    0.38   21.65     43.65    1.59    1.97     19.77    2.81    6.19     16.71    4.19    3.78      6.90   12.53   17.50   208.69  109.41   218.93  110.22 
  60    0.38   21.57     43.88    1.52    1.96     18.58    3.30    6.14     16.71    4.19    3.78      6.46   13.72   17.44   206.52  106.18   216.92  107.36 
  61    0.52   22.15     46.52    1.10    1.95     17.14    3.96    6.10     18.63    3.35    3.78      5.64   14.94   17.40   201.91  103.37   212.52  104.38 
  62    0.52   22.90     45.46    1.22    1.94     17.98    3.58    6.06     18.63    3.35    3.77      5.95   14.58   17.35   199.86  102.32   210.31  102.74 
  63    0.52   22.20     44.06    1.42    1.93     18.23    3.50    6.02     18.63    3.35    3.76      5.59   15.97   17.33   197.02   98.78   207.36   99.28 
  64    0.52   22.18     36.28    3.45    1.95     18.41    3.42    5.98     18.63    3.35    3.76      5.80   15.68   17.30   195.99   94.83   206.44   95.53 
  65    0.52   22.88     39.39    2.39    1.96     17.87    3.67    5.95     18.63    3.35    3.75      6.05   14.44   17.26   194.00   94.42   204.41   95.22 
  66    0.46   22.26     41.66    1.82    1.96     17.93    3.54    5.91     17.89    3.65    3.75      5.44   14.27   17.22   192.71   96.31   203.00   96.99 
  67    0.46   22.20     41.16    1.91    1.96     17.49    3.79    5.88     17.89    3.65    3.75      4.68   16.15   17.20   188.17   98.79   198.63   99.60 
  68    0.46   22.89     43.93    1.36    1.95     17.77    3.70    5.85     17.89    3.65    3.75      4.17   19.44   17.23   183.14   99.82   193.62  100.62 
  69    0.46   22.22     42.03    1.68    1.94     18.24    3.58    5.81     17.89    3.65    3.74      4.63   19.04   17.26   179.88  100.80   190.42  101.42 
  70    0.46   22.19     40.35    2.02    1.94     18.24    3.60    5.78     17.89    3.65    3.74      5.22   17.06   17.26   177.83  101.44   188.25  102.28 
  71    0.57   21.66     41.11    1.84    1.94     16.52    4.51    5.76     18.17    3.53    3.74      4.22   21.89   17.32   175.07  101.67   185.54  102.28 
  72    0.57   21.59     43.30    1.42    1.94     13.19    6.91    5.78     18.17    3.53    3.74      5.33   18.74   17.34   174.51  100.87   184.90  101.57 
  73    0.57   21.57     41.71    1.70    1.93     14.90    5.92    5.78     18.17    3.53    3.73      5.40   19.41   17.37   174.68  100.13   185.21  100.58 
  74    0.57   21.66     41.13    1.82    1.93     11.56    9.74    5.84     18.17    3.53    3.73      5.38   20.65   17.41   174.58   99.93   185.07  100.46 
  75    0.57   21.61     43.90    1.33    1.92      8.37   16.33    5.98     18.17    3.53    3.73      4.78   25.32   17.52   175.01  100.96   185.67  101.69 
  76    0.60   21.62     43.81    1.34    1.92     11.43   13.27    6.07     17.29    3.97    3.73      4.74   29.39   17.68   175.88  101.46   186.58  102.15 
  77    0.60   21.68     44.79    1.21    1.91      7.55   23.20    6.29     17.29    3.97    3.74      4.43   34.77   17.90   176.95  101.46   187.92  102.34 
  78    0.60   21.57     24.92   12.03    2.04      3.54   25.11    6.53     17.29    3.97    3.74      4.05   39.20   18.17   182.68   89.97   193.62   90.88 
  79    0.60   21.58     20.41   20.40    2.27      0.31   18.61    6.69     17.29    3.97    3.74      3.30   23.47   18.24   185.64   82.75   196.68   83.93 
  80    0.60   21.69     23.52   14.46    2.42      2.57   18.63    6.84     17.29    3.97    3.74     -0.46   20.72   18.27   188.73   92.20   199.59   93.09 
  81    0.58   22.16     24.38   13.18    2.55      7.13   10.92    6.89     15.66    4.92    3.76      1.62   17.62   18.26   187.88   92.40   199.06   93.42 
  82    0.58   22.17     31.23    6.07    2.60     10.63    8.56    6.91     15.66    4.92    3.77      3.48   16.55   18.24   189.07   99.81   200.12  100.35 
  83    0.58   22.26     41.51    1.86    2.59     14.89    5.64    6.89     15.66    4.92    3.79      6.40   14.09   18.19   189.06  103.43   199.83  104.30 
  84    0.58   22.17     39.81    2.29    2.58     15.89    4.89    6.87     15.66    4.92    3.80      6.84   14.81   18.15   191.36  102.22   202.34  103.02 
  85    0.58   22.16     39.99    2.26    2.58     15.65    5.12    6.85     15.66    4.92    3.81      6.33   16.39   18.13   194.52  100.77   205.39  101.88 
  86    0.59   22.28     45.35    1.22    2.56     16.09    4.88    6.83     16.14    4.66    3.82      6.69   15.18   18.09   197.20   99.13   208.16  100.07 
  87    0.59   22.83     42.78    1.64    2.55     16.51    4.63    6.80     16.14    4.66    3.83      6.84   14.46   18.05   197.55   97.34   208.59   98.31 
  88    0.59   22.19     43.11    1.59    2.54     16.14    4.91    6.78     16.14    4.66    3.84      6.90   14.30   18.01   199.74   97.97   210.56   98.94 
  89    0.59   22.26     41.51    1.92    2.54     13.96    6.61    6.78     16.14    4.66    3.85      6.61   14.55   17.97   199.71  100.61   210.77  101.55 
  90    0.59   22.82     43.23    1.59    2.53     12.43    8.14    6.79     16.14    4.66    3.86      6.56   15.21   17.94   199.94  102.39   211.02  103.34 
  91    0.59   20.54     41.66    1.91    2.52     12.46    8.06    6.81     16.34    4.57    3.87      7.04   14.72   17.90   201.61  103.40   212.27  103.95 
  92    0.59   21.71     42.86    1.67    2.51     13.21    7.53    6.81     16.34    4.57    3.88      7.27   13.96   17.86   201.47  105.06   212.18  105.84 
  93    0.59   21.65     20.67   21.53    2.71      7.57    7.36    6.82     16.34    4.57    3.88      6.97   13.93   17.82   205.63   85.94   216.44   87.21 
  94    0.59   21.61     21.08   20.61    2.90      9.12    6.46    6.82     16.34    4.57    3.89      6.53   13.93   17.78   204.33   88.83   214.84   89.94 
  95    0.59   21.71     20.72   21.37    3.10     10.59    5.35    6.80     16.34    4.57    3.90      5.58   14.20   17.74   201.65   89.60   212.57   90.94 
  96    0.76   21.61     20.85   20.98    3.29     16.30    2.83    6.76     16.29    4.56    3.90      5.72   13.82   17.70   200.85   90.88   211.63   92.00 
  97    0.76   21.63     20.46   21.89    3.48     17.76    2.39    6.71     16.29    4.56    3.91      4.52   12.66   17.65   200.21   89.86   211.11   91.30 
  98    0.76   21.69     20.30   22.25    3.67     17.38    2.50    6.67     16.29    4.56    3.92      3.52   13.68   17.61   200.35   89.14   211.05   90.44 
  99    0.76   21.67     20.43   21.76    3.85     16.42    2.79    6.63     16.29    4.56    3.92      3.84   13.51   17.57   199.32   86.42   210.15   87.51 
 100    0.76   21.58     20.66   21.10    4.02     17.80    2.42    6.59     16.29    4.56    3.93      4.13   13.63   17.53   200.77   82.64   211.55   83.64 
 101    0.71   22.27     20.71   20.74    4.19     19.70    1.94    6.54     15.61    4.86    3.94      3.25   14.84   17.50   199.80   79.99   210.59   81.06 
 102    0.71   22.82     20.62   20.70    4.35     16.33    2.82    6.51     15.61    4.86    3.95      2.65   15.40   17.48   196.96   79.24   207.76   80.07 
 103    0.71   22.22     20.83   19.98    4.50     14.65    3.53    6.48     15.61    4.86    3.96      3.08   13.07   17.44   192.93   80.27   204.01   81.15 
 104    0.71   22.94     20.42   20.79    4.66     19.06    2.08    6.44     15.61    4.86    3.97      3.21   12.66   17.39   190.98   80.49   201.90   81.31 
 105    0.71   22.22     20.33   20.91    4.81     18.83    2.15    6.39     15.61    4.86    3.98      3.67   12.24   17.34   189.92   81.35   200.73   82.12 
 106    0.91   20.52     20.44   20.55    4.96     19.85    1.92    6.35     15.04    5.12    3.99      3.22   12.43   17.30   187.41   83.59   198.47   84.44 
 107    0.91   21.73     20.58   20.17    5.10     19.53    1.99    6.31     15.04    5.12    4.00      2.89   12.75   17.25   185.37   86.05   196.16   86.83 
 108    0.91   20.53     20.42   20.23    5.24     18.24    2.25    6.27     15.04    5.12    4.01      2.70   14.77   17.23   182.26   85.67   193.18   86.58 
 109    0.91   21.62     20.37   19.92    5.38     17.58    2.46    6.24     15.04    5.12    4.02      2.04   17.89   17.24   177.56   84.64   188.35   85.21 
 110    0.91   20.58     20.14   20.10    5.51     16.74    2.60    6.21     15.04    5.12    4.03      2.60   15.85   17.22   174.91   81.10   185.81   82.09 
 111    0.76   20.42     19.72   20.99    5.65     17.51    2.43    6.17     14.69    5.26    4.04      3.18   14.07   17.19   173.10   80.91   183.83   81.73 
 112    0.76   20.43     19.66   20.98    5.79     17.52    2.44    6.14     14.69    5.26    4.05      3.46   12.97   17.16   172.17   80.51   182.90   81.82 
 113    0.76   20.45     20.43   19.14    5.91     17.58    2.48    6.11     14.69    5.26    4.06      3.36   12.72   17.12   172.42   82.79   183.07   83.60 
 114    0.76   20.42     20.17   19.92    6.03     17.40    2.52    6.08     14.69    5.26    4.07      3.17   12.73   17.08   173.35   83.45   184.09   84.82 
 115    0.76   20.42     20.04   20.58    6.16     18.80    2.11    6.04     14.69    5.26    4.08      3.41   12.87   17.04   176.56   83.50   187.27   84.71 
 116    0.98   20.59     20.41   20.12    6.28     18.36    2.25    6.01     15.38    4.79    4.09      2.91   13.37   17.01   180.31   85.53   190.73   86.75 
 117    0.98   20.51     20.13   21.10    6.40     15.17    3.26    5.98     15.38    4.79    4.09      2.55   13.69   16.98   181.82   89.34   192.53   90.48 
 118    0.98   20.51     20.35   20.84    6.53     13.43    3.96    5.97     15.38    4.79    4.10      2.61   14.08   16.96   184.57   91.78   195.09   93.00 
 119    0.98   20.58     20.45   21.01    6.65     10.37    5.64    5.96     15.38    4.79    4.10      1.97   15.25   16.94   187.00   94.84   197.55   95.93 
 120    0.98   20.53     20.70   20.74    6.77     11.37    4.98    5.96     15.38    4.79    4.11      2.26   15.06   16.93   189.06   97.31   199.59   98.41 
 121    0.80   20.39     20.74   20.85    6.88     13.81    3.77    5.94     15.21    4.83    4.12      3.05   15.01   16.91   192.21   97.78   202.69   98.83 
 122    0.80   20.47     20.63   21.48    7.00     10.93    5.58    5.94     15.21    4.83    4.12      3.02   17.33   16.92   196.70   97.87   207.30   99.06 
 123    0.80   20.36     21.06   20.67    7.11      7.39   10.66    5.97     15.21    4.83    4.13      2.79   23.50   16.97   199.11   97.41   209.61   98.42 
 124    0.80   20.38     20.77   21.56    7.23      5.55   15.34    6.05     15.21    4.83    4.13      3.36   24.54   17.03   202.12   95.63   212.80   97.03 
 125    0.80   20.44     21.06   21.02    7.34      8.21    9.21    6.07     15.21    4.83    4.14      3.95   22.72   17.08   207.53   92.96   217.60   94.29 
 126    1.04   20.37     21.00   21.36    7.45     10.73    6.51    6.08     14.42    5.26    4.15      4.19   19.15   17.09   211.58   88.72   222.35   89.72 
 127    1.04   20.35     21.15   20.97    7.56     12.10    5.66    6.07     14.42    5.26    4.16      4.30   15.44   17.08   211.51   87.24   222.24   88.32 
 128    1.04   20.46     21.44   20.45    7.66     12.20    5.28    6.07     14.42    5.26    4.17      4.08   14.82   17.06   213.59   86.14   224.57   87.13 
 129    1.04   20.38     21.76   19.85    7.75     14.18    3.94    6.05     14.42    5.26    4.17      3.98   14.01   17.04   217.70   85.52   228.33   86.65 
 130    1.04   20.36     21.41   21.03    7.85     14.24    3.83    6.03     14.42    5.26    4.18      3.62   13.92   17.01   220.57   85.17   231.54   86.11 
 131    0.89   20.43     21.51   21.18    7.96     14.63    3.72    6.02     14.75    5.02    4.19      3.06   14.47   16.99   226.78   87.01   237.38   88.15 
 132    0.89   20.36     21.81   20.67    8.05     16.57    2.94    5.99     14.75    5.02    4.19      3.75   13.33   16.97   228.17   87.75   239.03   88.63 
 133    0.89   20.39     22.02   20.43    8.15     16.48    2.94    5.97     14.75    5.02    4.20      3.42   14.07   16.94   231.55   88.30   242.45   89.13 
 134    0.89   20.40     22.10   20.55    8.24     15.55    3.29    5.95     14.75    5.02    4.21      3.45   14.04   16.92   235.43   88.56   246.36   89.37 
 135    0.89   20.36     22.09   20.59    8.33     10.48    6.23    5.95     14.75    5.02    4.21      3.63   14.61   16.91   236.54   88.71   247.58   89.47 
 136    0.90   20.41     22.25   20.24    8.42      9.45    7.79    5.97     15.23    4.71    4.22      3.47   16.48   16.90   237.17   88.86   247.88   89.50 
 137    0.90   20.45     21.87   21.22    8.51      8.31   10.51    6.00     15.23    4.71    4.22      3.73   19.58   16.92   238.19   87.26   248.91   88.11 
 138    0.90   20.40     21.36   22.52    8.61      7.51   14.56    6.06     15.23    4.71    4.22      3.61   24.07   16.97   238.50   85.99   249.50   86.80 
 139    0.90   20.40     21.86   21.05    8.70      7.49   15.78    6.13     15.23    4.71    4.23      3.28   26.29   17.04   236.64   85.65   247.53   87.01 
 140    0.90   20.48     21.40   22.03    8.80      7.36   14.95    6.19     15.23    4.71    4.23      3.28   24.31   17.09   235.92   87.04   246.86   88.34 
 141    1.00   20.34     21.50   21.91    8.89      9.61   12.12    6.24     13.96    5.49    4.24      3.52   26.28   17.16   237.59   87.43   248.33   88.65 
 142    1.00   20.33     20.84   23.66    8.99      5.12   29.66    6.40     13.96    5.49    4.25      3.11   38.91   17.31   235.16   87.12   246.20   88.17 
 143    1.00   20.40     18.14   32.03    9.16      3.80   42.55    6.65     13.96    5.49    4.26      3.10   50.55   17.54   238.82   79.61   249.92   80.51 
 144    1.00   20.36     15.49   43.21    9.39      1.62   31.55    6.83     13.96    5.49    4.27      3.30   50.56   17.77   241.60   68.96   252.77   69.71 
 145    1.00   20.33     13.44   54.64    9.70     -5.82   18.64    6.91     13.96    5.49    4.27      2.34   36.13   17.90   245.87   57.28   257.16   57.99 
 146    0.93   20.61     13.44   54.50   10.01     -7.04   16.91    6.98     13.82    5.74    4.28     -2.32   19.11   17.91   258.57   63.59   269.63   64.29 
 147    0.93   20.53     14.44   48.10   10.27     -1.75   15.90    7.04     13.82    5.74    4.29     -6.83   17.57   17.91   241.99   60.88   253.28   61.72 
 148    0.93   20.49     14.79   45.89   10.51     -4.74   14.85    7.09     13.82    5.74    4.30     -4.80   18.58   17.91   235.50   59.83   246.78   60.94 
 149    0.93   20.61     14.69   46.25   10.75     -9.00   15.98    7.15     13.82    5.74    4.31     -4.28   18.49   17.91   240.52   61.94   251.38   62.73 
 150    0.93   20.53     13.86   50.67   11.02     -5.66   16.25    7.21     13.82    5.74    4.32     -6.31   17.53   17.91   225.58   56.67   236.76   58.07 
 151    1.01   21.65     13.43   52.85   11.29     -3.80    4.63    7.19     13.79    5.67    4.33     -0.65    7.76   17.84   246.24   66.47   257.32   67.28 
 152    1.01   22.28     13.39   52.88   11.57     -2.22    4.39    7.18     13.79    5.67    4.34     -0.13    9.92   17.79   243.79   65.13   254.67   66.27 
 153    1.01   22.83     13.21   54.21   11.85      1.32    4.34    7.16     13.79    5.67    4.35      0.20   12.77   17.76   250.95   67.92   261.68   68.05 
 154    1.01   22.83     12.25   59.76   12.16      1.03    4.21    7.14     13.79    5.67    4.36      0.50   13.83   17.73   251.34   62.59   262.63   62.74 
 155    1.01   22.94     11.74   63.34   12.49     -1.20    4.20    7.12     13.79    5.67    4.37      0.84   13.73   17.71   255.28   60.35   266.58   61.65 
 156    1.48   22.82     11.66   63.48   12.81      0.39    3.12    7.09     13.06    6.07    4.38      0.85   14.28   17.69   255.27   58.70   266.26   59.58 
 157    1.48   22.78     11.86   62.09   13.13     -1.36    3.11    7.07     13.06    6.07    4.39      0.38   12.76   17.65   253.99   60.24   265.16   61.25 
 158    1.48   22.91     12.20   60.33   13.43     -0.01    2.90    7.04     13.06    6.07    4.40      0.38   10.10   17.61   253.96   62.37   265.14   63.40 
 159    1.48   22.80     12.69   57.63   13.70      1.29    3.03    7.02     13.06    6.07    4.41      0.04   10.47   17.56   255.25   66.00   266.46   66.93 
 160    1.48   22.78     12.49   59.89   13.99      0.86    2.87    6.99     13.06    6.07    4.42     -0.50    7.27   17.50   256.34   63.86   267.56   65.18 
 161    1.29   22.22     12.89   57.23   14.26      3.52    2.50    6.96     12.93    6.07    4.43      0.50    7.30   17.43   253.66   66.66   265.29   66.95 
 162    1.29   22.13     13.17   55.28   14.51      2.32    2.27    6.93     12.93    6.07    4.44     -1.09    5.75   17.36   254.43   67.77   265.56   68.37 
 163    1.29   22.18     13.21   55.63   14.77      3.41    2.20    6.90     12.93    6.07    4.45      0.16    7.37   17.30   256.88   67.74   268.09   68.31 
 164    1.29   22.25     11.07   71.07   15.11      0.64    2.66    6.88     12.93    6.07    4.46      0.05    9.40   17.25   262.67   51.13   273.79   51.35 
 165    1.29   22.18     10.93   72.29   15.46     -3.22    2.90    6.85     12.93    6.07    4.47      0.48   10.27   17.21   269.26   50.89   280.38   52.10 
 166    1.35   20.45     11.32   69.87   15.78     -1.11    2.47    6.83     12.40    6.35    4.48     -0.55    5.68   17.14   267.80   51.49   278.24   51.81 
 167    1.35   20.57     11.42   69.70   16.11     -1.67    2.48    6.80     12.40    6.35    4.49     -0.94    5.34   17.07   275.65   53.00   286.15   53.99 
 168    1.35   20.42     11.41   71.10   16.43     -5.93    2.52    6.78     12.40    6.35    4.50      0.36    9.93   17.03   287.13   54.44   298.12   55.49 
 169    1.35   20.45     11.50   71.28   16.76     -3.17    2.53    6.75     12.40    6.35    4.51      0.15    7.54   16.97   288.47   52.67   298.85   54.19 
 170    1.35   20.58     11.61   71.79   17.08      2.86    2.27    6.72     12.40    6.35    4.53     -0.66    5.79   16.91   287.43   51.53   298.28   52.21 
 171    1.23   22.22     11.36   75.78   17.43      2.57    1.55    6.69     12.50    6.19    4.54     -1.45    4.18   16.83   287.03   48.41   298.18   49.62 
 172    1.23   22.84     11.18   78.28   17.78      1.60    1.65    6.67     12.50    6.19    4.54     -1.59    4.37   16.76   284.91   46.74   296.00   47.75 
 173    1.23   22.32     11.19   78.68   18.13      2.83    1.74    6.64     12.50    6.19    4.55     -0.42    7.30   16.70   276.78   46.89   287.28   47.27 
 174    1.23   22.86     11.17   79.41   18.48     -5.40    2.20    6.61     12.50    6.19    4.56     -1.15    5.13   16.64   271.13   45.67   282.53   46.72 
 175    1.23   22.26      8.13  112.86   19.02      4.87    2.11    6.59     12.50    6.19    4.57     -1.62    4.35   16.57   325.99   37.30   336.71   38.10 
 176    1.23   20.52      7.53  121.36   19.61      2.86    1.32    6.56     13.05    5.72    4.58     -1.04    4.01   16.50   329.07   28.84   339.83   29.61 
 177    1.23   20.46      7.61  121.70   20.18      4.98    1.20    6.53     13.05    5.72    4.59     -1.46    3.63   16.42   327.61   24.52   338.28   25.22 
 178    1.23   20.51      7.66  122.03   20.75      5.04    1.35    6.50     13.05    5.72    4.59     -1.55    3.42   16.35   327.37   22.38   338.05   22.96 
 179    1.23   20.57      7.47  125.26   21.34      4.69    1.17    6.47     13.05    5.72    4.60     -1.63    3.22   16.28   327.48   18.60   337.99   19.48 
 180    1.23   20.50      7.38  126.47   21.92      4.57    1.24    6.44     13.05    5.72    4.60     -2.67    2.99   16.20   327.24   17.54   338.22   18.25 
 181    1.14   20.57      7.12  128.40   22.51      5.15    1.05    6.41     12.75    5.84    4.61     -4.00    2.51   16.13   327.94   16.78   338.49   17.80 
 182    1.14   20.61      7.38  123.62   23.07      6.89    1.10    6.38     12.75    5.84    4.62     -4.91    2.40   16.05   327.42   19.52   338.41   19.91 
 183    1.14   20.54      7.41  122.85   23.61      4.79    1.03    6.35     12.75    5.84    4.63     -7.85    2.24   15.98   326.27   19.94   337.25   20.29 
 184    1.14   20.56      7.29  123.81   24.16      3.20    1.17    6.32     12.75    5.84    4.63    -10.73    2.18   15.90   327.40   23.46   338.34   23.58 
 185    1.14   20.60      7.10  125.66   24.70      5.15    1.02    6.29     12.75    5.84    4.64    -12.36    2.16   15.83   327.24   24.22   338.43   24.54 
 186    1.38   20.54      7.00  125.65   25.25      7.15    1.02    6.26     12.87    5.69    4.64    -10.25    2.14   15.75   327.31   27.72   337.96   28.37 
 187    1.38   20.49      6.56  130.61   25.81      2.17    1.06    6.24     12.87    5.69    4.65     -9.95    2.15   15.68   327.59   24.47   338.28   25.06 
 188    1.38   20.60      6.69  127.79   26.35      4.51    1.18    6.21     12.87    5.69    4.65     -9.79    2.16   15.61   327.35   27.68   338.49   28.74 
 189    1.38   20.51      6.52  128.19   26.89      4.47    0.96    6.18     12.87    5.69    4.66    -10.02    2.15   15.54   327.01   27.18   337.46   27.63 
 190    1.38   20.55      6.35  127.39   27.42      5.67    1.09    6.15     12.87    5.69    4.67     -8.31    2.19   15.47   327.32   27.85   337.81   28.28 
 191    1.46   20.65      6.42  125.72   27.94      6.23    0.93    6.13     11.45    6.61    4.68     -4.66    1.98   15.40   326.35   23.74   336.84   24.34 
 192    1.46   20.74      6.55  123.71   28.43      2.92    0.84    6.10     11.45    6.61    4.69     -2.90    2.15   15.33   328.15   17.58   339.37   18.65 
 193    1.46   20.81      7.11  116.91   28.89      5.52    0.90    6.07     11.45    6.61    4.70     -2.92    2.14   15.26   327.51   19.10   338.34   20.19 
 194    1.46   20.71      7.58  112.68   29.32      3.60    1.04    6.05     11.45    6.61    4.71     -8.10    1.87   15.19   326.26   21.04   336.90   21.65 
 195    1.46   20.81      7.94  109.91   29.74      8.87    0.75    6.02     11.45    6.61    4.72    -11.10    1.81   15.12   326.27   27.29   337.07   27.41 
 196    1.54   20.53      8.00  111.24   30.15      2.35    1.11    5.99     12.99    5.46    4.72    -12.35    1.99   15.06   326.19   27.56   336.60   28.43 
 197    1.54   20.60      8.33  109.11   30.55      5.34    1.05    5.97     12.99    5.46    4.72     -7.14    2.16   14.99   327.47   31.68   338.21   31.67 
 198    1.54   20.54      8.62  107.80   30.94      4.94    0.84    5.94     12.99    5.46    4.73     -6.86    2.15   14.93   326.63   31.19   336.79   31.75 
 199    1.54   20.52      8.63  110.23   31.34     -3.01    1.32    5.92     12.99    5.46    4.73    -19.16    1.97   14.86   330.86   30.45   342.33   32.01 
 200    1.54   20.61      9.50  101.02   31.69      5.68    1.12    5.90     12.99    5.46    4.73    -11.39    2.00   14.80   327.75   36.40   339.09   36.68 
 201    1.52   20.54      9.40  102.59   32.04     -2.02    1.20    5.87     12.38    5.79    4.74     -8.88    2.00   14.73   330.43   28.54   341.05   30.49 
 202    1.52   20.53      9.68   99.05   32.38      6.64    0.88    5.85     12.38    5.79    4.74     -0.33    5.85   14.69   330.30   25.60   340.76   27.61 
 203    1.52   20.58     10.06   96.03   32.69      6.17    0.80    5.82     12.38    5.79    4.75     -1.80    2.90   14.63   328.68   20.02   339.06   21.29 
 204    1.52   20.53     10.27   94.33   32.99      8.20    0.80    5.80     12.38    5.79    4.75     -1.62    2.75   14.57   329.38   16.69   340.48   18.19 
 205    1.52   20.52     10.22   95.38   33.30      3.33    0.98    5.78     12.38    5.79    4.76     -1.90    2.73   14.51   326.54    9.92   336.51   10.79 
 206    1.44   20.58     10.27   94.93   33.59      8.38    0.64    5.75     12.52    5.62    4.76     -1.24    2.95   14.46   326.30    7.06   336.63    7.56 
 207    1.44   20.51      9.78  100.34   33.92      5.97    0.67    5.73     12.52    5.62    4.77     -1.58    2.53   14.40   327.33    3.66   337.79    4.24 
 208    1.44   20.53      9.51  102.76   34.25      5.60    0.88    5.70     12.52    5.62    4.77     -2.26    2.46   14.34   327.52    5.67   338.11    5.67 
 209    1.44   20.62      9.14  106.11   34.59      6.79    0.64    5.68     12.52    5.62    4.78     -3.26    2.11   14.28   328.04    5.81   337.86    7.07 
 210    1.44   20.53      9.22  104.92   34.93      9.02    0.69    5.65     12.52    5.62    4.78     -3.40    2.04   14.23   330.28    8.82   340.74   11.25 
 211    1.49   22.27      8.81  109.56   35.28      4.68    0.72    5.63     11.68    6.12    4.79     -4.22    1.86   14.17   327.65    3.96   337.37    5.36 
 212    1.49   22.38      9.09  105.78   35.61      5.35    0.98    5.61     11.68    6.12    4.79     -3.16    1.91   14.11   326.55    5.27   336.35    6.45 
 213    1.49   22.28      9.05  105.94   35.94      9.90    0.52    5.59     11.68    6.12    4.80     -3.90    1.86   14.05   327.04    4.78   336.80    5.61 
 214    1.49   22.33      9.07  105.54   36.27     11.58    0.45    5.56     11.68    6.12    4.81     -6.35    1.74   13.99   327.85    4.69   338.30    5.67 
 215    1.49   22.38      9.24  104.25   36.58      8.84    0.51    5.54     11.68    6.12    4.81     -4.52    1.82   13.94   325.75    3.86   335.85    4.11 
 216    1.61   20.60      9.14  104.83   36.90      3.78    0.83    5.52     12.16    5.73    4.82     -3.88    1.89   13.88   328.00    3.93   338.67    4.32 
 217    1.61   20.65      9.35  101.90   37.20      5.44    0.80    5.49     12.16    5.73    4.82     -2.81    1.98   13.83   328.50    7.15   338.79    8.88 
 218    1.61   20.68      9.57   99.52   37.49      4.98    0.72    5.47     12.16    5.73    4.82     -4.20    1.92   13.77   329.16    9.12   340.42   10.26 
 219    1.61   20.64     10.23   92.14   37.74      7.40    0.62    5.45     12.16    5.73    4.83     -3.48    2.05   13.72   329.58   16.00   340.06   18.10 
 220    1.61   20.56     10.85   86.16   37.96      5.82    1.40    5.43     12.16    5.73    4.83     -6.13    1.83   13.67   331.98   25.50   343.73   28.08 
 221    1.61   21.77     11.17   82.82   38.16      9.07    0.59    5.41     12.32    5.56    4.84    -14.38    1.66   13.61   326.78   26.54   337.78   27.05 
 222    1.61   22.34     11.59   79.18   38.34      8.91    0.63    5.39     12.32    5.56    4.84    -14.62    1.65   13.56   326.43   30.81   337.54   31.20 
 223    1.61   22.38     11.31   81.28   38.54     -4.61    1.17    5.37     12.32    5.56    4.84    -19.02    1.65   13.50   329.88   31.87   340.48   33.15 
 224    1.61   22.65     11.72   77.31   38.71      2.21    0.97    5.35     12.32    5.56    4.85    -18.90    1.65   13.45   326.90   36.20   337.89   36.59 
 225    1.61   23.12     11.92   76.15   38.88     -4.26    1.29    5.33     12.32    5.56    4.85    -10.46    1.72   13.40   327.32   37.40   338.50   37.70 
 226    1.70   22.31     11.63   78.93   39.05    -10.39    1.36    5.31     11.62    5.95    4.85    -13.38    1.58   13.35   322.66   31.33   333.72   32.21 
 227    1.70   22.98     12.35   72.77   39.20      6.89    1.08    5.30     11.62    5.95    4.86    -14.14    1.57   13.29   320.35   37.96   330.36   37.58 
 228    1.70   22.30     12.21   73.92   39.35     -2.91    1.08    5.28     11.62    5.95    4.86     -9.05    1.62   13.24   326.36   43.55   336.43   43.34 
 229    1.70   22.91     11.52   78.90   39.53     -7.55    1.35    5.26     11.62    5.95    4.87    -22.23    1.56   13.19   324.30   41.21   335.44   41.47 
 230    1.70   22.39     11.20   80.37   39.70      2.05    1.23    5.24     11.62    5.95    4.87    -23.35    1.56   13.14   324.52   49.15   335.13   49.92 
 231    1.83   20.58      9.75   93.00   39.93     -4.33    1.23    5.23     12.25    5.48    4.88    -13.27    1.54   13.09   330.05   45.18   341.38   46.05 
 232    1.83   20.68      9.41   94.52   40.17      9.34    0.70    5.21     12.25    5.48    4.88    -12.36    1.53   13.04   326.79   46.89   337.19   47.52 
 233    1.83   20.68      8.52  103.32   40.44      3.28    0.80    5.19     12.25    5.48    4.88    -10.81    1.54   12.99   330.37   40.73   340.64   42.85 
 234    1.83   20.68      7.64  110.65   40.74      4.36    0.68    5.17     12.25    5.48    4.88     -7.06    1.59   12.94   330.04   37.72   339.53   40.14 
 235    1.83   20.60      7.12  116.13   41.06      0.47    1.11    5.15     12.25    5.48    4.89     -7.31    1.58   12.89   331.39   37.43   341.58   39.41 
 236    1.72   20.87      6.41  123.43   41.41     -5.24    1.14    5.13     12.31    5.38    4.89     -7.31    1.56   12.85   327.90   29.26   339.04   29.40 
 237    1.72   20.73      6.45  121.42   41.75      4.03    1.12    5.12     12.31    5.38    4.89    -10.00    1.52   12.80   327.01   34.25   337.90   34.66 
 238    1.72   20.79      6.44  121.20   42.08      5.58    0.97    5.10     12.31    5.38    4.89     -6.66    1.59   12.75   330.47   39.39   340.72   41.32 
 239    1.72   20.85      4.41  151.69   42.54     -8.12    1.25    5.08     12.31    5.38    4.89     -5.78    1.68   12.71   326.34   -7.97   336.85   -6.92 
 240    1.72   20.80      4.62  147.05   42.98     -1.87    1.21    5.07     12.31    5.38    4.90     -6.71    1.64   12.66   325.41   -0.10   335.24    1.88 
 241    2.01   20.57      3.96  157.29   43.45     -1.84    1.17    5.05     12.86    5.00    4.90     -8.17    1.53   12.61   320.00  -15.44   330.54  -13.55 
 242    2.01   20.67      5.69  127.55   43.80      8.81    0.57    5.03     12.86    5.00    4.90     -9.25    1.48   12.57   328.96   45.30   339.27   47.09 
 243    2.01   20.57      5.38  130.64   44.16      4.66    1.07    5.02     12.86    5.00    4.90     -5.65    1.58   12.52   330.85   49.81   341.07   51.74 
 244    2.01   20.61      2.96  168.48   44.67     -1.10    1.22    5.00     12.86    5.00    4.90     -9.44    1.50   12.48   327.61  -13.91   339.48  -13.37 
 245    2.01   20.72      4.53  137.63   45.04      5.16    0.83    4.98     12.86    5.00    4.90    -11.52    1.46   12.43   329.68   48.64   339.87   49.96 
 246    2.05   20.58      4.12  141.09   45.43     11.56    0.48    4.96     11.68    5.67    4.90     -7.37    0.93   12.39   328.90   49.70   339.48   51.34 
 247    2.05   20.50      2.30  168.03   45.93    -15.93    0.82    4.95     11.68    5.67    4.90    -11.24    0.91   12.34   331.67    9.02   342.32   10.78 
 248    2.05   20.62      1.72  171.69   46.44    -11.70    0.78    4.93     11.68    5.67    4.91    -20.32    0.89   12.29   328.96   11.41   339.52   13.07 
 249    2.05   20.55      1.53  168.04   46.93    -20.30    0.85    4.91     11.68    5.67    4.91    -11.92    0.91   12.25   331.70   42.56   342.32   44.31 
 250    2.05   20.54      0.86  175.36   47.44      0.18    0.63    4.90     11.68    5.67    4.91     -7.39    0.96   12.20   333.07   43.98   344.52   46.37 
 251    1.88   20.46      0.85  171.12   47.93    -32.84    0.74    4.88     11.69    5.60    4.92    -12.90    0.77   12.16   291.38  -18.48   302.35  -16.19 
 252    1.88   20.47      1.32  158.19   48.37     -5.60    0.63    4.86     11.69    5.60    4.92     -7.87    0.80   12.11   270.25  -18.69   280.72  -18.18 
 253    1.88   20.47      0.04  182.41   48.90     -5.82    0.63    4.85     11.69    5.60    4.92     -9.24    0.78   12.07   329.80   48.66   340.49   50.45 
 254    1.88   20.56      0.11  179.38   49.41    -14.22    0.69    4.83     11.69    5.60    4.92     -3.93    0.93   12.02   322.86   46.64   333.39   46.29 
 255    1.88   20.49     -0.32  186.11   49.95    -21.60    0.72    4.82     11.69    5.60    4.93     -8.79    0.80   11.98   329.73   49.70   340.03   52.32 
 256    2.00   20.60     -0.31  187.60   50.49    -19.49    0.45    4.80     11.20    5.87    4.93     -3.93    0.61   11.93   331.97   49.78   342.56   51.88 
 257    2.00   20.66     -0.19  186.01   51.02     -6.34    0.41    4.78     11.20    5.87    4.93     -1.18    0.91   11.89   296.61  -16.61   307.63  -16.10 
 258    2.00   20.60     -1.47  215.44   51.65      -Inf    0.48    4.76     11.20    5.87    4.94     -0.56    1.21   11.85   351.99   32.10   362.00   31.96 
 259    2.00   20.61     -2.19  232.11   52.35      -Inf    0.48    4.75     11.20    5.87    4.94     -0.53    1.07   11.81   374.28   64.97   385.71   67.59 
 260    2.00   20.67     -0.59  196.82   52.91    -18.28    0.46    4.73     11.20    5.87    4.94     -0.42    0.93   11.77   308.77  -15.37   320.57  -13.02 
 261    2.05   20.76      0.65  173.57   53.37    -16.92    0.27    4.71     11.40    5.68    4.95     -1.28    0.45   11.72   323.50   68.31   333.75   68.94 
 262    2.05   21.67      0.79  172.82   53.82    -10.23    0.23    4.70     11.40    5.68    4.95      0.59    2.08   11.69   324.18   68.32   334.47   68.95 
 263    2.05   21.76      0.72  175.16   54.28    -14.33    0.26    4.68     11.40    5.68    4.95     -2.87    0.35   11.64   321.43   50.07   332.34   49.69 
 264    2.05   21.70      1.51  161.24   54.69     -1.72    0.19    4.66     11.40    5.68    4.96     -0.46    0.63   11.60   310.65   56.72   321.40   59.14 
 265    2.05   21.75     -0.15  198.39   55.23     -3.03    0.22    4.65     11.40    5.68    4.96     -0.19    1.29   11.56   312.72  -22.88   324.39  -22.46 
 266    2.41   20.60      2.15  155.50   55.61     -8.25    0.39    4.63     12.13    5.18    4.96      0.06    1.81   11.53   313.12   57.47   323.92   57.63 
 267    2.41   20.60     -0.47  214.44   56.20      -Inf    0.49    4.61     12.13    5.18    4.96      0.38    2.20   11.49   308.71  -58.78   319.22  -57.26 
 268    2.41   20.53      2.33  159.79   56.59    -25.33    0.48    4.60     12.13    5.18    4.96      0.53    2.21   11.46   328.16   60.91   338.86   63.78 
 269    2.41   20.67     -0.45  225.81   57.22      -Inf    0.49    4.58     12.13    5.18    4.96      0.17    1.63   11.42   304.71  -81.58   315.80  -81.07 
 270    2.41   20.53      1.35  184.78   57.69      -Inf    0.49    4.57     12.13    5.18    4.96     -0.31    1.82   11.38   288.51  -46.15   299.81  -43.76 
 271    2.32   22.88      1.79  176.77   58.13     -9.48    0.42    4.55     12.30    5.03    4.96     -1.97    0.72   11.34   313.53  -18.73   323.86  -17.04 
 272    2.32   22.96      1.30  185.98   58.60    -11.44    0.40    4.54     12.30    5.03    4.96     -4.68    0.53   11.31   332.00  -17.44   342.43  -14.42 
 273    2.32   22.88      3.79  138.22   58.89     -1.20    0.32    4.52     12.30    5.03    4.96     -2.31    0.64   11.27   320.70   63.62   331.93   66.62 
 274    2.32   22.85      1.72  173.97   59.31    -21.85    0.42    4.51     12.30    5.03    4.96      1.03    2.17   11.23   333.40   -3.02   343.50   -0.40 
 275    2.32   22.98      1.66  175.44   59.74    -16.52    0.41    4.49     12.30    5.03    4.96     -0.74    1.10   11.20   333.68   -9.66   344.17   -6.77 
 276    2.45   21.74      1.98  168.80   60.13      -Inf    0.09    4.48     11.40    5.53    4.97      0.47    3.40   11.17   287.52  -50.13   299.18  -48.36 
 277    2.45   21.80      1.47  178.65   60.56      3.94    0.06    4.46     11.40    5.53    4.97     -1.24    0.18   11.13   333.06  -14.66   343.09  -11.67 
 278    2.45   21.84      1.56  179.80   60.99      -Inf    0.09    4.45     11.40    5.53    4.97      1.31    2.53   11.10   345.26   11.06   357.39   11.55 
 279    2.45   21.78      1.54  187.39   61.44      -Inf    0.09    4.43     11.40    5.53    4.97      0.90    1.30   11.06   296.67  -48.32   308.17  -46.88 
 280    2.45   21.77      0.45  220.82   62.01      -Inf    0.09    4.41     11.40    5.53    4.97      0.16    1.07   11.03   320.61  -65.49   331.14  -63.92 
 281    2.64   21.78      2.66  177.68   62.42      -Inf    0.08    4.40     11.45    5.45    4.98      0.08    0.79   10.99   262.82  -43.15   273.92  -40.36 
 282    2.64   21.64      2.66  182.33   62.85      -Inf    0.08    4.38     11.45    5.45    4.98      0.02    1.21   10.96   351.36   22.12   362.28   22.85 
 283    2.64   21.66      2.77  186.52   63.28      -Inf    0.08    4.37     11.45    5.45    4.98      0.04    0.63   10.92   386.71   72.53   397.97   72.80 
 284    2.64   21.72      5.72  135.66   63.54     -1.24    0.07    4.35     11.45    5.45    4.98      1.78    1.38   10.89   329.34   66.10   340.53   66.22 
 285    2.64   21.66      3.18  185.06   63.96    -34.42    0.08    4.34     11.45    5.45    4.98     -0.46    0.25   10.85   330.81   -5.98   342.75   -4.57 
 286    3.10   20.61      3.09  188.83   64.40    -20.33    0.25    4.32     12.54    4.76    4.98     -2.33    0.39   10.81   323.04  -18.99   333.88  -16.94 
 287    3.10   20.85      3.49  181.75   64.81    -10.87    0.23    4.31     12.54    4.76    4.98     -0.99    0.38   10.77   313.74  -17.67   323.78  -15.42 
 288    3.10   20.64      0.81  249.47   65.45      -Inf    0.25    4.30     12.54    4.76    4.98      0.40    1.07   10.74   315.65  -91.77   326.75  -91.19 
 289    3.10   20.75      3.58  180.38   65.85     -9.18    0.23    4.28     12.54    4.76    4.98      0.31    0.82   10.71   314.91  -16.20   324.96  -14.34 
 290    3.10   20.70      2.48  201.38   66.32      -Inf    0.25    4.27     12.54    4.76    4.98      0.83    0.77   10.67   270.91  -56.00   282.84  -54.49 
 291    2.05   20.57      0.78  242.48   66.92      -Inf    0.04    4.25     11.37    5.40    4.98     -0.02    0.41   10.64   302.24  -90.94   312.78  -90.85 
 292    2.05   20.55      0.77  237.53   67.51      -Inf    0.04    4.24     11.37    5.40    4.98      1.84    0.81   10.60   327.80  -82.69   338.82  -80.82 
 293    2.05   20.64      2.34  193.44   67.94      -Inf    0.04    4.22     11.37    5.40    4.98     -0.02    0.35   10.57   377.10   17.85   388.18   18.76 
 294    2.05   20.54      2.38  187.44   68.34      -Inf    0.04    4.21     11.37    5.40    4.98     -0.17    0.17   10.53   350.63   -5.20   361.75   -4.23 
 295    2.05   20.57      1.42  201.59   68.79      -Inf    0.04    4.20     11.37    5.40    4.99     -0.02    0.25   10.50   375.09    6.74   385.23    7.05 
 296    2.62   20.56      2.28  178.32   69.16      -Inf    0.22    4.18     12.47    4.72    4.98     -0.11    1.13   10.47   317.99  -23.86   327.94  -21.34 
 297    2.62   20.70      2.42  173.51   69.52      -Inf    0.22    4.17     12.47    4.72    4.98      0.09    0.53   10.43   369.34   86.43   379.06   87.57 
 298    2.62   20.77      1.44  191.92   69.93      -Inf    0.22    4.16     12.47    4.72    4.98      1.25    0.58   10.40   360.58   15.99   371.86   16.37 
 299    2.62   20.74     -0.01  224.08   70.44      -Inf    0.22    4.14     12.47    4.72    4.98     -0.60    0.59   10.37   390.05   11.87   400.48   13.88 
 300    2.62   20.81      2.53  165.63   70.76      -Inf    0.22    4.13     12.47    4.72    4.98     -0.43    0.49   10.33   275.78  -31.73   286.85  -28.76 
 301    2.72   20.56     -1.46  263.34   71.40      -Inf    0.07    4.12     11.87    5.01    4.98      0.23    0.89   10.30   384.46  -60.03   396.10  -59.55 
 302    2.72   20.58     -1.81  274.31   72.07      -Inf    0.07    4.10     11.87    5.01    4.98      0.53    0.49   10.27   439.74   13.45   450.62   13.24 
 303    2.72   20.59      0.56  207.86   72.52      -Inf    0.07    4.09     11.87    5.01    4.98     -0.50    0.21   10.24   367.07   19.72   377.70   21.70 
 304    2.72   20.60     -0.39  229.93   73.04      -Inf    0.07    4.08     11.87    5.01    4.98      0.02    0.54   10.21   377.74   -2.35   388.71   -0.47 
 305    2.72   20.66      1.14  190.07   73.42      -Inf    0.07    4.06     11.87    5.01    4.98      -Inf    0.07   10.17   266.01  -52.40   276.61  -49.64 
 306    2.65   20.62     -0.26  220.00   73.90      -Inf    0.05    4.05     11.42    5.23    4.98     -3.01    0.07   10.14   373.66   18.17   383.49   18.10 
 307    2.65   20.62     -2.79  293.11   74.61      -Inf    0.05    4.04     11.42    5.23    4.98      0.16    1.26   10.11   442.78   -7.09   453.47   -6.85 
 308    2.65   20.67      1.06  187.19   74.98      -Inf    0.05    4.02     11.42    5.23    4.98      0.43    1.02   10.08   259.60  -56.22   270.79  -54.58 
 309    2.65   20.60      0.47  199.19   75.38    -15.22    0.05    4.01     11.42    5.23    4.99     -0.35    0.19   10.05   330.92  -12.62   341.07  -11.28 
 310    2.65   20.59      1.34  179.39   75.72      -Inf    0.05    4.00     11.42    5.23    4.99     -0.01    0.59   10.02   338.53   39.36   347.91   42.26 
 311    2.38   20.68      0.44  198.42   76.11      -Inf    0.03    3.99     11.62    5.07    4.99      0.20    0.69    9.99   367.81   73.34   378.26   74.67 
 312    2.38   20.61     -0.32  218.63   76.57      -Inf    0.03    3.97     11.62    5.07    4.99     -0.01    0.50    9.96   362.60   -5.89   374.12   -6.07 
 313    2.38   20.62     -0.29  219.90   77.03      -Inf    0.03    3.96     11.62    5.07    4.99      0.25    0.18    9.93   387.73   38.18   398.89   39.65 
 314    2.38   20.69     -1.15  252.15   77.58      -Inf    0.03    3.95     11.62    5.07    4.99      0.44    0.34    9.90   340.92  -93.23   352.00  -90.12 
 315    2.38   20.61     -0.58  240.56   78.10      -Inf    0.03    3.94     11.62    5.07    4.99      0.56    0.72    9.87   397.46  -10.01   408.44   -7.88 
 316    2.71   20.54     -0.29  240.32   78.61      -Inf    0.05    3.92     12.35    4.63    4.99      0.13    0.40    9.84   357.70  -63.40   368.60  -61.58 
 317    2.71   20.64      1.64  198.50   78.99      -Inf    0.05    3.91     12.35    4.63    4.98      0.49    0.73    9.81   377.21   19.11   387.37   18.52 
 318    2.71   20.57      2.74  178.86   79.31      -Inf    0.05    3.90     12.35    4.63    4.98     -0.02    0.58    9.78   308.14  -30.69   318.82  -28.14 
 319    2.71   20.53      1.82  200.89   79.69      -Inf    0.05    3.89     12.35    4.63    4.98      0.94    1.07    9.75   404.00   58.41   414.73   59.59 
 320    2.71   20.62      4.02  157.41   79.93     -5.47    0.05    3.87     12.35    4.63    4.98      0.20    0.35    9.72   330.58    7.80   341.11    8.91 
 321    3.07   20.64      4.27  153.37   80.16     -0.08    0.04    3.86     12.18    4.68    4.98      0.45    1.29    9.70   329.66    8.80   340.23    9.95 
 322    3.07   20.64      0.98  223.26   80.60      -Inf    0.04    3.85     12.18    4.68    4.98      0.15    0.70    9.67   402.50  -15.61   413.23  -15.95 
 323    3.07   20.71      0.58  229.58   81.06      -Inf    0.04    3.84     12.18    4.68    4.98      0.30    0.62    9.64   378.85  -52.79   390.43  -52.51 
 324    3.07   20.64      0.26  235.49   81.54      -Inf    0.04    3.83     12.18    4.68    4.98      0.40    1.08    9.61   384.91  -52.36   396.74  -52.58 
 325    3.07   20.62      3.58  159.27   81.78      -Inf    0.04    3.82     12.18    4.68    4.98      0.58    1.04    9.59   261.75  -45.81   273.26  -45.06 
 326    3.27   20.70      2.98  169.94   82.05      -Inf    0.04    3.80     12.42    4.52    4.98     -0.03    0.43    9.56   284.89  -48.75   295.77  -45.51 
 327    3.27   20.65      0.72  220.01   82.47      -Inf    0.04    3.79     12.42    4.52    4.97      0.03    0.67    9.53   332.67  -75.28   344.15  -75.17 
 328    3.27   20.61      0.41  227.03   82.91      -Inf    0.04    3.78     12.42    4.52    4.97      0.12    0.83    9.51   342.14  -73.17   353.21  -73.16 
 329    3.27   20.74     -2.42  314.26   83.62      -Inf    0.04    3.77     12.42    4.52    4.97      0.30    0.34    9.48   486.85  -31.10   496.88  -31.64 
 330    3.27   20.62     -0.74  258.87   84.15      -Inf    0.04    3.76     12.42    4.52    4.97     -0.06    0.31    9.45   405.94  -46.74   418.70  -47.60 
 331    5.20   20.53      2.11  185.80   84.45      -Inf    0.12    3.75     12.41    4.49    4.97      0.20    0.67    9.42   378.29   53.39   389.26   56.78 
 332    5.20   20.63      2.27  180.43   84.74      -Inf    0.12    3.74     12.41    4.49    4.97      0.17    0.85    9.40   314.14  -25.95   325.14  -25.09 
 333    5.20   20.55     -0.26  238.53   85.21      -Inf    0.12    3.73     12.41    4.49    4.97      0.93    0.88    9.37   395.80  -17.78   406.17  -14.94 
 334    5.20   20.62     -0.96  254.25   85.71      -Inf    0.12    3.71     12.41    4.49    4.96      1.80    0.25    9.34   407.61  -22.44   418.67  -19.61 
 335    5.20   20.61     -0.66  243.57   86.18      -Inf    0.12    3.70     12.41    4.49    4.96      1.72    1.09    9.32   344.64  -82.07   355.70  -82.00 
 336    3.03   20.41      1.38  191.20   86.50      -Inf    0.04    3.69     11.39    5.01    4.96      0.97    0.51    9.29   327.17  -30.65   337.86  -29.71 
 337    3.03   20.44     -0.13  225.06   86.91      -Inf    0.04    3.68     11.39    5.01    4.96      0.49    0.17    9.27   400.07   18.02   411.06   20.99 
 338    3.03   20.53      2.90  158.47   87.12    -25.23    0.03    3.67     11.39    5.01    4.96      0.75    0.19    9.24   328.37   20.13   337.80   20.84 
 339    3.03   20.41      2.00  176.56   87.38      -Inf    0.04    3.66     11.39    5.01    4.96      1.73    0.26    9.21   356.47   38.83   366.96   41.24 
 340    3.03   20.43      1.25  193.37   87.69      -Inf    0.04    3.65     11.39    5.01    4.96      1.27    0.45    9.19   373.27   41.38   384.11   44.80 
 341    3.51   20.65      1.11  196.01   88.01      -Inf    0.03    3.64     12.40    4.43    4.96      0.51    0.68    9.16   377.97   54.13   388.42   54.80 
 342    3.51   20.57      0.97  201.84   88.34      -Inf    0.03    3.63     12.40    4.43    4.96      0.03    0.63    9.14   349.40  -12.88   360.65  -10.90 
 343    3.51   20.57     -0.34  235.31   88.77      -Inf    0.03    3.62     12.40    4.43    4.96      0.70    0.46    9.11   331.73  -76.39   342.91  -76.67 
 344    3.51   20.65     -0.28  235.17   89.20      -Inf    0.03    3.61     12.40    4.43    4.96      0.84    0.08    9.09   383.76  -22.08   395.10  -20.06 
 345    3.51   20.57     -0.91  252.89   89.67      -Inf    0.03    3.60     12.40    4.43    4.96      0.14    0.23    9.06   336.31  -91.92   347.27  -91.92 
 346    2.86   20.53      1.21  198.90   89.99      -Inf    0.02    3.59     10.99    5.17    4.96      3.31    0.13    9.03   291.16  -58.80   302.62  -58.38 
 347    2.86   20.65      2.61  170.11   90.22      -Inf    0.02    3.58     10.99    5.17    4.96      1.04    0.08    9.01   335.98   16.68   346.67   18.19 
 348    2.86   20.62      0.08  229.00   90.62      -Inf    0.02    3.57     10.99    5.17    4.96      0.07    0.04    8.98   413.99   34.71   424.71   35.58 
 349    2.86   20.59      0.81  211.37   90.96      -Inf    0.02    3.56     10.99    5.17    4.96      2.92    0.09    8.96   391.30   16.34   401.47   19.37 
 350    2.86   20.70     -0.41  244.28   91.40      -Inf    0.02    3.55     10.99    5.17    4.96     -0.02    0.25    8.93   339.46  -96.97   349.67  -97.78 
 351    3.51   20.62     -0.89  263.06   91.89      -Inf    0.03    3.54     11.65    4.76    4.96      1.13    0.21    8.91   350.12 -116.71   360.83 -116.27 
 352    3.51   20.67      2.05  193.63   92.18      -Inf    0.03    3.53     11.65    4.76    4.96     -1.63    0.05    8.88   385.02   11.44   395.98   13.72 
 353    3.51   20.70      2.29  193.42   92.47      -Inf    0.03    3.52     11.65    4.76    4.96      0.05    0.20    8.86   345.54  -41.71   356.40  -39.89 
 354    3.51   20.65      4.45  154.91   92.64      -Inf    0.03    3.51     11.65    4.76    4.96      0.78    0.23    8.83   374.09   60.55   384.38   63.82 
 355    3.51   20.60      2.32  202.40   92.95      -Inf    0.03    3.50     11.65    4.76    4.96     -0.06    0.25    8.81   423.67   48.87   434.26   52.14 
 356    3.66   20.55      1.50  225.32   93.32      -Inf    0.03    3.49     11.42    4.85    4.96      0.21    0.29    8.79   341.96  -79.16   353.11  -78.50 
 357    3.66   20.46      3.72  175.50   93.55      -Inf    0.03    3.48     11.42    4.85    4.96     -0.78    0.07    8.76   331.34  -25.98   341.79  -23.51 
 358    3.66   20.45      1.28  232.15   93.94      -Inf    0.03    3.47     11.42    4.85    4.96     -0.16    0.14    8.74   422.53  -12.89   432.69  -13.54 
 359    3.66   20.51      2.85  192.01   94.22      -Inf    0.03    3.46     11.42    4.85    4.95      0.12    0.32    8.71   340.43  -36.33   351.48  -34.84 
 360    3.66   20.47      1.70  216.30   94.55      -Inf    0.03    3.45     11.42    4.85    4.95      0.50    0.76    8.69   359.21  -51.33   369.70  -49.09 
 361    4.00   20.63      3.47  171.59   94.77    -13.25    0.08    3.44     12.04    4.49    4.95      1.43    0.20    8.67   323.32  -19.72   334.42  -18.61 
 362    4.00   20.91      0.01  251.39   95.20      -Inf    0.09    3.43     12.04    4.49    4.95      0.82    0.54    8.65   222.99 -135.07   233.99 -132.29 
 363    4.00   20.68      1.67  203.67   95.50      -Inf    0.09    3.42     12.04    4.49    4.95      0.75    0.70    8.62   408.84   59.39   419.17   62.89 
 364    4.00   20.83      3.79  155.78   95.66    -13.87    0.08    3.41     12.04    4.49    4.95     -0.30    0.34    8.60   333.95   19.11   342.97   22.07 
 365    4.00   20.76      2.07  189.75   95.92      -Inf    0.09    3.40     12.04    4.49    4.95      0.35    0.52    8.58   349.51  -15.75   359.64  -16.93 
 366    3.23   20.79      2.97  172.40   96.13     -7.24    0.01    3.39     11.56    4.71    4.95      0.53    0.02    8.56   322.11  -19.82   332.78  -18.13 
 367    3.23   20.57      2.91  174.58   96.35     -9.88    0.01    3.38     11.56    4.71    4.95      0.90    0.27    8.53   324.21  -19.30   334.80  -17.31 
 368    3.23   20.87     -0.73  271.24   96.82      -Inf    0.01    3.38     11.56    4.71    4.95     -0.70    0.03    8.51   356.10 -114.96   366.45 -116.09 
 369    3.23   20.70      2.56  190.20   97.07      -Inf    0.01    3.37     11.56    4.71    4.95      2.39    0.07    8.49   371.73    2.72   382.23    4.89 
 370    3.23   20.78      3.04  182.87   97.31      -Inf    0.01    3.36     11.56    4.71    4.95     -5.51    0.02    8.46   358.19   -0.81   369.77    0.42 
 371    4.26   20.66      2.06  205.46   97.60      -Inf    0.02    3.35     11.65    4.63    4.94      0.79    0.21    8.44   426.87   86.26   437.57   88.46 
 372    4.26   20.58      0.32  252.63   98.01      -Inf    0.02    3.34     11.65    4.63    4.94      2.82    0.08    8.42   453.42    8.63   463.32    8.59 
 373    4.26   20.56      1.91  208.68   98.31      -Inf    0.02    3.33     11.65    4.63    4.94      1.06    0.40    8.40   422.09   49.26   433.98   50.56 
 374    4.26   20.63      3.32  175.94   98.52      -Inf    0.02    3.32     11.65    4.63    4.94      1.00    0.33    8.38   326.93  -25.44   337.48  -24.18 
 375    4.26   20.56      3.66  164.61   98.69      -Inf    0.02    3.31     11.65    4.63    4.94      1.53    0.38    8.36   356.02   24.41   366.56   23.48 
 376    4.00   20.58     -0.57  265.22   99.14      -Inf    0.02    3.30     11.25    4.81    4.94      1.84    0.30    8.33   395.19  -84.29   406.61  -85.30 
 377    4.00   20.65      3.37  164.67   99.31      -Inf    0.02    3.30     11.25    4.81    4.94     -0.01    0.35    8.31   342.07   12.17   352.52   11.51 
 378    4.00   20.58      3.06  165.70   99.49      -Inf    0.02    3.29     11.25    4.81    4.94      1.10    0.21    8.29   338.31   14.49   348.86   13.87 
 379    4.00   20.58      0.86  210.62   99.78      -Inf    0.02    3.28     11.25    4.81    4.94     -1.11    0.04    8.27   409.40  122.47   420.32  125.74 
 380    4.00   20.67     -0.35  238.52  100.14      -Inf    0.02    3.27     11.25    4.81    4.94    -10.03    0.03    8.25   424.03   45.65   435.13   48.16 
 381    3.97   20.71      1.61  187.42  100.37      -Inf    0.01    3.26     11.36    4.72    4.94      1.71    0.29    8.23   375.63   79.59   387.28   82.16 
 382    3.97   20.80     -1.74  274.71  100.83      -Inf    0.01    3.25     11.36    4.72    4.94      1.22    0.25    8.21   426.03  -31.92   437.13  -32.30 
 383    3.97   20.78     -0.60  237.95  101.19      -Inf    0.01    3.24     11.36    4.72    4.94      0.43    0.44    8.19   417.68   40.03   428.17   42.48 
 384    3.97   20.83     -1.13  247.12  101.57      -Inf    0.01    3.24     11.36    4.72    4.94      0.50    0.44    8.17   323.97 -100.29   335.07  -99.49 
 385    3.97   20.70      0.42  203.84  101.83      -Inf    0.01    3.23     11.36    4.72    4.94      1.24    0.22    8.14   386.50   91.50   397.32   94.75 
 386    3.69   20.53     -0.57  227.79  102.16      -Inf    0.01    3.22     11.52    4.60    4.94      2.32    0.25    8.12   343.43  -64.87   354.15  -65.06 
 387    3.69   20.48     -0.63  227.17  102.48      -Inf    0.01    3.21     11.52    4.60    4.93      1.20    0.31    8.10   362.54  -45.33   373.30  -46.89 
 388    3.69   20.47     -1.95  264.79  102.90      -Inf    0.01    3.20     11.52    4.60    4.93      0.85    1.04    8.09   349.77 -116.83   360.96 -115.71 
 389    3.69   20.52      0.96  192.33  103.13      -Inf    0.01    3.19     11.52    4.60    4.93      1.57    0.23    8.07   381.34   93.55   392.38   96.28 
 390    3.69   20.47      1.49  184.53  103.34      -Inf    0.01    3.19     11.52    4.60    4.93      2.72    0.19    8.05   333.21  -27.17   343.08  -25.30 
 391    3.72   20.58     -0.52  234.69  103.68      -Inf    0.01    3.18     11.62    4.52    4.93    -15.48    0.01    8.03   368.60  -57.49   379.93  -58.24 
 392    3.72   20.73      1.02  196.77  103.91      -Inf    0.01    3.17     11.62    4.52    4.93      0.37    0.65    8.01   354.00  -13.55   364.62  -12.66 
 393    3.72   21.18      0.36  213.34  104.19      -Inf    0.01    3.16     11.62    4.52    4.93      1.56    0.47    7.99   350.98  -41.69   361.86  -41.14 
 394    3.72   20.65     -0.92  243.24  104.55      -Inf    0.01    3.15     11.62    4.52    4.93      0.94    0.79    7.97   358.04  -70.35   369.65  -71.26 
 395    3.72   20.66      0.54  197.77  104.78      -Inf    0.01    3.15     11.62    4.52    4.93      0.48    0.48    7.95   372.39   63.27   384.09   66.14 
 396    5.17   20.77     -3.44  300.77  105.28      -Inf    0.02    3.14     12.16    4.22    4.93      0.93    1.23    7.93   379.02 -116.35   391.62 -116.33 
 397    5.17   20.70     -1.64  235.28  105.60      -Inf    0.02    3.13     12.16    4.22    4.92      0.83    1.05    7.92   322.01  -80.42   331.64  -78.12 
 398    5.17   20.86     -1.71  226.47  105.91      -Inf    0.02    3.12     12.16    4.22    4.92      0.52    0.20    7.90   380.38  121.55   391.81  123.81 
 399    5.17   20.74     -1.71  217.73  106.19      -Inf    0.02    3.11     12.16    4.22    4.92      0.03    0.28    7.88   351.08   -2.69   360.92   -2.91 
 400    5.17   20.77     -2.55  231.32  106.50      -Inf    0.02    3.11     12.16    4.22    4.92      0.59    1.06    7.86   372.61  128.41   383.73  131.18 
 401    4.84   20.70     -0.79  186.55  106.70      1.95    0.02    3.10     11.67    4.44    4.92      2.44    0.12    7.84   332.07   56.81   341.28   59.03 
 402    4.84   20.64     -3.59  252.75  107.06      -Inf    0.02    3.09     11.67    4.44    4.92      0.03    0.36    7.82   366.61  -38.24   378.75  -37.46 
 403    4.84   20.62     -5.81  328.07  107.61      -Inf    0.02    3.08     11.67    4.44    4.91     -0.87    0.04    7.80   392.97 -134.29   405.44 -134.33 
 404    4.84   20.72     -3.82  265.56  108.00      -Inf    0.02    3.08     11.67    4.44    4.91      2.63    0.19    7.78   311.02 -127.68   323.07 -128.49 
 405    4.84   20.63     -2.87  240.82  108.33      -Inf    0.02    3.07     11.67    4.44    4.91      -Inf    0.02    7.76   384.66   40.65   395.58   43.44 
 406    5.32   20.83     -4.12  282.04  108.76      -Inf    0.07    3.06     11.59    4.46    4.91      0.73    0.46    7.75   428.62   49.90   439.04   48.65 
 407    5.32   20.82     -2.17  231.29  109.06      -Inf    0.07    3.05     11.59    4.46    4.91     -0.99    0.12    7.73   384.22   91.75   395.82   94.23 
 408    5.32   20.81     -3.09  260.87  109.43      -Inf    0.07    3.05     11.59    4.46    4.91      -Inf    0.07    7.71   348.18  -91.44   358.77  -91.65 
 409    5.32   20.71     -2.92  260.20  109.80      -Inf    0.07    3.04     11.59    4.46    4.91     -0.04    0.66    7.69   397.49  -24.02   405.85  -21.86 
 410    5.32   20.87     -4.24  307.35  110.28      -Inf    0.07    3.03     11.59    4.46    4.91      -Inf    0.07    7.67   395.94 -113.18   407.84 -113.17 
 411    4.85   20.55     -2.16  246.88  110.61      -Inf    0.02    3.02     11.60    4.42    4.91      -Inf    0.02    7.65   355.68  -72.05   365.91  -72.18 
 412    4.85   20.58     -3.42  285.38  111.04      -Inf    0.02    3.02     11.60    4.42    4.90      1.10    1.26    7.64   448.25   35.66   459.13   38.55 
 413    4.85   20.66     -3.04  274.87  111.44      -Inf    0.02    3.01     11.60    4.42    4.90      -Inf    0.02    7.62   410.02  -45.92   422.12  -45.20 
 414    4.85   20.57     -0.57  208.75  111.67      -Inf    0.02    3.00     11.60    4.42    4.90     -0.65    0.05    7.60   364.95   11.24   375.31   10.68 
 415    4.85   20.58     -3.52  298.07  112.12      -Inf    0.02    3.00     11.60    4.42    4.90      0.57    1.68    7.59   361.30 -139.86   372.05 -140.62 
 416    8.00   20.74      0.65  187.70  112.30      -Inf    0.06    2.99     12.16    4.12    4.90      1.06    1.99    7.57   343.14   12.81   353.05   12.50 
 417    8.00   20.65     -0.46  215.95  112.55      -Inf    0.06    2.98     12.16    4.12    4.90      -Inf    0.06    7.56   306.91  -75.74   316.92  -73.53 
 418    8.00   20.65      0.45  195.36  112.75      -Inf    0.06    2.97     12.16    4.12    4.90      -Inf    0.06    7.54   304.36  -51.12   314.25  -48.53 
 419    8.00   20.69     -2.21  269.23  113.12      -Inf    0.06    2.97     12.16    4.12    4.89      -Inf    0.06    7.52   331.47 -123.06   342.19 -122.68 
 420    8.00   20.67     -1.17  242.11  113.43      -Inf    0.06    2.96     12.16    4.12    4.89      -Inf    0.06    7.50   385.94  -33.41   394.22  -31.69 
 421    6.12   20.50     -0.04  215.91  113.67      -Inf    0.06    2.95     11.71    4.31    4.89      -Inf    0.06    7.49   301.06  -80.85   312.41  -83.18 
 422    6.12   20.62     -0.30  223.07  113.93      -Inf    0.06    2.95     11.71    4.31    4.89      -Inf    0.06    7.47   310.27  -90.60   320.10  -88.64 
 423    6.12   20.51     -1.35  249.03  114.25      -Inf    0.06    2.94     11.71    4.31    4.89     -0.13    0.36    7.45   388.76  -56.43   397.54  -54.31 
 424    6.12   20.55     -0.87  235.65  114.54      -Inf    0.06    2.93     11.71    4.31    4.89     -0.44    0.15    7.43   375.63  -54.78   387.03  -55.64 
 425    6.12   20.60      1.06  185.78  114.70      -Inf    0.06    2.93     11.71    4.31    4.88      -Inf    0.06    7.42   347.71   -9.28   356.80   -8.92 
 426    5.92   20.76      2.72  152.46  114.79      -Inf    0.06    2.92     12.16    4.07    4.88      -Inf    0.06    7.40   283.44  -32.02   294.48  -29.79 
 427    5.92   20.80      1.01  187.25  114.96      -Inf    0.06    2.91     12.16    4.07    4.88      -Inf    0.06    7.38   354.87   11.80   364.84   11.61 
 428    5.92   20.94     -1.08  235.82  115.24      -Inf    0.06    2.91     12.16    4.07    4.88     -1.54    0.11    7.37   352.89  -67.65   364.22  -69.76 
 429    5.92   20.79     -2.29  271.14  115.61      -Inf    0.06    2.90     12.16    4.07    4.88     -0.52    0.18    7.35   350.36 -115.54   363.81 -116.09 
 430    5.92   20.88      0.43  198.53  115.80      -Inf    0.06    2.89     12.16    4.07    4.88      -Inf    0.06    7.33   348.61  -12.27   358.62  -11.63 
 431    6.09   20.80     -0.19  214.65  116.03      -Inf    0.06    2.89     12.09    4.08    4.87      -Inf    0.06    7.31   374.89    2.29   387.25    2.33 
 432    6.09   20.62     -1.36  244.20  116.33      -Inf    0.06    2.88     12.09    4.08    4.87      -Inf    0.06    7.30   378.04  -50.12   389.46  -50.48 
 433    6.09   20.74      0.40  201.08  116.52      -Inf    0.06    2.87     12.09    4.08    4.87     -0.14    0.33    7.28   354.74  -16.23   366.34  -18.82 
 434    6.09   20.71     -2.13  277.85  116.89      -Inf    0.06    2.87     12.09    4.08    4.87      -Inf    0.06    7.27   357.29 -135.74   368.16 -135.28 
 435    6.09   20.73      1.62  181.13  117.04      -Inf    0.06    2.86     12.09    4.08    4.87      1.72    0.65    7.25   355.45    1.24   365.48    0.83 
 436    9.14   20.69      1.33  192.88  117.22      -Inf    0.06    2.85     11.99    4.10    4.86      1.24    0.33    7.23   337.16  -49.32   348.66  -50.98 
 437    9.14   20.86      1.24  198.72  117.40      -Inf    0.06    2.85     11.99    4.10    4.86      0.47    0.75    7.22   368.34  -21.24   379.79  -22.92 
 438    9.14   20.71     -0.13  237.68  117.68      -Inf    0.06    2.84     11.99    4.10    4.86     -0.06    0.50    7.20   333.12 -107.01   345.57 -106.87 
 439    9.14   20.78      1.54  196.97  117.86      -Inf    0.06    2.83     11.99    4.10    4.86      0.04    0.61    7.19   375.21   -9.96   387.52  -10.23 
 440    9.14   20.76      0.74  214.05  118.08      -Inf    0.06    2.83     11.99    4.10    4.86     -0.78    0.14    7.17   364.72  -53.20   374.53  -52.05 
 441    4.91   20.58      0.50  216.22  118.30      -Inf    0.01    2.82     11.50    4.32    4.86      -Inf    0.01    7.16   350.84  -67.13   361.97  -65.70 
 442    4.91   20.58     -2.46  297.00  118.70      -Inf    0.01    2.82     11.50    4.32    4.85      1.27    0.42    7.14   492.43   42.93   502.70   42.24 
 443    4.91   20.64      0.87  203.20  118.89      -Inf    0.01    2.81     11.50    4.32    4.85      0.54    0.22    7.13   331.05  -67.62   342.38  -69.20 
 444    4.91   20.58     -0.38  234.90  119.16      -Inf    0.01    2.80     11.50    4.32    4.85      0.55    0.24    7.11   333.91 -107.53   346.29 -108.93 
 445    4.91   20.60      0.64  209.61  119.36      -Inf    0.01    2.80     11.50    4.32    4.85      0.62    0.22    7.09   338.06  -75.82   349.49  -77.23 
 446    5.24   20.91     -0.13  231.02  119.61      -Inf    0.01    2.79     11.68    4.21    4.85     -0.00    0.37    7.08   372.30  -75.72   383.02  -77.33 
 447    5.24   20.74      2.08  179.82  119.74      -Inf    0.01    2.78     11.68    4.21    4.85     -0.01    0.13    7.06   368.30    1.27   381.24    1.12 
 448    5.24   20.84      4.18  144.16  119.80      -Inf    0.01    2.78     11.68    4.21    4.85     -0.01    0.20    7.05   350.78   36.44   359.85   37.06 
 449    5.24   20.80      2.22  182.10  119.94      -Inf    0.01    2.77     11.68    4.21    4.85      0.00    0.19    7.03   329.72  -54.92   341.11  -56.89 
 450    5.24   20.82      0.08  234.91  120.19      -Inf    0.01    2.77     11.68    4.21    4.84      0.02    0.26    7.02   376.56  -74.98   387.20  -76.45 
 451    7.01   20.57      0.69  219.03  120.41      -Inf    0.05    2.76     11.42    4.31    4.84      -Inf    0.05    7.00   417.88   29.43   428.82   31.18 
 452    7.01   20.68      0.02  232.98  120.66      -Inf    0.05    2.75     11.42    4.31    4.84      -Inf    0.05    6.99   342.44  -82.05   355.32  -80.85 
 453    7.01   20.60     -2.31  292.53  121.04      -Inf    0.05    2.75     11.42    4.31    4.84      -Inf    0.05    6.97   401.67  -96.23   413.98  -97.56 
 454    7.01   20.61     -3.58  322.78  121.48      -Inf    0.05    2.74     11.42    4.31    4.84     -0.03    0.42    6.96   352.87 -169.64   364.25 -169.31 
 455    7.01   20.67      0.35  193.47  121.64      -Inf    0.05    2.74     11.42    4.31    4.84      -Inf    0.05    6.94   353.02   32.22   361.32   32.57 
 456    6.18   20.69     -2.42  250.57  121.93      -Inf    0.02    2.73     11.57    4.21    4.84     -0.01    0.28    6.93   279.28 -127.83   291.76 -129.69 
 457    6.18   20.60     -0.74  202.19  122.10      -Inf    0.02    2.72     11.57    4.21    4.84      -Inf    0.02    6.91   357.36   48.87   366.96   48.69 
 458    6.18   20.76     -2.17  234.26  122.35      -Inf    0.02    2.72     11.57    4.21    4.83      0.88    0.65    6.90   347.86  -52.23   358.78  -52.93 
 459    6.18   20.59      0.05  177.88  122.47    -24.70    0.02    2.71     11.57    4.21    4.83      0.09    0.90    6.89   329.00   43.73   338.93   44.04 
 460    6.18   20.68     -3.40  267.85  122.78      -Inf    0.02    2.71     11.57    4.21    4.83      -Inf    0.02    6.87   375.35  -71.48   385.83  -72.68 
 461    9.46   20.66     -2.37  241.58  123.04      -Inf    0.02    2.70     11.68    4.14    4.83     -0.03    0.94    6.86   311.11 -100.36   320.18  -98.62 
 462    9.46   20.60     -1.76  230.58  123.27      -Inf    0.02    2.69     11.68    4.14    4.83      -Inf    0.02    6.84   368.89   -3.99   378.42   -5.31 
 463    9.46   20.57     -2.41  255.36  123.56      -Inf    0.02    2.69     11.68    4.14    4.83      -Inf    0.02    6.83   391.17  -16.28   401.07  -16.21 
 464    9.46   20.67     -4.12  315.61  123.97      -Inf    0.02    2.68     11.68    4.14    4.83      -Inf    0.02    6.81   317.49 -170.84   330.16 -171.26 
 465    9.46   20.59     -1.15  227.16  124.19      -Inf    0.02    2.68     11.68    4.14    4.82      -Inf    0.02    6.80   337.56  -34.39   348.78  -34.70 
 466    5.93   20.50     -2.78  275.78  124.52      -Inf    0.01    2.67     11.54    4.18    4.82      0.22    0.62    6.79   323.67 -115.96   337.00 -114.93 
 467    5.93   20.59     -3.13  289.07  124.87      -Inf    0.01    2.67     11.54    4.18    4.82      -Inf    0.01    6.77   330.65 -133.77   343.70 -131.91 
 468    5.93   20.52     -2.17  257.86  125.16      -Inf    0.01    2.66     11.54    4.18    4.82      -Inf    0.01    6.76   292.31 -128.35   303.17 -127.61 
 469    5.93   20.52     -3.03  285.84  125.50      -Inf    0.01    2.65     11.54    4.18    4.82      -Inf    0.01    6.74   333.08 -139.14   345.01 -141.13 
 470    5.93   20.59     -0.72  219.91  125.70      -Inf    0.01    2.65     11.54    4.18    4.82      -Inf    0.01    6.73   361.30  -21.22   372.21  -17.31 
 471    6.32   20.47     -0.74  222.40  125.91      -Inf    0.01    2.64     11.63    4.12    4.82      3.09    0.26    6.71   391.20   42.65   402.27   43.79 
 472    6.32   20.49     -3.00  292.04  126.26      -Inf    0.01    2.64     11.63    4.12    4.81      -Inf    0.01    6.70   330.19 -151.63   343.12 -151.49 
 473    6.32   20.60     -1.55  248.82  126.52      -Inf    0.01    2.63     11.63    4.12    4.81      2.27    0.16    6.69   325.95 -102.67   334.91 -101.00 
 474    6.32   20.52     -1.45  247.47  126.77      -Inf    0.01    2.63     11.63    4.12    4.81      -Inf    0.01    6.67   352.54  -72.19   363.74  -73.48 
 475    6.32   20.52     -2.67  285.86  127.11      -Inf    0.01    2.62     11.63    4.12    4.81      -Inf    0.01    6.66   417.09  -47.36   426.49  -46.22 
 476    6.95   20.79     -1.56  251.97  127.37      -Inf    0.01    2.62     11.55    4.13    4.81      -Inf    0.01    6.64   289.32 -113.42   301.65 -113.61 
 477    6.95   20.80     -2.92  293.39  127.72      -Inf    0.01    2.61     11.55    4.13    4.81      -Inf    0.01    6.63   391.84  -84.23   401.33  -83.36 
 478    6.95   20.78     -3.89  320.30  128.12      -Inf    0.01    2.61     11.55    4.13    4.81      -Inf    0.01    6.62   338.55 -159.90   349.15 -160.12 
 479    6.95   20.85     -2.32  264.08  128.40      -Inf    0.01    2.60     11.55    4.13    4.80      -Inf    0.01    6.60   301.17 -116.20   313.89 -116.16 
 480    6.95   20.76     -3.27  289.71  128.74      -Inf    0.01    2.59     11.55    4.13    4.80      1.39    0.61    6.59   312.46 -143.62   325.69 -142.89 
 481    6.27   20.53     -3.29  285.66  129.07      -Inf    0.01    2.59     11.33    4.21    4.80      -Inf    0.01    6.58   304.96 -146.10   318.01 -148.35 
 482    6.27   20.63     -3.91  299.47  129.42      -Inf    0.01    2.58     11.33    4.21    4.80      -Inf    0.01    6.56   457.88   50.62   468.02   54.31 
 483    6.27   20.59     -2.34  247.51  129.66      -Inf    0.01    2.58     11.33    4.21    4.80      -Inf    0.01    6.55   373.69  -40.52   384.16  -40.04 
 484    6.27   20.59     -2.09  241.84  129.90      -Inf    0.01    2.57     11.33    4.21    4.80      -Inf    0.01    6.54   293.57 -119.45   306.15 -119.59 
 485    6.27   20.67     -2.59  259.24  130.16      -Inf    0.01    2.57     11.33    4.21    4.80      -Inf    0.01    6.52   373.69  -69.73   385.01  -70.03 
 486    7.49   20.59     -4.27  319.58  130.55      -Inf    0.01    2.56     12.03    3.87    4.79      -Inf    0.01    6.51   394.99 -136.57   405.76 -135.04 
 487    7.49   20.55      0.32  190.47  130.68      -Inf    0.01    2.56     12.03    3.87    4.79      0.85    0.24    6.50   344.88   20.50   353.77   19.49 
 488    7.49   20.66     -0.27  203.63  130.82      -Inf    0.01    2.55     12.03    3.87    4.79      2.59    0.28    6.48   355.97   24.03   365.23   23.22 
 489    7.49   20.54     -3.19  286.87  131.14      -Inf    0.01    2.55     12.03    3.87    4.79     -0.01    0.22    6.47   413.00  -43.37   422.21  -41.78 
 490    7.49   20.58     -2.10  252.97  131.39      -Inf    0.01    2.54     12.03    3.87    4.79      -Inf    0.01    6.46   385.10  -16.40   394.75  -17.73 
 491   10.88   20.69     -1.56  235.07  131.60      -Inf    0.01    2.54     11.26    4.21    4.79      0.13    0.10    6.44   345.46  -40.06   357.63  -39.88 
 492   10.88   20.60     -4.03  313.76  131.97      -Inf    0.01    2.53     11.26    4.21    4.78      -Inf    0.01    6.43   342.50 -150.64   353.49 -150.79 
 493   10.88   20.60     -3.92  312.35  132.34      -Inf    0.01    2.53     11.26    4.21    4.78      -Inf    0.01    6.42   339.18 -153.58   350.38 -153.13 
 494   10.88   20.67     -4.43  333.23  132.75      -Inf    0.01    2.52     11.26    4.21    4.78      -Inf    0.01    6.41   326.82 -186.44   340.30 -186.91 
 495   10.88   20.62     -3.66  311.14  133.11      -Inf    0.01    2.52     11.26    4.21    4.78     -0.02    0.18    6.39   475.91   31.69   486.53   34.40 
 496    7.91   20.73     -2.04  263.40  133.37      -Inf    0.01    2.51     11.56    4.04    4.78      0.92    0.25    6.38   354.64  -99.58   366.12  -99.25 
 497    7.91   20.80     -3.84  331.36  133.77      -Inf    0.01    2.51     11.56    4.04    4.78      -Inf    0.01    6.37   368.89 -181.20   381.50 -181.90 
 498    7.91   20.71     -0.43  230.03  133.96      -Inf    0.01    2.50     11.56    4.04    4.78      -Inf    0.01    6.36   273.16 -122.49   286.69 -122.40 
 499    7.91   20.73     -0.71  244.92  134.18      -Inf    0.01    2.50     11.56    4.04    4.78      -Inf    0.01    6.34   405.40  -41.19   414.36  -39.54 
 500    7.91   20.79      1.68  191.47  134.30      -Inf    0.01    2.49     11.56    4.04    4.77      -Inf    0.01    6.33   371.69    5.84   380.48    5.01 
 501    7.11   20.45     -0.60  252.35  134.53      -Inf    0.01    2.49     11.56    4.02    4.77     -0.01    0.15    6.32   400.00  -61.82   409.07  -60.47 
