   6    0.05   12.12     43.98    1.45    0.84     18.60    3.10    6.41    316.96    0.00   14.63      5.06   16.45   17.37   198.81  103.69   211.20  104.08 
   7    0.05   12.18     52.09    0.57    0.80     18.77    3.07    5.93    316.96    0.00   12.54      5.68   15.16   17.05   200.42  103.90   212.74  104.05 
   8    0.05   11.61     42.39    1.77    0.92     14.95    4.65    5.77    316.96    0.00   10.97      5.57   15.24   16.83   202.35  103.21   214.63  103.39 
   9    0.05   11.62     46.64    1.07    0.94     15.03    4.81    5.67    316.96    0.00    9.75      5.22   16.98   16.84   200.07  102.49   212.30  102.41 
  10    0.05   11.62     40.68    2.10    1.06     14.24    5.47    5.65    316.96    0.00    8.78      4.38   19.76   17.14   198.26  101.37   210.00  101.68 
  11    0.01   12.19     42.09    1.79    1.12     17.45    3.82    5.48    314.19    0.00    7.98      5.77   16.07   17.04   199.59  100.57   211.31  100.88 
  12    0.01   11.54     45.84    1.15    1.13     15.60    4.52    5.40    314.19    0.00    7.31      4.70   17.44   17.07   197.65   99.99   209.51  100.52 
  13    0.01   12.07     47.66    0.93    1.11     16.95    4.01    5.29    314.19    0.00    6.75      4.64   17.20   17.08   195.02  102.72   206.62  102.91 
  14    0.01   11.60     47.38    0.96    1.10     16.05    4.35    5.23    314.19    0.00    6.27      4.92   16.17   17.02   193.53  103.57   205.00  104.09 
  15    0.01   11.62     42.35    1.71    1.14     17.41    3.68    5.12    314.19    0.00    5.85      5.25   16.04   16.95   192.49  104.79   204.01  105.05 
  16    0.00   12.16     45.99    1.11    1.14     19.63    2.86    4.98    315.11    0.00    5.49      5.14   17.19   16.97   190.70  104.23   202.15  104.47 
  17    0.00   11.63     44.52    1.31    1.15     17.42    3.69    4.91    315.11    0.00    5.16      5.58   16.40   16.93   190.05  103.05   201.40  103.52 
  18    0.00   11.56     44.31    1.34    1.16     15.69    4.44    4.88    315.11    0.00    4.88      5.59   15.65   16.86   189.70  102.33   201.02  102.79 
  19    0.00   11.51     42.63    1.61    1.18     14.33    5.16    4.89    315.11    0.00    4.62      4.63   18.10   16.93   187.80  101.41   199.06  101.85 
  20    0.00   11.62     44.02    1.37    1.19     13.68    5.44    4.92    315.11    0.00    4.39      5.88   15.28   16.84   188.75   99.13   200.40   99.74 
  21    0.00   11.57     46.01    1.09    1.19     19.62    2.81    4.82    315.72    0.00    4.18      5.13   16.79   16.84   186.33   98.80   197.67   99.46 
  22    0.00   11.62     45.78    1.10    1.18     18.87    3.15    4.74    315.72    0.00    3.99      5.00   17.92   16.89   183.44   97.49   194.91   97.92 
  23    0.00   11.59     42.33    1.61    1.20     17.84    3.47    4.69    315.72    0.00    3.82      5.31   17.68   16.93   182.61   95.24   194.05   95.43 
  24    0.00   12.09     42.93    1.48    1.21     15.00    5.04    4.70    315.72    0.00    3.66      3.22   26.34   17.32   177.25   94.86   188.62   95.56 
  25    0.00   11.52     43.71    1.32    1.22     13.32    6.21    4.76    315.72    0.00    3.51      3.83   26.49   17.68   173.93   92.20   185.19   92.85 
  26    0.01   11.63     40.22    1.96    1.25     16.35    4.69    4.76    312.04    0.00    3.38      5.99   19.58   17.76   172.79   90.21   183.90   90.87 
  27    0.01   12.22     40.80    1.85    1.27     12.87    7.91    4.88    312.04    0.00    3.25      6.29   16.08   17.70   173.26   92.78   184.54   93.77 
  28    0.01   11.60     38.46    2.46    1.31     10.54   11.13    5.10    312.04    0.00    3.13      5.49   17.33   17.68   174.43   98.13   185.40   98.77 
  29    0.01   11.65     30.65    6.07    1.48      8.07   11.74    5.33    312.04    0.00    3.03      4.93   20.56   17.78   176.67   97.79   187.47   98.11 
  30    0.01   11.56     34.72    3.83    1.55      9.59   11.83    5.55    312.04    0.00    2.93      4.16   22.27   17.93   175.70  102.68   186.43  103.59 
  31    0.01   11.51     35.64    3.46    1.62     15.97    5.30    5.54    306.64    0.00    2.83      4.45   22.38   18.07   174.64  103.99   185.38  104.55 
  32    0.01   12.18     34.45    3.93    1.69     13.59    6.52    5.57    306.64    0.00    2.74      4.34   25.14   18.30   172.90  104.82   183.53  105.30 
  33    0.01   11.53     34.48    3.93    1.76     11.14    8.29    5.65    306.64    0.00    2.66      5.22   18.85   18.31   173.26  105.04   183.90  105.76 
  34    0.01   12.18     33.03    4.70    1.84      9.14   10.76    5.80    306.64    0.00    2.58      5.54   17.97   18.30   175.79  105.75   186.30  106.46 
  35    0.01   11.58     37.10    2.92    1.87      8.58   12.89    6.00    306.64    0.00    2.51      4.90   23.21   18.44   174.24  105.65   185.11  106.29 
  36    0.01   11.58     39.95    2.11    1.88     14.97    6.43    6.02    307.85    0.00    2.44      5.78   20.74   18.51   174.74  104.92   185.59  105.52 
  37    0.01   11.58     40.56    1.99    1.88     10.31   10.88    6.15    307.85    0.00    2.37      5.88   19.74   18.54   176.77  104.70   187.50  105.25 
  38    0.01   11.60     38.64    2.49    1.90      9.42   11.72    6.29    307.85    0.00    2.31      5.21   22.48   18.64   179.12  104.46   189.36  105.15 
  39    0.01   11.63     33.51    4.52    1.97     13.26    6.65    6.30    307.85    0.00    2.25      6.05   18.74   18.65   181.19  102.44   191.55  103.09 
  40    0.01   11.60     36.19    3.36    2.00     13.67    5.69    6.29    307.85    0.00    2.19      6.65   14.69   18.55   184.70  103.98   194.90  104.77 
  41    0.01   12.18     37.80    2.83    2.02     18.31    3.28    6.21    305.06    0.00    2.14      7.00   12.96   18.41   187.78  104.81   197.97  105.44 
  42    0.01   11.56     38.42    2.67    2.04     18.41    3.23    6.14    305.06    0.00    2.09      7.75   11.80   18.25   189.76  104.81   199.97  105.82 
  43    0.01   12.09     42.36    1.71    2.03     18.56    3.12    6.07    305.06    0.00    2.04      7.76   11.42   18.09   192.53  104.17   202.95  104.94 
  44    0.01   11.14     41.83    1.82    2.02     18.17    3.25    6.01    305.06    0.00    1.99      7.95   10.89   17.93   193.80  103.64   204.30  104.48 
  45    0.01   11.63     38.13    2.79    2.04     17.05    3.57    5.95    305.06    0.00    1.95      7.60   10.89   17.77   193.65  103.01   203.96  103.75 
  46    0.01   11.61     40.53    2.12    2.04     22.92    1.79    5.86     48.15    0.10    1.91      7.89   10.07   17.61   193.78  103.08   204.35  103.84 
  47    0.01   11.61     39.87    2.31    2.05     21.66    2.03    5.78     48.15    0.10    1.87      7.90   10.52   17.46   196.55  102.32   206.91  103.10 
  48    0.01   11.55     40.18    2.25    2.05     21.20    2.18    5.71     48.15    0.10    1.83      7.73   10.66   17.31   198.85  102.50   209.17  103.11 
  49    0.01   11.62     43.57    1.54    2.04     21.54    2.16    5.64     48.15    0.10    1.80      7.36   11.24   17.19   202.27  102.96   212.82  103.84 
  50    0.01   11.61     38.00    2.94    2.06     21.86    2.08    5.56     48.15    0.10    1.77      8.12   10.42   17.06   203.72  102.35   214.21  102.70 
  51    0.01   11.17     39.10    2.59    2.07     22.81    1.91    5.49     31.72    0.65    1.74      8.44   10.05   16.92   204.07  101.48   214.55  102.05 
  52    0.01   11.64     38.39    2.82    2.09     21.80    2.15    5.43     31.72    0.65    1.72      8.43   10.16   16.79   204.56   99.63   215.11  100.14 
  53    0.01   11.63     41.39    1.99    2.08     19.65    2.82    5.38     31.72    0.65    1.70      8.20   10.51   16.67   205.34   99.65   215.90  100.06 
  54    0.01   11.56     39.73    2.44    2.09     18.85    3.18    5.34     31.72    0.65    1.68      7.44   11.41   16.57   207.11  101.37   217.73  102.17 
  55    0.01   12.23     40.37    2.28    2.09     18.78    3.21    5.30     31.72    0.65    1.66      6.93   11.57   16.48   207.37  104.79   217.95  105.64 
  56    0.01   11.61     39.81    2.45    2.10     21.01    2.45    5.25     33.52    0.57    1.65      7.37   11.14   16.39   208.44  107.41   219.16  108.11 
  57    0.01   11.62     42.98    1.72    2.09     20.31    2.63    5.20     33.52    0.57    1.63      7.80   10.57   16.28   209.97  109.43   220.50  110.23 
  58    0.01   11.66     41.24    2.10    2.09     20.15    2.63    5.16     33.52    0.57    1.61      8.34    9.92   16.17   209.47  109.23   220.20  110.09 
  59    0.01   11.09     40.93    2.17    2.09     20.49    2.50    5.11     33.52    0.57    1.59      8.50    9.92   16.07   209.09  107.97   219.75  108.97 
  60    0.01   11.55     42.73    1.73    2.09     19.43    2.89    5.08     33.52    0.57    1.57      7.66   11.49   15.99   206.51  105.39   217.36  105.94 
  61    0.01   12.21     48.77    0.85    2.07     19.25    2.98    5.04     39.63    0.28    1.55      6.71   12.87   15.94   203.08  102.97   213.67  103.32 
  62    0.01   11.61     42.16    1.79    2.06     19.44    2.87    5.01     39.63    0.28    1.53      6.34   13.75   15.91   200.67  100.20   211.07  100.72 
  63    0.01   11.60     41.33    1.94    2.06     19.49    2.90    4.97     39.63    0.28    1.51      6.04   15.21   15.89   197.95   97.72   208.41   98.00 
  64    0.01   12.21     34.20    4.38    2.10     19.93    2.78    4.94     39.63    0.28    1.49      6.61   14.36   15.87   196.26   93.49   206.81   94.18 
  65    0.01   11.61     36.79    3.22    2.12     19.18    3.05    4.91     39.63    0.28    1.47      7.27   12.43   15.82   194.53   93.00   205.44   93.86 
  66    0.01   11.58     38.78    2.54    2.12     21.63    2.25    4.87     35.32    0.47    1.46      6.70   11.91   15.76   192.75   95.13   203.27   95.76 
  67    0.01   11.67     39.39    2.34    2.13     20.26    2.69    4.84     35.32    0.47    1.44      5.63   14.24   15.74   188.46   98.01   199.13   98.57 
  68    0.01   11.65     40.57    2.01    2.12     20.06    2.75    4.81     35.32    0.47    1.43      5.06   17.45   15.76   184.21   99.05   194.46   99.63 
  69    0.01   11.66     39.37    2.28    2.13     21.44    2.38    4.77     35.32    0.47    1.42      6.08   15.93   15.76   180.37   99.18   191.13   99.65 
  70    0.01   11.64     36.43    3.18    2.14     19.30    3.04    4.75     35.32    0.47    1.40      6.64   14.31   15.74   178.79   99.89   189.70  100.46 
  71    0.01   11.61     36.48    3.13    2.15     19.92    2.91    4.72     35.24    0.48    1.39      5.59   18.74   15.78   176.40   99.88   186.79  100.49 
  72    0.01   11.58     41.20    1.81    2.15     17.98    3.87    4.71     35.24    0.48    1.38      6.75   15.99   15.79   174.91   99.60   185.80  100.31 
  73    0.01   11.14     37.68    2.71    2.16     17.60    4.16    4.70     35.24    0.48    1.36      6.79   16.44   15.80   175.43   98.03   186.35   98.71 
  74    0.01   11.64     41.04    1.84    2.15     13.81    7.29    4.74     35.24    0.48    1.35      6.80   17.01   15.81   174.69   98.99   185.79   99.54 
  75    0.01   11.66     35.89    3.33    2.17     10.87   11.45    4.83     35.24    0.48    1.34      6.25   20.56   15.88   176.16   98.14   187.22   98.85 
  76    0.01   11.61     35.54    3.47    2.19     14.58    8.58    4.88     40.44    0.32    1.33      6.41   22.72   15.97   176.93   98.67   188.01   99.33 
  77    0.01   11.64     36.66    3.08    2.20     10.99   14.86    5.00     40.44    0.32    1.31      6.33   25.70   16.09   178.43   99.22   189.47  100.15 
  78    0.01   11.53     35.27    3.65    2.22      9.84   17.54    5.17     40.44    0.32    1.30      6.37   27.33   16.24   181.08   98.33   192.10   99.36 
  79    0.01   11.65     30.36    6.49    2.27     10.01   14.11    5.28     40.44    0.32    1.29      6.58   22.60   16.32   185.05   97.85   195.73   98.45 
  80    0.01   11.61     30.21    6.70    2.33     11.89   10.39    5.34     40.44    0.32    1.28      6.82   17.23   16.33   186.16   99.93   197.08  100.38 
  81    0.01   11.17     31.41    5.87    2.37     15.21    5.77    5.35     56.26    0.07    1.26      7.77   14.48   16.31   186.97  100.06   197.83  100.49 
  82    0.01   11.63     37.88    2.82    2.38     13.08    7.31    5.37     56.26    0.07    1.25      7.48   13.43   16.27   187.76  103.23   198.83  103.56 
  83    0.01   12.21     42.79    1.61    2.37     12.52    7.23    5.39     56.26    0.07    1.23      7.36   13.09   16.23   189.42  103.44   200.48  103.91 
  84    0.01   11.07     39.54    2.36    2.37     12.11    7.46    5.42     56.26    0.07    1.22      7.27   13.67   16.20   191.84  101.87   202.56  102.68 
  85    0.01   11.62     45.55    1.19    2.35     12.25    7.42    5.44     56.26    0.07    1.21      6.94   14.56   16.18   195.88  100.94   206.81  101.72 
  86    0.01   11.67     42.82    1.64    2.34     22.84    2.20    5.40     34.93    0.56    1.20      8.57   11.80   16.13   197.63   98.38   208.69   99.27 
  87    0.01   11.09     39.04    2.52    2.35     18.70    3.47    5.38     34.93    0.56    1.19      8.64   11.42   16.08   198.66   96.36   209.51   96.90 
  88    0.01   11.62     42.61    1.69    2.34     18.37    3.76    5.36     34.93    0.56    1.18      8.78   11.05   16.02   200.11   97.73   211.10   98.71 
  89    0.01   11.67     40.25    2.22    2.34     17.06    4.49    5.35     34.93    0.56    1.18      8.21   11.63   15.97   201.19  100.30   212.31  100.80 
  90    0.01   11.01     40.03    2.30    2.34     16.97    4.65    5.35     34.93    0.56    1.17      7.98   12.33   15.93   200.94  101.68   211.89  102.15 
  91    0.01   11.65     38.76    2.67    2.34     20.29    3.20    5.32     34.57    0.58    1.16      8.88   11.26   15.88   199.96  102.12   211.06  102.70 
  92    0.01   11.14     39.57    2.44    2.34     18.95    3.78    5.31     34.57    0.58    1.16      9.05   11.08   15.83   201.23  104.08   211.70  104.47 
  93    0.01   11.63     39.38    2.50    2.34     19.39    3.52    5.29     34.57    0.58    1.15      8.66   11.32   15.78   200.67  104.92   211.79  105.47 
  94    0.01   11.15     39.40    2.50    2.34     21.22    2.82    5.26     34.57    0.58    1.15      8.38   11.30   15.73   199.71  107.03   210.82  107.69 
  95    0.01   11.63     39.12    2.57    2.35     22.01    2.53    5.23     34.57    0.58    1.14      8.00   11.61   15.69   197.68  108.57   208.85  109.42 
  96    0.01   11.55     37.48    3.09    2.35     23.05    2.20    5.20     33.80    0.67    1.13      8.14   11.89   15.65   196.59  108.66   207.87  109.54 
  97    0.01   11.63     36.90    3.30    2.36     22.69    2.36    5.17     33.80    0.67    1.13      9.18   10.88   15.60   195.80  108.70   206.97  109.96 
  98    0.01   11.64     36.02    3.64    2.38     22.29    2.46    5.14     33.80    0.67    1.13      8.81   11.57   15.56   195.89  108.38   206.46  108.94 
  99    0.01   11.63     36.99    3.23    2.39     22.88    2.28    5.11     33.80    0.67    1.12      8.71   12.04   15.52   195.58  105.17   206.89  105.82 
 100    0.01   11.63     40.66    2.11    2.38     21.88    2.57    5.09     33.80    0.67    1.12      8.35   13.09   15.50   197.13  101.67   208.24  102.13 
 101    0.01   11.66     39.57    2.37    2.38     22.76    2.34    5.06     31.21    0.88    1.11      8.65   11.97   15.46   195.29   98.62   206.59   99.21 
 102    0.01   11.05     44.33    1.35    2.37     22.57    2.37    5.04     31.21    0.88    1.11      7.62   12.93   15.44   193.22   98.48   204.21   98.97 
 103    0.01   11.67     39.54    2.32    2.37     22.07    2.46    5.01     31.21    0.88    1.11      8.32   11.43   15.40   190.07   98.12   201.23   98.43 
 104    0.01   11.15     44.98    1.23    2.36     21.53    2.73    4.99     31.21    0.88    1.11      8.61   11.00   15.36   186.80  100.35   198.10  100.60 
 105    0.01   11.66     39.33    2.34    2.36     23.04    2.24    4.96     31.21    0.88    1.10      8.80   11.32   15.32   186.83  100.32   197.93  100.61 
 106    0.01   10.03     39.38    2.32    2.36     24.13    1.99    4.93     30.52    0.95    1.10      8.04   12.31   15.29   185.01  102.46   195.92  103.04 
 107    0.01   10.09     41.82    1.75    2.36     23.73    2.10    4.91     30.52    0.95    1.10      7.49   13.23   15.27   181.26  104.51   192.47  105.21 
 108    0.01   11.60     46.63    0.99    2.34     22.21    2.50    4.89     30.52    0.95    1.10      7.28   14.58   15.26   178.33  104.91   189.33  105.53 
 109    0.01   11.16     39.08    2.31    2.34     22.04    2.50    4.86     30.52    0.95    1.10      5.79   19.60   15.30   174.39  102.36   185.25  102.90 
 110    0.01   11.65     42.04    1.61    2.34     21.88    2.52    4.84     30.52    0.95    1.10      5.68   21.39   15.36   171.22   99.74   182.30  100.33 
 111    0.01   11.16     39.42    2.17    2.33     23.86    2.08    4.82     30.79    0.92    1.10      7.69   14.60   15.35   169.13   99.83   180.14  100.56 
 112    0.01   11.62     40.18    1.98    2.33     22.73    2.37    4.80     30.79    0.92    1.09      8.48   12.41   15.33   168.04   99.58   179.10  100.31 
 113    0.01   11.13     41.12    1.77    2.33     22.06    2.54    4.78     30.79    0.92    1.09      8.26   12.60   15.30   169.27  100.42   180.08  101.29 
 114    0.01   11.57     41.05    1.80    2.32     22.46    2.44    4.76     30.79    0.92    1.09      8.04   12.72   15.28   168.93  101.49   179.78  102.26 
 115    0.01   11.15     39.78    2.12    2.32     22.56    2.43    4.73     30.79    0.92    1.09      7.86   13.46   15.26   172.25  102.01   182.98  102.84 
 116    0.01   11.14     39.18    2.32    2.32     22.05    2.59    4.72     31.13    0.90    1.09      7.58   13.49   15.25   175.87  103.65   186.77  104.36 
 117    0.01   10.02     36.90    3.06    2.33     19.61    3.51    4.71     31.13    0.90    1.09      7.65   13.62   15.23   176.84  107.63   187.55  108.45 
 118    0.01   11.13     39.65    2.26    2.33     17.38    4.64    4.71     31.13    0.90    1.09      7.53   14.11   15.23   179.02  110.56   189.67  111.45 
 119    0.01   11.13     36.33    3.38    2.33     17.44    4.47    4.70     31.13    0.90    1.08      7.16   14.22   15.22   182.20  112.65   192.83  113.56 
 120    0.01   11.56     36.37    3.41    2.34     16.49    4.93    4.71     31.13    0.90    1.08      7.52   13.69   15.20   183.88  115.17   194.37  115.91 
 121    0.01   11.11     38.96    2.56    2.35     14.81    6.84    4.72     33.40    0.71    1.08      7.09   17.29   15.22   186.46  116.56   197.28  117.57 
 122    0.01   11.04     38.27    2.82    2.35     11.08   15.30    4.81     33.40    0.71    1.08      5.01   30.18   15.34   191.45  116.19   202.21  117.40 
 123    0.01   11.64     39.16    2.57    2.35     11.92   17.54    4.91     33.40    0.71    1.07      5.24   38.33   15.53   195.80  115.41   206.15  116.56 
 124    0.01   11.14     37.22    3.24    2.36     14.03   15.34    5.00     33.40    0.71    1.07      6.96   35.39   15.69   197.58  114.09   208.18  115.22 
 125    0.01   11.63     35.84    3.83    2.37     12.79   15.77    5.08     33.40    0.71    1.07      7.31   33.87   15.84   201.76  109.88   212.44  110.99 
 126    0.01   11.55     35.69    3.94    2.38     15.84    8.56    5.11     56.50    0.09    1.06      8.22   25.85   15.92   206.56  106.23   217.20  107.33 
 127    0.01   11.63     35.16    4.18    2.40     15.06    7.21    5.13     56.50    0.09    1.05      9.04   16.93   15.92   207.45  104.04   218.33  105.06 
 128    0.01   11.64     36.55    3.59    2.41     14.48    7.12    5.14     56.50    0.09    1.04      8.23   15.72   15.92   208.35  103.83   219.45  104.75 
 129    0.01   11.65     40.48    2.30    2.40     14.52    6.67    5.15     56.50    0.09    1.04      7.65   15.56   15.92   212.15  103.94   222.98  104.85 
 130    0.01   11.63     40.64    2.30    2.40     13.81    7.12    5.17     56.50    0.09    1.03      7.06   16.05   15.92   217.84  104.13   228.65  104.80 
 131    0.01   11.63     36.18    3.91    2.42     18.61    4.08    5.16     41.68    0.34    1.02      7.13   16.22   15.92   221.98  104.35   232.74  105.19 
 132    0.01   11.53     38.44    3.05    2.42     18.49    4.25    5.15     41.68    0.34    1.02      8.31   14.31   15.91   224.13  105.50   234.80  106.17 
 133    0.01   11.15     42.40    1.96    2.42     18.11    4.70    5.15     41.68    0.34    1.01      7.99   15.34   15.91   227.68  106.96   238.38  107.60 
 134    0.01   11.65     39.42    2.80    2.42     19.82    3.68    5.14     41.68    0.34    1.01      8.28   14.54   15.90   231.10  106.66   241.97  107.26 
 135    0.01   11.14     42.65    1.93    2.42     20.27    3.63    5.13     41.68    0.34    1.00      8.66   14.04   15.88   232.36  107.46   242.94  107.96 
 136    0.01   11.17     40.75    2.41    2.42     15.63    6.79    5.14     34.23    0.71    1.00      8.05   16.70   15.89   233.36  107.00   244.08  107.51 
 137    0.01   10.04     43.49    1.76    2.41     14.68    8.71    5.17     34.23    0.71    1.00      7.83   19.54   15.92   233.81  107.03   244.59  107.45 
 138    0.01   11.09     38.81    3.02    2.42     14.61    9.36    5.20     34.23    0.71    1.00      7.56   21.78   15.96   234.94  105.49   245.81  106.18 
 139    0.01   11.12     40.20    2.55    2.42     14.18   10.20    5.23     34.23    0.71    1.00      6.74   23.46   16.01   230.65  104.72   241.63  105.54 
 140    0.01   11.63     38.48    3.08    2.42     12.85   11.99    5.28     34.23    0.71    0.99      6.81   22.56   16.06   228.68  105.61   239.43  106.38 
 141    0.01   10.00     38.82    2.98    2.43     14.36   11.32    5.32     45.16    0.27    0.99      6.57   27.31   16.14   229.59  106.16   240.43  106.90 
 142    0.01   10.02     41.86    2.10    2.42      9.99   23.12    5.45     45.16    0.27    0.98      5.45   38.40   16.30   230.04  108.79   240.98  109.38 
 143    0.01   10.01     40.96    2.31    2.42      9.17   29.41    5.62     45.16    0.27    0.98      5.59   44.52   16.49   228.13  107.80   239.21  108.32 
 144    0.01    9.97     38.95    2.90    2.43      9.53   29.39    5.78     45.16    0.27    0.97      5.74   45.22   16.69   227.01  106.94   238.12  107.58 
 145    0.01   10.14     40.52    2.42    2.43      9.93   26.05    5.92     45.16    0.27    0.97      5.97   40.98   16.86   226.79  106.46   238.10  107.03 
 146    0.01   11.11     40.15    2.52    2.43     16.22   10.62    5.95     52.07    0.19    0.96      6.83   30.80   16.95   225.75  105.37   236.93  105.97 
 147    0.01   11.08     39.31    2.74    2.43     12.28   13.20    6.00     52.07    0.19    0.96      6.46   25.50   17.01   223.17  103.64   234.23  104.34 
 148    0.01   11.11     39.45    2.68    2.43     11.78   12.63    6.05     52.07    0.19    0.95      6.89   21.90   17.05   222.17  102.35   233.36  102.76 
 149    0.01   11.08     41.28    2.17    2.43     13.90   11.44    6.09     52.07    0.19    0.95      6.76   25.63   17.10   221.96  103.06   232.86  103.48 
 150    0.01   11.03     41.47    2.11    2.43     15.08   12.68    6.13     52.07    0.19    0.94      6.30   33.72   17.21   220.05  106.13   231.12  106.36 
 151    0.01   11.07     37.53    3.30    2.43     17.91   10.72    6.16     51.12    0.17    0.94      6.83   37.60   17.35   216.37  107.69   227.49  108.01 
 152    0.01   11.08     40.02    2.46    2.43     17.03   12.57    6.20     51.12    0.17    0.93      7.38   38.23   17.49   214.56  108.01   225.90  108.21 
 153    0.01   11.05     39.14    2.74    2.43     15.70   15.18    6.26     51.12    0.17    0.93      7.06   41.08   17.64   215.42  107.80   226.46  107.98 
 154    0.01   11.09     39.36    2.64    2.44     14.14   18.93    6.34     51.12    0.17    0.92      7.67   40.20   17.79   213.90  106.52   225.02  106.74 
 155    0.01   11.06     37.63    3.21    2.44     13.31   22.56    6.45     51.12    0.17    0.92      7.60   43.49   17.95   212.98  105.68   223.88  105.87 
 156    0.01   11.04     40.96    2.18    2.44     17.39   14.70    6.50     51.41    0.25    0.91      8.43   40.66   18.10   212.57  104.58   223.45  104.82 
 157    0.01   11.10     39.09    2.70    2.44     14.23   20.93    6.59     51.41    0.25    0.91      8.04   40.78   18.24   212.25  105.09   223.05  105.32 
 158    0.01   11.12     37.88    3.14    2.45     12.95   22.47    6.69     51.41    0.25    0.91      7.43   43.38   18.40   215.03  105.47   225.89  105.77 
 159    0.01   11.10     41.12    2.19    2.44     13.83   21.48    6.79     51.41    0.25    0.90      6.47   49.92   18.60   217.27  107.88   227.93  107.92 
 160    0.01   11.10     36.74    3.67    2.45     15.66   18.80    6.86     51.41    0.25    0.90      6.28   55.58   18.83   219.39  108.73   230.25  109.17 
 161    0.01   11.06     36.82    3.64    2.46     17.25   16.04    6.92     53.24    0.23    0.89      7.85   46.85   19.01   219.65  109.56   230.63  109.89 
 162    0.01   11.04     41.89    2.03    2.46     15.46   18.55    6.99     53.24    0.23    0.89      8.35   41.80   19.15   219.91  109.35   230.86  109.63 
 163    0.01   11.05     40.86    2.30    2.45     15.99   16.27    7.05     53.24    0.23    0.88      8.05   40.86   19.28   222.55  109.73   233.33  109.99 
 164    0.01   11.10     38.24    3.11    2.46     14.54   16.28    7.10     53.24    0.23    0.88      8.36   35.08   19.38   223.16  107.34   233.93  107.57 
 165    0.01   11.07     37.43    3.42    2.46     12.45   17.20    7.16     53.24    0.23    0.88      8.05   31.47   19.45   224.54  104.87   235.23  105.13 
 166    0.01   11.11     38.58    3.03    2.47     14.42   15.98    7.22     51.71    0.26    0.87      6.41   39.85   19.57   226.90  105.91   237.69  106.24 
 167    0.01   11.01     38.69    3.02    2.47     15.11   16.72    7.27     51.71    0.26    0.87      6.34   47.17   19.74   229.71  104.29   240.60  104.70 
 168    0.01   11.02     39.69    2.74    2.47     14.48   21.45    7.36     51.71    0.26    0.87      6.27   56.30   19.96   235.89  102.98   246.67  103.36 
 169    0.01   11.08     39.21    2.93    2.48     14.56   20.40    7.44     51.71    0.26    0.86      7.49   46.04   20.11   239.59  103.43   250.44  104.09 
 170    0.01   11.11     35.81    4.43    2.49     12.56   20.77    7.51     51.71    0.26    0.86      7.00   39.33   20.22   243.79  105.27   254.52  106.01 
 171    0.01   11.08     34.99    4.99    2.50     15.27   11.92    7.54     49.41    0.33    0.86      6.69   32.58   20.29   248.47  110.12   259.17  110.79 
 172    0.01   11.10     36.82    4.09    2.51     12.06   14.25    7.58     49.41    0.33    0.85      6.69   26.35   20.33   250.81  114.50   261.27  115.17 
 173    0.01   11.08     38.71    3.31    2.52     11.49   17.32    7.63     49.41    0.33    0.85      5.81   32.69   20.40   252.39  118.27   263.17  119.24 
 174    0.01   11.03     39.43    3.07    2.52     12.64   17.87    7.69     49.41    0.33    0.85      6.43   36.30   20.49   253.80  120.15   264.46  121.30 
 175    0.01   11.20     37.08    4.03    2.53     12.63   19.19    7.76     49.41    0.33    0.84      6.92   36.32   20.58   251.93  120.40   262.71  121.79 
 176    0.01   11.09     36.24    4.45    2.54     15.51   13.94    7.79     42.31    0.54    0.84      6.74   38.79   20.69   253.01  120.44   263.86  122.01 
 177    0.01   11.10     35.37    4.98    2.55     13.74   16.60    7.84     42.31    0.54    0.84      6.32   41.64   20.81   256.30  120.05   267.19  121.65 
 178    0.01   11.07     35.56    4.91    2.57     11.95   19.29    7.91     42.31    0.54    0.84      6.87   37.13   20.90   259.88  119.93   270.70  121.54 
 179    0.01   11.10     35.05    5.23    2.58     11.14   18.56    7.97     42.31    0.54    0.84      6.95   31.70   20.96   260.75  120.27   271.53  121.97 
 180    0.01   11.01     36.93    4.21    2.59     11.52   18.58    8.03     42.31    0.54    0.84      6.06   35.79   21.04   260.64  121.53   271.27  123.27 
 181    0.01   11.11     37.42    3.92    2.60     16.15   14.18    8.06     42.41    0.57    0.83      6.50   43.33   21.16   256.88  120.61   267.64  122.03 
 182    0.01   11.08     38.34    3.50    2.60     15.75   17.30    8.11     42.41    0.57    0.83      6.71   50.86   21.33   256.32  117.46   267.29  119.07 
 183    0.01   11.11     37.79    3.72    2.61     15.65   19.80    8.18     42.41    0.57    0.83      7.40   51.14   21.49   256.16  117.26   267.28  118.70 
 184    0.01   11.07     37.75    3.71    2.61     14.81   22.95    8.26     42.41    0.57    0.83      7.51   48.83   21.64   252.56  119.37   263.72  120.64 
 185    0.01   11.12     37.74    3.69    2.62     13.53   25.79    8.35     42.41    0.57    0.83      7.55   47.76   21.78   249.74  120.50   261.00  121.75 
 186    0.01   11.08     37.17    3.90    2.63     17.05   16.39    8.39     41.67    0.94    0.83      7.10   46.57   21.91   245.34  120.51   256.51  121.64 
 187    0.01   11.64     37.52    3.70    2.63     15.15   19.01    8.45     41.67    0.94    0.83      7.24   44.52   22.03   242.36  120.69   253.63  121.61 
 188    0.01   11.61     38.63    3.23    2.64     13.33   22.01    8.52     41.67    0.94    0.83      7.24   44.61   22.15   241.26  119.60   252.57  120.65 
 189    0.01   11.63     39.74    2.80    2.64     13.97   21.34    8.59     41.67    0.94    0.83      7.22   44.63   22.27   236.89  117.58   247.95  118.47 
 190    0.01   11.74     38.10    3.29    2.64     13.50   23.14    8.67     41.67    0.94    0.83      7.03   51.46   22.43   232.81  110.94   243.99  111.87 
 191    0.01   11.64     35.89    4.23    2.65     20.16   11.05    8.68     40.20    1.06    0.83      6.86   57.63   22.61   233.88  105.11   245.18  105.94 
 192    0.01   11.57     37.82    3.38    2.65     17.26   15.87    8.72     40.20    1.06    0.83      6.97   57.01   22.79   234.54   99.17   245.60   99.96 
 193    0.01   11.64     39.00    2.97    2.65     16.72   16.35    8.76     40.20    1.06    0.83      6.97   55.13   22.96   239.78   94.89   250.71   95.75 
 194    0.01   11.66     40.04    2.68    2.65     16.81   15.94    8.79     40.20    1.06    0.84      7.15   47.05   23.08   243.89   97.05   254.76   97.80 
 195    0.01   11.63     39.10    3.04    2.66     15.46   18.33    8.84     40.20    1.06    0.84      6.06   49.46   23.22   246.56  101.84   257.49  102.53 
 196    0.01   11.65     39.52    2.95    2.66     17.53   14.78    8.87     34.85    2.03    0.84      5.54   53.83   23.37   250.17  107.34   261.04  108.13 
 197    0.01   11.65     38.68    3.31    2.66     15.95   18.27    8.92     34.85    2.03    0.85      6.38   51.72   23.52   254.13  111.14   264.96  111.79 
 198    0.01   11.56     38.22    3.57    2.67     14.02   23.34    8.99     34.85    2.03    0.86      5.89   57.26   23.69   258.94  113.68   269.93  114.34 
 199    0.01   11.64     38.65    3.48    2.67     14.30   26.11    9.08     34.85    2.03    0.86      5.77   67.25   23.91   264.20  117.98   275.23  118.74 
 200    0.01   11.62     42.21    2.34    2.67     14.02   30.59    9.19     34.85    2.03    0.87      6.43   71.75   24.14   270.49  117.77   281.58  118.20 
 201    0.01   11.62     42.79    2.20    2.67     21.55   13.91    9.21     40.37    1.22    0.87      7.26   72.77   24.39   274.37  113.51   285.31  114.02 
 202    0.01   11.15     40.50    2.85    2.67     21.20   14.38    9.24     40.37    1.22    0.87      7.23   73.71   24.63   275.22  107.02   286.17  107.34 
 203    0.01   11.15     41.24    2.65    2.67     19.41   17.45    9.28     40.37    1.22    0.87      7.29   73.05   24.87   279.89  102.83   290.81  103.20 
 204    0.01   11.53     42.54    2.30    2.66     19.06   17.76    9.32     40.37    1.22    0.87      7.20   72.14   25.10   284.99   99.27   295.78   99.60 
 205    0.01   11.63     40.28    3.00    2.67     18.79   17.25    9.36     40.37    1.22    0.88      7.47   65.42   25.30   287.81   94.95   298.54   95.31 
 206    0.01   11.65     42.23    2.39    2.66     20.64   12.89    9.37     36.36    2.45    0.88      7.89   56.10   25.45   288.88   92.67   299.59   92.99 
 207    0.01   11.64     39.70    3.20    2.67     17.85   16.64    9.41     36.36    2.45    0.89      7.89   50.33   25.57   287.16   93.72   297.76   94.07 
 208    0.01   11.63     39.72    3.17    2.67     15.93   19.69    9.46     36.36    2.45    0.90      6.77   53.83   25.70   283.24   97.10   293.92   97.40 
 209    0.01   11.62     41.80    2.47    2.67     15.31   20.67    9.51     36.36    2.45    0.91      6.77   53.87   25.84   279.97  100.14   290.37  100.57 
 210    0.01   11.54     42.17    2.36    2.67     15.05   21.39    9.57     36.36    2.45    0.91      6.98   53.72   25.97   278.55  100.68   288.99  101.20 
 211    0.01   11.61     40.65    2.80    2.67     21.21   10.65    9.57     33.33    2.73    0.92      7.35   51.96   26.09   277.66  100.30   288.02  100.73 
 212    0.01   11.61     41.59    2.51    2.67     19.79   12.42    9.59     33.33    2.73    0.93      7.41   50.90   26.21   277.18   98.41   287.73   98.98 
 213    0.01   11.76     41.00    2.68    2.67     18.82   13.62    9.61     33.33    2.73    0.94      7.57   48.72   26.32   276.55   97.03   287.06   97.77 
 214    0.01   11.61     42.34    2.29    2.67     17.92   14.03    9.63     33.33    2.73    0.95      7.25   46.67   26.41   276.69   96.14   287.31   96.78 
 215    0.01   11.62     41.00    2.69    2.67     15.72   16.14    9.66     33.33    2.73    0.96      6.61   44.38   26.50   279.55   95.02   290.20   95.65 
 216    0.01   11.55     40.82    2.73    2.67     18.84   10.37    9.66     29.08    4.03    0.97      7.25   39.02   26.55   278.12   93.92   288.83   94.62 
 217    0.01   11.64     42.53    2.23    2.66     16.05   13.94    9.68     29.08    4.03    0.98      7.17   38.58   26.61   276.79   94.00   287.57   94.60 
 218    0.01   11.62     42.74    2.18    2.66     16.46   13.65    9.70     29.08    4.03    1.00      7.44   38.33   26.66   277.96   93.00   288.74   93.60 
 219    0.01   11.63     40.91    2.69    2.66     15.14   16.39    9.73     29.08    4.03    1.01      7.22   41.02   26.73   278.33   91.60   289.00   92.23 
 220    0.01   11.61     39.70    3.11    2.66     12.82   22.48    9.79     29.08    4.03    1.03      6.79   44.58   26.81   279.72   91.88   290.59   92.28 
 221    0.01   11.63     40.78    2.74    2.66     19.24   11.90    9.80     28.55    3.46    1.04      8.42   40.43   26.87   279.44   92.44   290.36   92.88 
 222    0.01   11.54     43.46    2.02    2.66     16.92   18.02    9.83     28.55    3.46    1.05      8.38   47.20   26.96   279.21   92.85   290.14   93.22 
 223    0.01   11.65     42.56    2.22    2.66     17.36   19.34    9.88     28.55    3.46    1.06      8.34   53.64   27.08   277.44   93.01   288.55   93.46 
 224    0.01   11.61     41.05    2.64    2.66     17.52   20.15    9.92     28.55    3.46    1.07      8.41   56.13   27.21   277.39   93.05   288.41   93.63 
 225    0.01   11.64     42.99    2.13    2.66     16.95   21.80    9.97     28.55    3.46    1.08      8.55   56.28   27.34   277.82   94.25   289.02   94.75 
 226    0.01   11.62     41.87    2.43    2.66     22.35   11.57    9.98     33.39    2.95    1.09      8.39   56.57   27.47   279.01   95.24   290.18   95.70 
 227    0.01   11.60     45.25    1.65    2.65     21.13   13.16   10.00     33.39    2.95    1.10      8.42   55.56   27.59   279.41   96.78   290.64   97.18 
 228    0.01   11.52     43.59    1.99    2.65     19.76   14.86   10.02     33.39    2.95    1.10      8.27   54.04   27.71   277.78   98.38   289.11   98.72 
 229    0.01   11.69     42.36    2.26    2.65     17.42   18.10   10.05     33.39    2.95    1.11      7.18   55.08   27.83   272.47   99.81   283.80  100.13 
 230    0.01   11.82     39.49    3.10    2.65     15.15   22.55   10.11     33.39    2.95    1.12      6.65   54.48   27.95   264.89  102.76   276.22  103.08 
 231    0.01   11.88     41.67    2.36    2.65     18.27   15.07   10.13     33.17    3.12    1.13      7.09   50.12   28.04   258.23  104.08   269.71  104.29 
 232    0.01   12.29     42.11    2.19    2.65     17.59   15.96   10.15     33.17    3.12    1.14      7.75   45.71   28.12   252.32  104.44   263.82  104.52 
 233    0.01   11.69     40.35    2.65    2.65     17.59   15.81   10.18     33.17    3.12    1.15      8.30   43.41   28.18   247.32  103.23   258.70  103.37 
 234    0.01   12.56     39.93    2.69    2.65     16.60   17.97   10.21     33.17    3.12    1.15      7.57   43.97   28.25   239.30  101.53   250.59  101.67 
 235    0.01   11.61     39.88    2.67    2.65     16.86   17.78   10.24     33.17    3.12    1.16      8.07   44.07   28.32   234.90  102.73   246.13  102.94 
 236    0.01   11.63     40.72    2.38    2.64     21.12   10.35   10.24     32.42    2.92    1.17      7.91   41.72   28.37   229.49  102.53   240.65  102.62 
 237    0.01   11.63     41.28    2.20    2.64     19.16   11.56   10.25     32.42    2.92    1.18      7.86   39.72   28.42   227.30  101.96   238.53  102.09 
 238    0.01   11.61     37.33    3.46    2.65     16.95   13.04   10.26     32.42    2.92    1.18      7.45   37.68   28.46   225.63  100.55   236.84  100.65 
 239    0.01   11.61     39.82    2.57    2.65     15.00   15.43   10.28     32.42    2.92    1.19      6.96   35.18   28.49   222.79  102.04   234.02  102.24 
 240    0.01   11.55     39.72    2.58    2.65     14.48   17.54   10.31     32.42    2.92    1.20      7.25   37.09   28.53   219.93  103.31   231.13  103.74 
 241    0.01   11.63     38.30    3.02    2.65     18.62   12.19   10.32     28.78    3.62    1.21      7.99   39.75   28.57   216.56  104.01   227.79  104.33 
 242    0.01   11.62     40.83    2.23    2.65     16.98   16.07   10.34     28.78    3.62    1.22      8.02   44.38   28.64   214.59  103.95   225.92  104.39 
 243    0.01   11.62     36.79    3.51    2.65     15.96   19.65   10.38     28.78    3.62    1.23      7.93   49.09   28.72   210.69  103.61   222.03  103.97 
 244    0.01   11.63     38.95    2.67    2.65     15.89   21.68   10.43     28.78    3.62    1.24      7.38   57.05   28.84   205.35  101.99   216.48  102.52 
 245    0.01   11.63     38.64    2.71    2.65     16.00   22.18   10.48     28.78    3.62    1.25      7.44   59.52   28.96   201.57   99.94   212.74  100.55 
 246    0.01   11.56     38.42    2.72    2.65     19.95   14.29   10.49     31.26    3.39    1.26      7.45   58.02   29.08   195.70   99.32   206.72   99.69 
 247    0.01   11.64     40.61    2.04    2.65     17.78   17.74   10.52     31.26    3.39    1.27      7.11   56.21   29.19   188.83   97.52   199.86   98.10 
 248    0.01   11.63     39.79    2.14    2.65     14.56   24.98   10.58     31.26    3.39    1.27      7.01   49.62   29.27   178.26   95.38   189.29   95.99 
 249    0.01   11.65     39.64    2.09    2.64     16.37   20.17   10.62     31.26    3.39    1.28      7.42   50.29   29.36   170.95   91.96   181.86   92.50 
 250    0.01   11.62     42.16    1.51    2.64     16.00   21.75   10.66     31.26    3.39    1.29      7.21   52.96   29.45   163.64   91.22   174.56   91.72 
 251    0.01   11.16     38.34    2.29    2.64     21.86   11.28   10.67     38.11    1.70    1.29      7.24   56.34   29.56   158.62   89.26   169.44   89.75 
 252    0.01   11.08     45.73    0.95    2.63     19.54   14.63   10.68     38.11    1.70    1.29      8.00   52.31   29.65   155.23   89.02   166.04   89.59 
 253    0.01   11.13     40.22    1.79    2.63     17.66   17.92   10.71     38.11    1.70    1.30      8.12   49.71   29.73   152.13   90.70   162.99   91.24 
 254    0.01   11.15     36.49    2.72    2.63     16.75   19.47   10.74     38.11    1.70    1.30      8.32   47.81   29.80   149.61   91.44   160.29   92.02 
 255    0.01   11.14     42.96    1.28    2.62     16.77   20.14   10.78     38.11    1.70    1.30      8.58   48.89   29.87   147.43   91.45   158.07   91.95 
 256    0.01   11.66     40.18    1.77    2.62     24.90    8.24   10.77     34.57    2.57    1.30      8.28   54.39   29.97   148.24   92.43   158.92   92.88 
 257    0.01   11.62     44.58    1.07    2.61     21.67   12.44   10.78     34.57    2.57    1.31      8.39   54.18   30.06   148.20   95.62   158.90   95.85 
 258    0.01   11.58     39.05    2.03    2.61     22.73   11.26   10.78     34.57    2.57    1.31      8.26   54.83   30.16   145.82   97.62   156.34   97.89 
 259    0.01   11.64     42.26    1.39    2.61     22.04   12.17   10.79     34.57    2.57    1.32      8.43   55.51   30.26   144.25   98.39   154.78   98.59 
 260    0.01   11.65     37.99    2.32    2.60     21.76   12.30   10.79     34.57    2.57    1.32      7.75   62.55   30.38   147.58   98.54   158.12   98.73 
 261    0.01   11.10     39.65    1.95    2.60     23.43    9.94   10.79     30.75    4.38    1.34      7.91   60.21   30.50   151.59   98.71   162.13   98.89 
 262    0.01   11.63     40.39    1.81    2.60     22.96   10.20   10.79     30.75    4.38    1.35      8.27   55.34   30.59   153.76   99.65   164.50   99.78 
 263    0.01   11.64     42.72    1.39    2.59     20.11   13.44   10.80     30.75    4.38    1.36      8.19   50.06   30.67   153.51  101.93   164.25  102.19 
 264    0.01   11.56     43.69    1.25    2.59     18.21   14.58   10.81     30.75    4.38    1.37      7.96   47.76   30.73   155.57  102.22   166.38  102.58 
 265    0.01   11.61     42.11    1.53    2.59     15.65   18.42   10.84     30.75    4.38    1.38      7.03   51.50   30.81   159.16  101.88   169.91  102.28 
 266    0.01   11.65     39.68    2.07    2.58     18.62   12.93   10.85     32.57    3.11    1.39      6.90   51.31   30.89   163.33  101.59   174.18  102.06 
 267    0.01   11.66     38.62    2.38    2.58     14.65   19.74   10.88     32.57    3.11    1.39      6.28   53.34   30.97   168.19  102.19   178.97  102.85 
 268    0.01   11.64     39.16    2.30    2.58     14.36   20.30   10.91     32.57    3.11    1.40      5.79   56.37   31.07   174.62  103.77   185.40  104.40 
 269    0.01   11.65     39.52    2.27    2.58     14.18   22.85   10.96     32.57    3.11    1.41      5.98   59.85   31.17   179.96  104.83   190.71  105.69 
 270    0.01   11.55     41.69    1.78    2.58     14.77   22.98   11.00     32.57    3.11    1.41      7.34   54.84   31.26   182.31  104.02   193.03  105.02 
 271    0.01   11.66     40.50    2.05    2.58     19.81   12.96   11.01     32.12    2.81    1.42      8.14   51.46   31.33   184.61  101.48   195.55  102.74 
 272    0.01   11.64     39.15    2.38    2.57     18.92   14.17   11.02     32.12    2.81    1.42      7.91   53.71   31.42   186.48   97.33   197.23   98.43 
 273    0.01   11.65     39.03    2.39    2.57     18.32   15.07   11.04     32.12    2.81    1.43      7.78   52.20   31.49   186.44   92.38   197.12   93.40 
 274    0.01   11.65     42.28    1.63    2.57     17.57   16.82   11.06     32.12    2.81    1.43      7.68   51.56   31.57   185.23   89.29   196.02   90.46 
 275    0.01   11.65     39.37    2.28    2.57     16.71   18.12   11.08     32.12    2.81    1.44      7.51   54.60   31.65   187.33   86.30   198.18   87.37 
 276    0.01   11.55     41.41    1.80    2.57     18.65   12.79   11.09     31.24    3.44    1.45      7.80   45.94   31.70   188.18   84.94   198.88   86.06 
 277    0.01   11.63     38.70    2.46    2.57     17.34   13.97   11.10     31.24    3.44    1.45      7.00   43.17   31.74   186.58   86.83   197.48   87.93 
 278    0.01   11.61     42.48    1.62    2.56     17.56   14.13   11.11     31.24    3.44    1.46      5.71   52.82   31.82   187.50   93.95   198.28   95.24 
 279    0.01   11.62     37.83    2.88    2.56     15.04   20.92   11.15     31.24    3.44    1.47      4.91   64.93   31.94   190.67  103.87   201.52  105.03 
 280    0.01   11.62     37.52    3.09    2.57     14.27   22.01   11.19     31.24    3.44    1.47      5.25   63.11   32.05   193.45  114.33   204.22  115.44 
 281    0.01   11.62     39.73    2.49    2.57     13.87   17.97   11.21     34.10    2.18    1.48      4.12   56.94   32.14   199.68  122.27   210.50  123.39 
 282    0.01   11.55     36.93    3.53    2.57     14.82   18.08   11.23     34.10    2.18    1.48      5.15   52.31   32.21   204.34  128.59   215.20  129.68 
 283    0.01   11.63     36.11    4.02    2.57     11.47   20.52   11.27     34.10    2.18    1.48      5.40   45.81   32.26   212.14  132.83   222.89  134.13 
 284    0.01   11.64     34.23    5.09    2.58     11.42   18.63   11.29     34.10    2.18    1.48      6.24   33.26   32.26   213.73  135.10   224.80  136.39 
 285    0.01   11.63     37.53    3.54    2.59     10.68   22.19   11.33     34.10    2.18    1.49      5.55   42.08   32.29   219.15  138.79   230.38  139.92 
 286    0.01   11.64     40.49    2.55    2.59     15.62   17.83   11.35     31.85    2.12    1.49      7.95   44.05   32.34   223.05  139.89   234.18  141.28 
 287    0.01   11.63     39.55    2.86    2.59     16.55   20.17   11.38     31.85    2.12    1.49      8.09   54.17   32.41   225.33  139.74   236.53  141.15 
 288    0.01   11.57     38.84    3.13    2.59     16.40   21.48   11.42     31.85    2.12    1.49      8.34   56.08   32.49   227.94  139.24   239.18  140.68 
 289    0.01   11.65     36.33    4.16    2.59     16.26   23.03   11.46     31.85    2.12    1.50      9.21   50.23   32.56   226.36  138.35   237.49  139.54 
 290    0.01   11.64     39.85    2.73    2.60     16.30   23.75   11.50     31.85    2.12    1.50      9.20   50.65   32.62   223.01  137.50   234.03  138.82 
 291    0.01   11.64     38.32    3.22    2.60     21.85   12.24   11.50     32.56    3.27    1.50      9.14   51.58   32.68   220.85  134.62   231.93  135.80 
 292    0.01   11.16     39.31    2.81    2.60     19.67   15.24   11.52     32.56    3.27    1.51      8.46   55.24   32.76   219.29  129.28   230.20  130.39 
 293    0.01   11.13     38.28    3.09    2.60     18.29   17.28   11.54     32.56    3.27    1.52      7.69   55.27   32.84   214.88  123.31   225.71  124.20 
 294    0.01   11.07     37.60    3.25    2.60     16.22   21.00   11.57     32.56    3.27    1.52      7.05   56.47   32.92   208.71  116.99   219.43  117.91 
 295    0.01   11.13     41.97    1.89    2.60     15.46   22.82   11.61     32.56    3.27    1.53      6.53   57.63   33.00   202.57  113.14   213.19  114.20 
 296    0.01   11.60     39.08    2.58    2.60     19.02   15.42   11.62     32.29    3.46    1.53      6.74   57.56   33.08   197.37  109.55   208.03  110.31 
 297    0.01   11.65     39.77    2.35    2.60     17.43   18.99   11.65     32.29    3.46    1.54      7.74   54.63   33.16   194.89  107.45   205.44  108.39 
 298    0.01   11.63     39.22    2.48    2.60     16.90   20.22   11.67     32.29    3.46    1.55      7.82   53.63   33.23   191.87  107.64   202.30  108.52 
 299    0.01   11.63     37.83    2.87    2.60     16.74   20.99   11.71     32.29    3.46    1.55      7.95   53.60   33.29   188.38  108.30   198.68  109.11 
 300    0.01   11.54     41.65    1.83    2.60     16.07   22.78   11.74     32.29    3.46    1.56      8.19   53.29   33.36   186.46  109.23   196.67  110.09 
 301    0.01   11.13     41.84    1.80    2.59     22.15   11.06   11.74     32.68    3.30    1.57      8.20   52.34   33.42   185.35  111.93   195.56  112.70 
 302    0.01   11.15     47.49    0.94    2.59     20.05   13.68   11.75     32.68    3.30    1.57      7.85   53.14   33.49   185.05  114.40   195.21  115.11 
 303    0.01   11.12     44.29    1.35    2.58     16.70   19.00   11.77     32.68    3.30    1.58      7.61   51.45   33.55   182.91  115.70   193.08  116.41 
 304    0.01   11.15     40.99    1.96    2.58     14.58   23.18   11.81     32.68    3.30    1.58      7.31   51.04   33.61   180.93  115.51   190.96  115.92 
 305    0.01   11.13     38.42    2.60    2.58     12.62   27.46   11.86     32.68    3.30    1.59      6.79   51.69   33.66   175.66  115.34   185.89  115.56 
 306    0.01   11.55     42.26    1.64    2.58     15.59   19.25   11.88     31.68    3.40    1.59      6.72   52.21   33.73   174.96  113.27   185.14  113.30 
 307    0.01   11.66     38.17    2.62    2.58     13.82   23.23   11.92     31.68    3.40    1.60      6.91   49.70   33.78   173.63  111.32   183.71  111.25 
 308    0.01   11.62     36.60    3.13    2.58     11.32   28.71   11.97     31.68    3.40    1.61      6.37   49.13   33.83   172.77  109.96   183.07  109.75 
 309    0.01   11.64     40.07    2.09    2.58      9.97   30.14   12.03     31.68    3.40    1.61      6.30   45.16   33.86   173.06  109.11   183.36  108.81 
 310    0.01   11.61     36.61    3.09    2.58      9.27   29.60   12.09     31.68    3.40    1.62      5.74   43.10   33.89   171.84  107.60   182.14  107.17 
 311    0.01   11.66     35.52    3.50    2.58     12.59   17.77   12.11     33.05    2.31    1.62      5.73   40.82   33.92   172.65  106.63   183.08  106.14 
 312    0.01   11.55     35.34    3.61    2.59      8.96   23.44   12.14     33.05    2.31    1.62      5.39   42.33   33.94   176.36  104.28   186.77  103.67 
 313    0.01   11.64     34.95    3.80    2.59      7.85   24.47   12.18     33.05    2.31    1.62      5.06   39.99   33.96   179.30  103.13   189.73  102.81 
 314    0.01   11.61     37.99    2.79    2.59      6.64   25.87   12.23     33.05    2.31    1.63      4.96   45.28   34.00   188.13  105.98   198.35  105.71 
 315    0.01   11.66     20.80   20.53    2.65      0.45   28.03   12.28     33.05    2.31    1.63      4.26   35.68   34.00   196.75   92.89   206.95   92.76 
 316    0.01   11.63     21.54   19.46    2.70     14.44    5.45   12.26     26.75    2.73    1.63      4.33   20.74   33.96   202.22   96.85   212.36   96.78 
 317    0.01   11.61     22.30   18.39    2.75     12.31    7.20   12.24     26.75    2.73    1.64      3.87   19.66   33.92   209.99   99.06   220.19   98.83 
 318    0.01   11.55     22.04   19.38    2.80     12.75    6.91   12.22     26.75    2.73    1.64      3.86   19.04   33.87   213.86  100.79   224.17  100.56 
 319    0.01   11.63     22.19   19.25    2.86     12.17    7.46   12.21     26.75    2.73    1.64      4.45   19.66   33.83   218.18  100.36   228.25  100.11 
 320    0.01   11.63     22.54   18.66    2.90     13.15    6.72   12.19     26.75    2.73    1.65      4.50   19.78   33.78   221.95   98.75   232.19   98.72 
 321    0.01   11.62     22.50   18.80    2.95     15.84    4.70   12.17     16.88    4.28    1.65      4.76   19.05   33.74   223.86   96.58   234.13   96.49 
 322    0.01   11.64     22.86   17.98    3.00     14.45    5.39   12.15     16.88    4.28    1.66      4.76   18.63   33.69   224.41   94.02   234.60   93.76 
 323    0.01   11.60     22.73   17.92    3.05     13.51    6.32   12.13     16.88    4.28    1.67      5.00   19.20   33.64   221.14   91.14   230.93   90.83 
 324    0.01   11.58     22.32   18.57    3.10     12.79    7.19   12.11     16.88    4.28    1.68      5.01   19.03   33.60   217.94   89.58   227.71   89.24 
 325    0.01   11.61     22.73   17.57    3.14     11.90    8.24   12.10     16.88    4.28    1.69      5.16   18.64   33.55   216.41   88.83   226.13   88.40 
 326    0.01   11.65     22.36   18.24    3.19     13.77    6.48   12.08     17.39    4.09    1.69      4.85   18.80   33.51   214.46   87.88   224.13   87.25 
 327    0.01   11.63     22.56   17.80    3.23     11.67    8.23   12.07     17.39    4.09    1.70      4.48   18.29   33.46   213.72   89.62   223.35   88.97 
 328    0.01   11.64     22.33   18.20    3.28      9.81    9.99   12.07     17.39    4.09    1.71      4.20   18.14   33.41   210.41   91.37   220.12   90.68 
 329    0.01   11.63     22.70   17.43    3.32      9.86   10.16   12.06     17.39    4.09    1.72      4.40   18.35   33.37   210.93   93.17   220.17   92.86 
 330    0.01   11.56     21.91   19.09    3.37      8.95   11.39   12.06     17.39    4.09    1.72      4.58   18.47   33.32   207.38   94.82   216.90   94.06 
 331    0.01   11.63     21.55   19.82    3.42     12.23    7.89   12.05     18.42    3.78    1.73      4.94   19.51   33.28   206.40   94.70   215.56   94.50 
 332    0.01   11.63     21.99   18.64    3.46     10.53   11.22   12.04     18.42    3.78    1.74      5.28   20.40   33.24   204.30   95.67   213.41   95.49 
 333    0.01   11.62     21.49   19.50    3.51      9.55   13.62   12.05     18.42    3.78    1.74      5.79   23.59   33.21   199.95   95.58   209.23   94.61 
 334    0.01   11.63     17.21   31.41    3.59      4.93   16.08   12.06     18.42    3.78    1.75      6.02   26.21   33.19   202.21   83.58   211.25   83.45 
 335    0.01   11.61     17.12   31.43    3.68      4.71   14.76   12.07     18.42    3.78    1.75      5.70   25.35   33.17   202.96   78.36   211.99   78.39 
 336    0.01   11.56     16.83   32.30    3.76     12.36    7.35   12.05     19.19    3.67    1.76      6.43   17.99   33.12   203.00   74.88   211.96   74.74 
 337    0.01   11.64     16.62   32.72    3.85     11.34    8.73   12.04     19.19    3.67    1.76      6.41   17.40   33.08   201.95   71.87   211.13   71.71 
 338    0.01   11.62     16.61   32.67    3.93     11.15    9.13   12.04     19.19    3.67    1.77      6.28   16.79   33.03   202.36   70.40   211.79   70.44 
 339    0.01   11.65     16.50   33.25    4.02     10.22    9.69   12.03     19.19    3.67    1.78      5.92   15.22   32.98   202.96   71.73   211.94   71.71 
 340    0.01   11.63     16.32   34.10    4.11      8.61   10.79   12.03     19.19    3.67    1.78      5.15   14.82   32.92   201.74   74.05   211.06   74.34 
 341    0.01   11.15     16.55   33.13    4.19     10.76    7.38   12.01     17.74    4.05    1.79      3.80   15.70   32.87   200.71   76.77   210.10   76.96 
 342    0.01   11.08     16.77   32.75    4.28      8.93    8.93   12.00     17.74    4.05    1.79      3.40   16.16   32.82   201.38   81.01   210.36   81.19 
 343    0.01   11.15     17.33   30.77    4.35      8.69    9.18   11.99     17.74    4.05    1.80      3.54   16.41   32.78   202.14   83.08   211.23   83.26 
 344    0.01   11.13     17.20   31.41    4.43      7.41   12.79   12.00     17.74    4.05    1.81      4.02   18.67   32.74   203.65   84.94   212.40   84.91 
 345    0.01   11.12     15.15   39.83    4.54      4.81   16.20   12.01     17.74    4.05    1.81      5.31   24.54   32.71   196.30   75.59   204.93   75.59 
 346    0.01   11.14     15.16   39.93    4.64      9.69   10.51   12.00     17.61    3.53    1.82      6.08   17.31   32.67   195.83   74.36   204.34   74.14 
 347    0.01   11.15     14.86   41.51    4.74      7.27   15.05   12.01     17.61    3.53    1.82      6.17   20.92   32.63   194.17   71.12   202.63   71.06 
 348    0.01   11.08     13.74   47.50    4.87      6.98   15.60   12.02     17.61    3.53    1.83      6.04   23.67   32.61   202.82   62.98   211.41   63.16 
 349    0.01   11.16     13.76   47.61    4.99      7.64   15.26   12.03     17.61    3.53    1.83      6.35   22.74   32.58   199.69   60.67   207.98   60.72 
 350    0.01   11.12     14.39   44.45    5.10      1.41   14.59   12.04     17.61    3.53    1.84      6.44   23.20   32.55   170.20   76.11   178.81   75.91 
 351    0.01   11.62     14.08   46.93    5.22      8.59    5.76   12.02     22.68    2.35    1.84      6.45   17.76   32.51   169.95   78.19   178.64   77.92 
 352    0.01   11.61     13.23   53.41    5.36      5.29    6.79   12.01     22.68    2.35    1.84      2.29   11.67   32.45   171.52   77.23   180.33   77.32 
 353    0.01   11.62     12.78   57.81    5.51      4.78    7.02   11.99     22.68    2.35    1.84      1.99   11.95   32.39   173.47   78.40   182.14   78.20 
 354    0.01   11.55     12.23   63.25    5.67      5.01    7.18   11.98     22.68    2.35    1.84      2.23   11.75   32.33   174.77   79.37   183.17   79.35 
 355    0.01   11.63     11.69   68.81    5.85      4.12    7.32   11.97     22.68    2.35    1.85      2.64   12.15   32.28   173.59   81.85   182.15   81.83 
 356    0.01   11.63     11.48   71.39    6.03     14.28    2.34   11.94     12.41    3.12    1.85      3.49   10.69   32.22   173.47   83.81   182.10   83.50 
 357    0.01   11.64     11.15   74.58    6.22     14.05    2.53   11.91     12.41    3.12    1.85      3.88   10.18   32.16   171.85   83.69   180.36   83.52 
 358    0.01   11.63     10.96   76.14    6.42     13.68    2.61   11.89     12.41    3.12    1.86      4.38   10.28   32.09   169.23   84.46   177.81   84.22 
 359    0.01   11.65     10.90   76.04    6.61     12.05    2.69   11.86     12.41    3.12    1.86      4.37   10.55   32.03   165.68   86.30   174.52   85.95 
 360    0.01   11.55     10.62   77.43    6.81     12.82    2.72   11.84     12.41    3.12    1.86      4.43   10.53   31.97   161.29   84.10   170.03   83.81 
 361    0.01   11.66     10.65   75.09    7.00     18.62    1.41   11.81     16.52    1.80    1.86      4.51   11.46   31.92   157.24   81.51   165.79   81.27 
 362    0.01   11.64     10.67   73.67    7.18     17.87    1.54   11.78     16.52    1.80    1.86      4.37   12.59   31.86   155.34   79.69   163.76   79.32 
 363    0.01   11.66     10.97   69.79    7.36     14.26    2.48   11.75     16.52    1.80    1.86      4.31   12.46   31.81   155.01   78.16   163.55   77.80 
 364    0.01   11.62     11.55   63.81    7.51      8.97    5.08   11.74     16.52    1.80    1.86      4.92   14.70   31.76   156.29   77.24   164.36   76.78 
 365    0.01   11.67     10.63   70.84    7.68     -1.78    8.97   11.73     16.52    1.80    1.86      3.78   16.27   31.72   145.66   80.94   153.60   80.51 
 366    0.01   11.56     11.01   68.34    7.85      2.32    6.53   11.71     13.56    2.50    1.86      5.09   16.20   31.68   149.73   82.37   157.67   82.16 
 367    0.01   11.62     11.06   68.36    8.02      3.90    7.14   11.70     13.56    2.50    1.87      4.44   17.19   31.64   150.07   85.17   158.05   84.63 
 368    0.01   11.64     11.11   69.44    8.18      3.87    8.93   11.69     13.56    2.50    1.87      4.55   24.85   31.62   153.91   87.02   161.93   86.32 
 369    0.01   11.64     12.08   63.55    8.33      4.24   10.07   11.69     13.56    2.50    1.87      4.92   27.22   31.61   165.92   89.32   173.79   88.93 
 370    0.01   11.64     13.06   57.69    8.47      5.85   12.73   11.69     13.56    2.50    1.87      4.81   25.84   31.59   175.55   93.19   183.20   92.70 
 371    0.01   11.62     12.50   61.71    8.61      4.90   14.88   11.70     13.99    3.20    1.88      5.12   25.28   31.58   171.48   93.50   179.02   93.36 
 372    0.01   11.56     11.26   71.75    8.78      4.47   14.86   11.71     13.99    3.20    1.88      5.25   26.44   31.56   162.91   92.73   170.31   92.75 
 373    0.01   11.63     10.80   75.00    8.96      7.53    6.14   11.69     13.99    3.20    1.88      6.12   25.82   31.55   157.95   91.00   165.31   91.08 
 374    0.01   11.63     10.70   75.21    9.13      7.70    5.77   11.68     13.99    3.20    1.89      6.98   22.90   31.52   156.91   87.54   164.09   87.63 
 375    0.01   11.65     11.59   66.08    9.29      7.64    5.84   11.66     13.99    3.20    1.89      7.13   23.23   31.50   160.00   86.37   167.05   86.32 
 376    0.01   11.63     11.64   65.00    9.43     11.47    3.58   11.64     18.99    2.20    1.89      7.12   18.78   31.47   159.41   83.93   166.49   83.79 
 377    0.01   11.63     11.57   64.02    9.58      8.55    5.24   11.62     18.99    2.20    1.89      6.92   19.24   31.44   155.02   82.18   162.03   82.34 
 378    0.01   11.54     11.44   63.16    9.72      8.74    5.40   11.61     18.99    2.20    1.89      6.64   19.84   31.40   148.53   81.78   155.46   81.96 
 379    0.01   11.63     11.85   59.46    9.85      8.95    5.45   11.59     18.99    2.20    1.89      6.05   16.15   31.36   148.25   83.33   155.22   83.49 
 380    0.01   11.63     12.04   57.24    9.98      9.09    5.72   11.58     18.99    2.20    1.89      6.11   17.25   31.33   145.85   84.59   152.98   84.75 
 381    0.01   11.14     12.38   54.23   10.09     12.61    3.86   11.56     13.39    3.17    1.90      5.87   17.16   31.29   144.54   86.43   151.32   86.50 
 382    0.01   11.11     12.28   54.63   10.21     10.70    5.01   11.54     13.39    3.17    1.90      5.97   16.11   31.25   143.09   86.72   149.97   86.88 
 383    0.01   11.13     12.35   53.63   10.32     10.18    5.39   11.52     13.39    3.17    1.90      6.29   15.34   31.21   141.70   86.74   148.32   86.49 
 384    0.01   11.10     12.83   49.52   10.42     10.64    5.60   11.51     13.39    3.17    1.91      6.54   16.09   31.17   140.38   87.38   146.94   87.21 
 385    0.01   11.15     12.01   53.64   10.54     10.40    5.80   11.49     13.39    3.17    1.91      6.77   17.84   31.14   133.89   84.46   140.77   84.93 
 386    0.01   11.61     12.15   52.69   10.65     13.51    4.21   11.47     15.38    3.05    1.91      7.08   20.42   31.11   135.74   82.46   142.50   82.73 
 387    0.01   11.64     12.05   52.78   10.75     12.93    4.47   11.46     15.38    3.05    1.92      7.23   18.78   31.08   134.98   79.69   141.52   80.09 
 388    0.01   11.61     12.35   51.03   10.86     12.66    4.83   11.44     15.38    3.05    1.92      7.16   20.41   31.05   138.36   77.79   144.83   77.83 
 389    0.01   11.63     12.51   50.85   10.96     11.66    5.65   11.42     15.38    3.05    1.92      6.59   16.02   31.01   142.21   77.64   148.68   77.62 
 390    0.01   11.63     12.62   51.20   11.06     11.51    6.14   11.41     15.38    3.05    1.92      5.80   16.42   30.97   145.23   79.99   151.85   80.46 
 391    0.01   11.15     12.72   51.10   11.17     13.16    5.39   11.39     16.88    3.02    1.93      5.93   16.55   30.94   146.35   82.25   152.80   82.41 
 392    0.01   11.11     13.27   48.03   11.26     12.03    6.55   11.38     16.88    3.02    1.93      6.38   16.05   30.90   149.50   82.59   156.01   82.95 
 393    0.01   11.16     13.27   48.24   11.35     11.13    7.42   11.37     16.88    3.02    1.93      6.13   15.97   30.86   150.19   82.71   156.38   82.94 
 394    0.01   11.13     12.36   52.74   11.46      7.94    7.76   11.36     16.88    3.02    1.94      5.22   16.21   30.82   141.90   80.95   148.28   81.00 
 395    0.01   11.17     10.55   62.48   11.59     -6.55    7.08   11.35     16.88    3.02    1.94      4.76   15.02   30.78   121.62   82.27   127.94   82.54 
 396    0.01   11.55     12.00   50.86   11.69      4.25    2.38   11.33     17.62    2.87    1.94      5.65   15.79   30.74   125.44   81.42   131.77   81.73 
 397    0.01   11.64     12.78   44.73   11.77      5.13    8.66   11.32     17.62    2.87    1.94      6.29   25.16   30.73   128.11   73.07   133.87   73.68 
 398    0.01   11.65     15.45   31.38   11.82      6.42   17.24   11.34     17.62    2.87    1.95      5.97   27.58   30.72   135.60   70.24   141.35   70.80 
 399    0.01   11.61     18.45   21.38   11.84      7.29   12.51   11.34     17.62    2.87    1.95      6.62   24.04   30.71   146.77   65.17   152.57   65.66 
 400    0.01   11.64     19.74   17.77   11.86     11.80    7.27   11.33     17.62    2.87    1.95      6.78   15.50   30.67   157.39   65.33   163.21   65.86 
 401    0.01   11.63     19.96   17.12   11.87     19.43    2.99   11.31     22.13    1.98    1.95      9.67    8.90   30.61   155.50   62.51   161.15   63.15 
 402    0.01   11.54     19.64   17.42   11.89     20.14    2.73   11.29     22.13    1.98    1.95      9.48    7.32   30.56   152.89   62.04   158.49   62.53 
 403    0.01   11.64     19.45   17.89   11.90     17.63    3.42   11.27     22.13    1.98    1.95      8.61    6.86   30.50   153.36   61.23   159.30   61.88 
 404    0.01   11.63     19.71   17.69   11.92     18.28    3.18   11.25     22.13    1.98    1.95      7.74    5.80   30.44   155.12   62.90   161.02   63.30 
 405    0.01   11.65     19.92   17.46   11.93     18.75    3.02   11.23     22.13    1.98    1.95      6.04    5.72   30.37   156.95   65.37   162.66   65.90 
 406    0.01   11.64     19.01   19.65   11.95     16.50    4.04   11.21     24.27    1.64    1.95      5.06    6.44   30.32   158.19   65.51   163.96   66.10 
 407    0.01   11.62     19.33   19.46   11.97     21.36    2.31   11.19     24.27    1.64    1.95      7.18    6.44   30.26   163.97   66.90   169.63   67.54 
 408    0.01   11.58     19.79   18.71   11.98     20.23    2.87   11.17     24.27    1.64    1.95      6.70    7.57   30.20   166.45   68.19   172.16   68.54 
 409    0.01   11.65     15.91   29.77   12.03      3.30    5.42   11.15     24.27    1.64    1.95      7.28   23.43   30.18   148.09   59.27   153.39   59.55 
 410    0.01   11.66     12.90   42.74   12.10     -0.14    4.18   11.14     24.27    1.64    1.95      6.61   20.07   30.16   133.58   57.05   139.00   57.38 
 411    0.01   11.13     12.90   43.58   12.18      3.50    2.08   11.11     19.37    2.36    1.95      5.85   11.33   30.11   136.67   57.65   141.81   57.91 
 412    0.01   11.14     12.08   47.92   12.27     -5.91    2.13   11.09     19.37    2.36    1.95      4.72   14.27   30.08   127.15   63.66   132.36   63.96 
 413    0.01   11.16     11.94   48.95   12.35     -6.56    2.10   11.07     19.37    2.36    1.95      4.80   10.84   30.03   127.28   63.70   132.39   63.99 
 414    0.01   11.07      9.48   65.67   12.48     -9.23    2.13   11.05     19.37    2.36    1.95      5.27   11.11   29.98   110.73   64.78   116.09   64.98 
 415    0.01   11.16      9.75   64.72   12.61     -7.09    2.11   11.03     19.37    2.36    1.95      4.95    9.74   29.93   113.28   69.39   118.57   69.58 
 416    0.01   11.66     10.75   58.68   12.72      2.31    0.56   11.00      6.16    0.80    1.95      4.90    9.15   29.88   121.83   72.75   126.86   73.09 
 417    0.01   11.63     10.52   61.01   12.84      0.95    0.57   10.98      6.16    0.80    1.95      4.64    8.59   29.83   121.52   73.78   126.21   73.96 
 418    0.01   11.65      7.30   88.77   13.02     -7.24    0.47   10.95      6.16    0.80    1.94      4.71    7.73   29.78    94.70   68.07   100.19   68.18 
 419    0.01   11.62     10.45   62.69   13.14     -0.54    0.46   10.93      6.16    0.80    1.94      5.83    6.02   29.72   122.84   76.87   127.54   77.21 
 420    0.01   11.57     10.24   65.09   13.26      0.08    0.47   10.90      6.16    0.80    1.94      5.91    5.97   29.67   122.83   77.84   127.72   78.29 
 421    0.01   11.64      7.01   95.80   13.46    -12.19    0.15   10.88      5.97    0.26    1.93      7.22    5.59   29.61    97.66   67.60   102.29   67.67 
 422    0.01   11.65      8.34   82.43   13.62     -3.41    0.16   10.85      5.97    0.26    1.93      8.69    9.98   29.56   112.50   69.58   116.71   69.69 
 423    0.01   11.63      8.34   81.57   13.78      6.53    0.18   10.83      5.97    0.26    1.93      8.63   12.10   29.52   111.62   68.55   116.58   68.44 
 424    0.01   11.65      7.86   86.25   13.95      5.58    0.31   10.80      5.97    0.26    1.92      8.90   12.37   29.48   108.58   65.28   113.32   65.63 
 425    0.01   11.63      6.51   99.27   14.15      -Inf    0.15   10.78      5.97    0.26    1.92      8.31   12.66   29.44    93.69   59.94    98.22   60.12 
 426    0.01   11.58      6.55   98.19   14.35      2.25    0.11   10.75      6.60    0.15    1.91      6.90    8.82   29.39    92.66   59.88    98.32   59.83 
 427    0.01   11.64      6.16  103.43   14.56    -22.11    0.08   10.73      6.60    0.15    1.91      5.54    6.95   29.34    88.10   61.65    92.82   61.93 
 428    0.01   11.66      6.31  100.77   14.76     -1.21    0.09   10.70      6.60    0.15    1.91      5.18    7.75   29.29    86.69   66.22    91.93   66.27 
 429    0.01   11.64      6.18  102.23   14.96     -2.78    0.08   10.68      6.60    0.15    1.90      4.73    8.25   29.24    84.11   68.67    89.26   69.11 
 430    0.01   11.71      5.86  106.31   15.17     -5.53    0.08   10.65      6.60    0.15    1.90      6.49    8.18   29.19    80.03   70.81    84.83   70.71 
 431    0.01   11.62      5.80  107.71   15.39      3.46    0.05   10.63      3.88    0.05    1.89      5.52    6.87   29.14    80.13   69.15    85.50   69.24 
 432    0.01   11.56      5.81  106.99   15.60    -24.27    0.03   10.60      3.88    0.05    1.89      6.49    9.88   29.10    80.68   66.38    85.62   66.22 
 433    0.01   11.64      6.26  102.45   15.80      4.27    0.11   10.58      3.88    0.05    1.88      7.24   10.77   29.05    88.01   67.45    92.97   67.95 
 434    0.01   11.69      5.20  119.58   16.04      1.83    0.15   10.56      3.88    0.05    1.88      8.51   10.10   29.01    79.04   64.73    83.86   64.52 
 435    0.01   11.63      4.60  128.46   16.30     -2.05    0.03   10.53      3.88    0.05    1.88      6.61   10.81   28.97    72.03   61.77    76.71   62.05 
 436    0.01   11.16      4.30  137.06   16.58     -5.01    0.05   10.51      4.24    0.08    1.87      6.69    7.57   28.92    70.36   61.53    74.88   62.09 
 437    0.01   11.13      3.82  147.77   16.88     -0.68    0.05   10.48      4.24    0.08    1.87      5.41    7.98   28.87    62.98   64.18    67.30   64.80 
 438    0.01   11.08      4.39  141.33   17.16     -0.40    0.05   10.46      4.24    0.08    1.86      5.80    9.62   28.83    73.16   67.10    77.60   67.68 
 439    0.01   11.15      4.02  148.18   17.46     -1.21    0.06   10.44      4.24    0.08    1.86      5.67   12.01   28.79    66.79   70.04    71.23   70.61 
 440    0.01   11.14      3.49  156.01   17.77     -4.22    0.05   10.41      4.24    0.08    1.86      6.16   15.20   28.76    56.82   70.99    61.36   70.94 
 441    0.01   11.65      3.58  151.64   18.08     -2.53    0.02   10.39      2.34    0.03    1.85      6.40   16.90   28.73    56.62   74.58    61.09   75.10 
 442    0.01   11.63      3.38  151.58   18.38      2.17    0.15   10.37      2.34    0.03    1.85      6.47   17.06   28.71    51.44   75.92    55.84   76.46 
 443    0.01   11.65      2.78  163.07   18.71      2.32    0.16   10.34      2.34    0.03    1.84      6.09   16.09   28.68    42.12   71.38    46.66   72.07 
 444    0.01   11.57      2.56  167.51   19.04     -1.19    0.02   10.32      2.34    0.03    1.84      5.67   15.17   28.65    38.78   70.23    43.28   70.83 
 445    0.01   11.65      1.80  183.43   19.41    -12.86    0.02   10.30      2.34    0.03    1.84      6.64   14.45   28.61    24.64   63.89    29.15   64.62 
 446    0.01   11.17      2.09  178.94   19.77      -Inf    0.04   10.27      3.12    0.09    1.83      6.84   12.11   28.58    31.41   65.19    35.80   66.05 
 447    0.01   11.17      2.11  179.19   20.13     -6.04    0.04   10.25      3.12    0.09    1.83      7.34   12.97   28.54    33.26   63.51    37.31   63.95 
 448    0.01   11.17      2.13  182.56   20.49     -6.02    0.04   10.23      3.12    0.09    1.82      8.33    8.55   28.50    34.71   63.90    38.70   64.41 
 449    0.01   11.15      1.23  204.09   20.90    -32.75    0.04   10.20      3.12    0.09    1.82      5.45    9.35   28.46    14.47   61.86    18.71   62.62 
 450    0.01   11.11      1.69  195.27   21.28    -27.68    0.04   10.18      3.12    0.09    1.82      5.62   10.03   28.41    21.94   69.69    26.50   70.25 
 451    0.01   11.65      1.22  205.99   21.69      -Inf    0.01   10.16      1.90    0.01    1.81      5.57   12.06   28.38     9.19   71.34    13.18   72.05 
 452    0.01   12.23      1.52  196.04   22.08      -Inf    0.01   10.14      1.90    0.01    1.81      6.16   14.84   28.35    12.43   77.90    16.49   78.39 
 453    0.01   11.65      0.97  200.53   22.47      1.25    0.36   10.12      1.90    0.01    1.80      7.38   15.47   28.32    -2.36   70.19     2.58   70.72 
 454    0.01   12.24      0.47  202.55   22.87      -Inf    0.01   10.09      1.90    0.01    1.80      6.67   14.82   28.29   -15.59   70.56   -10.61   71.20 
 455    0.01   11.69      0.47  190.72   23.24      -Inf    0.01   10.07      1.90    0.01    1.80      3.64    4.97   28.24   -15.78   71.39   -10.86   72.04 
 456    0.01   11.65      0.55  178.05   23.58      -Inf    0.07   10.05      2.23    0.14    1.79      6.18    9.48   28.20   -13.73   75.13    -8.86   75.63 
 457    0.01   11.72      0.15  182.61   23.93      -Inf    0.07   10.03      2.23    0.14    1.79      4.43    8.64   28.15   -21.21   78.39   -16.04   78.91 
 458    0.01   11.74      0.09  180.55   24.27      -Inf    0.07   10.01      2.23    0.14    1.79      4.01    6.70   28.11   -18.37   56.13   -14.07   56.95 
 459    0.01   11.74      0.45  169.90   24.59      -Inf    0.07    9.98      2.23    0.14    1.78      3.08    4.35   28.06   -12.06   73.61    -7.70   74.48 
 460    0.01   11.76      0.03  180.54   24.92      -Inf    0.07    9.96      2.23    0.14    1.78      2.61    3.12   28.00   -20.63   64.42   -15.80   65.18 
 461    0.01   11.70     -0.00  183.83   25.27       NaN    0.00    9.94       NaN    0.00    1.77      3.70    4.51   27.95   -22.32   60.40   -17.74   61.12 
 462    0.01   11.64     -0.06  189.69   25.63       NaN    0.00    9.92       NaN    0.00    1.77      3.72    4.93   27.90   -25.93   63.04   -20.53   63.50 
 463    0.01   11.73     -0.10  195.71   25.99       NaN    0.00    9.90       NaN    0.00    1.77      4.09    7.79   27.86   -25.50   51.02   -20.48   51.72 
 464    0.01   11.74     -0.03  197.00   26.36       NaN    0.00    9.88       NaN    0.00    1.76      4.43    7.66   27.81   -31.05   80.24   -25.97   80.58 
 465    0.01   11.73      0.33  191.61   26.72       NaN    0.00    9.86       NaN    0.00    1.76      5.04    7.60   27.77   -21.74   62.98   -17.09   63.55 
 466    0.01   11.23     -0.47  211.40   27.11       NaN    0.00    9.83       NaN    0.00    1.76      3.97    6.76   27.73   -38.00   52.89   -33.02   53.72 
 467    0.01   11.75      0.38  193.06   27.47       NaN    0.00    9.81       NaN    0.00    1.75      3.38    6.89   27.68   -22.99   93.47   -17.79   94.13 
 468    0.01   11.67     -0.42  210.92   27.86       NaN    0.00    9.79       NaN    0.00    1.75      2.72    3.73   27.63   -38.18   86.06   -33.05   86.63 
 469    0.01   11.74      0.00  201.62   28.23       NaN    0.00    9.77       NaN    0.00    1.74      2.45    3.28   27.58   -25.31   75.72   -20.96   76.50 
 470    0.01   11.76     -0.03  203.21   28.60       NaN    0.00    9.75       NaN    0.00    1.74      2.87    1.44   27.52   -23.52   56.85   -18.26   57.71 
 471    0.01   11.73     -0.33  212.05   28.99       NaN    0.00    9.73       NaN    0.00    1.74      4.15    3.22   27.47   -31.42   62.01   -26.45   62.40 
 472    0.01   11.73     -0.66  223.18   29.40       NaN    0.00    9.71       NaN    0.00    1.73      2.56    1.98   27.42   -41.64   73.44   -36.86   74.71 
 473    0.01   11.71     -0.09  210.28   29.79       NaN    0.00    9.69       NaN    0.00    1.73      3.43    2.40   27.36   -26.95   67.10   -22.45   67.60 
 474    0.01   11.63      0.07  207.84   30.16       NaN    0.00    9.67       NaN    0.00    1.73      3.99    4.07   27.31   -22.95   60.56   -18.58   61.44 
 475    0.01   11.73      0.30  203.05   30.53       NaN    0.00    9.65       NaN    0.00    1.72      4.20    2.22   27.26   -24.51   91.76   -18.82   92.52 
 476    0.01   11.72     -0.91  233.67   30.95       NaN    0.00    9.63       NaN    0.00    1.72      3.79    1.66   27.21   -52.03   62.26   -46.84   62.71 
 477    0.01   12.33      0.49  198.15   31.30       NaN    0.00    9.61       NaN    0.00    1.71      3.01    1.22   27.15   -20.21   78.27   -15.68   79.33 
 478    0.01   11.71     -1.39  240.25   31.74       NaN    0.00    9.59       NaN    0.00    1.71      3.63    1.59   27.10   -54.88   25.51   -50.15   26.29 
 479    0.01   12.30     -0.31  209.54   32.11       NaN    0.00    9.57       NaN    0.00    1.71      6.38    1.49   27.05   -27.55   32.90   -23.11   33.85 
 480    0.01   11.64     -0.16  202.69   32.47       NaN    0.00    9.55       NaN    0.00    1.70      1.63    0.75   26.99   -31.52   63.31   -27.21   63.88 
 481    0.01   11.74     -0.53  208.00   32.83       NaN    0.00    9.53       NaN    0.00    1.70      1.67    1.60   26.94   -40.87   76.88   -36.36   77.78 
 482    0.01   11.74     -0.91  212.14   33.20       NaN    0.00    9.51       NaN    0.00    1.70      2.92    0.84   26.88   -46.34   64.49   -41.25   64.92 
 483    0.01   11.73     -1.82  233.15   33.62       NaN    0.00    9.49       NaN    0.00    1.69      2.09    1.30   26.83   -65.12   47.99   -60.04   49.11 
 484    0.01   11.73     -1.59  228.28   34.02       NaN    0.00    9.47       NaN    0.00    1.69      3.34    1.33   26.78   -55.14   34.89   -50.23   35.82 
 485    0.01   11.74     -0.28  198.87   34.36       NaN    0.00    9.45       NaN    0.00    1.69      0.85    0.92   26.73   -26.31   53.26   -21.87   54.17 
 486    0.01   11.65      0.37  187.47   34.67       NaN    0.00    9.43       NaN    0.00    1.68      3.75    1.69   26.67   -10.82   47.61    -7.21   48.19 
 487    0.01   11.76      0.29  191.33   35.00       NaN    0.00    9.41       NaN    0.00    1.68      2.46    1.31   26.62   -19.78   98.61   -14.98   99.53 
 488    0.01   11.74      0.17  193.65   35.32       NaN    0.00    9.39       NaN    0.00    1.68      2.00    1.59   26.57   -21.75   66.94   -18.04   67.39 
 489    0.01   11.76     -0.50  210.47   35.68       NaN    0.00    9.37       NaN    0.00    1.67      2.79    1.18   26.52   -39.56   63.99   -34.28   65.22 
 490    0.01   11.76      0.58  185.81   35.99       NaN    0.00    9.35       NaN    0.00    1.67      3.80    1.10   26.47   -18.60   82.90   -13.52   84.32 
 491    0.01   11.25     -0.60  210.48   36.34       NaN    0.00    9.33       NaN    0.00    1.67      2.16    0.68   26.41   -46.33   89.71   -41.17   90.71 
 492    0.01   11.15     -0.27  203.56   36.68       NaN    0.00    9.31       NaN    0.00    1.66      3.34    0.94   26.36   -35.98   70.34   -31.88   71.23 
 493    0.01   11.23     -2.05  251.63   37.12       NaN    0.00    9.30       NaN    0.00    1.66      3.16    1.07   26.31   -52.91  -18.58   -48.02  -18.42 
 494    0.01   11.24     -0.07  201.74   37.45       NaN    0.00    9.28       NaN    0.00    1.66      2.35    1.53   26.26   -29.83   64.89   -24.53   65.34 
 495    0.01   11.26     -0.40  213.65   37.81       NaN    0.00    9.26       NaN    0.00    1.65      2.61    1.40   26.21   -38.65   92.86   -33.34   93.47 
 496    0.01   11.72     -0.81  228.71   38.19       NaN    0.00    9.24       NaN    0.00    1.65      2.43    0.60   26.16   -45.10   73.48   -40.97   74.11 
 497    0.01   11.73     -1.37  249.19   38.62       NaN    0.00    9.22       NaN    0.00    1.65      2.73    0.78   26.11   -35.01  -16.41   -30.29  -15.73 
 498    0.01   11.64     -1.81  269.78   39.08       NaN    0.00    9.20       NaN    0.00    1.64      2.90    1.32   26.06   -55.10   -6.51   -50.43   -5.84 
 499    0.01   11.76     -0.56  240.55   39.48       NaN    0.00    9.18       NaN    0.00    1.64      2.64    1.48   26.01   -34.79   54.79   -29.94   55.42 
 500    0.01   11.73     -0.79  254.63   39.91       NaN    0.00    9.17       NaN    0.00    1.64      2.18    0.87   25.96   -46.61   80.22   -41.83   81.46 
 501    0.01   11.74     -1.11  267.52   40.37       NaN    0.00    9.15       NaN    0.00    1.63      3.85    1.42   25.91   -51.34   44.13   -46.85   44.87 
