   6    0.20   11.77     43.98    1.45    0.84     18.60    3.10    6.41    316.96    0.00   14.63      5.06   16.45   17.37   198.81  103.69   211.20  104.08 
   7    0.20   11.72     52.09    0.57    0.80     18.77    3.07    5.93    316.96    0.00   12.54      5.68   15.16   17.05   200.42  103.90   212.74  104.05 
   8    0.20   11.67     42.39    1.77    0.92     14.95    4.65    5.77    316.96    0.00   10.97      5.57   15.24   16.83   202.35  103.21   214.63  103.39 
   9    0.20   12.21     46.64    1.07    0.94     15.03    4.81    5.67    316.96    0.00    9.75      5.22   16.98   16.84   200.07  102.49   212.30  102.41 
  10    0.20   12.17     40.68    2.10    1.06     14.24    5.47    5.65    316.96    0.00    8.78      4.38   19.76   17.14   198.26  101.37   210.00  101.68 
  11    0.01   11.67     42.09    1.79    1.12     17.45    3.82    5.48    314.19    0.00    7.98      5.77   16.07   17.04   199.59  100.57   211.31  100.88 
  12    0.01   11.71     45.84    1.15    1.13     15.60    4.52    5.40    314.19    0.00    7.31      4.70   17.44   17.07   197.65   99.99   209.51  100.52 
  13    0.01   11.23     47.66    0.93    1.11     16.95    4.01    5.29    314.19    0.00    6.75      4.64   17.20   17.08   195.02  102.72   206.62  102.91 
  14    0.01   11.74     47.38    0.96    1.10     16.05    4.35    5.23    314.19    0.00    6.27      4.92   16.17   17.02   193.53  103.57   205.00  104.09 
  15    0.01   11.72     42.35    1.71    1.14     17.41    3.68    5.12    314.19    0.00    5.85      5.25   16.04   16.95   192.49  104.79   204.01  105.05 
  16    0.01   12.21     45.99    1.11    1.14     18.78    3.15    5.00     27.91    1.12    5.56      5.01   17.47   16.98   190.70  104.23   202.15  104.47 
  17    0.01   11.67     44.52    1.31    1.15     16.40    4.15    4.95     27.91    1.12    5.29      5.43   16.72   16.97   190.05  103.05   201.40  103.52 
  18    0.01   11.73     41.85    1.78    1.18     14.79    4.86    4.94     27.91    1.12    5.06      5.48   15.83   16.91   190.38  102.34   201.76  102.73 
  19    0.01   11.22     41.17    1.91    1.22     13.89    5.40    4.97     27.91    1.12    4.85      4.48   18.38   16.98   187.90  100.94   199.36  101.47 
  20    0.01   11.67     52.08    0.54    1.19     13.04    6.04    5.02     27.91    1.12    4.67      5.65   15.57   16.91   188.38  100.06   199.85  100.56 
  21    0.00   12.26     47.74    0.89    1.17     19.35    2.93    4.92     25.78    1.39    4.51      4.77   17.62   16.95   186.55   99.04   198.23   99.75 
  22    0.00   11.67     46.32    1.03    1.17     17.40    3.72    4.87     25.78    1.39    4.37      4.60   18.95   17.04   183.55   97.05   195.08   97.70 
  23    0.00   11.65     42.20    1.63    1.19     16.00    4.28    4.84     25.78    1.39    4.24      5.19   17.82   17.07   182.25   94.79   193.69   95.01 
  24    0.00   11.72     41.24    1.80    1.21     14.30    5.37    4.86     25.78    1.39    4.12      3.08   26.55   17.47   177.47   94.09   188.89   94.91 
  25    0.00   11.67     42.53    1.51    1.23     12.52    6.59    4.93     25.78    1.39    4.01      3.73   26.60   17.83   174.23   91.71   185.19   92.53 
  26    0.00   11.70     39.04    2.25    1.26     16.17    4.64    4.92     25.40    1.48    3.91      5.27   21.18   17.96   172.97   89.83   183.85   90.55 
  27    0.00   11.73     38.46    2.42    1.31     11.78    8.74    5.06     25.40    1.48    3.82      5.84   16.57   17.91   172.65   92.63   183.54   93.41 
  28    0.00   11.66     30.75    5.97    1.47      7.87   11.83    5.30     25.40    1.48    3.74      5.08   17.14   17.88   177.80   95.53   188.53   96.17 
  29    0.00   11.68     31.92    5.25    1.60      8.59   11.48    5.52     25.40    1.48    3.66      3.85   21.60   18.01   176.84   98.69   187.37   99.31 
  30    0.00   11.65     32.90    4.72    1.71      8.74   11.76    5.73     25.40    1.48    3.59      3.81   21.98   18.14   176.23  102.06   186.64  102.47 
  31    0.00   11.73     33.64    4.35    1.79     13.89    6.19    5.74     26.37    1.50    3.52      3.89   22.45   18.28   175.18  103.22   185.55  103.65 
  32    0.00   11.66     32.52    4.90    1.89     12.07    7.43    5.79     26.37    1.50    3.46      3.77   25.22   18.50   173.24  103.85   183.68  104.14 
  33    0.00   12.27     35.33    3.56    1.94      9.53    9.87    5.92     26.37    1.50    3.40      4.53   19.55   18.53   173.13  105.64   183.43  105.89 
  34    0.00   12.28     37.57    2.79    1.97      8.77   11.63    6.08     26.37    1.50    3.34      5.14   18.41   18.53   174.81  107.92   185.29  108.55 
  35    0.00   11.66     37.24    2.88    1.99      7.78   13.83    6.31     26.37    1.50    3.29      4.50   24.00   18.68   174.51  105.90   184.89  106.44 
  36    0.00   11.66     39.93    2.12    2.00     13.75    7.25    6.33     25.81    1.60    3.24      5.18   21.95   18.77   175.17  104.93   185.55  105.53 
  37    0.00   12.29     40.97    1.90    1.99      8.82   12.68    6.50     25.81    1.60    3.20      5.32   20.61   18.82   176.84  104.89   187.18  105.53 
  38    0.00   12.21     34.31    4.09    2.05      7.82   13.37    6.68     25.81    1.60    3.16      4.63   22.78   18.93   178.82  102.55   189.16  103.09 
  39    0.00   11.70     31.97    5.39    2.13     10.72    8.23    6.72     25.81    1.60    3.12      5.19   19.21   18.93   181.20  101.44   191.39  102.13 
  40    0.00   11.68     31.85    5.53    2.22     12.05    6.45    6.72     25.81    1.60    3.08      5.70   16.02   18.86   185.89  101.76   196.02  102.35 
  41    0.00   11.67     32.87    4.99    2.29     17.30    3.46    6.64     23.01    2.24    3.06      6.06   14.18   18.75   189.28  102.63   199.43  103.24 
  42    0.00   11.72     32.69    5.17    2.36     17.90    3.22    6.56     23.01    2.24    3.04      6.54   12.70   18.60   191.12  102.52   201.37  103.09 
  43    0.00   11.61     33.83    4.57    2.41     15.54    4.03    6.50     23.01    2.24    3.02      6.67   12.19   18.45   194.29  101.55   204.61  102.16 
  44    0.00   12.15     33.23    4.91    2.46     14.13    4.66    6.46     23.01    2.24    3.00      6.61   12.02   18.31   196.25  100.95   206.66  101.53 
  45    0.00   11.61     32.99    5.05    2.52     13.81    4.81    6.42     23.01    2.24    2.99      5.90   12.68   18.18   195.88  100.80   206.27  101.52 
  46    0.00   11.67     33.98    4.50    2.56     17.42    3.09    6.35     21.66    2.02    2.97      6.28   11.61   18.04   195.19  100.78   205.71  101.18 
  47    0.00   12.22     33.38    4.88    2.61     16.42    3.39    6.28     21.66    2.02    2.95      7.04   10.86   17.89   199.42  100.24   209.62  100.73 
  48    0.00   12.21     34.40    4.38    2.65     17.22    3.20    6.22     21.66    2.02    2.93      6.87   11.02   17.74   201.30  100.31   211.67  101.15 
  49    0.00   11.61     33.63    4.85    2.69     16.54    3.43    6.16     21.66    2.02    2.91      6.68   11.33   17.61   205.10   99.74   215.45  100.61 
  50    0.00   11.72     32.14    5.78    2.76     16.88    3.40    6.11     21.66    2.02    2.89      7.33   10.57   17.47   206.39   99.82   216.79  100.54 
  51    0.00   11.68     34.22    4.55    2.79     19.87    2.46    6.04     20.98    2.06    2.87      7.21   10.88   17.34   206.35   98.91   216.80   99.66 
  52    0.00   11.73     33.57    4.91    2.83     19.00    2.75    5.97     20.98    2.06    2.86      7.09   11.14   17.22   207.09   97.63   217.49   98.19 
  53    0.00   12.23     34.17    4.58    2.87     16.92    3.60    5.93     20.98    2.06    2.84      6.99   11.50   17.12   207.89   97.15   218.27   98.10 
  54    0.00   11.74     32.24    5.78    2.92     16.08    4.03    5.89     20.98    2.06    2.83      6.00   12.93   17.04   209.57   98.29   219.93   99.35 
  55    0.00   11.65     32.43    5.69    2.97     16.23    3.95    5.86     20.98    2.06    2.81      5.07   13.78   16.98   210.07  101.83   220.40  102.62 
  56    0.00   11.73     32.56    5.66    3.02     19.09    2.83    5.80     21.88    2.02    2.80      5.24   13.44   16.92   211.30  104.95   221.67  105.76 
  57    0.00   11.68     34.33    4.66    3.05     17.92    3.18    5.76     21.88    2.02    2.79      6.10   12.12   16.83   212.50  106.82   222.72  107.49 
  58    0.00   11.75     35.09    4.27    3.07     18.91    2.80    5.71     21.88    2.02    2.77      6.60   11.34   16.74   211.84  107.07   222.16  107.81 
  59    0.00   11.11     34.57    4.52    3.09     19.19    2.69    5.66     21.88    2.02    2.76      7.02   11.09   16.64   211.37  105.83   221.72  106.63 
  60    0.00   11.69     34.86    4.29    3.11     18.40    3.04    5.61     21.88    2.02    2.75      6.41   12.53   16.57   208.83  103.32   219.15  103.67 
  61    0.00   11.68     36.37    3.53    3.12     16.89    3.65    5.58     20.61    2.33    2.74      5.25   14.49   16.54   204.72  100.66   215.07  100.90 
  62    0.00   11.66     35.37    3.91    3.13     18.50    3.00    5.54     20.61    2.33    2.73      4.72   16.17   16.53   202.11   98.28   212.37   98.77 
  63    0.00   11.73     33.31    4.89    3.16     18.31    3.05    5.50     20.61    2.33    2.73      4.72   17.43   16.55   199.57   94.87   210.19   95.35 
  64    0.00   12.23     30.71    6.55    3.21     18.18    3.10    5.46     20.61    2.33    2.72      5.11   16.82   16.55   198.32   91.16   208.89   91.66 
  65    0.00   11.65     32.04    5.56    3.25     17.98    3.20    5.43     20.61    2.33    2.72      5.23   15.01   16.53   196.67   90.86   207.03   91.32 
  66    0.00   11.73     32.57    5.19    3.28     20.37    2.40    5.38     21.53    2.12    2.71      4.38   14.97   16.50   194.68   92.76   205.24   93.21 
  67    0.00   11.68     32.53    5.16    3.31     17.48    3.41    5.35     21.53    2.12    2.70      3.59   17.18   16.51   191.23   95.72   201.77   96.23 
  68    0.00   12.27     33.15    4.71    3.33     19.69    2.66    5.31     21.53    2.12    2.69      2.93   22.09   16.60   185.47   96.55   196.06   96.94 
  69    0.00   12.23     32.40    5.08    3.35     17.44    3.45    5.29     21.53    2.12    2.68      4.06   18.89   16.63   182.29   96.48   192.80   96.80 
  70    0.00   12.23     31.70    5.48    3.38     18.05    3.30    5.26     21.53    2.12    2.67      4.65   17.00   16.63   180.08   97.84   190.69   98.17 
  71    0.00   12.20     33.65    4.33    3.40     15.14    4.90    5.25     22.12    2.01    2.66      3.94   21.43   16.70   176.73   98.84   187.11   98.99 
  72    0.00   11.73     34.04    4.12    3.41     13.20    6.36    5.27     22.12    2.01    2.66      5.46   17.65   16.72   176.61   97.47   187.16   97.73 
  73    0.00   11.68     32.98    4.65    3.42     12.93    6.85    5.29     22.12    2.01    2.65      5.64   18.05   16.73   176.79   96.33   187.31   96.71 
  74    0.00   11.73     36.74    3.02    3.42     10.70   10.17    5.35     22.12    2.01    2.64      5.70   18.81   16.76   176.38   97.80   187.00   97.91 
  75    0.00   11.67     32.77    4.78    3.44      7.86   15.66    5.49     22.12    2.01    2.63      5.07   22.97   16.84   177.09   97.08   187.44   97.21 
  76    0.00   11.72     32.01    5.22    3.46     13.70    8.98    5.54     24.36    1.96    2.62      5.34   24.81   16.95   177.47   97.01   187.92   97.44 
  77    0.00   12.24     31.52    5.56    3.49      9.35   16.50    5.68     24.36    1.96    2.61      5.30   27.21   17.08   179.17   97.06   189.66   97.20 
  78    0.00   11.66     21.75   17.33    3.66      1.73   20.59    5.87     24.36    1.96    2.60      5.13   29.25   17.24   185.36   85.27   195.74   85.88 
  79    0.00   11.80     18.66   24.94    3.93      1.34   15.83    6.00     24.36    1.96    2.60      2.43   20.95   17.29   180.06   78.20   190.44   78.73 
  80    0.00   11.65     18.65   25.35    4.20      1.05   15.98    6.12     24.36    1.96    2.59     -0.27   17.80   17.29   180.74   80.73   190.96   81.24 
  81    0.00   12.27     18.74   25.24    4.46     16.06    2.75    6.08     25.87    1.69    2.58      3.35   11.52   17.22   182.82   80.40   193.00   81.06 
  82    0.00   11.73     18.35   26.73    4.73     14.92    3.05    6.04     25.87    1.69    2.57      4.11   10.83   17.14   185.03   79.19   195.56   79.90 
  83    0.00   11.66     18.85   25.30    4.98     15.37    2.92    6.01     25.87    1.69    2.56      4.15   10.48   17.06   187.17   79.23   197.42   79.84 
  84    0.00   11.24     18.82   25.63    5.23     14.32    3.30    5.97     25.87    1.69    2.55      3.92   10.99   16.99   189.53   78.08   199.92   78.49 
  85    0.00   12.21     18.76   26.12    5.47     13.98    3.43    5.94     25.87    1.69    2.54      3.67   11.51   16.93   193.69   75.75   204.10   76.58 
  86    0.00   11.66     18.92   25.66    5.71     17.68    2.20    5.90     20.39    1.64    2.52      4.34   10.56   16.85   196.59   74.11   207.14   74.96 
  87    0.00   11.75     19.12   25.00    5.93     18.53    2.04    5.86     20.39    1.64    2.51      4.53   10.24   16.78   196.37   73.49   206.54   73.94 
  88    0.00   11.67     19.05   25.44    6.15     16.15    2.70    5.82     20.39    1.64    2.50      4.42   10.23   16.70   198.41   73.35   208.78   74.29 
  89    0.00   11.66     19.57   24.06    6.35     14.03    3.71    5.80     20.39    1.64    2.49      4.28   10.97   16.64   197.51   76.54   208.20   76.67 
  90    0.00   11.23     19.01   25.88    6.57     13.58    4.07    5.78     20.39    1.64    2.49      4.27   11.30   16.58   197.88   78.01   208.27   78.49 
  91    0.00   11.66     19.03   25.86    6.78     16.97    2.50    5.74     17.51    2.39    2.48      4.31   10.54   16.51   198.10   78.69   208.68   79.47 
  92    0.00   11.23     19.16   25.58    6.98     15.28    3.00    5.71     17.51    2.39    2.48      4.03   10.51   16.45   197.88   80.64   208.38   81.00 
  93    0.00   12.27     19.14   25.69    7.19     16.02    2.80    5.68     17.51    2.39    2.48      4.11   10.47   16.38   198.33   81.61   208.54   82.50 
  94    0.00   11.71     19.13   25.80    7.38     17.73    2.33    5.64     17.51    2.39    2.48      4.04   10.50   16.32   197.38   83.76   207.56   84.47 
  95    0.00   12.25     19.17   25.54    7.58     18.25    2.17    5.61     17.51    2.39    2.48      4.15   10.43   16.26   195.67   85.67   206.08   86.29 
  96    0.00   11.67     19.01   25.94    7.77     20.69    1.65    5.57     19.77    1.82    2.47      4.38   10.48   16.20   194.55   85.81   204.87   86.71 
  97    0.00   11.75     18.91   26.18    7.96     18.31    2.21    5.53     19.77    1.82    2.47      4.88   10.14   16.13   193.99   85.63   204.26   86.50 
  98    0.00   11.69     18.65   26.91    8.15     19.54    1.87    5.49     19.77    1.82    2.46      4.94   10.19   16.07   192.66   84.56   203.31   85.22 
  99    0.00   11.73     18.74   26.45    8.33     19.51    1.90    5.46     19.77    1.82    2.45      4.66   10.99   16.02   192.73   81.96   203.22   82.47 
 100    0.00   11.80     18.85   26.00    8.51     19.68    1.87    5.42     19.77    1.82    2.45      4.35   11.84   15.98   194.20   77.67   204.87   78.52 
 101    0.00   11.65     18.80   25.85    8.68     19.63    1.86    5.39     22.36    1.37    2.44      4.94   10.66   15.93   192.98   74.79   203.71   75.61 
 102    0.00   11.68     18.92   25.18    8.84     20.13    1.79    5.35     22.36    1.37    2.43      4.71   10.57   15.88   189.36   74.79   200.00   75.47 
 103    0.00   11.72     18.89   24.96    9.00     17.97    2.31    5.32     22.36    1.37    2.42      4.51   10.65   15.82   186.70   75.47   197.09   75.97 
 104    0.00   11.73     18.46   26.05    9.17     19.27    1.95    5.29     22.36    1.37    2.41      4.51   10.51   15.77   183.60   75.51   194.25   75.88 
 105    0.00   11.71     18.55   25.66    9.32     18.15    2.25    5.26     22.36    1.37    2.40      4.83   10.22   15.72   183.34   76.44   193.92   77.11 
 106    0.00   11.67     18.58   25.46    9.47     18.59    2.15    5.23     22.86    1.30    2.39      4.29   10.62   15.67   180.14   79.01   190.58   79.19 
 107    0.00   11.68     18.43   25.83    9.63     18.18    2.22    5.20     22.86    1.30    2.38      3.99   10.77   15.63   179.11   80.23   189.62   81.12 
 108    0.00   11.67     18.56   25.08    9.77     19.42    1.90    5.17     22.86    1.30    2.37      4.56   10.37   15.58   176.70   80.57   187.18   81.46 
 109    0.00   12.28     18.39   25.02    9.91     17.31    2.40    5.15     22.86    1.30    2.36      4.36   10.93   15.54   171.32   79.35   181.97   80.03 
 110    0.00   11.68     18.44   24.42   10.04     19.87    1.80    5.12     22.86    1.30    2.35      4.38   10.96   15.49   168.79   76.79   179.15   77.61 
 111    0.00   11.74     18.00   25.57   10.18     20.11    1.75    5.09     20.79    1.63    2.34      4.71   10.29   15.45   167.52   76.20   177.97   77.18 
 112    0.00   11.24     18.20   24.79   10.31     19.45    1.94    5.06     20.79    1.63    2.33      4.50   10.45   15.40   166.15   76.85   176.24   77.54 
 113    0.00   11.65     18.27   24.56   10.44     18.02    2.22    5.03     20.79    1.63    2.33      4.33   10.44   15.36   165.80   76.97   176.17   77.82 
 114    0.00   11.19     18.04   25.47   10.57     16.86    2.50    5.01     20.79    1.63    2.32      3.98   10.60   15.32   167.12   77.79   177.55   78.77 
 115    0.00   11.82     18.32   25.06   10.70     18.82    2.04    4.99     20.79    1.63    2.32      3.84   11.01   15.28   169.98   79.03   180.34   79.93 
 116    0.00   11.71     18.44   25.26   10.82     17.86    2.24    4.96     21.04    1.58    2.31      3.46   11.15   15.24   173.72   80.55   184.29   81.43 
 117    0.00   12.28     18.00   26.98   10.96     16.18    2.70    4.94     21.04    1.58    2.30      3.30   10.89   15.21   175.50   83.34   186.00   84.29 
 118    0.00   11.65     18.46   25.92   11.09     14.79    3.22    4.93     21.04    1.58    2.30      3.52   10.91   15.17   177.97   86.42   188.43   87.44 
 119    0.00   11.73     18.70   25.70   11.21     11.27    4.89    4.93     21.04    1.58    2.29      2.80   11.49   15.14   180.52   89.92   190.90   90.98 
 120    0.00   11.67     18.61   26.37   11.34     10.98    4.99    4.93     21.04    1.58    2.28      3.09   11.34   15.11   182.21   91.70   192.63   92.72 
 121    0.00   12.23     18.95   25.63   11.45     15.46    3.04    4.91     17.99    2.22    2.28      4.21   10.84   15.07   185.07   92.90   195.61   93.79 
 122    0.00   11.67     18.72   26.76   11.58     15.61    3.10    4.90     17.99    2.22    2.28      4.14   11.72   15.04   188.80   92.44   199.08   93.43 
 123    0.00   12.28     18.68   27.19   11.71     11.79    5.26    4.90     17.99    2.22    2.28      4.28   14.27   15.04   192.39   91.05   203.02   91.72 
 124    0.00   11.69     18.38   28.41   11.84     10.18    7.63    4.92     17.99    2.22    2.28      5.04   15.67   15.04   194.54   88.97   205.63   90.05 
 125    0.00   12.18     18.68   27.62   11.97     10.18    7.44    4.94     17.99    2.22    2.28      4.84   16.78   15.06   198.20   86.41   209.20   87.30 
 126    0.00   11.64     18.73   27.75   12.09     12.38    5.43    4.95     20.96    1.91    2.28      4.21   16.30   15.07   202.91   82.44   213.58   83.07 
 127    0.00   12.27     19.03   26.77   12.21     13.91    4.41    4.94     20.96    1.91    2.28      5.27   12.40   15.05   204.95   81.27   215.78   82.42 
 128    0.00   11.22     18.76   27.83   12.33     15.57    3.29    4.93     20.96    1.91    2.27      5.26   11.42   15.02   206.27   79.03   217.38   79.74 
 129    0.00   12.21     19.49   25.78   12.43     15.50    3.31    4.92     20.96    1.91    2.27      4.69   11.34   14.99   209.76   79.61   220.53   80.40 
 130    0.00   11.66     19.47   26.30   12.54     13.83    3.90    4.91     20.96    1.91    2.27      4.38   11.32   14.96   214.21   80.15   225.16   80.63 
 131    0.00   11.67     19.31   27.27   12.65     19.27    2.05    4.89     20.28    2.00    2.27      3.97   11.47   14.93   218.39   80.86   229.23   81.43 
 132    0.00   12.30     19.40   27.27   12.76     17.27    2.55    4.87     20.28    2.00    2.26      4.66   10.77   14.90   219.66   81.59   230.61   81.92 
 133    0.00   12.23     19.86   26.18   12.87     18.66    2.22    4.85     20.28    2.00    2.26      4.01   11.41   14.88   223.49   82.98   234.21   83.18 
 134    0.00   12.24     20.22   25.51   12.96     18.29    2.33    4.83     20.28    2.00    2.26      4.33   11.19   14.85   228.32   83.84   239.06   84.30 
 135    0.00   12.25     20.08   25.96   13.06     11.62    5.21    4.83     20.28    2.00    2.26      4.64   11.49   14.82   228.60   83.40   239.57   83.76 
 136    0.00   11.68     20.06   26.06   13.15     13.80    4.33    4.83     21.67    1.58    2.25      4.91   11.93   14.80   229.84   83.03   240.50   83.31 
 137    0.00   11.73     19.80   26.93   13.25     10.92    6.97    4.85     21.67    1.58    2.25      5.37   13.68   14.79   231.14   81.55   241.92   82.09 
 138    0.00   11.17     19.50   27.92   13.36      9.82   10.28    4.88     21.67    1.58    2.24      5.18   17.90   14.82   232.89   80.37   243.65   81.04 
 139    0.00   11.73     19.47   27.71   13.46     10.74   10.03    4.92     21.67    1.58    2.24      5.21   19.18   14.85   228.82   79.05   239.80   79.67 
 140    0.00   11.25     19.18   28.46   13.57     10.21   10.55    4.96     21.67    1.58    2.23      5.18   17.99   14.87   225.61   80.25   236.75   80.69 
 141    0.00   11.65     19.18   28.62   13.68     11.62    9.78    5.00     23.77    1.93    2.23      4.96   20.64   14.91   226.37   80.46   237.44   80.99 
 142    0.00   11.70     16.18   40.44   13.86      0.95   16.05    5.07     23.77    1.93    2.23      4.20   30.61   15.02   231.11   70.03   242.13   70.68 
 143    0.00   11.26     15.36   44.08   14.08     -1.67   14.92    5.14     23.77    1.93    2.23      3.55   23.72   15.08   229.07   65.75   239.67   66.57 
 144    0.00   12.29     13.65   53.44   14.35     -4.98   14.75    5.21     23.77    1.93    2.22      2.75   21.60   15.13   216.10   57.22   226.95   58.05 
 145    0.00   11.67     13.52   54.13   14.62      1.55   13.88    5.27     23.77    1.93    2.22      2.21   19.30   15.16   213.66   55.91   224.40   56.87 
 146    0.00   11.73     12.61   59.95   14.93      0.53    7.42    5.28     20.95    1.88    2.22      4.09   17.08   15.17   222.69   47.72   233.54   48.59 
 147    0.00   11.68     12.18   62.39   15.26     -2.73    7.33    5.30     20.95    1.88    2.22      3.61   13.17   15.16   223.51   43.38   234.57   44.18 
 148    0.00   11.70     11.78   64.87   15.59      0.62    7.21    5.31     20.95    1.88    2.22      1.01   10.51   15.13   205.29   42.08   216.29   42.65 
 149    0.00   11.65     11.14   69.57   15.95     -3.14    7.37    5.32     20.95    1.88    2.21     -0.18   11.60   15.10   219.53   34.91   230.80   35.88 
 150    0.00   11.68     11.09   69.73   16.31     -1.62    7.55    5.34     20.95    1.88    2.21     -0.40   14.78   15.10   217.52   37.62   228.54   38.44 
 151    0.00   11.71     10.99   70.03   16.67     -1.67    4.80    5.34      4.90    3.74    2.22      0.34   12.94   15.09   244.33   45.55   254.77   46.76 
 152    0.00   11.74     10.50   73.72   17.04     -2.60    4.97    5.33      4.90    3.74    2.23      0.15   10.62   15.06   253.12   46.61   263.90   47.29 
 153    0.00   11.68     12.82   56.71   17.30     -2.72    3.95    5.32      4.90    3.74    2.24     -0.38    7.80   15.01   248.67   62.65   259.80   64.03 
 154    0.00   11.67     11.38   66.08   17.62    -10.17    3.60    5.31      4.90    3.74    2.25     -0.55    6.61   14.95   261.63   62.93   272.63   64.02 
 155    0.00   11.69     10.93   69.49   17.95    -11.33    3.57    5.30      4.90    3.74    2.26      0.68    6.54   14.90   264.03   60.00   274.71   61.18 
 156    0.00   11.74      8.42   92.27   18.43    -16.14    1.23    5.28      1.99    2.24    2.26      1.63    5.63   14.84   277.06   39.47   288.06   40.72 
 157    0.00   11.19      9.35   82.91   18.84    -27.57    1.22    5.25      1.99    2.24    2.26      1.66    5.39   14.78   276.63   53.66   287.25   54.28 
 158    0.00   11.73      9.93   78.30   19.22     -9.98    1.19    5.22      1.99    2.24    2.26      1.15    4.48   14.71   276.55   60.08   287.92   61.54 
 159    0.00   11.17      9.74   80.98   19.61    -16.01    1.20    5.20      1.99    2.24    2.26      1.42    5.24   14.66   282.87   61.60   293.46   62.24 
 160    0.00   11.66     10.48   75.52   19.96     -6.26    1.18    5.17      1.99    2.24    2.26      0.55    3.68   14.59   271.50   55.70   281.88   57.24 
 161    0.00   11.64      7.84  102.29   20.47      -Inf    0.14    5.14      1.51    0.28    2.25      1.18    3.55   14.52   295.73   43.01   306.44   44.88 
 162    0.00   11.73      9.12   88.11   20.88    -22.37    0.14    5.11      1.51    0.28    2.24      0.90    3.67   14.45   291.43   59.01   302.21   59.72 
 163    0.00   11.72      9.60   84.28   21.27     -9.10    0.14    5.08      1.51    0.28    2.22      2.32    5.34   14.40   280.89   49.56   291.19   51.44 
 164    0.00   12.28     10.18   78.75   21.62     -6.63    0.13    5.05      1.51    0.28    2.21      2.23    4.84   14.34   284.84   59.94   294.81   61.05 
 165    0.00   11.68     10.75   73.77   21.94    -12.08    0.13    5.02      1.51    0.28    2.20      2.05    6.68   14.29   285.25   65.00   295.34   66.36 
 166    0.01   11.68     10.55   76.27   22.27    -19.13    0.02    4.99      1.32    0.03    2.19      0.79    3.91   14.23   278.61   51.71   289.14   52.54 
 167    0.01   12.23     11.12   72.15   22.57    -18.78    0.02    4.96      1.32    0.03    2.17      0.82    2.78   14.16   278.92   52.54   289.43   53.61 
 168    0.01   11.71     11.08   73.87   22.87    -12.47    0.02    4.93      1.32    0.03    2.16      0.92    8.18   14.12   286.55   49.73   296.71   50.72 
 169    0.01   11.69     11.18   73.94   23.17    -12.91    0.02    4.90      1.32    0.03    2.15      0.78    5.72   14.07   292.86   53.50   303.16   54.26 
 170    0.01   11.72     10.86   78.28   23.50     -7.77    0.02    4.87      1.32    0.03    2.14      1.37    3.35   14.01   285.47   41.99   295.56   43.07 
 171    0.00   12.29     11.23   76.96   23.81     18.65    0.00    4.85      4.73    0.00    2.12      1.63    3.10   13.95   296.23   51.94   306.60   54.71 
 172    0.00   12.24     10.81   81.71   24.15     -0.08    0.02    4.82      4.73    0.00    2.11      1.25    4.40   13.89   281.33   41.25   291.70   42.52 
 173    0.00   12.24     10.70   83.22   24.49     -0.04    0.03    4.79      4.73    0.00    2.10      1.05    6.40   13.85   278.42   42.03   288.64   43.58 
 174    0.00   11.69      7.92  115.41   25.01      -Inf    0.00    4.76      4.73    0.00    2.09      1.59    4.14   13.79   310.83   22.43   321.24   23.85 
 175    0.00   12.25      7.47  121.72   25.56      -Inf    0.00    4.74      4.73    0.00    2.08      2.02    3.90   13.74   333.36   31.65   344.02   32.97 
 176    0.00   12.20      7.34  124.06   26.12      -Inf    0.01    4.71      0.98    0.01    2.06      2.29    3.98   13.68   298.81    8.64   309.57    9.76 
 177    0.00   12.24      6.94  131.41   26.72      -Inf    0.01    4.68      0.98    0.01    2.05      2.44    3.91   13.63   299.37   -0.19   310.28    0.74 
 178    0.00   12.30      7.33  126.72   27.28      -Inf    0.01    4.66      0.98    0.01    2.04      2.36    3.67   13.57   305.60    5.99   316.26    7.15 
 179    0.00   11.71      7.04  131.60   27.86      -Inf    0.01    4.63      0.98    0.01    2.03      2.45    3.25   13.51   300.15   -0.36   311.04    0.43 
 180    0.00   12.33      6.91  133.45   28.45      -Inf    0.01    4.60      0.98    0.01    2.02      1.94    2.60   13.45   313.01    2.40   323.61    3.25 
 181    0.00   11.68      7.20  127.27   29.00       NaN    0.00    4.58       NaN    0.00    2.01      1.99    2.37   13.39   284.89   -0.01   295.43    1.08 
 182    0.00   11.71      6.38  138.79   29.60       NaN    0.00    4.55       NaN    0.00    2.00      1.83    1.69   13.33   322.90   -1.38   333.65   -0.42 
 183    0.00   11.76      7.96  115.40   30.07       NaN    0.00    4.53       NaN    0.00    1.99      1.10    1.16   13.26   287.26    9.56   297.94   10.11 
 184    0.00   11.72      7.34  123.05   30.57       NaN    0.00    4.50       NaN    0.00    1.97      0.73    1.20   13.19   307.31   11.85   317.68   12.16 
 185    0.00   11.76      6.44  135.64   31.14       NaN    0.00    4.48       NaN    0.00    1.96      0.91    0.53   13.13   313.93    2.77   324.26    4.79 
 186    0.00   11.79      6.24  137.19   31.71       NaN    0.00    4.46       NaN    0.00    1.95      0.84    0.74   13.06   306.35    0.15   316.80    1.60 
 187    0.00   11.29      6.01  139.10   32.28       NaN    0.00    4.43       NaN    0.00    1.94      1.53    0.51   12.99   303.23   -1.86   313.15   -0.64 
 188    0.00   12.28      7.20  120.55   32.75       NaN    0.00    4.41       NaN    0.00    1.93      1.02    0.57   12.93   294.20   14.27   304.29   14.23 
 189    0.00   11.73      5.71  140.83   33.33       NaN    0.00    4.38       NaN    0.00    1.92      1.49    0.49   12.86   323.77    6.74   333.75    8.97 
 190    0.00   11.73      6.24  128.96   33.83       NaN    0.00    4.36       NaN    0.00    1.91      1.79    0.82   12.80   285.57   -4.30   295.90   -3.35 
 191    0.00   11.78      6.21  128.80   34.33       NaN    0.00    4.34       NaN    0.00    1.90      2.02    1.20   12.74   307.69    3.47   318.07    3.98 
 192    0.00   12.29      8.76   95.95   34.65       NaN    0.00    4.32       NaN    0.00    1.89      2.13    1.43   12.68   255.49    6.65   266.04    8.32 
 193    0.00   11.74      8.46  100.04   34.99       NaN    0.00    4.29       NaN    0.00    1.88      1.75    1.36   12.62   273.98    2.49   283.79    4.52 
 194    0.00   11.74      8.03  106.93   35.36       NaN    0.00    4.27       NaN    0.00    1.87      2.16    0.80   12.56   296.96    5.32   307.31    6.58 
 195    0.00   11.26      9.09   96.29   35.67       NaN    0.00    4.25       NaN    0.00    1.86      1.13    0.72   12.50   267.63   10.00   278.92   10.77 
 196    0.00   11.27      6.70  129.15   36.15       NaN    0.00    4.23       NaN    0.00    1.85      0.47    0.36   12.43   329.21    6.13   339.02    7.96 
 197    0.00   11.73      6.33  137.42   36.66       NaN    0.00    4.21       NaN    0.00    1.84      0.49    0.79   12.38   331.02   -1.73   342.39   -0.10 
 198    0.00   11.71      9.87   93.42   36.95       NaN    0.00    4.19       NaN    0.00    1.83      0.18    0.71   12.32   261.44   22.98   271.07   24.34 
 199    0.00   11.80      6.58  139.69   37.46       NaN    0.00    4.16       NaN    0.00    1.83      0.80    0.27   12.26   309.46  -13.25   320.26  -11.37 
 200    0.00   11.73      9.41  102.05   37.79       NaN    0.00    4.14       NaN    0.00    1.82      1.05    0.24   12.20   290.52   19.13   300.38   20.36 
 201    0.00   11.81      9.28  104.04   38.12       NaN    0.00    4.12       NaN    0.00    1.81      0.98    0.25   12.14   258.98   11.94   269.00   13.52 
 202    0.00   11.80      9.90   96.61   38.41       NaN    0.00    4.10       NaN    0.00    1.80      0.60    5.05   12.10   259.17   13.95   269.26   14.96 
 203    0.00   11.73      9.41  103.45   38.73       NaN    0.00    4.08       NaN    0.00    1.79      0.80    3.47   12.06   270.47    1.17   280.16    2.57 
 204    0.00   11.79      9.91   98.24   39.02       NaN    0.00    4.06       NaN    0.00    1.78      1.04    3.33   12.02   265.21    4.05   276.67    4.86 
 205    0.00   11.75      8.73  113.22   39.38       NaN    0.00    4.04       NaN    0.00    1.77      0.89    3.09   11.97   342.79   -2.02   354.31   -0.21 
 206    0.00   11.75      6.76  142.18   39.88       NaN    0.00    4.02       NaN    0.00    1.76      0.62    3.09   11.93   312.81  -46.20   323.25  -44.65 
 207    0.00   12.33      7.42  131.66   40.32       NaN    0.00    4.00       NaN    0.00    1.75      0.30    3.20   11.89   350.48  -20.52   361.29  -18.69 
 208    0.00   11.76      7.61  127.89   40.74       NaN    0.00    3.98       NaN    0.00    1.75      0.35    3.04   11.85   273.65  -28.87   283.38  -27.16 
 209    0.00   11.85      6.73  139.93   41.22       NaN    0.00    3.97       NaN    0.00    1.74      0.39    2.40   11.80   262.92  -37.73   273.14  -36.39 
 210    0.00   11.82      9.64   99.96   41.50       NaN    0.00    3.95       NaN    0.00    1.73      0.29    1.32   11.75   232.36   14.07   241.75   15.49 
 211    0.00   11.78      7.61  125.66   41.90       NaN    0.00    3.93       NaN    0.00    1.72      0.70    1.03   11.70   342.91   -5.72   353.82   -4.33 
 212    0.00   11.31      6.47  143.14   42.37       NaN    0.00    3.91       NaN    0.00    1.71      0.99    0.78   11.65   279.28  -43.40   289.54  -42.04 
 213    0.00   12.33     10.94   85.20   42.58       NaN    0.00    3.89       NaN    0.00    1.71      1.02    1.13   11.60   338.39   38.54   349.44   40.35 
 214    0.00   11.81      6.93  135.06   43.01       NaN    0.00    3.87       NaN    0.00    1.70      1.26    1.18   11.55   282.27  -37.56   292.16  -36.07 
 215    0.00   11.75      7.99  120.31   43.37       NaN    0.00    3.85       NaN    0.00    1.69      0.93    0.83   11.50   272.02  -22.26   282.55  -21.99 
 216    0.00   11.83      7.47  127.02   43.75       NaN    0.00    3.84       NaN    0.00    1.68      0.93    1.14   11.45   280.26  -30.69   290.70  -30.04 
 217    0.00   11.86      8.24  115.81   44.09       NaN    0.00    3.82       NaN    0.00    1.67      0.63    0.90   11.40   235.37  -12.44   245.38  -10.29 
 218    0.00   11.78      7.12  131.96   44.49       NaN    0.00    3.80       NaN    0.00    1.67      0.42    0.84   11.35   279.42  -37.34   289.16  -36.08 
 219    0.00   11.82      9.70   97.90   44.73       NaN    0.00    3.78       NaN    0.00    1.66      0.65    1.13   11.31   236.61    5.10   247.89    5.45 
 220    0.00   11.83      7.13  132.24   45.13       NaN    0.00    3.77       NaN    0.00    1.65      0.40    1.75   11.26   292.03  -37.17   302.41  -36.52 
 221    0.00   12.33      7.55  125.69   45.50       NaN    0.00    3.75       NaN    0.00    1.64      0.36    1.43   11.22   342.79  -14.83   353.05  -13.32 
 222    0.00   12.34      8.75  109.78   45.79       NaN    0.00    3.73       NaN    0.00    1.64      0.58    2.27   11.18   269.21  -14.73   278.93  -14.05 
 223    0.00   11.82      7.50  125.97   46.14       NaN    0.00    3.72       NaN    0.00    1.63      0.67    1.15   11.13   340.02  -14.84   350.23  -14.59 
 224    0.00   12.42      4.87  170.27   46.70       NaN    0.00    3.70       NaN    0.00    1.62      0.60    1.12   11.09   317.14  -70.02   327.38  -70.29 
 225    0.00   12.37      5.49  159.50   47.20       NaN    0.00    3.68       NaN    0.00    1.61      0.70    0.83   11.04   299.46  -62.43   310.06  -61.51 
 226    0.00   11.83      6.07  149.62   47.65       NaN    0.00    3.67       NaN    0.00    1.61      0.58    1.25   11.00   348.63  -35.38   358.95  -34.78 
 227    0.00   11.79      7.46  127.81   48.01       NaN    0.00    3.65       NaN    0.00    1.60      0.48    1.07   10.96   286.31  -30.05   297.85  -28.55 
 228    0.00   11.76      7.76  123.35   48.34       NaN    0.00    3.63       NaN    0.00    1.59      0.38    0.73   10.91   266.74  -23.19   277.47  -21.75 
 229    0.00   11.84      9.76   96.67   48.55       NaN    0.00    3.62       NaN    0.00    1.59      0.53    0.35   10.87   288.61    5.73   298.84    6.76 
 230    0.00   11.86      5.38  157.15   49.02       NaN    0.00    3.60       NaN    0.00    1.58      0.38    0.25   10.82   341.36  -33.43   351.54  -32.55 
 231    0.00   12.34      6.14  140.85   49.42       NaN    0.00    3.59       NaN    0.00    1.57      0.59    0.32   10.77   273.16  -34.90   284.27  -33.17 
 232    0.00   12.32      4.61  164.39   49.91       NaN    0.00    3.57       NaN    0.00    1.57      0.21    0.03   10.73   326.79  -40.74   338.97  -39.61 
 233    0.00   12.34      2.96  195.78   50.54       NaN    0.00    3.56       NaN    0.00    1.56      0.33    0.24   10.68   363.01  -54.00   373.64  -53.04 
 234    0.00   12.33      4.82  153.17   50.98       NaN    0.00    3.54       NaN    0.00    1.55      0.41    0.20   10.64   273.83  -45.43   284.89  -44.91 
 235    0.00   11.77      3.76  170.98   51.49       NaN    0.00    3.53       NaN    0.00    1.55      0.22    0.05   10.59   334.68  -35.39   344.66  -34.18 
 236    0.00   11.85      3.47  173.09   52.00       NaN    0.00    3.51       NaN    0.00    1.54      0.31    0.08   10.55   360.85   -9.62   371.86   -8.07 
 237    0.00   11.36      0.60  238.27   52.79       NaN    0.00    3.50       NaN    0.00    1.53      0.24    0.21   10.51   388.67  -72.33   398.72  -71.34 
 238    0.00   11.84      2.89  182.49   53.33       NaN    0.00    3.48       NaN    0.00    1.53      0.29    0.20   10.46   334.10  -44.32   345.58  -43.02 
 239    0.00   11.30      3.37  170.86   53.83       NaN    0.00    3.47       NaN    0.00    1.52      0.25    0.68   10.42   314.53  -40.61   325.35  -40.00 
 240    0.00   11.83      3.57  165.93   54.29       NaN    0.00    3.45       NaN    0.00    1.51      0.48    0.98   10.38   243.98  -59.90   255.34  -57.92 
 241    0.00   11.75      4.47  148.37   54.68       NaN    0.00    3.44       NaN    0.00    1.51      0.54    0.68   10.34   272.69  -32.55   282.75  -32.02 
 242    0.00   11.85      3.22  169.43   55.16       NaN    0.00    3.42       NaN    0.00    1.50      0.58    0.51   10.30   353.64    6.91   364.90    7.97 
 243    0.00   11.78      2.02  192.29   55.72       NaN    0.00    3.41       NaN    0.00    1.49      0.66    0.39   10.26   351.94  -25.69   363.23  -25.23 
 244    0.00   11.85      0.48  224.33   56.41       NaN    0.00    3.40       NaN    0.00    1.49      0.80    0.45   10.22   335.38  -81.13   345.31  -80.21 
 245    0.00   11.78      3.80  149.72   56.79       NaN    0.00    3.38       NaN    0.00    1.48      0.34    0.37   10.18   293.70  -16.53   303.07  -16.73 
 246    0.00   11.85      4.13  140.98   57.14       NaN    0.00    3.37       NaN    0.00    1.48      0.41    0.26   10.14   282.90  -11.34   293.46   -9.71 
 247    0.00   11.78      2.44  165.38   57.57       NaN    0.00    3.36       NaN    0.00    1.47      0.60    0.29   10.10   275.03  -42.99   285.48  -41.15 
 248    0.00   11.85      1.16  183.07   58.08       NaN    0.00    3.34       NaN    0.00    1.46      0.35    0.29   10.06   330.15   -7.41   341.53   -5.73 
 249    0.00   11.78      0.96  179.42   58.57       NaN    0.00    3.33       NaN    0.00    1.46      0.62    0.27   10.02   294.29  -37.14   304.95  -36.01 
 250    0.00   11.91      0.33  186.32   59.08       NaN    0.00    3.31       NaN    0.00    1.45      0.40    0.41    9.98   296.12  -40.23   307.20  -38.19 
 251    0.00   11.78     -1.10  214.19   59.70       NaN    0.00    3.30       NaN    0.00    1.45      0.67    0.32    9.94   325.74  -43.90   337.30  -42.08 
 252    0.00   12.41      0.94  165.28   60.12       NaN    0.00    3.29       NaN    0.00    1.44      0.49    0.15    9.90   272.61  -26.16   282.48  -26.83 
 253    0.00   11.85     -1.86  227.03   60.78       NaN    0.00    3.28       NaN    0.00    1.44      0.78    0.42    9.87   340.90  -34.38   352.25  -32.77 
 254    0.00   12.40     -2.49  242.14   61.49       NaN    0.00    3.26       NaN    0.00    1.43      0.51    0.47    9.83   365.98  -15.38   376.81  -14.30 
 255    0.00   11.77     -2.95  251.87   62.24       NaN    0.00    3.25       NaN    0.00    1.42      0.50    0.43    9.79   348.50  -60.31   359.99  -58.51 
 256    0.00   12.33     -2.14  231.56   62.90       NaN    0.00    3.24       NaN    0.00    1.42      0.65    0.49    9.76   344.62  -29.78   356.57  -29.20 
 257    0.00   11.78     -1.84  224.89   63.53       NaN    0.00    3.22       NaN    0.00    1.41      0.83    1.22    9.72   335.62  -29.00   347.21  -27.37 
 258    0.00   12.44     -2.83  252.02   64.26       NaN    0.00    3.21       NaN    0.00    1.41      1.00    0.81    9.69   343.33  -59.02   354.48  -57.78 
 259    0.00   11.78     -2.48  239.92   64.94       NaN    0.00    3.20       NaN    0.00    1.40      0.62    0.57    9.65   323.95  -60.60   334.41  -59.97 
 260    0.00   12.40     -2.26  238.64   65.60       NaN    0.00    3.19       NaN    0.00    1.40      1.08    0.61    9.62   338.13  -45.61   349.74  -44.30 
 261    0.00   11.28      1.07  165.20   65.99       NaN    0.00    3.18       NaN    0.00    1.39      0.55    0.84    9.59   252.16  -32.79   263.64  -30.21 
 262    0.00   11.80     -1.06  213.88   66.55       NaN    0.00    3.16       NaN    0.00    1.39      0.56    0.48    9.55   273.63  -77.61   283.86  -74.89 
 263    0.00   11.30      0.07  188.78   67.02       NaN    0.00    3.15       NaN    0.00    1.38      0.48    0.60    9.52   290.06  -28.65   300.83  -28.39 
 264    0.00   11.85     -0.48  202.77   67.53       NaN    0.00    3.14       NaN    0.00    1.38      0.67    1.00    9.48   300.83  -38.23   310.81  -39.35 
 265    0.00   11.30     -0.14  198.24   68.02       NaN    0.00    3.13       NaN    0.00    1.37      0.99    0.45    9.45   297.95  -39.22   308.60  -38.84 
 266    0.00   12.40     -0.85  219.55   68.59       NaN    0.00    3.12       NaN    0.00    1.37      1.13    1.12    9.42   321.76  -50.20   333.48  -48.38 
 267    0.00   11.79     -0.13  206.10   69.11       NaN    0.00    3.10       NaN    0.00    1.36      0.85    1.23    9.39   334.61  -18.27   345.98  -16.39 
 268    0.00   12.41      0.44  198.69   69.59       NaN    0.00    3.09       NaN    0.00    1.36      0.80    1.67    9.36   312.22  -36.67   322.62  -37.73 
 269    0.00   11.83     -0.37  223.81   70.16       NaN    0.00    3.08       NaN    0.00    1.35      1.91    1.20    9.33   321.65  -67.09   333.18  -65.31 
 270    0.00   11.87      0.67  199.84   70.64       NaN    0.00    3.07       NaN    0.00    1.35      0.68    0.50    9.30   303.91  -53.31   312.95  -53.02 
 271    0.00   11.80      2.23  168.03   71.00       NaN    0.00    3.06       NaN    0.00    1.34      0.77    0.80    9.27   287.77  -29.76   298.56  -28.50 
 272    0.00   12.41     -1.68  261.95   71.71       NaN    0.00    3.05       NaN    0.00    1.34      0.71    0.67    9.23   382.08  -74.71   392.41  -74.18 
 273    0.00   11.78     -0.53  227.16   72.28       NaN    0.00    3.04       NaN    0.00    1.33      1.32    0.61    9.20   338.79  -73.35   348.87  -73.48 
 274    0.00   11.81      0.91  190.99   72.71       NaN    0.00    3.02       NaN    0.00    1.33      1.17    0.91    9.17   306.99  -56.74   319.29  -55.14 
 275    0.00   11.39     -1.87  263.40   73.40       NaN    0.00    3.01       NaN    0.00    1.32      2.58    2.89    9.15   383.81  -87.31   393.64  -87.06 
 276    0.00   11.38      2.18  164.96   73.73       NaN    0.00    3.00       NaN    0.00    1.32      1.28    2.71    9.13   290.09  -44.52   299.80  -41.88 
 277    0.00   12.41     -1.17  242.26   74.34       NaN    0.00    2.99       NaN    0.00    1.31      0.30    1.10    9.10   367.57  -72.10   379.35  -69.69 
 278    0.00   12.31     -0.27  221.77   74.87       NaN    0.00    2.98       NaN    0.00    1.31      4.05    2.89    9.07   370.47  -28.84   382.80  -27.16 
 279    0.00   11.81      1.13  196.49   75.31       NaN    0.00    2.97       NaN    0.00    1.30      1.62    1.00    9.05   317.41  -43.53   329.57  -42.39 
 280    0.00   11.80      2.75  169.42   75.64       NaN    0.00    2.96       NaN    0.00    1.30      2.23    0.51    9.02   246.13  -45.19   257.92  -43.32 
 281    0.00   11.82      1.17  210.86   76.13       NaN    0.00    2.95       NaN    0.00    1.29      2.75    0.89    8.99   323.04  -47.98   335.27  -45.37 
 282    0.00   11.81      1.16  216.82   76.62       NaN    0.00    2.94       NaN    0.00    1.29      0.73    0.76    8.96   344.52  -36.21   355.63  -33.46 
 283    0.00   11.34      1.21  223.37   77.14       NaN    0.00    2.93       NaN    0.00    1.28      1.15    0.91    8.93   302.88  -67.87   313.87  -66.58 
 284    0.00   11.85     -0.58  280.06   77.86       NaN    0.00    2.92       NaN    0.00    1.28      1.40    0.64    8.90   354.77 -103.50   365.14 -102.77 
 285    0.00   11.29      1.00  237.73   78.42       NaN    0.00    2.91       NaN    0.00    1.27      2.02    1.14    8.87   288.02  -85.43   298.22  -85.26 
 286    0.00   11.74      3.43  181.73   78.78       NaN    0.00    2.90       NaN    0.00    1.27      0.85    0.31    8.84   197.67  -38.22   207.70  -36.63 
 287    0.00   11.85      3.33  185.17   79.15       NaN    0.00    2.89       NaN    0.00    1.27       NaN    0.00    8.81   288.64  -31.69   299.51  -31.23 
 288    0.00   11.86      3.73  178.25   79.49       NaN    0.00    2.88       NaN    0.00    1.26      1.35    0.44    8.78   326.13   -8.54   335.98   -5.98 
 289    0.00   11.85      2.18  212.00   79.95       NaN    0.00    2.87       NaN    0.00    1.26      0.93    1.14    8.76   264.42  -65.66   274.41  -67.15 
 290    0.00   11.77      1.97  213.60   80.41       NaN    0.00    2.86       NaN    0.00    1.25      1.79    1.11    8.73   320.03  -51.16   332.05  -48.31 
 291    0.00   11.81      3.44  178.55   80.75       NaN    0.00    2.85       NaN    0.00    1.25      0.37    0.17    8.70   287.67  -29.58   296.34  -27.28 
 292    0.00   11.79      1.55  217.22   81.22       NaN    0.00    2.84       NaN    0.00    1.24      0.61    0.41    8.67   304.80  -69.54   316.09  -70.57 
 293    0.00   11.83      0.92  227.73   81.72       NaN    0.00    2.83       NaN    0.00    1.24      0.76    0.26    8.64   360.02  -52.79   371.20  -50.52 
 294    0.00   11.78      0.72  226.90   82.21       NaN    0.00    2.82       NaN    0.00    1.24      0.84    0.29    8.61   251.74 -104.72   260.89 -103.31 
 295    0.00   11.84     -0.54  252.81   82.79       NaN    0.00    2.81       NaN    0.00    1.23      1.75    0.04    8.59   365.41  -80.86   375.79  -81.56 
 296    0.00   11.83      0.71  213.68   83.23       NaN    0.00    2.80       NaN    0.00    1.23      0.43    1.03    8.56   310.66  -71.77   321.45  -71.72 
 297    0.00   11.79     -0.22  235.08   83.74       NaN    0.00    2.79       NaN    0.00    1.22      0.53    0.60    8.53   355.82  -65.53   367.21  -63.34 
 298    0.00   11.77      2.14  177.12   84.06       NaN    0.00    2.78       NaN    0.00    1.22      0.25    0.48    8.51   343.17   14.22   353.50   15.77 
 299    0.00   11.86      2.45  168.92   84.34       NaN    0.00    2.77       NaN    0.00    1.21      1.00    0.38    8.48   234.13  -51.19   243.18  -51.70 
 300    0.00   11.92     -1.33  258.49   84.92       NaN    0.00    2.76       NaN    0.00    1.21      0.53    0.93    8.45   338.26 -100.74   348.11 -100.21 
 301    0.00   12.59      1.93  178.11   85.23       NaN    0.00    2.75       NaN    0.00    1.21      0.84    0.96    8.43   287.09  -34.32   296.28  -34.25 
 302    0.00   12.09      0.82  202.64   85.62       NaN    0.00    2.74       NaN    0.00    1.20      0.60    0.88    8.40   310.56  -44.67   319.48  -44.53 
 303    0.00   12.39      1.91  177.78   85.92       NaN    0.00    2.74       NaN    0.00    1.20      0.24    0.33    8.38   232.20  -53.71   241.28  -54.41 
 304    0.00   11.91     -0.11  222.63   86.37       NaN    0.00    2.73       NaN    0.00    1.19      1.85    0.55    8.35   317.71  -59.43   327.98  -58.05 
 305    0.00   12.41     -1.67  262.46   86.95       NaN    0.00    2.72       NaN    0.00    1.19      0.64    0.17    8.32   397.91  -26.47   408.17  -23.74 
 306    0.00   11.96      0.01  213.17   87.36       NaN    0.00    2.71       NaN    0.00    1.19      0.82    0.19    8.30   336.33  -27.70   345.94  -24.88 
 307    0.00   11.87     -0.60  227.78   87.82       NaN    0.00    2.70       NaN    0.00    1.18      0.55    0.31    8.27   305.78  -74.86   317.09  -73.12 
 308    0.00   12.02     -1.33  246.59   88.34       NaN    0.00    2.69       NaN    0.00    1.18      1.40    0.48    8.25   368.15  -41.29   379.69  -40.58 
 309    0.00   11.78      0.13  207.15   88.72       NaN    0.00    2.68       NaN    0.00    1.18      0.59    0.39    8.22   367.04   36.33   378.25   38.16 
 310    0.00   11.83     -2.29  272.28   89.31       NaN    0.00    2.67       NaN    0.00    1.17      0.91    0.39    8.20   351.69  -94.85   361.15  -95.75 
 311    0.00   11.83     -1.01  234.63   89.78       NaN    0.00    2.66       NaN    0.00    1.17      1.02    0.52    8.17   345.07  -49.39   355.57  -49.91 
 312    0.00   11.83     -2.98  296.87   90.44       NaN    0.00    2.66       NaN    0.00    1.16      1.15    0.69    8.15   393.32  -93.95   404.25  -95.75 
 313    0.00   11.30      0.03  211.82   90.83       NaN    0.00    2.65       NaN    0.00    1.16      1.00    0.28    8.12   337.36  -36.10   346.98  -32.84 
 314    0.00   11.81     -0.00  220.98   91.25       NaN    0.00    2.64       NaN    0.00    1.16      0.59    0.48    8.10   284.69  -90.13   294.99  -90.55 
 315    0.00   11.29      2.09  176.94   91.52       NaN    0.00    2.63       NaN    0.00    1.15      0.89    0.29    8.07   250.31  -55.33   261.15  -52.76 
 316    0.00   11.82      1.44  196.91   91.85       NaN    0.00    2.62       NaN    0.00    1.15      0.17    0.47    8.05   234.68  -78.35   243.88  -77.39 
 317    0.00   11.81      0.97  214.27   92.24       NaN    0.00    2.61       NaN    0.00    1.15      1.31    0.46    8.03   238.18  -96.00   247.28  -94.60 
 318    0.00   11.34      1.93  196.25   92.57       NaN    0.00    2.61       NaN    0.00    1.14      0.07    0.24    8.00   229.73  -76.48   237.99  -75.41 
 319    0.00   11.78     -0.93  275.67   93.14       NaN    0.00    2.60       NaN    0.00    1.14      0.43    0.21    7.98   428.65  -51.87   439.45  -52.30 
 320    0.00   11.31      2.02  198.19   93.47       NaN    0.00    2.59       NaN    0.00    1.14      2.02    0.72    7.95   354.47  -25.90   365.02  -25.08 
 321    0.00   11.84      1.03  222.57   93.87       NaN    0.00    2.58       NaN    0.00    1.13      1.44    0.99    7.93   230.36 -107.88   239.16 -108.09 
 322    0.00   11.81      0.34  240.52   94.33       NaN    0.00    2.57       NaN    0.00    1.13      0.20    0.23    7.91   375.29  -73.78   386.68  -68.90 
 323    0.00   11.86      3.81  158.38   94.52       NaN    0.00    2.57       NaN    0.00    1.12      0.41    0.43    7.88   247.66  -48.23   256.30  -46.52 
 324    0.00   11.87      2.69  178.02   94.78       NaN    0.00    2.56       NaN    0.00    1.12      1.27    0.38    7.86   259.25  -65.52   267.84  -64.23 
 325    0.00   11.81      1.87  193.82   95.09       NaN    0.00    2.55       NaN    0.00    1.12      0.61    0.25    7.84   384.52   19.27   395.84   20.59 
 326    0.00   11.30      1.33  205.28   95.42       NaN    0.00    2.54       NaN    0.00    1.11      0.71    0.17    7.81   353.52  -41.18   364.92  -40.62 
 327    0.00   11.77      4.02  150.54   95.59       NaN    0.00    2.53       NaN    0.00    1.11      0.13    0.03    7.79   243.66  -40.88   252.65  -39.78 
 328    0.00   11.86      0.56  223.31   95.98       NaN    0.00    2.53       NaN    0.00    1.11      0.04    0.09    7.77   370.30  -43.30   382.21  -41.36 
 329    0.00   11.80      0.86  215.39   96.35       NaN    0.00    2.52       NaN    0.00    1.10      0.09    0.23    7.74   222.23 -105.79   230.42 -104.57 
 330    0.00   11.83      1.90  191.09   96.63       NaN    0.00    2.51       NaN    0.00    1.10       NaN    0.00    7.72   274.39  -64.36   286.64  -63.73 
 331    0.00   11.84     -0.73  257.65   97.12       NaN    0.00    2.50       NaN    0.00    1.10       NaN    0.00    7.70   374.60  -76.41   385.88  -78.04 
 332    0.00   11.78      0.62  218.33   97.48       NaN    0.00    2.50       NaN    0.00    1.09      0.06    0.03    7.67   225.52 -103.72   233.82 -102.70 
 333    0.00   11.89     -0.79  253.54   97.95       NaN    0.00    2.49       NaN    0.00    1.09      0.23    0.11    7.65   358.11  -82.30   368.87  -79.19 
 334    0.00   11.84     -0.49  240.79   98.38       NaN    0.00    2.48       NaN    0.00    1.09      1.57    0.97    7.63   217.74 -126.13   225.97 -126.09 
 335    0.00   11.80      0.35  216.80   98.73       NaN    0.00    2.47       NaN    0.00    1.08      0.75    0.04    7.61   357.73  -32.91   368.25  -32.07 
 336    0.00   11.37      3.28  153.64   98.90       NaN    0.00    2.47       NaN    0.00    1.08       NaN    0.00    7.59   258.22  -33.96   267.53  -33.41 
 337    0.00   12.36      1.52  186.10   99.16       NaN    0.00    2.46       NaN    0.00    1.08      0.61    0.47    7.57   290.98  -55.62   299.31  -54.38 
 338    0.00   11.80      0.09  218.99   99.51       NaN    0.00    2.45       NaN    0.00    1.07      0.78    0.41    7.54   347.93  -52.48   359.47  -50.50 
 339    0.00   11.87     -1.30  258.00   99.98       NaN    0.00    2.44       NaN    0.00    1.07      0.36    0.66    7.52   379.94  -73.26   389.61  -74.03 
 340    0.00   11.87      0.89  201.39  100.28       NaN    0.00    2.44       NaN    0.00    1.07      0.08    0.33    7.50   225.02  -92.95   233.52  -91.13 
 341    0.00   11.80     -0.19  227.59  100.65       NaN    0.00    2.43       NaN    0.00    1.07      0.97    0.38    7.48   390.70    2.24   402.08    3.27 
 342    0.00   11.85      0.63  209.87  100.97       NaN    0.00    2.42       NaN    0.00    1.06      0.10    0.38    7.46   319.47  -52.59   330.19  -54.16 
 343    0.00   11.80      1.04  200.81  101.26       NaN    0.00    2.42       NaN    0.00    1.06      0.86    0.72    7.44   370.96   20.75   380.83   22.52 
 344    0.00   12.34      0.93  204.61  101.56       NaN    0.00    2.41       NaN    0.00    1.06      0.53    0.91    7.42   294.89  -64.20   303.80  -62.03 
 345    0.00   11.77      3.54  151.56  101.71       NaN    0.00    2.40       NaN    0.00    1.05      0.19    0.00    7.40   244.52  -27.80   253.45  -26.37 
 346    0.00   11.88     -1.15  260.88  102.17       NaN    0.00    2.40       NaN    0.00    1.05      0.17    0.30    7.38   349.22  -95.68   360.92  -92.99 
 347    0.00   11.81      2.10  180.43  102.39       NaN    0.00    2.39       NaN    0.00    1.05      0.54    0.35    7.36   336.78    1.04   348.66    2.55 
 348    0.00   11.79     -0.99  259.12  102.84       NaN    0.00    2.38       NaN    0.00    1.04      0.81    0.77    7.34   318.24 -118.72   329.86 -118.81 
 349    0.00   11.85      0.11  229.25  103.20       NaN    0.00    2.37       NaN    0.00    1.04      1.17    0.75    7.32   404.43    4.15   415.34    5.39 
 350    0.00   12.33     -0.27  240.45  103.60       NaN    0.00    2.37       NaN    0.00    1.04       NaN    0.00    7.30   316.87 -106.02   327.53 -106.84 
 351    0.00   11.86      1.96  189.41  103.84       NaN    0.00    2.36       NaN    0.00    1.03       NaN    0.00    7.28   262.93  -77.18   274.76  -75.50 
 352    0.00   11.80      0.22  238.92  104.22       NaN    0.00    2.35       NaN    0.00    1.03      0.40    0.66    7.26   356.60  -86.27   367.31  -87.38 
 353    0.00   11.83      2.09  197.85  104.49       NaN    0.00    2.35       NaN    0.00    1.03      1.07    0.22    7.24   364.90  -30.37   374.63  -28.41 
 354    0.00   11.83      2.36  196.99  104.75       NaN    0.00    2.34       NaN    0.00    1.03      0.74    0.20    7.22   260.64  -81.75   270.19  -81.57 
 355    0.00   11.33      3.50  176.79  104.95       NaN    0.00    2.33       NaN    0.00    1.02      1.10    0.58    7.20   277.31  -55.98   285.63  -54.29 
 356    0.00   12.35      3.49  179.18  105.16       NaN    0.00    2.33       NaN    0.00    1.02      0.54    0.56    7.18   303.08  -46.43   314.89  -45.99 
 357    0.00   11.78      0.05  267.60  105.62       NaN    0.00    2.32       NaN    0.00    1.02      0.33    0.07    7.16   439.73  -48.88   450.60  -51.13 
 358    0.00   11.87      1.53  225.53  105.95       NaN    0.00    2.31       NaN    0.00    1.01      1.08    0.42    7.15   390.91  -37.95   403.07  -39.39 
 359    0.00   11.41      1.18  232.84  106.31       NaN    0.00    2.31       NaN    0.00    1.01      1.14    0.08    7.13   243.36 -110.77   251.68 -109.60 
 360    0.00   12.35      2.95  187.29  106.53       NaN    0.00    2.30       NaN    0.00    1.01      0.52    0.15    7.11   304.40  -49.13   314.54  -49.51 
 361    0.00   11.80     -0.02  256.47  106.95       NaN    0.00    2.30       NaN    0.00    1.01      1.23    0.38    7.09   395.52  -69.52   405.35  -70.36 
 362    0.00   11.81      0.01  251.51  107.34       NaN    0.00    2.29       NaN    0.00    1.00       NaN    0.00    7.07   356.69  -91.77   366.44  -92.13 
 363    0.00   11.85      2.46  185.88  107.56       NaN    0.00    2.28       NaN    0.00    1.00      0.12    0.13    7.05   317.57  -37.34   329.50  -36.76 
 364    0.00   11.81      0.12  237.80  107.92       NaN    0.00    2.28       NaN    0.00    1.00       NaN    0.00    7.03   313.18  -99.18   323.89 -101.18 
 365    0.00   11.83     -0.13  244.40  108.29       NaN    0.00    2.27       NaN    0.00    1.00       NaN    0.00    7.01   300.94 -115.08   311.45 -115.79 
 366    0.00   11.85      1.52  203.64  108.55       NaN    0.00    2.26       NaN    0.00    0.99      0.76    0.16    6.99   384.15    4.60   393.07    5.61 
 367    0.00   11.86      1.82  198.10  108.80       NaN    0.00    2.26       NaN    0.00    0.99      2.53    0.35    6.97   326.03  -46.62   337.96  -45.92 
 368    0.00   12.34      2.21  193.41  109.03       NaN    0.00    2.25       NaN    0.00    0.99      1.14    0.22    6.96   303.65  -55.97   315.07  -54.95 
 369    0.00   11.30      2.85  183.94  109.23       NaN    0.00    2.25       NaN    0.00    0.98       NaN    0.00    6.94   295.03  -48.97   305.05  -49.20 
 370    0.00   11.81      1.91  208.42  109.50       NaN    0.00    2.24       NaN    0.00    0.98       NaN    0.00    6.92   252.81  -83.84   262.69  -83.28 
 371    0.00   11.83      1.55  217.77  109.79       NaN    0.00    2.23       NaN    0.00    0.98      2.21    0.54    6.90   247.63  -95.14   256.06  -93.63 
 372    0.00   11.80      3.09  183.74  109.99       NaN    0.00    2.23       NaN    0.00    0.98      1.03    0.23    6.88   308.37  -43.17   317.86  -44.02 
 373    0.00   11.85      2.16  202.81  110.24       NaN    0.00    2.22       NaN    0.00    0.97       NaN    0.00    6.86   230.50  -84.80   238.84  -82.68 
 374    0.00   11.79      1.70  212.11  110.51       NaN    0.00    2.22       NaN    0.00    0.97      0.70    0.54    6.85   393.70   -9.44   404.44   -9.09 
 375    0.00   11.85      1.67  207.13  110.77       NaN    0.00    2.21       NaN    0.00    0.97      2.23    1.08    6.83   262.90  -88.94   271.22  -88.05 
 376    0.00   11.80     -1.19  284.78  111.23       NaN    0.00    2.20       NaN    0.00    0.97      0.50    0.56    6.82   432.77  -73.74   444.28  -74.21 
 377    0.00   11.86      1.97  193.44  111.45       NaN    0.00    2.20       NaN    0.00    0.96      1.42    0.48    6.80   263.00  -75.49   272.22  -75.41 
 378    0.00   12.36      1.81  191.39  111.66       NaN    0.00    2.19       NaN    0.00    0.96      1.04    0.67    6.78   259.24  -73.16   268.56  -73.04 
 379    0.00   11.84      1.22  202.07  111.90       NaN    0.00    2.19       NaN    0.00    0.96       NaN    0.00    6.76   379.82   18.84   390.61   20.27 
 380    0.00   11.80      1.20  199.52  112.13       NaN    0.00    2.18       NaN    0.00    0.96      1.06    0.29    6.75   234.42  -85.32   243.24  -83.12 
 381    0.00   11.84     -1.90  280.59  112.57       NaN    0.00    2.18       NaN    0.00    0.95      1.20    0.50    6.73   416.19  -55.48   427.75  -57.05 
 382    0.00   11.87     -0.84  247.42  112.92       NaN    0.00    2.17       NaN    0.00    0.95      1.23    0.06    6.71   395.20  -30.61   406.10  -29.05 
 383    0.00   11.34      1.59  184.92  113.11       NaN    0.00    2.16       NaN    0.00    0.95      4.01    0.85    6.70   284.06  -52.69   292.58  -51.00 
 384    0.00   11.81      0.27  210.30  113.37       NaN    0.00    2.16       NaN    0.00    0.95      1.01    0.05    6.68   191.51 -106.50   200.83 -105.54 
 385    0.00   11.35      0.23  208.28  113.61       NaN    0.00    2.15       NaN    0.00    0.94      0.70    0.06    6.66   262.98  -92.13   271.53  -90.49 
 386    0.00   11.79     -2.11  271.93  114.02       NaN    0.00    2.15       NaN    0.00    0.94       NaN    0.00    6.65   403.37  -61.86   414.83  -63.15 
 387    0.00   11.84      1.01  187.93  114.21       NaN    0.00    2.14       NaN    0.00    0.94       NaN    0.00    6.63   248.72  -83.68   257.30  -81.83 
 388    0.00   12.37     -1.78  259.70  114.59       NaN    0.00    2.14       NaN    0.00    0.94       NaN    0.00    6.61   275.80 -151.02   287.68 -153.14 
 389    0.00   11.76     -1.58  257.64  114.96       NaN    0.00    2.13       NaN    0.00    0.93       NaN    0.00    6.60   439.70   26.67   448.62   26.68 
 390    0.00   12.40      2.90  156.89  115.06       NaN    0.00    2.12       NaN    0.00    0.93      0.08    0.20    6.58   234.92  -58.87   243.38  -56.47 
 391    0.00   12.32     -0.88  244.77  115.40       NaN    0.00    2.12       NaN    0.00    0.93       NaN    0.00    6.56   392.68  -43.03   403.87  -44.43 
 392    0.00   11.80      1.78  180.40  115.56       NaN    0.00    2.11       NaN    0.00    0.93       NaN    0.00    6.55   288.99  -53.13   299.05  -53.49 
 393    0.00   12.39      2.66  163.61  115.68       NaN    0.00    2.11       NaN    0.00    0.92       NaN    0.00    6.53   215.13  -61.11   224.55  -60.60 
 394    0.00   11.82     -2.19  281.58  116.10       NaN    0.00    2.10       NaN    0.00    0.92      1.65    1.12    6.52   363.02 -117.71   372.47 -119.15 
 395    0.00   11.81     -0.78  230.37  116.39       NaN    0.00    2.10       NaN    0.00    0.92      1.10    0.67    6.50   368.92  -28.83   379.40  -27.16 
 396    0.00   11.75     -2.85  281.01  116.81       NaN    0.00    2.09       NaN    0.00    0.92       NaN    0.00    6.48   424.26  -22.40   434.47  -21.61 
 397    0.00   11.85      1.22  169.29  116.94       NaN    0.00    2.09       NaN    0.00    0.92       NaN    0.00    6.47   269.86  -36.77   281.37  -35.64 
 398    0.00   11.78     -1.38  217.89  117.20       NaN    0.00    2.08       NaN    0.00    0.91       NaN    0.00    6.45   282.05  -87.66   290.64  -86.98 
 399    0.00   11.85     -2.05  226.25  117.47       NaN    0.00    2.08       NaN    0.00    0.91      2.34    0.43    6.44   372.60   33.07   381.90   34.78 
 400    0.00   11.82     -4.14  277.73  117.87       NaN    0.00    2.07       NaN    0.00    0.91       NaN    0.00    6.42   401.58  -28.44   412.24  -29.58 
 401    0.00   12.40     -4.49  285.76  118.29       NaN    0.00    2.07       NaN    0.00    0.91       NaN    0.00    6.40   401.52  -47.82   412.91  -49.65 
 402    0.00   11.75     -0.11  169.36  118.41       NaN    0.00    2.06       NaN    0.00    0.90       NaN    0.00    6.39   260.01  -42.93   272.05  -44.31 
 403    0.00   12.41     -3.02  237.95  118.71       NaN    0.00    2.06       NaN    0.00    0.90       NaN    0.00    6.37   300.29  -99.64   311.06 -102.85 
 404    0.00   11.79     -4.19  277.01  119.10       NaN    0.00    2.05       NaN    0.00    0.90      1.78    0.23    6.36   341.40 -116.36   353.38 -116.19 
 405    0.00   12.42     -6.12  349.84  119.67       NaN    0.00    2.05       NaN    0.00    0.90       NaN    0.00    6.34   422.82 -134.03   432.45 -135.47 
 406    0.00   11.78     -0.59  187.77  119.84       NaN    0.00    2.04       NaN    0.00    0.89       NaN    0.00    6.33   257.41  -69.30   266.10  -70.07 
 407    0.00   11.80     -0.00  180.21  119.99       NaN    0.00    2.04       NaN    0.00    0.89       NaN    0.00    6.31   247.55  -69.26   256.25  -69.67 
 408    0.00   11.31     -2.18  234.74  120.27       NaN    0.00    2.03       NaN    0.00    0.89       NaN    0.00    6.29   379.63   14.55   391.76   16.19 
 409    0.00   11.84     -0.64  200.25  120.47       NaN    0.00    2.03       NaN    0.00    0.89       NaN    0.00    6.28   319.99  -37.31   328.27  -35.23 
 410    0.00   11.26     -2.66  256.15  120.80       NaN    0.00    2.02       NaN    0.00    0.89       NaN    0.00    6.26   411.78   26.51   422.24   26.90 
 411    0.00   12.39     -2.30  250.81  121.11       NaN    0.00    2.02       NaN    0.00    0.88      2.03    0.32    6.25   403.15    2.35   413.18    3.32 
 412    0.00   12.31     -2.96  270.54  121.48       NaN    0.00    2.01       NaN    0.00    0.88      0.25    0.22    6.24   307.42 -145.07   318.38 -146.46 
 413    0.00   11.79      1.21  168.47  121.59       NaN    0.00    2.01       NaN    0.00    0.88      1.83    0.20    6.22   259.03  -57.94   267.41  -58.44 
 414    0.00   12.39      0.28  189.32  121.75       NaN    0.00    2.00       NaN    0.00    0.88      0.52    0.08    6.21   343.29    9.33   354.18   10.76 
 415    0.00   11.75     -0.23  204.20  121.95       NaN    0.00    2.00       NaN    0.00    0.88      1.13    1.68    6.19   251.51  -98.58   259.37  -98.87 
 416    0.00   11.84      1.44  171.36  122.07       NaN    0.00    1.99       NaN    0.00    0.87      0.33    0.96    6.18   244.39  -62.38   252.17  -62.83 
 417    0.00   11.36     -3.45  304.46  122.51       NaN    0.00    1.99       NaN    0.00    0.87      0.89    0.79    6.17   468.71   10.96   476.68   11.97 
 418    0.00   12.32      3.30  140.74  122.55       NaN    0.00    1.98       NaN    0.00    0.87      0.72    0.49    6.16   241.35  -27.18   250.13  -27.67 
 419    0.00   11.76     -3.02  295.68  122.96       NaN    0.00    1.98       NaN    0.00    0.87      2.29    0.46    6.14   313.38 -163.47   324.11 -165.37 
 420    0.00   11.79      1.59  176.05  123.09       NaN    0.00    1.97       NaN    0.00    0.86      0.83    0.92    6.13   274.62  -49.58   285.69  -50.95 
 421    0.00   11.75      0.49  203.08  123.28       NaN    0.00    1.97       NaN    0.00    0.86      0.54    1.51    6.12   369.30   16.30   381.66   16.96 
 422    0.00   11.85      2.25  166.25  123.38       NaN    0.00    1.96       NaN    0.00    0.86      0.34    0.52    6.11   230.49  -64.27   238.26  -64.19 
 423    0.00   11.77      0.29  205.97  123.58       NaN    0.00    1.96       NaN    0.00    0.86      0.05    0.31    6.09   303.86  -78.68   315.11  -76.49 
 424    0.00   11.82     -0.74  232.05  123.83       NaN    0.00    1.95       NaN    0.00    0.86      0.03    0.11    6.08   308.67 -109.50   319.79 -111.70 
 425    0.00   11.74      2.71  153.73  123.90       NaN    0.00    1.95       NaN    0.00    0.85      0.90    1.27    6.07   242.32  -58.95   250.13  -58.96 
 426    0.00   12.31     -1.11  237.02  124.17       NaN    0.00    1.95       NaN    0.00    0.85      0.25    0.23    6.05   412.85   20.96   423.88   20.72 
 427    0.00   12.31     -2.00  264.65  124.50       NaN    0.00    1.94       NaN    0.00    0.85      2.01    0.53    6.04   370.69  -97.87   381.11  -98.18 
 428    0.00   12.33     -3.13  298.58  124.91       NaN    0.00    1.94       NaN    0.00    0.85      1.19    0.61    6.03   456.76  -19.00   468.93  -22.06 
 429    0.00   12.33     -1.48  247.14  125.19       NaN    0.00    1.93       NaN    0.00    0.85      0.90    0.48    6.01   390.53  -36.22   402.46  -33.11 
 430    0.00   12.36     -2.73  285.59  125.56       NaN    0.00    1.93       NaN    0.00    0.84      2.20    2.63    6.01   386.83 -105.35   398.38 -100.11 
 431    0.00   12.37      1.66  173.50  125.68       NaN    0.00    1.92       NaN    0.00    0.84       NaN    0.00    5.99   271.49  -54.22   279.86  -54.83 
 432    0.00   11.78      2.87  150.06  125.73       NaN    0.00    1.92       NaN    0.00    0.84      0.82    1.04    5.98   274.49  -24.76   282.08  -25.28 
 433    0.00   11.79      0.65  195.38  125.89       NaN    0.00    1.91       NaN    0.00    0.84       NaN    0.00    5.97   302.63  -67.31   311.38  -66.80 
 434    0.00   11.82     -0.69  235.51  126.14       NaN    0.00    1.91       NaN    0.00    0.84       NaN    0.00    5.95   320.06 -108.41   331.59 -110.58 
 435    0.00   11.81      2.47  164.18  126.23       NaN    0.00    1.91       NaN    0.00    0.84      0.89    0.05    5.94   257.73  -67.53   266.40  -64.83 
 436    0.00   11.82     -1.16  257.03  126.53       NaN    0.00    1.90       NaN    0.00    0.83       NaN    0.00    5.93   327.38 -136.43   337.99 -138.30 
 437    0.00   12.40      2.21  177.84  126.65       NaN    0.00    1.90       NaN    0.00    0.83      0.71    0.78    5.91   373.45   33.74   384.42   33.67 
 438    0.00   11.75      2.90  167.66  126.74       NaN    0.00    1.89       NaN    0.00    0.83      0.13    0.08    5.90   254.85  -66.20   263.21  -66.82 
 439    0.00   11.85     -1.51  279.96  127.09       NaN    0.00    1.89       NaN    0.00    0.83      0.33    0.26    5.89   473.40    5.75   485.86    2.24 
 440    0.00   11.78      2.59  172.98  127.20       NaN    0.00    1.88       NaN    0.00    0.83       NaN    0.00    5.87   249.40  -74.21   257.74  -74.88 
 441    0.00   11.79      0.15  224.96  127.42       NaN    0.00    1.88       NaN    0.00    0.82      0.12    0.01    5.86   314.08 -105.49   323.51 -103.32 
 442    0.00   11.87     -2.71  305.72  127.82       NaN    0.00    1.87       NaN    0.00    0.82      1.00    0.34    5.85   468.22  -51.49   480.27  -54.96 
 443    0.00   11.76      5.08  125.14  127.82       NaN    0.00    1.87       NaN    0.00    0.82      4.57    0.98    5.84   261.67  -22.11   269.02  -23.47 
 444    0.00   12.41      2.12  176.26  127.92       NaN    0.00    1.87       NaN    0.00    0.82      0.57    0.03    5.82   248.87  -84.13   257.33  -84.80 
 445    0.00   11.87      5.70  117.02  127.90       NaN    0.00    1.86       NaN    0.00    0.82      1.71    0.03    5.81   263.18  -16.99   270.72  -18.18 
 446    0.00   12.34     -1.87  282.35  128.25       NaN    0.00    1.86       NaN    0.00    0.81       NaN    0.00    5.80   383.00 -136.19   393.59 -136.15 
 447    0.00   12.30     -1.06  258.14  128.54       NaN    0.00    1.85       NaN    0.00    0.81      1.67    0.05    5.79   459.94   20.52   469.37   21.17 
 448    0.00   11.86      0.13  229.77  128.76       NaN    0.00    1.85       NaN    0.00    0.81      3.20    0.03    5.77   419.71  -14.94   432.36  -18.28 
 449    0.00   11.80      0.88  212.53  128.95       NaN    0.00    1.85       NaN    0.00    0.81      0.76    0.06    5.76   325.83  -97.16   335.03  -96.35 
 450    0.00   11.34      5.16  130.90  128.95       NaN    0.00    1.84       NaN    0.00    0.81      1.60    0.52    5.75   261.05  -28.85   269.02  -30.12 
 451    0.00   11.79      0.52  223.22  129.16       NaN    0.00    1.84       NaN    0.00    0.81      0.12    0.19    5.74   319.46  -96.72   328.72  -95.40 
 452    0.00   11.85      2.96  166.06  129.24       NaN    0.00    1.83       NaN    0.00    0.80      1.88    0.91    5.73   273.49  -46.66   280.85  -46.64 
 453    0.00   11.77     -0.71  243.38  129.50       NaN    0.00    1.83       NaN    0.00    0.80      1.98    0.83    5.71   315.76 -104.51   324.68 -103.11 
 454    0.00   12.40     -2.10  272.26  129.81       NaN    0.00    1.83       NaN    0.00    0.80      1.77    0.92    5.70   444.71   31.40   453.86   32.06 
 455    0.00   11.75      0.40  192.40  129.95       NaN    0.00    1.82       NaN    0.00    0.80      0.93    0.33    5.69   312.15  -32.81   319.65  -32.70 
 456    0.00   11.84     -5.19  344.72  130.42       NaN    0.00    1.82       NaN    0.00    0.80      0.09    0.00    5.68   490.44   -5.02   502.74   -7.32 
 457    0.00   11.30     -0.74  202.18  130.58       NaN    0.00    1.81       NaN    0.00    0.79      3.54    0.43    5.67   305.25  -52.48   312.93  -53.41 
 458    0.00   11.84     -4.40  302.84  130.95       NaN    0.00    1.81       NaN    0.00    0.79      3.37    0.39    5.66   441.75  -17.11   453.56  -19.72 
 459    0.00   11.31     -0.37  186.80  131.07       NaN    0.00    1.81       NaN    0.00    0.79      1.73    0.58    5.65   257.91  -77.63   265.67  -74.84 
 460    0.00   11.83     -4.46  302.87  131.45       NaN    0.00    1.80       NaN    0.00    0.79      0.38    0.06    5.63   451.49   12.08   461.18   13.52 
 461    0.00   11.79     -4.27  300.39  131.81       NaN    0.00    1.80       NaN    0.00    0.79      0.58    0.22    5.62   439.03  -13.12   450.13  -16.39 
 462    0.00   11.83      0.50  177.87  131.91       NaN    0.00    1.79       NaN    0.00    0.79       NaN    0.00    5.61   213.90  -77.29   222.38  -77.96 
 463    0.00   11.83      0.01  193.22  132.05       NaN    0.00    1.79       NaN    0.00    0.78      0.23    0.04    5.60   254.44  -74.77   262.22  -71.91 
 464    0.00   12.40     -0.21  201.14  132.20       NaN    0.00    1.79       NaN    0.00    0.78      2.05    1.03    5.59   243.10  -80.91   251.09  -82.36 
 465    0.00   11.81      1.18  173.72  132.28       NaN    0.00    1.78       NaN    0.00    0.78      0.69    1.40    5.58   283.25  -17.07   289.93  -17.30 
 466    0.00   11.84      0.09  198.25  132.43       NaN    0.00    1.78       NaN    0.00    0.78      1.71    0.97    5.57   300.44  -36.67   308.75  -35.99 
 467    0.00   11.84     -0.71  218.96  132.61       NaN    0.00    1.77       NaN    0.00    0.78      0.96    0.69    5.56   377.98   47.57   389.57   47.98 
 468    0.00   11.77     -1.27  232.49  132.82       NaN    0.00    1.77       NaN    0.00    0.78      1.05    0.54    5.55   391.23   27.95   401.35   27.56 
 469    0.00   12.40     -3.20  291.55  133.16       NaN    0.00    1.77       NaN    0.00    0.77      0.17    0.32    5.54   460.00   43.87   468.77   43.78 
 470    0.00   12.35     -3.84  315.22  133.55       NaN    0.00    1.76       NaN    0.00    0.77       NaN    0.00    5.52   454.61  -43.98   466.96  -48.06 
 471    0.00   11.79     -0.80  223.99  133.74       NaN    0.00    1.76       NaN    0.00    0.77      0.57    0.52    5.51   384.07   14.84   395.12   14.99 
 472    0.00   11.79      1.68  170.41  133.82       NaN    0.00    1.76       NaN    0.00    0.77      0.54    0.21    5.50   227.09  -66.43   234.41  -67.27 
 473    0.00   11.32     -0.04  209.05  133.98       NaN    0.00    1.75       NaN    0.00    0.77      0.21    0.04    5.49   339.36  -33.51   349.77  -34.78 
 474    0.00   11.80     -0.69  226.75  134.18       NaN    0.00    1.75       NaN    0.00    0.77      2.06    1.09    5.48   391.83   26.67   401.61   25.95 
 475    0.00   11.36     -2.90  293.51  134.51       NaN    0.00    1.74       NaN    0.00    0.76      0.47    0.57    5.47   434.63  -27.63   447.54  -29.72 
 476    0.00   11.76     -3.05  298.93  134.86       NaN    0.00    1.74       NaN    0.00    0.76      1.09    1.03    5.46   467.20   45.81   475.42   46.33 
 477    0.00   11.77      1.54  175.49  134.94       NaN    0.00    1.74       NaN    0.00    0.76      0.19    0.00    5.45   263.53  -38.57   272.23  -39.58 
 478    0.00   11.82      1.84  165.69  135.01       NaN    0.00    1.73       NaN    0.00    0.76      0.94    0.54    5.44   218.02  -47.20   225.57  -48.05 
 479    0.00   11.86     -2.24  261.71  135.27       NaN    0.00    1.73       NaN    0.00    0.76      2.76    1.25    5.43   284.14 -122.48   294.32 -124.95 
 480    0.00   11.78     -5.04  355.19  135.73       NaN    0.00    1.73       NaN    0.00    0.76      1.18    0.73    5.42   475.12  -62.49   487.84  -66.36 
 481    0.00   11.83     -0.96  218.52  135.90       NaN    0.00    1.72       NaN    0.00    0.76      1.75    1.55    5.41   316.27  -57.18   324.17  -56.91 
 482    0.00   11.83     -4.42  317.60  136.28       NaN    0.00    1.72       NaN    0.00    0.75      1.83    1.61    5.41   449.38  -34.36   462.66  -38.91 
 483    0.00   11.80     -3.91  296.53  136.61       NaN    0.00    1.72       NaN    0.00    0.75      1.39    1.18    5.40   447.62    9.37   458.30    8.27 
 484    0.00   11.31     -2.89  265.36  136.88       NaN    0.00    1.71       NaN    0.00    0.75      2.03    0.24    5.39   428.94   55.39   438.92   55.72 
 485    0.00   11.85      1.02  171.05  136.95       NaN    0.00    1.71       NaN    0.00    0.75      1.31    0.59    5.38   273.69  -49.07   281.51  -48.46 
 486    0.00   11.77     -1.11  222.15  137.12       NaN    0.00    1.71       NaN    0.00    0.75      0.16    0.25    5.37   389.07   67.40   400.66   69.36 
 487    0.00   11.79     -4.06  315.41  137.49       NaN    0.00    1.70       NaN    0.00    0.75       NaN    0.00    5.36   440.20  -64.54   451.79  -66.26 
 488    0.00   11.87     -1.73  241.10  137.70       NaN    0.00    1.70       NaN    0.00    0.74      0.06    0.14    5.34   385.55    3.40   398.93    0.66 
 489    0.00   11.79     -1.59  238.51  137.91       NaN    0.00    1.69       NaN    0.00    0.74      0.59    0.45    5.33   377.20   -8.90   388.11   -2.53 
 490    0.00   11.80      1.20  172.95  137.98       NaN    0.00    1.69       NaN    0.00    0.74       NaN    0.00    5.32   260.60  -38.30   268.73  -38.76 
 491    0.00   11.84     -4.07  314.03  138.34       NaN    0.00    1.69       NaN    0.00    0.74       NaN    0.00    5.31   472.35   61.54   482.14   61.37 
 492    0.00   11.78     -5.33  364.18  138.79       NaN    0.00    1.68       NaN    0.00    0.74       NaN    0.00    5.30   481.43  -64.92   493.95  -68.22 
 493    0.00   11.83     -0.29  205.57  138.93       NaN    0.00    1.68       NaN    0.00    0.74      0.04    0.01    5.29   367.83   84.65   379.24   85.90 
 494    0.00   11.83     -3.98  316.31  139.29       NaN    0.00    1.68       NaN    0.00    0.74      0.04    0.00    5.28   443.69  -41.34   457.04  -46.09 
 495    0.00   11.78     -3.26  296.91  139.61       NaN    0.00    1.67       NaN    0.00    0.73       NaN    0.00    5.27   466.73   55.20   475.30   56.63 
 496    0.00   11.77     -0.46  219.75  139.77       NaN    0.00    1.67       NaN    0.00    0.73      0.29    0.06    5.26   387.87   28.41   399.13   29.28 
 497    0.00   11.85     -0.11  215.50  139.92       NaN    0.00    1.67       NaN    0.00    0.73      0.16    0.05    5.25   339.82  -55.35   350.01  -58.40 
 498    0.00   11.85     -2.63  296.40  140.24       NaN    0.00    1.66       NaN    0.00    0.73      0.62    0.31    5.24   481.09   19.94   490.24   20.58 
 499    0.00   11.87     -0.52  239.40  140.43       NaN    0.00    1.66       NaN    0.00    0.73      0.80    0.31    5.23   264.47 -134.85   277.55 -137.67 
 500    0.00   11.77      0.82  211.47  140.58       NaN    0.00    1.66       NaN    0.00    0.73      2.31    0.68    5.22   379.44  -18.79   389.28  -19.40 
 501    0.00   12.35      0.76  215.82  140.73       NaN    0.00    1.65       NaN    0.00    0.73       NaN    0.00    5.21   358.58  -51.12   368.53  -52.19 
