   6    0.34    5.34     44.28    1.00    0.83     21.06   11.43   13.89    327.33    0.00   46.07      7.74   55.09   55.25    98.63  136.04    80.58  136.30 
   7    0.34    5.27     52.15    0.41    0.77     17.77   16.32   14.24    327.33    0.00   39.49      7.66   54.35   55.12    99.16  136.55    81.28  136.94 
   8    0.34    5.81     42.11    1.29    0.84     17.91   15.93   14.45    327.33    0.00   34.55      7.60   55.79   55.21   100.50  136.22    82.54  136.53 
   9    0.34    5.86     46.03    0.82    0.83     16.78   18.27   14.87    327.33    0.00   30.71      7.79   53.42   55.01   100.76  135.91    82.71  136.25 
  10    0.34    5.87     48.27    0.64    0.81     15.82   20.12   15.40    327.33    0.00   27.64      7.60   54.36   54.94   102.14  135.03    84.14  135.76 
  11    0.00    5.82     41.06    1.47    0.87     25.70    6.45   14.58    313.23    0.00   25.13      8.12   49.81   54.48   102.08  135.42    84.10  136.05 
  12    0.00    5.78     41.38    1.41    0.92     20.15   12.13   14.38    313.23    0.00   23.03      8.07   50.29   54.13   102.06  135.58    83.87  136.27 
  13    0.00    5.81     37.08    2.32    1.03     19.59   13.01   14.27    313.23    0.00   21.26      8.11   52.22   53.98   103.53  134.65    85.19  135.60 
  14    0.00    5.79     43.50    1.10    1.03     18.68   14.24   14.27    313.23    0.00   19.74      8.10   51.28   53.79   104.25  134.24    86.16  135.28 
  15    0.00    5.79     43.13    1.15    1.04     17.22   17.05   14.46    313.23    0.00   18.43      8.12   50.84   53.59   104.66  134.10    86.32  134.77 
  16    0.01    5.97     55.38    0.28    0.99     20.40   11.89   14.30    314.48    0.00   17.28      8.55   48.05   53.24   104.92  133.76    86.65  134.27 
  17    0.01    5.98     41.95    1.31    1.01     20.51   11.72   14.15    314.48    0.00   16.26      8.38   50.43   53.08   105.92  133.72    87.51  134.61 
  18    0.01    5.96     42.91    1.18    1.02     20.13   12.02   14.03    314.48    0.00   15.36      8.47   48.18   52.81   106.47  133.59    88.15  134.07 
  19    0.01    6.01     38.60    1.94    1.07     17.55   16.41   14.15    314.48    0.00   14.55      8.43   49.36   52.63   107.16  133.88    89.00  134.34 
  20    0.01    5.95     40.02    1.64    1.10     18.14   15.17   14.20    314.48    0.00   13.82      8.51   48.27   52.41   107.84  132.91    89.51  133.38 
  21    0.01    6.08     40.32    1.59    1.12     22.49    9.26   13.97    312.78    0.00   13.16      9.03   44.84   52.05   108.08  133.02    89.77  133.37 
  22    0.01    6.08     39.04    1.85    1.15     20.47   11.41   13.85    312.78    0.00   12.56      8.76   45.74   51.76   108.93  133.46    90.54  133.95 
  23    0.01    6.02     36.93    2.36    1.21     20.37   11.46   13.75    312.78    0.00   12.02      9.01   43.95   51.42   109.64  133.12    90.89  133.44 
  24    0.01    6.12     39.23    1.81    1.23     19.23   12.93   13.71    312.78    0.00   11.52      8.60   44.87   51.15   109.83  133.53    91.02  133.77 
  25    0.01    6.02     38.98    1.88    1.26     18.00   14.78   13.76    312.78    0.00   11.06      8.84   44.02   50.86   110.40  133.30    92.19  133.49 
  26    0.01    6.23     38.40    2.01    1.29     20.64   10.88   13.65    310.52    0.00   10.63      8.61   44.67   50.62   110.73  133.24    92.49  133.53 
  27    0.01    6.21     38.49    1.99    1.31     19.09   13.13   13.63    310.52    0.00   10.24      8.61   45.05   50.42   110.96  134.26    92.69  134.71 
  28    0.01    6.24     37.20    2.32    1.35     17.92   14.52   13.66    310.52    0.00    9.87      8.52   44.94   50.22   112.17  133.63    93.48  133.87 
  29    0.01    6.24     35.17    2.93    1.40     17.58   14.90   13.70    310.52    0.00    9.53      8.33   45.14   50.05   112.83  134.49    93.97  134.74 
  30    0.01    6.23     43.86    1.09    1.39     17.25   15.28   13.75    310.52    0.00    9.21      8.15   45.68   49.90   113.43  134.21    94.60  134.40 
  31    0.01    6.20     41.06    1.50    1.40     20.60   10.48   13.65    310.78    0.00    8.92      8.42   43.42   49.69   113.07  134.69    94.54  134.86 
  32    0.01    6.21     39.00    1.89    1.41     19.71   11.41   13.58    310.78    0.00    8.64      8.51   43.14   49.49   113.63  134.20    94.95  134.83 
  33    0.01    6.19     39.44    1.80    1.42     19.12   12.28   13.54    310.78    0.00    8.38      8.46   43.69   49.31   114.04  134.47    94.92  134.48 
  34    0.01    6.02     38.44    2.03    1.44     18.22   13.20   13.53    310.78    0.00    8.13      8.24   43.50   49.14   114.52  134.55    95.93  135.00 
  35    0.01    6.19     41.64    1.41    1.44     18.04   13.30   13.52    310.78    0.00    7.90      8.34   42.46   48.95   115.00  134.16    96.52  134.48 
  36    0.02    6.05     36.97    2.41    1.47     20.91    9.45   13.41     40.48    1.14    7.71      8.22   42.45   48.77   115.09  134.56    96.54  135.13 
  37    0.02    6.18     35.35    2.90    1.51     21.77    8.51   13.28     40.48    1.14    7.53      8.21   42.99   48.61   115.70  134.33    96.92  134.71 
  38    0.02    6.07     36.81    2.46    1.53     20.49    9.81   13.19     40.48    1.14    7.36      7.95   43.40   48.48   115.85  134.63    96.98  134.95 
  39    0.02    6.20     34.43    3.24    1.58     19.86   10.47   13.12     40.48    1.14    7.20      8.04   43.03   48.34   116.65  134.91    97.66  135.16 
  40    0.02    6.30     37.13    2.39    1.60     17.72   13.42   13.12     40.48    1.14    7.05      7.97   43.19   48.21   116.43  134.83    97.40  135.00 
  41    0.02    6.15     37.34    2.33    1.61     21.35    8.73   13.02     34.30    2.29    6.94      8.14   42.13   48.06   116.94  135.45    97.88  135.83 
  42    0.02    6.23     35.87    2.77    1.64     19.74   10.30   12.95     34.30    2.29    6.83      8.06   41.88   47.91   117.46  135.82    98.36  136.07 
  43    0.02    6.01     35.87    2.77    1.67     18.90   11.62   12.92     34.30    2.29    6.72      7.94   43.04   47.80   117.48  136.77    98.42  137.29 
  44    0.02    6.23     36.24    2.67    1.69     18.53   11.92   12.90     34.30    2.29    6.62      8.08   41.59   47.66   117.87  136.82    98.72  137.13 
  45    0.02    6.23     34.36    3.32    1.73     17.45   13.77   12.92     34.30    2.29    6.52      8.22   41.98   47.53   117.77  137.36    99.04  138.27 
  46    0.02    6.24     38.39    2.09    1.73     20.73    9.19   12.84     31.96    2.95    6.45      7.96   41.63   47.40   118.02  137.84    98.86  138.24 
  47    0.02    6.34     38.20    2.15    1.74     20.07   10.11   12.78     31.96    2.95    6.37      8.19   41.19   47.27   118.05  138.30    99.17  138.98 
  48    0.02    6.20     37.52    2.33    1.76     20.56    9.33   12.71     31.96    2.95    6.30      7.99   41.55   47.15   118.88  138.41    99.95  139.08 
  49    0.02    6.28     40.10    1.74    1.76     19.55   10.64   12.66     31.96    2.95    6.23      7.96   42.15   47.05   119.16  138.70   100.06  139.55 
  50    0.02    6.20     38.37    2.12    1.76     19.61   10.56   12.62     31.96    2.95    6.17      7.93   41.86   46.95   119.35  139.11   100.37  139.70 
  51    0.03    5.98     38.12    2.19    1.77     21.87    8.33   12.54     30.49    3.45    6.11      8.06   42.28   46.85   119.52  138.95   100.49  139.75 
  52    0.03    5.99     37.30    2.40    1.78     20.31    9.89   12.49     30.49    3.45    6.06      7.90   42.24   46.77   119.58  139.40   100.58  139.58 
  53    0.03    6.02     35.08    3.09    1.81     19.86   10.48   12.45     30.49    3.45    6.01      8.09   42.16   46.68   119.77  139.06   100.76  139.33 
  54    0.03    6.03     35.72    2.88    1.83     19.42   11.04   12.42     30.49    3.45    5.97      8.01   42.20   46.60   120.57  139.01   101.36  139.37 
  55    0.03    6.01     36.08    2.76    1.84     18.35   12.45   12.42     30.49    3.45    5.92      8.10   41.88   46.51   120.80  137.70   101.49  138.64 
  56    0.03    6.20     35.04    3.11    1.87     21.68    8.49   12.35     29.51    3.83    5.88      8.08   42.47   46.44   120.77  138.42   101.53  139.24 
  57    0.03    6.22     37.59    2.33    1.88     20.26   10.04   12.31     29.51    3.83    5.85      7.98   42.54   46.37   121.00  137.37   101.82  138.40 
  58    0.03    6.21     38.49    2.11    1.88     19.31   11.33   12.30     29.51    3.83    5.81      8.34   41.82   46.29   121.63  137.48   102.36  138.55 
  59    0.03    6.22     35.90    2.84    1.90     18.60   12.44   12.30     29.51    3.83    5.78      8.34   42.00   46.22   121.78  137.64   102.94  138.85 
  60    0.03    6.21     34.74    3.24    1.92     17.54   14.49   12.34     29.51    3.83    5.74      8.41   43.22   46.17   122.34  136.61   103.43  137.69 
  61    0.04    6.01     37.01    2.50    1.93     26.63    5.10   12.22     28.75    4.15    5.72      8.29   43.22   46.12   122.21  136.80   103.33  137.95 
  62    0.04    5.98     36.07    2.77    1.94     21.45    9.19   12.17     28.75    4.15    5.69      8.48   42.66   46.06   122.52  136.56   103.58  137.89 
  63    0.04    6.07     37.07    2.48    1.95     21.95    8.72   12.11     28.75    4.15    5.67      8.50   42.50   46.01   122.61  136.52   103.68  137.55 
  64    0.04    5.99     37.83    2.27    1.95     20.98    9.86   12.08     28.75    4.15    5.65      8.70   42.67   45.96   122.77  136.02   103.86  137.06 
  65    0.04    5.99     37.81    2.28    1.96     20.39   10.60   12.06     28.75    4.15    5.62      8.51   43.55   45.92   122.93  135.93   103.88  136.94 
  66    0.04    5.95     38.96    2.00    1.96     22.04    8.79   12.01     28.35    4.33    5.60      8.43   44.02   45.89   122.98  136.12   103.93  137.30 
  67    0.04    5.94     36.77    2.57    1.97     21.75    9.04   11.96     28.35    4.33    5.58      8.74   42.90   45.84   123.49  135.75   104.36  137.16 
  68    0.04    5.97     35.46    2.99    1.98     20.37   10.62   11.94     28.35    4.33    5.57      8.61   43.06   45.80   123.63  135.40   104.62  136.80 
  69    0.04    5.95     37.26    2.43    1.99     19.96   11.39   11.93     28.35    4.33    5.55      8.77   43.66   45.77   123.79  136.20   104.67  137.41 
  70    0.04    5.94     37.67    2.32    2.00     19.24   12.47   11.94     28.35    4.33    5.53      8.80   43.28   45.74   123.82  135.25   104.91  136.50 
  71    0.05    5.96     36.59    2.64    2.00     22.11    9.29   11.90     27.90    4.56    5.52      9.06   43.46   45.70   124.01  135.49   104.66  136.50 
  72    0.05    6.10     38.38    2.14    2.01     20.98   10.60   11.89     27.90    4.56    5.50      9.15   43.17   45.67   123.85  135.92   104.97  136.59 
  73    0.05    5.94     38.60    2.08    2.01     20.67   10.99   11.87     27.90    4.56    5.49      9.06   44.24   45.65   124.59  135.85   105.59  136.54 
  74    0.05    5.92     42.53    1.33    2.00     19.25   12.80   11.89     27.90    4.56    5.48      8.99   44.21   45.63   124.40  135.75   105.49  136.30 
  75    0.05    5.95     38.72    2.07    2.00     20.10   11.84   11.89     27.90    4.56    5.47      9.09   44.37   45.61   124.67  136.10   106.05  136.76 
  76    0.05    5.94     37.34    2.42    2.00     23.09    8.21   11.84     27.60    4.73    5.46      9.09   43.76   45.59   124.69  136.10   106.16  136.75 
  77    0.05    5.93     35.60    2.96    2.02     21.81    9.62   11.81     27.60    4.73    5.45      8.91   44.43   45.57   124.76  135.57   106.13  136.21 
  78    0.05    5.97     36.05    2.81    2.03     21.05   10.39   11.79     27.60    4.73    5.44      8.87   45.02   45.57   125.09  135.63   106.27  136.68 
  79    0.05    5.96     36.07    2.82    2.04     20.67   10.89   11.78     27.60    4.73    5.43      8.88   44.87   45.56   125.36  135.73   106.96  136.67 
  80    0.05    5.92     38.05    2.23    2.04     20.02   11.64   11.78     27.60    4.73    5.42      8.83   44.47   45.55   125.85  135.31   107.10  136.48 
  81    0.06    5.92     34.32    3.43    2.06     21.99    9.27   11.75     27.28    4.92    5.41      9.01   43.47   45.52   126.04  135.73   107.26  137.07 
  82    0.06    5.89     34.94    3.19    2.07     23.22    8.07   11.70     27.28    4.92    5.41      9.05   43.51   45.50   125.87  135.27   106.98  136.52 
  83    0.06    5.90     36.76    2.60    2.08     22.19    9.01   11.67     27.28    4.92    5.40      9.04   43.42   45.47   125.95  135.34   107.37  136.59 
  84    0.06    5.86     36.56    2.65    2.08     21.05   10.29   11.65     27.28    4.92    5.40      9.08   42.67   45.44   126.17  135.56   107.50  136.56 
  85    0.06    5.88     38.68    2.08    2.08     20.27   11.36   11.65     27.28    4.92    5.39      8.77   44.15   45.42   126.27  135.83   107.36  136.83 
  86    0.07    5.84     38.96    2.01    2.08     20.65   11.05   11.64     27.06    5.06    5.39      8.95   43.93   45.40   126.02  135.55   107.38  136.45 
  87    0.07    5.87     35.07    3.17    2.10     19.48   12.76   11.65     27.06    5.06    5.38      9.00   44.30   45.39   126.79  135.56   108.04  136.72 
  88    0.07    5.84     38.05    2.24    2.10     20.22   11.69   11.66     27.06    5.06    5.38      9.17   42.66   45.36   126.42  135.75   107.53  136.94 
  89    0.07    5.84     38.89    2.03    2.10     19.53   12.88   11.67     27.06    5.06    5.38      9.07   44.02   45.35   126.50  135.84   107.68  136.98 
  90    0.07    5.87     37.28    2.46    2.10     19.66   12.49   11.68     27.06    5.06    5.37      9.04   44.31   45.33   126.54  135.86   107.61  136.87 
  91    0.07    5.92     36.63    2.65    2.11     24.21    7.51   11.63     26.88    5.18    5.37      9.08   43.84   45.32   126.39  135.64   107.89  136.59 
  92    0.07    5.93     36.40    2.70    2.11     23.52    7.98   11.59     26.88    5.18    5.37      9.11   43.17   45.29   126.76  135.79   107.89  136.74 
  93    0.07    5.94     37.02    2.53    2.12     22.39    9.20   11.57     26.88    5.18    5.37      8.92   44.20   45.28   126.73  135.39   107.90  136.11 
  94    0.07    5.94     39.88    1.82    2.11     21.93    9.57   11.55     26.88    5.18    5.36      9.07   43.30   45.26   126.57  135.98   107.55  136.97 
  95    0.07    5.93     37.22    2.47    2.12     20.94   10.77   11.54     26.88    5.18    5.36      9.09   43.11   45.24   126.71  135.32   107.73  136.19 
  96    0.08    5.82     35.98    2.85    2.13     23.23    8.29   11.50     26.74    5.28    5.36      8.93   44.12   45.23   126.85  135.65   108.05  136.42 
  97    0.08    5.84     40.60    1.68    2.12     21.48   10.16   11.49     26.74    5.28    5.36      8.98   43.88   45.21   126.93  135.64   108.15  136.97 
  98    0.08    5.80     36.43    2.72    2.13     20.92   10.72   11.48     26.74    5.28    5.36      9.13   42.71   45.19   127.13  135.21   108.40  136.54 
  99    0.08    5.76     42.84    1.29    2.12     21.81    9.76   11.46     26.74    5.28    5.36      8.91   43.92   45.17   126.86  135.40   107.89  136.78 
 100    0.08    5.86     37.86    2.29    2.12     20.34   11.64   11.47     26.74    5.28    5.36      8.98   44.12   45.16   127.56  135.12   108.51  136.64 
 101    0.09    5.88     38.92    2.04    2.12     21.39   10.32   11.45     26.56    5.40    5.36      9.10   43.23   45.14   127.31  135.10   108.10  136.86 
 102    0.09    5.89     40.26    1.74    2.12     23.11    8.47   11.43     26.56    5.40    5.36      9.07   43.29   45.13   127.38  135.11   108.25  136.69 
 103    0.09    5.88     36.78    2.61    2.12     22.10    9.62   11.41     26.56    5.40    5.36      9.00   43.90   45.11   127.20  135.57   108.02  137.03 
 104    0.09    5.82     42.48    1.36    2.11     21.90    9.71   11.39     26.56    5.40    5.36      9.11   42.78   45.09   127.40  135.26   108.18  136.73 
 105    0.09    5.82     40.00    1.80    2.11     20.84   11.00   11.39     26.56    5.40    5.36      9.11   43.47   45.08   127.49  135.57   108.43  137.06 
 106    0.10    5.81     42.00    1.43    2.10     23.93    7.65   11.35     26.47    5.47    5.36      9.14   42.61   45.05   127.59  135.08   108.54  136.77 
 107    0.10    5.87     38.94    2.04    2.10     21.31   10.43   11.34     26.47    5.47    5.36      9.18   43.12   45.04   127.79  134.78   108.89  136.49 
 108    0.10    5.88     42.55    1.34    2.10     22.35    9.20   11.32     26.47    5.47    5.36      9.15   42.82   45.01   127.36  135.34   108.69  137.08 
 109    0.10    5.92     38.04    2.26    2.10     21.06   10.70   11.32     26.47    5.47    5.36      9.16   43.04   45.00   127.80  134.79   108.95  136.59 
 110    0.10    5.88     38.08    2.25    2.10     21.32   10.41   11.31     26.47    5.47    5.36      9.03   43.09   44.98   127.30  135.72   108.42  137.68 
 111    0.12    5.73     40.92    1.62    2.10     22.20    9.55   11.29     26.35    5.56    5.37      9.07   43.46   44.97   127.11  135.56   108.46  137.40 
 112    0.12    5.76     38.48    2.14    2.10     23.78    7.80   11.26     26.35    5.56    5.37      8.96   43.71   44.95   127.68  134.98   108.71  137.03 
 113    0.12    5.73     43.04    1.27    2.09     23.06    8.67   11.24     26.35    5.56    5.37      8.98   44.52   44.95   127.68  135.20   108.92  136.75 
 114    0.12    5.76     40.61    1.67    2.08     21.56   10.12   11.23     26.35    5.56    5.37      9.08   43.41   44.94   127.82  135.02   109.01  136.45 
 115    0.12    5.77     46.06    0.89    2.07     22.10    9.53   11.22     26.35    5.56    5.37      9.12   43.30   44.92   127.74  135.20   108.83  136.47 
 116    0.13    5.65     40.56    1.69    2.07     24.18    7.49   11.18     26.25    5.64    5.38      9.19   42.67   44.90   127.73  134.77   108.99  136.53 
 117    0.13    5.62     42.49    1.35    2.06     22.30    9.42   11.17     26.25    5.64    5.38      9.38   41.63   44.88   127.11  134.99   108.46  136.63 
 118    0.13    5.63     42.14    1.41    2.06     22.34    9.17   11.15     26.25    5.64    5.38      9.23   42.08   44.85   127.53  135.00   108.68  136.68 
 119    0.13    5.64     37.17    2.49    2.06     21.24   10.41   11.15     26.25    5.64    5.38      9.21   41.88   44.83   127.55  134.07   108.62  136.16 
 120    0.13    5.61     40.40    1.72    2.06     20.46   11.27   11.15     26.25    5.64    5.38      9.04   42.83   44.81   127.57  133.87   108.38  135.82 
 121    0.14    5.82     36.02    2.84    2.07     22.46    8.89   11.13     26.13    5.73    5.39      9.25   40.93   44.78   127.84  133.38   108.87  135.58 
 122    0.14    5.83     44.87    1.02    2.06     22.04    9.37   11.11     26.13    5.73    5.39      9.12   41.89   44.75   127.87  133.22   109.02  135.16 
 123    0.14    5.88     42.44    1.35    2.05     22.78    8.67   11.09     26.13    5.73    5.39      9.10   42.42   44.74   127.80  133.74   108.97  135.43 
 124    0.14    5.83     40.29    1.73    2.05     21.35   10.13   11.09     26.13    5.73    5.40      9.34   40.98   44.71   128.02  133.83   109.10  135.38 
 125    0.14    5.85     37.58    2.37    2.05     21.33   10.28   11.08     26.13    5.73    5.40      9.22   41.57   44.68   127.76  133.26   108.88  135.72 
 126    0.16    5.51     40.07    1.78    2.05     23.66    7.86   11.05     26.04    5.79    5.40      9.26   41.54   44.66   127.57  133.56   108.54  135.49 
 127    0.16    5.50     36.68    2.62    2.05     23.92    7.64   11.03     26.04    5.79    5.40      9.25   41.66   44.63   127.79  133.52   108.89  135.35 
 128    0.16    5.49     36.28    2.75    2.06     22.61    8.99   11.01     26.04    5.79    5.41      9.37   41.23   44.61   127.51  133.65   108.46  135.58 
 129    0.16    5.52     40.59    1.68    2.06     22.34    9.35   11.00     26.04    5.79    5.41      9.33   41.87   44.58   127.67  133.54   108.73  135.37 
 130    0.16    5.52     37.82    2.31    2.06     22.87    8.65   10.98     26.04    5.79    5.41      9.40   41.16   44.56   127.83  133.20   108.86  135.37 
 131    0.24    5.88     39.57    1.88    2.06     23.05    8.47   10.96     25.99    5.84    5.42      9.15   42.28   44.54   128.04  133.90   109.10  135.70 
 132    0.24    5.87     38.46    2.15    2.06     22.69    8.85   10.94     25.99    5.84    5.42      9.45   40.96   44.51   128.14  133.96   109.21  135.73 
 133    0.24    5.90     38.95    2.03    2.06     20.80   11.06   10.95     25.99    5.84    5.42      9.36   40.99   44.49   127.45  134.66   108.77  136.44 
 134    0.24    5.87     38.39    2.17    2.06     20.76   11.25   10.95     25.99    5.84    5.43      9.46   40.81   44.46   127.43  134.30   108.79  136.27 
 135    0.24    5.94     42.60    1.33    2.05     21.31   10.59   10.95     25.99    5.84    5.43      9.49   41.52   44.44   127.82  134.03   108.94  135.87 
 136    0.17    5.49     38.81    2.07    2.05     23.09    8.58   10.93     25.90    5.91    5.43      9.55   40.96   44.41   127.42  134.36   108.98  136.11 
 137    0.17    5.49     40.79    1.65    2.05     22.02    9.79   10.92     25.90    5.91    5.44      9.66   40.90   44.39   128.02  134.00   109.15  136.13 
 138    0.17    5.48     39.84    1.84    2.05     22.24    9.42   10.91     25.90    5.91    5.44      9.64   39.96   44.35   127.64  134.73   109.05  136.82 
 139    0.17    5.48     38.52    2.14    2.05     22.14    9.69   10.90     25.90    5.91    5.44      9.57   41.00   44.33   127.13  134.53   109.03  136.33 
 140    0.17    5.46     38.20    2.23    2.05     22.53    9.00   10.89     25.90    5.91    5.45      9.50   40.82   44.30   127.92  134.28   109.34  136.02 
 141    0.17    5.79     39.01    2.02    2.05     22.64    9.07   10.87     25.83    5.97    5.45      9.58   40.89   44.28   127.25  134.31   108.71  135.88 
 142    0.17    5.90     40.38    1.73    2.05     22.08    9.42   10.86     25.83    5.97    5.45      9.43   40.51   44.25   127.16  134.38   109.04  135.94 
 143    0.17    6.03     40.97    1.61    2.05     22.27    9.26   10.85     25.83    5.97    5.46      9.45   40.70   44.23   127.96  133.65   109.05  135.58 
 144    0.17    6.01     41.75    1.48    2.04     22.67    8.70   10.84     25.83    5.97    5.46      9.46   39.83   44.20   127.87  133.94   109.07  135.58 
 145    0.17    5.51     41.74    1.47    2.04     21.07   10.53   10.83     25.83    5.97    5.46      9.43   40.51   44.17   127.92  133.70   109.18  136.04 
 146    0.20    5.68     42.64    1.33    2.03     23.31    8.05   10.82     25.76    6.02    5.47      9.45   39.56   44.14   128.05  133.91   109.08  136.15 
 147    0.20    5.58     44.09    1.13    2.03     23.00    8.52   10.80     25.76    6.02    5.47      9.35   40.70   44.12   127.43  133.56   108.60  135.92 
 148    0.20    5.01     37.41    2.43    2.03     21.58    9.81   10.79     25.76    6.02    5.47      9.45   40.08   44.09   128.13  133.41   109.23  136.02 
 149    0.20    5.62     40.52    1.70    2.03     22.31    9.29   10.78     25.76    6.02    5.48      9.49   40.07   44.06   127.55  133.91   108.47  136.24 
 150    0.20    5.00     41.67    1.48    2.02     21.56    9.97   10.78     25.76    6.02    5.48      9.81   38.62   44.03   127.46  133.12   108.70  135.22 
 151    0.21    5.91     40.27    1.74    2.02     24.27    7.36   10.76     25.68    6.08    5.49      9.57   40.04   44.00   127.39  133.94   108.55  135.92 
 152    0.21    5.84     42.40    1.36    2.02     23.33    8.22   10.74     25.68    6.08    5.49      9.58   39.96   43.97   127.62  133.71   108.95  135.73 
 153    0.21    5.92     40.57    1.68    2.01     22.80    8.67   10.73     25.68    6.08    5.49      9.39   40.44   43.95   127.63  133.08   108.97  135.32 
 154    0.21    5.82     39.73    1.85    2.01     22.96    8.54   10.71     25.68    6.08    5.50      9.50   40.23   43.93   127.86  133.91   108.91  135.62 
 155    0.21    5.88     42.39    1.36    2.01     22.41    9.03   10.70     25.68    6.08    5.50      9.36   40.25   43.90   127.62  133.43   108.46  135.16 
 156    0.24    5.41     42.99    1.27    2.01     23.94    7.55   10.68     25.66    6.10    5.51      9.56   39.46   43.88   127.78  133.61   108.60  134.93 
 157    0.24    5.39     43.47    1.20    2.00     23.95    7.55   10.66     25.66    6.10    5.51      9.18   41.27   43.86   127.85  133.51   108.93  135.77 
 158    0.24    5.35     44.57    1.06    1.99     22.51    8.79   10.65     25.66    6.10    5.51      9.27   40.38   43.84   128.07  133.71   109.31  135.74 
 159    0.24    5.30     38.31    2.19    2.00     22.60    8.70   10.64     25.66    6.10    5.52      9.23   40.62   43.82   127.87  134.20   109.17  136.31 
 160    0.24    5.45     39.02    2.01    2.00     21.19   10.19   10.63     25.66    6.10    5.52      9.26   40.70   43.80   127.57  134.30   108.51  135.98 
 161    0.24    5.67     36.89    2.57    2.00     22.23    9.02   10.62     25.61    6.13    5.52      9.32   40.47   43.78   127.77  134.00   108.75  135.88 
 162    0.24    5.85     38.12    2.24    2.00     21.82    9.30   10.61     25.61    6.13    5.53      9.27   39.76   43.75   128.09  134.53   109.10  135.94 
 163    0.24    5.92     41.10    1.59    2.00     22.31    8.83   10.60     25.61    6.13    5.53      9.34   39.59   43.73   127.86  134.65   108.77  135.81 
 164    0.24    5.96     40.20    1.76    2.00     22.23    8.72   10.59     25.61    6.13    5.53      9.39   38.83   43.70   128.31  134.96   109.54  136.85 
 165    0.24    5.51     39.94    1.82    2.00     21.36    9.82   10.59     25.61    6.13    5.54      9.33   39.56   43.67   127.81  134.77   108.69  136.35 
 166    0.25    5.52     47.53    0.76    1.99     22.87    8.03   10.57     25.55    6.18    5.54      9.22   39.33   43.64   128.55  134.61   109.49  136.48 
 167    0.25    5.51     48.14    0.71    1.98     22.72    8.19   10.56     25.55    6.18    5.55      9.22   39.18   43.62   127.98  134.74   108.86  136.45 
 168    0.25    5.50     46.75    0.83    1.97     21.89    8.94   10.55     25.55    6.18    5.55      9.09   39.65   43.59   128.19  135.14   109.13  136.35 
 169    0.25    5.49     43.03    1.27    1.97     21.72    9.08   10.54     25.55    6.18    5.55      9.21   38.58   43.56   128.57  135.08   109.41  136.87 
 170    0.25    5.49     41.15    1.58    1.97     22.22    8.48   10.53     25.55    6.18    5.56      9.06   38.84   43.54   128.64  134.58   109.55  136.63 
 171    0.27    5.91     41.30    1.56    1.96     21.29    9.43   10.52     25.50    6.20    5.56      9.04   39.40   43.51   129.20  134.62   109.79  136.37 
 172    0.27    5.83     42.59    1.34    1.96     22.94    7.71   10.50     25.50    6.20    5.56      9.03   38.25   43.48   128.41  134.88   109.15  136.37 
 173    0.27    5.89     41.73    1.49    1.96     23.44    7.36   10.49     25.50    6.20    5.57      9.11   38.27   43.45   128.64  134.77   109.37  136.34 
 174    0.27    5.85     41.32    1.55    1.96     21.58    8.85   10.48     25.50    6.20    5.57      8.96   38.18   43.42   128.99  134.53   110.09  136.15 
 175    0.27    5.88     41.08    1.60    1.95     20.75    9.82   10.47     25.50    6.20    5.58      8.92   38.54   43.39   128.97  134.88   109.78  136.35 
 176    0.29    5.22     41.09    1.59    1.95     23.12    7.46   10.46     25.42    6.24    5.58      8.93   38.43   43.37   129.06  134.69   109.73  136.08 
 177    0.29    4.89     39.57    1.90    1.95     22.99    7.54   10.44     25.42    6.24    5.58      9.08   37.45   43.33   128.94  134.07   109.66  135.84 
 178    0.29    4.93     38.87    2.05    1.95     21.70    8.67   10.43     25.42    6.24    5.59      9.04   38.19   43.30   129.70  134.39   110.35  136.01 
 179    0.29    4.90     39.89    1.83    1.95     21.33    9.09   10.42     25.42    6.24    5.59      9.00   37.45   43.27   128.95  134.51   109.97  135.82 
 180    0.29    5.21     41.22    1.57    1.95     21.22    9.19   10.42     25.42    6.24    5.59      9.02   37.88   43.24   129.65  134.11   110.31  135.92 
 181    0.30    5.70     38.16    2.23    1.95     22.38    7.90   10.40     25.37    6.27    5.60      8.79   38.26   43.21   129.98  134.40   110.84  136.23 
 182    0.30    5.73     40.73    1.66    1.95     21.60    8.67   10.39     25.37    6.27    5.60      8.92   37.64   43.18   129.84  134.27   110.96  135.94 
 183    0.30    5.71     41.35    1.56    1.95     21.56    8.66   10.38     25.37    6.27    5.61      8.77   38.54   43.16   129.83  134.40   111.02  135.91 
 184    0.30    5.71     38.02    2.27    1.95     20.92    9.47   10.38     25.37    6.27    5.61      8.88   38.36   43.13   129.61  134.94   110.77  136.61 
 185    0.30    5.73     40.23    1.77    1.95     20.94    9.44   10.37     25.37    6.27    5.61      8.92   38.39   43.11   130.34  134.55   110.62  136.62 
 186    0.33    5.35     41.67    1.50    1.95     21.70    8.65   10.36     25.31    6.29    5.62      8.88   38.36   43.08   129.86  135.78   111.01  137.03 
 187    0.33    5.49     43.79    1.17    1.94     21.28    8.91   10.36     25.31    6.29    5.62      9.04   37.41   43.05   130.63  135.58   111.79  136.99 
 188    0.33    5.44     39.75    1.87    1.94     21.21    9.04   10.35     25.31    6.29    5.62      8.96   38.02   43.02   130.89  135.82   111.94  137.20 
 189    0.33    5.51     38.78    2.10    1.94     21.96    8.30   10.34     25.31    6.29    5.63      9.08   37.23   42.99   130.78  135.55   111.25  137.12 
 190    0.33    5.47     42.60    1.36    1.94     21.61    8.66   10.33     25.31    6.29    5.63      9.06   37.44   42.96   130.63  136.01   111.56  137.37 
 191    0.35    5.90     40.06    1.81    1.94     21.77    8.42   10.32     25.26    6.31    5.63      9.18   36.92   42.93   130.83  136.10   112.05  137.36 
 192    0.35    6.03     41.76    1.49    1.94     21.95    8.23   10.31     25.26    6.31    5.64      9.05   37.18   42.90   131.20  135.74   111.97  137.36 
 193    0.35    5.91     41.65    1.51    1.93     22.08    8.23   10.30     25.26    6.31    5.64      8.94   37.90   42.88   131.05  136.07   111.87  137.38 
 194    0.35    5.98     44.08    1.14    1.93     21.41    8.87   10.29     25.26    6.31    5.64      9.02   37.49   42.85   131.41  136.01   111.80  137.23 
 195    0.35    5.47     39.23    2.00    1.93     20.90    9.41   10.29     25.26    6.31    5.65      8.93   37.98   42.82   131.59  135.60   112.32  137.00 
 196    0.37    5.30     39.50    1.94    1.93     21.80    8.50   10.28     25.22    6.33    5.65      9.12   37.36   42.79   131.93  135.25   112.63  136.71 
 197    0.37    5.48     41.54    1.53    1.93     21.65    8.71   10.27     25.22    6.33    5.65      8.87   38.45   42.77   131.63  135.36   112.17  136.61 
 198    0.37    5.29     36.99    2.58    1.93     20.85    9.69   10.27     25.22    6.33    5.66      8.90   38.69   42.75   131.37  134.64   112.11  135.86 
 199    0.37    5.50     39.64    1.90    1.93     21.50    8.94   10.26     25.22    6.33    5.66      8.97   38.43   42.73   132.37  134.58   112.85  136.02 
 200    0.37    5.31     40.12    1.80    1.93     20.27   10.35   10.26     25.22    6.33    5.66      8.91   38.45   42.71   131.64  134.76   112.03  136.28 
 201    0.38    4.91     41.65    1.51    1.93     22.75    7.74   10.25     25.15    6.37    5.67      8.99   38.09   42.69   131.95  134.34   112.51  135.78 
 202    0.38    5.11     40.55    1.71    1.93     21.71    8.78   10.24     25.15    6.37    5.67      9.02   38.06   42.66   132.02  134.54   112.21  135.66 
 203    0.38    5.24     42.43    1.38    1.92     22.13    8.28   10.23     25.15    6.37    5.68      8.98   38.08   42.64   132.32  134.12   112.78  135.05 
 204    0.38    5.12     38.33    2.20    1.93     21.45    8.96   10.22     25.15    6.37    5.68      8.89   38.34   42.62   132.26  134.00   112.75  135.14 
 205    0.38    5.24     40.98    1.63    1.92     21.08    9.44   10.22     25.15    6.37    5.68      8.97   38.55   42.60   132.54  134.29   112.79  135.40 
 206    0.39    5.63     39.12    2.03    1.92     22.23    8.29   10.21     25.11    6.39    5.69      8.97   38.36   42.58   132.46  134.43   112.80  135.88 
 207    0.39    4.92     38.81    2.10    1.93     20.97    9.55   10.21     25.11    6.39    5.69      8.97   38.55   42.56   133.07  133.60   113.69  135.33 
 208    0.39    5.63     39.93    1.84    1.93     21.39    9.15   10.20     25.11    6.39    5.69      8.94   38.65   42.54   133.25  133.86   113.65  135.44 
 209    0.39    4.95     36.81    2.64    1.93     21.14    9.36   10.20     25.11    6.39    5.70      8.92   38.46   42.52   133.00  134.21   113.17  135.45 
 210    0.39    5.65     39.87    1.87    1.93     19.70   10.98   10.20     25.11    6.39    5.70      8.87   38.77   42.50   133.71  134.07   113.95  135.26 
 211    0.42    4.94     39.73    1.90    1.93     20.75    9.78   10.20     25.04    6.42    5.70      8.89   38.65   42.49   133.80  134.19   114.49  135.78 
 212    0.42    5.24     37.78    2.38    1.93     21.21    9.19   10.20     25.04    6.42    5.71      9.09   37.48   42.46   133.75  134.40   114.24  135.60 
 213    0.42    5.40     37.94    2.34    1.93     20.15   10.39   10.20     25.04    6.42    5.71      9.11   37.47   42.44   133.67  134.11   114.49  135.41 
 214    0.42    5.22     39.60    1.93    1.93     19.34   11.54   10.20     25.04    6.42    5.71      9.01   38.44   42.42   133.66  134.70   114.36  135.94 
 215    0.42    5.41     40.46    1.76    1.93     19.16   11.83   10.21     25.04    6.42    5.72      9.12   38.44   42.40   134.31  134.42   115.07  136.09 
 216    0.46    5.64     43.09    1.29    1.93     21.45    9.27   10.21     24.98    6.46    5.72      9.35   38.02   42.38   134.51  134.31   115.23  135.99 
 217    0.46    4.98     41.61    1.54    1.93     20.96    9.93   10.20     24.98    6.46    5.72      9.03   39.73   42.37   134.43  134.92   115.28  136.60 
 218    0.46    5.63     40.79    1.70    1.93     21.33    9.46   10.20     24.98    6.46    5.73      9.29   38.37   42.35   134.78  134.86   115.64  136.41 
 219    0.46    4.99     42.77    1.35    1.92     21.04    9.84   10.20     24.98    6.46    5.73      9.25   39.12   42.34   134.80  135.32   115.62  136.81 
 220    0.46    5.62     45.82    0.95    1.92     19.90   11.20   10.20     24.98    6.46    5.73      9.29   38.68   42.32   134.78  135.42   115.74  136.78 
 221    0.48    4.95     38.40    2.24    1.92     20.60   10.28   10.20     24.95    6.48    5.74      9.17   38.92   42.30   135.31  134.94   116.31  136.50 
 222    0.48    5.32     43.48    1.24    1.92     20.93    9.88   10.20     24.95    6.48    5.74      8.93   40.17   42.29   135.09  135.57   115.88  137.23 
 223    0.48    5.50     41.72    1.53    1.92     20.15   10.79   10.21     24.95    6.48    5.74      9.05   39.22   42.28   135.58  135.16   116.43  136.58 
 224    0.48    5.45     42.59    1.38    1.91     18.71   12.67   10.22     24.95    6.48    5.75      9.02   39.39   42.27   135.43  135.26   116.27  136.55 
 225    0.48    5.34     43.62    1.23    1.91     18.20   13.45   10.23     24.95    6.48    5.75      9.12   38.84   42.25   135.74  135.55   116.77  136.75 
 226    0.50    5.49     38.63    2.19    1.91     21.26    9.34   10.23     24.87    6.53    5.75      9.11   38.73   42.24   135.74  135.04   116.48  136.63 
 227    0.50    5.35     40.46    1.77    1.91     20.11   10.71   10.23     24.87    6.53    5.76      8.89   39.62   42.22   136.34  134.81   117.34  136.53 
 228    0.50    5.42     39.02    2.09    1.91     18.89   12.27   10.24     24.87    6.53    5.76      8.95   39.04   42.21   136.60  134.06   117.64  135.77 
 229    0.50    5.42     41.34    1.60    1.91     18.30   13.31   10.25     24.87    6.53    5.76      8.75   40.47   42.20   136.59  134.74   118.07  136.18 
 230    0.50    5.32     37.02    2.65    1.91     17.95   13.67   10.27     24.87    6.53    5.77      8.84   39.63   42.19   136.80  134.27   118.17  135.80 
 231    0.54    5.25     38.52    2.22    1.91     20.25   10.82   10.27     24.80    6.57    5.77      8.78   40.67   42.19   137.18  133.91   118.50  135.57 
 232    0.54    5.00     38.41    2.24    1.92     19.60   12.00   10.28     24.80    6.57    5.77      8.85   41.09   42.18   137.48  134.12   118.57  135.67 
 233    0.54    5.19     40.40    1.79    1.92     18.17   14.22   10.29     24.80    6.57    5.78      9.07   39.84   42.17   138.09  133.95   119.81  135.66 
 234    0.54    4.97     36.83    2.69    1.92     17.74   14.75   10.31     24.80    6.57    5.78      8.88   40.08   42.16   137.67  133.69   119.16  135.27 
 235    0.54    5.22     37.84    2.41    1.92     17.50   15.44   10.33     24.80    6.57    5.78      8.85   40.69   42.16   138.06  133.79   119.82  135.66 
 236    0.56    5.62     32.56    4.44    1.93     19.32   12.01   10.34     24.71    6.64    5.79      8.90   39.34   42.14   137.99  134.24   119.70  135.98 
 237    0.56    5.02     34.54    3.54    1.94     18.34   13.59   10.35     24.71    6.64    5.79      8.53   41.48   42.14   138.31  133.79   120.18  135.49 
 238    0.56    5.64     38.59    2.22    1.94     17.99   14.40   10.37     24.71    6.64    5.79      8.72   41.49   42.14   139.31  133.75   121.09  135.72 
 239    0.56    4.99     34.43    3.61    1.95     18.02   14.63   10.39     24.71    6.64    5.80      8.64   42.32   42.14   139.04  134.73   120.79  136.62 
 240    0.56    5.64     35.69    3.13    1.95     17.32   15.32   10.41     24.71    6.64    5.80      8.69   41.38   42.14   140.25  134.94   122.06  136.51 
 241    0.57    4.95     36.09    2.98    1.96     20.48   10.72   10.41     24.59    6.74    5.80      8.93   40.21   42.13   140.02  134.89   121.94  136.45 
 242    0.57    5.13     38.69    2.22    1.96     18.81   12.46   10.42     24.59    6.74    5.81      8.73   40.32   42.12   140.86  135.04   122.98  136.53 
 243    0.57    5.41     38.13    2.37    1.96     18.40   13.08   10.43     24.59    6.74    5.81      9.11   38.95   42.11   141.24  134.79   123.47  136.70 
 244    0.57    5.43     34.93    3.44    1.96     17.47   14.51   10.45     24.59    6.74    5.82      8.79   40.39   42.10   141.35  135.44   123.72  137.20 
 245    0.57    5.14     37.12    2.67    1.97     16.53   16.25   10.47     24.59    6.74    5.82      8.77   40.29   42.09   141.76  134.72   124.41  136.72 
 246    0.63    5.01     34.89    3.46    1.97     19.84   10.93   10.47     24.51    6.80    5.82      8.90   39.38   42.08   142.12  134.87   124.81  136.79 
 247    0.63    5.02     41.45    1.62    1.97     19.13   11.71   10.48     24.51    6.80    5.83      8.83   39.41   42.07   142.94  135.00   125.49  137.05 
 248    0.63    5.00     37.15    2.67    1.97     18.83   12.09   10.48     24.51    6.80    5.83      8.81   39.31   42.06   142.96  134.25   124.90  136.62 
 249    0.63    5.04     36.46    2.89    1.98     18.05   13.11   10.50     24.51    6.80    5.84      8.75   39.72   42.05   143.53  134.19   126.28  136.41 
 250    0.63    5.01     37.37    2.60    1.98     17.05   14.78   10.51     24.51    6.80    5.84      8.54   41.18   42.05   144.16  133.99   126.49  135.88 
 251    0.67    5.45     33.86    3.90    1.99     19.98   10.60   10.51     24.41    6.86    5.84      8.65   40.49   42.04   144.25  133.72   126.76  136.12 
 252    0.67    5.46     38.37    2.32    1.99     17.88   13.26   10.52     24.41    6.86    5.85      8.60   40.33   42.03   144.97  133.58   127.61  135.70 
 253    0.67    5.46     34.66    3.57    2.00     16.80   14.92   10.54     24.41    6.86    5.85      8.52   40.22   42.03   144.67  133.24   127.40  135.13 
 254    0.67    5.46     37.25    2.65    2.00     17.14   14.33   10.56     24.41    6.86    5.86      8.47   40.30   42.02   146.23  133.58   129.16  135.42 
 255    0.67    5.46     38.70    2.24    2.00     16.83   14.63   10.57     24.41    6.86    5.86      8.40   39.69   42.01   146.16  132.73   128.97  134.49 
 256    0.69    5.18     39.47    2.06    2.00     19.71   10.62   10.57     24.31    6.93    5.86      8.60   39.28   42.00   146.67  132.66   129.65  134.74 
 257    0.69    5.20     34.33    3.74    2.01     18.49   12.08   10.58     24.31    6.93    5.87      8.57   38.45   41.99   147.38  132.90   130.25  134.93 
 258    0.69    5.18     35.54    3.25    2.01     17.30   13.96   10.59     24.31    6.93    5.87      8.34   39.49   41.98   147.73  132.63   130.61  134.47 
 259    0.69    5.21     39.47    2.07    2.01     16.84   14.59   10.61     24.31    6.93    5.88      8.27   39.74   41.97   148.81  132.88   131.64  135.16 
 260    0.69    5.21     39.54    2.05    2.01     16.44   15.22   10.62     24.31    6.93    5.88      8.18   39.75   41.96   149.30  132.65   132.16  134.62 
 261    0.73    5.45     36.79    2.83    2.02     19.12   10.97   10.63     24.21    7.00    5.88      8.19   39.09   41.95   149.65  132.54   132.36  134.65 
 262    0.73    4.91     37.58    2.60    2.02     17.65   12.95   10.63     24.21    7.00    5.89      8.10   39.20   41.94   150.35  132.62   133.19  134.47 
 263    0.73    4.92     38.10    2.45    2.02     16.99   13.69   10.65     24.21    7.00    5.89      7.82   40.07   41.93   151.20  133.03   133.93  134.66 
 264    0.73    5.49     37.98    2.49    2.02     16.36   14.52   10.66     24.21    7.00    5.90      8.06   38.61   41.92   151.41  133.25   133.95  134.89 
 265    0.73    4.92     40.03    1.97    2.02     16.58   14.24   10.67     24.21    7.00    5.90      7.88   39.37   41.91   152.25  132.85   134.97  134.48 
 266    0.77    4.96     38.87    2.25    2.02     19.40   10.18   10.67     24.11    7.06    5.91      7.80   39.45   41.90   152.62  132.76   135.50  134.35 
 267    0.77    5.43     39.39    2.13    2.02     17.62   12.79   10.68     24.11    7.06    5.91      7.68   40.19   41.89   153.74  133.29   136.80  134.86 
 268    0.77    5.46     37.67    2.61    2.02     17.28   12.99   10.69     24.11    7.06    5.91      7.77   39.22   41.88   154.21  133.05   137.04  134.64 
 269    0.77    4.94     41.70    1.63    2.02     16.32   14.84   10.70     24.11    7.06    5.92      7.54   41.22   41.88   154.70  133.05   137.54  134.53 
 270    0.77    5.41     43.88    1.28    2.02     15.74   15.56   10.72     24.11    7.06    5.92      7.56   40.08   41.87   155.73  133.61   138.43  135.03 
 271    0.77    5.03     40.00    2.00    2.02     18.93   10.96   10.72     24.02    7.11    5.93      7.57   40.31   41.87   155.92  133.51   139.08  135.02 
 272    0.77    4.98     41.47    1.69    2.02     17.69   12.53   10.73     24.02    7.11    5.93      7.66   39.46   41.86   156.10  133.20   139.09  134.63 
 273    0.77    5.14     40.08    1.99    2.02     15.92   15.81   10.75     24.02    7.11    5.94      7.66   40.23   41.85   156.74  133.53   139.96  134.96 
 274    0.77    5.17     38.81    2.31    2.02     15.52   16.69   10.77     24.02    7.11    5.94      7.71   40.51   41.85   157.69  132.38   140.48  133.88 
 275    0.77    5.00     40.89    1.82    2.02     14.64   19.46   10.80     24.02    7.11    5.94      7.64   43.05   41.85   158.60  131.65   141.41  133.14 
 276    0.85    5.56     40.13    1.98    2.02     19.58   11.14   10.80     23.91    7.19    5.95      7.99   41.53   41.85   159.07  131.28   142.63  132.60 
 277    0.85    5.98     41.39    1.71    2.02     19.03   12.19   10.81     23.91    7.19    5.95      7.96   42.78   41.85   159.39  130.52   142.70  131.77 
 278    0.85    4.95     40.66    1.86    2.02     18.32   12.93   10.82     23.91    7.19    5.96      8.03   41.97   41.86   159.67  130.47   142.65  131.73 
 279    0.85    4.96     41.47    1.70    2.02     17.69   14.43   10.83     23.91    7.19    5.96      7.91   43.80   41.86   160.38  129.79   143.47  130.94 
 280    0.85    5.71     38.39    2.43    2.02     16.84   15.63   10.85     23.91    7.19    5.97      8.12   41.96   41.86   161.41  129.11   144.35  130.19 
 281    0.91    5.15     38.96    2.28    2.02     18.87   12.75   10.85     23.83    7.25    5.97      8.20   42.22   41.86   162.07  129.02   145.32  130.37 
 282    0.91    4.95     39.16    2.22    2.02     18.42   13.28   10.86     23.83    7.25    5.98      8.38   41.18   41.86   161.92  128.90   145.07  130.19 
 283    0.91    5.13     39.10    2.24    2.02     18.08   13.85   10.87     23.83    7.25    5.98      8.29   41.79   41.86   163.03  129.10   145.86  130.21 
 284    0.91    5.30     42.10    1.59    2.02     17.69   14.49   10.88     23.83    7.25    5.98      8.43   41.33   41.86   163.93  128.87   146.76  129.99 
 285    0.91    5.16     40.70    1.88    2.02     17.88   14.12   10.90     23.83    7.25    5.99      8.36   41.57   41.86   164.18  129.19   147.05  130.35 
 286    0.95    5.04     39.21    2.23    2.02     20.97    9.71   10.89     23.74    7.32    5.99      8.48   40.66   41.85   164.61  129.63   147.56  130.74 
 287    0.95    5.21     39.09    2.26    2.02     20.40   10.57   10.89     23.74    7.32    6.00      8.37   41.61   41.85   164.72  130.01   147.79  131.42 
 288    0.95    4.96     39.49    2.17    2.02     19.32   12.09   10.89     23.74    7.32    6.00      8.39   41.84   41.85   164.89  130.25   148.16  131.53 
 289    0.95    4.94     41.20    1.79    2.02     19.97   11.29   10.90     23.74    7.32    6.01      8.39   42.11   41.85   165.61  130.43   149.02  131.88 
 290    0.95    4.93     38.81    2.35    2.02     19.62   11.60   10.90     23.74    7.32    6.01      8.48   41.32   41.85   165.60  130.94   148.84  132.63 
 291    0.99    4.95     40.14    2.03    2.02     20.83   10.42   10.90     23.69    7.37    6.02      8.33   43.11   41.86   166.01  130.46   149.26  132.28 
 292    0.99    5.95     36.67    3.03    2.02     19.41   12.09   10.90     23.69    7.37    6.02      8.56   41.32   41.85   166.38  130.68   149.81  132.47 
 293    0.99    4.99     38.41    2.48    2.03     18.69   13.24   10.91     23.69    7.37    6.03      8.18   43.57   41.86   167.33  130.68   150.98  132.40 
 294    0.99    5.92     39.81    2.12    2.03     19.32   11.94   10.91     23.69    7.37    6.03      8.23   42.43   41.86   167.43  130.29   151.30  131.57 
 295    0.99    5.73     38.49    2.47    2.03     18.78   12.71   10.92     23.69    7.37    6.04      8.02   43.86   41.87   167.81  129.86   151.00  131.42 
 296    1.05    4.98     40.33    2.00    2.03     21.09    9.51   10.91     23.62    7.42    6.04      8.27   41.94   41.87   168.45  129.88   151.78  131.46 
 297    1.05    5.03     42.56    1.55    2.03     20.01   10.91   10.91     23.62    7.42    6.04      8.24   42.70   41.87   169.01  129.76   151.89  131.33 
 298    1.05    5.01     40.28    2.01    2.03     20.11   10.79   10.91     23.62    7.42    6.05      8.30   42.15   41.87   169.18  129.39   152.32  130.90 
 299    1.05    4.97     39.66    2.17    2.03     19.13   12.05   10.92     23.62    7.42    6.05      8.20   42.52   41.88   169.24  129.20   152.50  131.04 
 300    1.05    5.05     40.45    1.98    2.03     19.20   12.04   10.92     23.62    7.42    6.06      8.35   42.10   41.88   169.95  129.26   153.05  130.69 
 301    1.06    4.96     40.18    2.05    2.03     20.03   11.11   10.92     23.56    7.47    6.06      8.34   42.51   41.88   170.08  129.26   153.16  130.70 
 302    1.06    6.14     40.18    2.05    2.03     19.62   11.62   10.92     23.56    7.47    6.07      8.18   43.26   41.88   170.57  129.22   153.59  131.00 
 303    1.06    5.55     39.19    2.29    2.03     20.05   11.05   10.92     23.56    7.47    6.07      8.28   42.95   41.89   170.40  129.66   153.69  131.09 
 304    1.06    6.11     39.81    2.14    2.03     19.34   11.92   10.93     23.56    7.47    6.08      8.36   42.41   41.89   170.52  129.42   153.53  130.74 
 305    1.06    5.53     40.40    2.00    2.03     20.01   10.95   10.93     23.56    7.47    6.08      8.25   42.95   41.89   171.14  129.77   154.43  131.08 
 306    1.15    5.13     40.24    2.04    2.03     20.69   10.10   10.92     23.51    7.52    6.09      8.15   43.34   41.90   171.34  130.00   154.52  131.24 
 307    1.15    5.27     39.90    2.12    2.03     20.73   10.15   10.92     23.51    7.52    6.09      8.46   42.49   41.90   171.44  130.10   154.67  131.44 
 308    1.15    5.44     39.80    2.15    2.03     20.05   11.01   10.92     23.51    7.52    6.10      8.34   43.26   41.90   171.69  130.92   154.86  132.44 
 309    1.15    5.26     38.28    2.56    2.03     18.59   13.23   10.93     23.51    7.52    6.10      8.56   42.98   41.91   171.14  131.29   154.26  132.71 
 310    1.15    5.44     39.64    2.21    2.03     17.97   14.29   10.94     23.51    7.52    6.10      8.37   44.63   41.92   171.94  132.14   155.10  133.74 
 311    1.20    4.93     38.91    2.40    2.03     19.86   11.40   10.94     23.44    7.57    6.11      8.57   43.16   41.92   171.66  132.96   154.73  134.69 
 312    1.20    5.00     37.40    2.87    2.03     19.55   11.96   10.95     23.44    7.57    6.11      8.57   43.83   41.93   171.20  134.13   154.44  135.58 
 313    1.20    4.94     37.43    2.87    2.04     18.63   13.33   10.95     23.44    7.57    6.12      8.48   44.18   41.93   171.37  134.76   154.98  136.20 
 314    1.20    5.02     35.67    3.51    2.04     18.10   14.38   10.96     23.44    7.57    6.12      8.58   44.44   41.94   170.86  135.56   154.28  137.06 
 315    1.20    4.93     37.12    2.98    2.04     17.83   15.02   10.98     23.44    7.57    6.13      8.41   45.43   41.95   171.24  136.03   154.61  137.63 
 316    1.26    4.95     36.15    3.33    2.05     19.77   11.78   10.98     23.37    7.63    6.13      8.67   43.47   41.96   171.00  136.24   154.35  137.49 
 317    1.26    4.94     35.92    3.43    2.05     18.77   13.32   10.99     23.37    7.63    6.14      8.60   44.23   41.96   170.69  137.14   153.77  138.25 
 318    1.26    5.50     36.55    3.18    2.06     18.43   13.74   11.00     23.37    7.63    6.14      8.77   42.88   41.97   170.59  136.81   153.86  138.05 
 319    1.26    4.97     37.76    2.77    2.06     17.53   15.31   11.01     23.37    7.63    6.15      8.76   43.19   41.97   170.69  136.96   153.83  138.31 
 320    1.26    5.74     35.96    3.40    2.06     17.28   15.98   11.02     23.37    7.63    6.15      8.64   44.14   41.98   170.19  136.31   153.43  137.74 
 321    1.24    4.97     37.25    2.93    2.07     18.78   13.29   11.03     23.29    7.71    6.16      8.69   43.42   41.98   169.80  135.83   153.09  137.06 
 322    1.24    4.91     36.05    3.35    2.07     18.20   14.28   11.04     23.29    7.71    6.16      8.65   43.69   41.99   169.45  135.09   152.72  136.67 
 323    1.24    4.97     36.39    3.21    2.07     17.93   14.84   11.05     23.29    7.71    6.17      8.53   44.70   42.00   169.05  134.00   152.32  135.66 
 324    1.24    5.01     35.63    3.49    2.08     16.44   17.22   11.07     23.29    7.71    6.17      8.67   43.39   42.00   168.76  133.69   151.58  135.42 
 325    1.24    4.93     35.95    3.36    2.08     17.69   15.12   11.08     23.29    7.71    6.18      8.56   44.15   42.01   168.32  132.31   151.22  133.93 
 326    1.36    4.95     34.60    3.90    2.09     19.15   12.71   11.09     23.21    7.78    6.18      8.77   43.36   42.01   167.71  131.97   150.23  133.37 
 327    1.36    4.90     34.86    3.76    2.09     18.63   13.75   11.10     23.21    7.78    6.19      8.88   43.27   42.01   167.27  131.40   149.78  132.70 
 328    1.36    4.95     35.83    3.36    2.10     18.29   14.07   11.11     23.21    7.78    6.19      8.98   42.55   42.02   167.06  131.09   149.36  131.99 
 329    1.36    5.46     37.42    2.79    2.10     17.97   14.94   11.12     23.21    7.78    6.20      8.81   44.32   42.02   166.89  130.87   149.26  131.82 
 330    1.36    5.40     35.54    3.46    2.10     18.14   14.45   11.13     23.21    7.78    6.20      8.85   43.51   42.03   165.74  130.86   148.13  132.16 
 331    1.47    4.95     37.81    2.65    2.10     19.47   12.79   11.13     23.15    7.85    6.20      8.71   45.58   42.04   165.33  130.38   147.89  131.30 
 332    1.47    4.94     37.16    2.86    2.11     19.78   12.08   11.14     23.15    7.85    6.21      8.84   44.48   42.05   164.57  131.04   147.03  132.31 
 333    1.47    4.92     36.56    3.05    2.11     18.74   13.83   11.14     23.15    7.85    6.21      8.98   43.78   42.05   163.99  131.08   146.22  131.60 
 334    1.47    4.93     34.30    3.95    2.11     18.67   13.67   11.15     23.15    7.85    6.22      8.85   43.90   42.06   162.85  131.97   145.63  132.83 
 335    1.47    5.27     36.19    3.17    2.12     18.76   13.87   11.16     23.15    7.85    6.22      9.09   43.45   42.06   162.80  131.68   145.05  132.14 
 336    1.48    4.97     37.17    2.83    2.12     20.06   11.84   11.16     23.09    7.90    6.23      9.00   43.80   42.07   162.05  132.97   144.49  133.53 
 337    1.48    4.92     37.48    2.73    2.12     19.96   12.19   11.17     23.09    7.90    6.23      9.17   43.73   42.07   161.43  133.74   143.70  134.31 
 338    1.48    4.99     37.71    2.67    2.12     18.67   14.19   11.17     23.09    7.90    6.24      9.15   43.95   42.08   160.85  134.82   143.39  135.37 
 339    1.48    4.92     38.33    2.47    2.12     19.08   13.68   11.18     23.09    7.90    6.24      9.11   44.36   42.08   159.26  135.62   141.91  136.42 
 340    1.48    4.98     37.65    2.68    2.13     18.58   14.36   11.19     23.09    7.90    6.25      9.30   43.17   42.09   158.68  135.85   141.04  136.66 
 341    1.54    4.93     36.56    3.03    2.13     19.02   14.18   11.20     23.05    7.95    6.25      9.32   43.82   42.09   158.29  136.81   140.91  137.40 
 342    1.54    5.02     38.58    2.39    2.13     20.99   11.08   11.20     23.05    7.95    6.26      9.25   43.89   42.10   157.31  136.79   139.74  137.32 
 343    1.54    4.98     35.31    3.48    2.13     19.67   13.15   11.21     23.05    7.95    6.26      9.31   43.83   42.10   155.81  136.66   138.25  137.03 
 344    1.54    5.02     35.42    3.43    2.14     18.41   15.03   11.22     23.05    7.95    6.27      9.35   43.73   42.11   155.75  137.13   138.17  137.69 
 345    1.54    4.99     35.93    3.24    2.14     18.35   15.56   11.23     23.05    7.95    6.27      9.38   44.05   42.11   154.70  137.80   137.05  138.30 
 346    1.63    4.93     34.89    3.63    2.14     20.37   12.09   11.23     23.01    8.00    6.28      9.61   42.16   42.11   153.40  138.54   135.93  139.37 
 347    1.63    5.24     35.15    3.51    2.15     19.42   13.89   11.24     23.01    8.00    6.28      9.54   43.55   42.12   152.40  138.26   134.84  139.26 
 348    1.63    5.04     33.48    4.27    2.15     19.06   14.17   11.25     23.01    8.00    6.29      9.73   42.09   42.12   151.25  138.57   133.32  139.44 
 349    1.63    4.96     33.95    4.01    2.16     19.18   14.33   11.26     23.01    8.00    6.29      9.63   43.13   42.12   150.45  139.33   132.89  140.34 
 350    1.63    5.22     36.85    2.87    2.16     18.49   15.45   11.27     23.01    8.00    6.30      9.65   43.08   42.12   149.45  139.97   131.89  141.05 
 351    1.77    4.93     36.63    2.93    2.16     21.61   10.90   11.27     22.98    8.05    6.30      9.75   42.98   42.12   148.05  139.57   130.35  140.58 
 352    1.77    5.01     34.38    3.80    2.17     19.47   13.90   11.27     22.98    8.05    6.31      9.70   43.14   42.13   146.71  140.09   129.04  141.00 
 353    1.77    4.95     34.48    3.75    2.17     18.83   15.02   11.29     22.98    8.05    6.31      9.59   43.99   42.13   146.48  140.04   128.79  141.27 
 354    1.77    5.00     33.83    4.03    2.18     18.43   15.72   11.30     22.98    8.05    6.32      9.71   43.34   42.14   145.39  141.34   127.81  142.40 
 355    1.77    4.92     33.59    4.14    2.18     17.57   17.75   11.32     22.98    8.05    6.32      9.78   43.18   42.14   144.19  141.37   126.67  142.23 
 356    1.69    4.96     33.88    3.99    2.19     20.70   12.16   11.32     22.94    8.10    6.33      9.70   43.97   42.14   143.85  141.50   125.90  142.71 
 357    1.69    4.95     33.76    4.04    2.19     20.89   12.16   11.32     22.94    8.10    6.33      9.82   43.76   42.15   142.41  141.20   124.58  142.30 
 358    1.69    4.93     34.87    3.51    2.20     20.98   11.93   11.32     22.94    8.10    6.34      9.87   42.82   42.15   140.72  141.13   122.79  142.03 
 359    1.69    4.95     34.55    3.65    2.20     21.02   12.00   11.32     22.94    8.10    6.34     10.00   42.86   42.15   139.94  141.15   122.07  142.32 
 360    1.69    4.91     33.49    4.13    2.21     20.07   13.21   11.33     22.94    8.10    6.35      9.90   43.39   42.16   139.36  141.12   121.12  141.90 
 361    1.69    4.91     32.35    4.67    2.21     20.81   12.52   11.33     22.93    8.13    6.35     10.07   43.15   42.16   137.73  140.57   119.73  141.45 
 362    1.69    4.98     31.83    4.94    2.22     20.70   12.57   11.34     22.93    8.13    6.36     10.07   43.20   42.16   137.23  141.09   118.99  142.08 
 363    1.69    5.07     30.88    5.47    2.23     20.76   12.84   11.34     22.93    8.13    6.36     10.16   43.19   42.16   135.51  140.08   117.10  140.87 
 364    1.69    4.92     31.84    4.87    2.24     20.49   13.10   11.35     22.93    8.13    6.37     10.16   43.07   42.17   134.63  140.15   116.18  141.19 
 365    1.69    4.99     32.22    4.64    2.24     20.24   13.84   11.35     22.93    8.13    6.37     10.12   43.79   42.17   132.74  139.42   114.30  140.25 
 366    1.85    4.93     35.38    3.19    2.25     20.91   12.57   11.36     22.91    8.18    6.38     10.21   43.20   42.17   132.52  139.61   114.10  140.88 
 367    1.85    4.96     33.25    4.08    2.25     21.15   12.37   11.36     22.91    8.18    6.38     10.27   42.99   42.18   130.50  139.19   111.87  140.45 
 368    1.85    5.74     32.61    4.38    2.26     20.93   12.77   11.36     22.91    8.18    6.39     10.20   43.86   42.18   129.35  139.60   110.89  140.61 
 369    1.85    4.97     32.72    4.29    2.26     20.14   13.88   11.37     22.91    8.18    6.39     10.25   43.36   42.18   128.40  139.44   109.75  140.84 
 370    1.85    5.73     33.04    4.11    2.27     19.34   15.37   11.38     22.91    8.18    6.40     10.28   43.36   42.19   127.04  139.49   108.40  140.52 
 371    2.01    4.95     35.41    3.11    2.27     21.02   12.75   11.38     22.89    8.23    6.40     10.45   42.54   42.19   126.09  139.74   107.63  140.59 
 372    2.01    4.95     33.12    4.05    2.27     20.30   13.79   11.39     22.89    8.23    6.41     10.41   42.68   42.19   124.63  139.50   106.09  140.56 
 373    2.01    5.17     31.12    5.09    2.28     19.90   14.54   11.40     22.89    8.23    6.41     10.56   42.00   42.19   122.69  139.88   103.42  141.05 
 374    2.01    4.97     32.81    4.16    2.29     20.50   13.38   11.40     22.89    8.23    6.42     10.56   42.09   42.19   122.32  140.54   102.96  141.36 
 375    2.01    5.16     32.37    4.34    2.29     20.45   13.48   11.41     22.89    8.23    6.42     10.62   41.57   42.19   121.09  140.72   101.64  141.50 
 376    2.05    4.98     33.63    3.75    2.30     21.26   12.14   11.41     22.85    8.29    6.43     10.51   42.08   42.19   120.17  140.51   100.71  141.42 
 377    2.05    5.02     32.19    4.42    2.30     20.84   12.86   11.42     22.85    8.29    6.43     10.59   41.51   42.18   118.24  140.46    98.50  141.32 
 378    2.05    4.98     37.31    2.44    2.30     19.79   14.39   11.42     22.85    8.29    6.44     10.62   41.19   42.18   117.39  140.62    97.85  141.22 
 379    2.05    5.03     35.86    2.87    2.30     18.73   16.57   11.44     22.85    8.29    6.44     10.57   41.67   42.18   115.25  140.41    95.76  140.61 
 380    2.05    4.96     32.72    4.10    2.31     19.11   15.85   11.45     22.85    8.29    6.45     10.50   42.19   42.18   114.09  141.03    94.19  141.96 
 381    2.10    4.99     32.74    4.06    2.31     21.38   12.28   11.45     22.81    8.36    6.45     10.79   40.86   42.18   112.52  141.01    92.80  141.96 
 382    2.10    5.03     33.18    3.86    2.32     20.25   14.02   11.46     22.81    8.36    6.46     10.63   41.98   42.18   112.16  140.74    92.21  142.08 
 383    2.10    4.99     34.37    3.35    2.32     19.93   14.64   11.47     22.81    8.36    6.46     10.72   41.59   42.18   110.38  140.52    90.15  141.54 
 384    2.10    5.04     33.12    3.86    2.32     19.16   15.87   11.48     22.81    8.36    6.47     10.54   42.23   42.18   109.22  140.65    89.14  141.79 
 385    2.10    4.99     32.12    4.33    2.33     18.65   16.81   11.49     22.81    8.36    6.47     10.51   42.11   42.18   107.98  140.98    88.10  142.07 
 386    2.19    4.95     30.99    4.91    2.34     19.28   15.41   11.50     22.78    8.42    6.48     10.50   41.82   42.17   106.96  141.62    87.04  143.00 
 387    2.19    4.94     32.40    4.15    2.34     18.83   16.49   11.51     22.78    8.42    6.48     10.86   40.40   42.17   105.76  140.97    85.81  141.84 
 388    2.19    4.96     30.06    5.38    2.35     17.57   18.66   11.53     22.78    8.42    6.49     10.54   41.43   42.17   104.60  142.39    84.75  143.11 
 389    2.19    4.97     30.39    5.21    2.36     17.89   17.94   11.55     22.78    8.42    6.49     10.41   42.27   42.17   103.11  142.30    82.91  143.45 
 390    2.19    4.94     30.54    5.09    2.36     17.05   19.50   11.57     22.78    8.42    6.50     10.38   41.99   42.17   101.38  142.26    81.38  143.18 
 391    2.33    4.97     28.28    6.60    2.37     20.19   13.62   11.57     22.72    8.51    6.50     10.54   41.26   42.17   100.13  142.33    80.12  143.27 
 392    2.33    4.96     28.98    6.09    2.38     18.03   17.47   11.59     22.72    8.51    6.51     10.43   42.14   42.17    99.30  142.81    79.08  143.62 
 393    2.33    5.04     29.24    5.89    2.39     18.18   17.25   11.60     22.72    8.51    6.51     10.54   41.54   42.16    98.60  142.99    78.06  143.54 
