   6    0.14   12.30     44.28    1.00    0.83     21.06   11.43   13.89    324.97    0.00   46.07      7.74   55.09   55.25    98.63  136.04    80.58  136.30 
   7    0.14   12.25     52.15    0.41    0.77     17.77   16.32   14.24    324.97    0.00   39.49      7.66   54.35   55.12    99.16  136.55    81.28  136.94 
   8    0.14   12.27     42.11    1.29    0.84     17.91   15.93   14.45    324.97    0.00   34.55      7.60   55.79   55.21   100.50  136.22    82.54  136.53 
   9    0.14   12.25     46.03    0.82    0.83     16.79   18.27   14.87    324.97    0.00   30.71      7.79   53.42   55.01   100.76  135.91    82.71  136.25 
  10    0.14   12.25     48.27    0.64    0.81     15.82   20.12   15.40    324.97    0.00   27.64      7.60   54.36   54.94   102.14  135.03    84.14  135.76 
  11    0.01   12.23     41.06    1.47    0.87     25.67    6.48   14.59    316.85    0.00   25.13      7.99   50.57   54.54   102.08  135.42    84.10  136.05 
  12    0.01   12.28     41.38    1.41    0.92     20.01   12.33   14.40    316.85    0.00   23.03      7.94   51.06   54.25   102.06  135.58    83.87  136.27 
  13    0.01   12.29     37.08    2.32    1.03     19.59   13.01   14.29    316.85    0.00   21.26      8.01   52.79   54.14   103.53  134.65    85.19  135.60 
  14    0.01   12.29     46.78    0.75    1.01     18.71   14.30   14.29    316.85    0.00   19.74      8.00   51.88   53.98   103.95  134.29    85.64  135.08 
  15    0.01   12.29     43.13    1.15    1.02     17.20   17.09   14.48    316.85    0.00   18.43      8.00   51.80   53.83   104.66  134.10    86.32  134.77 
  16    0.00   12.27     55.38    0.28    0.97     20.24   12.10   14.33    318.38    0.00   17.28      8.30   49.47   53.56   104.92  133.76    86.65  134.27 
  17    0.00   12.28     41.96    1.31    0.99     20.02   12.45   14.22    318.38    0.00   16.26      8.17   51.71   53.45   105.85  133.88    87.32  134.44 
  18    0.00   12.30     42.91    1.18    1.00     19.75   12.56   14.13    318.38    0.00   15.36      8.23   49.60   53.24   106.47  133.59    88.15  134.07 
  19    0.00   12.27     39.39    1.77    1.04     17.97   15.76   14.21    318.38    0.00   14.55      8.21   50.72   53.11   107.06  134.03    88.46  134.46 
  20    0.00   12.29     41.52    1.38    1.06     18.96   13.92   14.20    318.38    0.00   13.82      8.27   49.67   52.94   107.73  133.05    88.96  133.51 
  21    0.00   12.24     41.59    1.38    1.07     22.14    9.75   13.99    316.76    0.00   13.16      8.69   47.02   52.65   107.98  133.17    89.23  133.49 
  22    0.00   12.30     40.15    1.63    1.10     21.62   10.03   13.81    316.76    0.00   12.56      8.43   47.67   52.43   108.90  133.28    90.10  133.80 
  23    0.00   12.29     37.25    2.27    1.15     20.52   11.30   13.70    316.76    0.00   12.02      8.66   45.98   52.15   109.47  133.35    90.69  133.68 
  24    0.00   12.26     38.91    1.88    1.18     19.31   12.85   13.66    316.76    0.00   11.52      8.26   46.93   51.93   109.66  133.77    90.82  134.02 
  25    0.00   12.28     39.56    1.76    1.20     17.97   14.83   13.71    316.76    0.00   11.06      8.50   46.02   51.69   110.50  133.14    91.79  133.57 
  26    0.01   12.26     37.63    2.19    1.24     20.73   10.71   13.59    316.24    0.00   10.63      8.29   46.48   51.49   110.96  133.43    92.57  134.20 
  27    0.01   12.28     38.69    1.95    1.27     18.76   13.60   13.59    316.24    0.00   10.24      8.31   46.56   51.31   110.94  133.24    92.72  133.96 
  28    0.01   12.29     37.19    2.33    1.31     17.71   14.91   13.64    316.24    0.00    9.87      8.24   46.70   51.15   112.08  133.61    93.53  133.98 
  29    0.01   12.28     35.19    2.92    1.36     17.61   14.90   13.68    316.24    0.00    9.53      8.01   46.98   51.00   112.58  134.12    94.10  134.39 
  30    0.01   12.30     45.18    0.93    1.35     17.36   15.33   13.74    316.24    0.00    9.21      7.82   47.66   50.89   112.81  134.26    94.23  134.62 
  31    0.01   12.25     42.65    1.25    1.34     20.33   10.93   13.65    314.73    0.00    8.92      8.05   45.78   50.73   112.74  134.36    94.08  134.50 
  32    0.01   12.31     39.04    1.88    1.36     19.16   12.11   13.60    314.73    0.00    8.64      8.09   45.84   50.57   114.02  133.75    95.18  133.75 
  33    0.01   12.29     40.77    1.55    1.37     19.69   11.57   13.54    314.73    0.00    8.38      7.90   46.51   50.45   113.64  134.25    94.90  134.38 
  34    0.01   12.28     41.56    1.42    1.37     17.25   15.01   13.58    314.73    0.00    8.13      7.87   45.83   50.31   113.80  134.18    95.34  134.46 
  35    0.01   12.27     47.85    0.69    1.35     17.62   14.16   13.60    314.73    0.00    7.90      7.91   45.15   50.17   114.48  134.48    95.59  134.39 
  36    0.01   12.26     39.47    1.80    1.36     21.03    9.42   13.48    313.99    0.00    7.68      8.03   43.84   49.99   114.66  134.39    96.19  134.19 
  37    0.01   12.27     36.40    2.57    1.39     20.86    9.51   13.38    313.99    0.00    7.47      8.05   44.31   49.84   115.48  134.38    96.64  134.02 
  38    0.01   12.30     39.09    1.89    1.41     19.53   11.13   13.32    313.99    0.00    7.27      7.80   44.69   49.70   115.25  134.75    96.54  134.55 
  39    0.01   12.27     36.69    2.50    1.43     19.29   11.42   13.27    313.99    0.00    7.09      7.88   44.31   49.56   115.97  134.95    96.88  134.66 
  40    0.01   12.26     40.79    1.57    1.44     17.81   13.59   13.28    313.99    0.00    6.91      7.85   44.32   49.43   115.52  135.50    96.73  135.14 
  41    0.01   12.27     39.41    1.84    1.45     19.91   10.44   13.21    314.38    0.00    6.74      7.94   43.60   49.29   116.67  135.88    97.12  135.44 
  42    0.01   12.53     39.93    1.74    1.45     19.15   11.30   13.16    314.38    0.00    6.58      7.83   43.45   49.15   116.31  136.49    97.53  135.72 
  43    0.01   12.58     36.77    2.50    1.48     18.63   12.02   13.13    314.38    0.00    6.43      7.75   44.61   49.05   117.43  136.86    98.27  136.40 
  44    0.01   12.62     39.33    1.87    1.49     17.86   13.07   13.13    314.38    0.00    6.28      7.84   43.32   48.92   116.89  137.41    97.99  136.94 
  45    0.01   12.66     35.45    2.93    1.52     17.49   13.83   13.15    314.38    0.00    6.14      8.02   43.82   48.80   117.75  138.00    98.52  137.77 
  46    0.01   12.62     39.85    1.77    1.53     20.61    9.42   13.07     37.83    1.32    6.04      7.71   43.29   48.68   117.36  138.34    98.77  137.73 
  47    0.01   12.33     38.89    1.99    1.54     19.13   11.31   13.03     37.83    1.32    5.94      7.93   43.13   48.56   117.97  138.26    99.32  138.01 
  48    0.01   12.56     40.06    1.74    1.54     18.66   11.74   13.00     37.83    1.32    5.84      7.69   43.46   48.46   118.21  138.64    99.63  138.37 
  49    0.01   12.43     42.32    1.35    1.54     18.73   11.75   12.98     37.83    1.32    5.75      7.71   44.05   48.37   118.60  139.36    99.96  138.85 
  50    0.01   12.56     39.79    1.80    1.54     18.77   11.66   12.95     37.83    1.32    5.66      7.68   43.59   48.27   119.01  139.37   100.09  138.75 
  51    0.01   12.31     40.25    1.71    1.54     21.18    9.09   12.88     34.03    2.01    5.59      7.77   44.19   48.19   119.04  139.44   100.52  139.06 
  52    0.01   12.31     38.08    2.19    1.56     19.76   10.57   12.83     34.03    2.01    5.52      7.59   44.02   48.11   119.73  139.78   100.41  138.97 
  53    0.01   12.31     35.76    2.86    1.58     19.52   10.93   12.80     34.03    2.01    5.45      7.74   44.14   48.04   119.81  138.99   100.60  138.35 
  54    0.01   12.30     37.03    2.48    1.60     18.92   11.78   12.78     34.03    2.01    5.39      7.70   43.97   47.96   119.93  139.39   101.05  138.60 
  55    0.01   12.33     38.76    2.03    1.61     18.37   12.58   12.77     34.03    2.01    5.33      7.78   43.87   47.89   120.13  138.93   100.85  138.07 
  56    0.01   11.78     36.80    2.54    1.62     21.70    8.60   12.70     32.47    2.47    5.28      7.64   45.15   47.84   120.46  138.72   101.42  138.01 
  57    0.01   12.29     38.53    2.09    1.63     20.99    9.32   12.64     32.47    2.47    5.23      7.52   45.42   47.80   121.00  138.59   101.65  137.98 
  58    0.01   12.30     39.84    1.81    1.63     19.69   10.94   12.61     32.47    2.47    5.18      7.86   44.59   47.74   121.64  138.10   102.35  137.72 
  59    0.01   12.34     38.01    2.23    1.64     19.34   11.52   12.59     32.47    2.47    5.13      7.83   45.15   47.70   121.81  138.02   102.33  137.61 
  60    0.01   11.77     37.00    2.50    1.66     17.14   15.32   12.64     32.47    2.47    5.09      7.86   46.60   47.68   122.18  138.43   102.54  138.10 
  61    0.01   12.27     38.55    2.09    1.67     22.91    7.87   12.56     29.96    3.38    5.06      7.90   45.37   47.64   121.99  138.52   102.69  138.50 
  62    0.01   12.20     36.57    2.62    1.68     20.16   10.74   12.53     29.96    3.38    5.04      8.03   45.11   47.60   122.52  137.96   103.34  137.97 
  63    0.01   12.28     39.71    1.83    1.68     20.23   10.76   12.50     29.96    3.38    5.01      7.97   45.48   47.57   122.36  137.87   103.25  137.63 
  64    0.01   12.30     39.64    1.85    1.69     20.42   10.63   12.47     29.96    3.38    4.98      8.12   46.14   47.54   122.77  137.21   103.28  137.34 
  65    0.01   12.15     37.97    2.24    1.69     19.46   11.86   12.46     29.96    3.38    4.96      8.00   46.34   47.53   123.06  137.34   103.43  137.68 
  66    0.01   12.25     38.88    2.02    1.70     22.36    8.55   12.40     28.95    3.95    4.94      8.01   46.38   47.51   122.99  137.30   103.35  137.58 
  67    0.01   12.29     38.74    2.05    1.70     21.92    9.02   12.35     28.95    3.95    4.93      8.30   45.33   47.48   123.13  137.10   103.61  137.51 
  68    0.01   12.17     36.83    2.55    1.72     20.05   11.14   12.34     28.95    3.95    4.91      8.24   45.34   47.44   123.81  137.26   103.90  137.61 
  69    0.01   12.27     36.69    2.59    1.73     19.77   11.71   12.33     28.95    3.95    4.90      8.31   46.30   47.43   124.20  136.85   104.33  137.45 
  70    0.01   12.26     38.85    2.03    1.73     19.33   12.40   12.33     28.95    3.95    4.89      8.36   45.57   47.40   124.21  137.00   104.67  137.53 
  71    0.01   12.14     37.16    2.47    1.74     19.13   13.09   12.34     29.58    3.75    4.87      8.45   46.47   47.39   124.45  136.37   105.05  136.58 
  72    0.01   12.18     37.53    2.36    1.75     21.22   10.31   12.31     29.58    3.75    4.85      8.46   46.63   47.38   124.37  137.17   104.99  137.44 
  73    0.01   12.18     37.55    2.35    1.76     21.47   10.05   12.28     29.58    3.75    4.84      8.45   47.06   47.37   124.95  137.16   105.43  137.43 
  74    0.01   12.20     40.23    1.73    1.76     19.83   12.00   12.28     29.58    3.75    4.83      8.40   46.86   47.37   124.92  137.01   105.51  137.14 
  75    0.01   12.15     42.40    1.35    1.75     18.74   14.16   12.30     29.58    3.75    4.81      8.45   47.55   47.37   124.44  137.48   104.84  137.59 
  76    0.01   12.14     38.03    2.23    1.76     23.07    8.31   12.25     30.04    3.75    4.80      8.43   47.64   47.37   125.01  137.36   105.51  137.58 
  77    0.01   12.18     36.48    2.67    1.77     22.05    9.44   12.21     30.04    3.75    4.78      8.31   47.48   47.37   125.22  137.34   105.57  137.52 
  78    0.01   12.19     38.03    2.24    1.78     20.87   10.71   12.19     30.04    3.75    4.77      8.28   47.80   47.38   125.28  136.69   105.65  137.10 
  79    0.01   12.18     38.55    2.12    1.78     21.04   10.45   12.17     30.04    3.75    4.76      8.23   48.46   47.39   125.55  136.79   106.35  137.10 
  80    0.01   12.17     39.90    1.80    1.78     20.61   10.88   12.15     30.04    3.75    4.74      8.22   47.54   47.39   126.04  136.37   106.47  136.91 
  81    0.01   12.12     35.48    3.00    1.80     22.58    8.70   12.11     28.72    4.33    4.74      8.25   47.44   47.39   126.23  136.79   106.63  137.49 
  82    0.01   12.18     36.01    2.82    1.81     22.74    8.53   12.07     28.72    4.33    4.73      8.36   47.01   47.39   125.97  136.34   106.70  136.73 
  83    0.01   12.18     39.12    1.98    1.81     21.73    9.48   12.04     28.72    4.33    4.73      8.32   47.17   47.39   126.14  136.40   106.75  137.02 
  84    0.01   12.29     37.47    2.38    1.82     21.70    9.53   12.01     28.72    4.33    4.73      8.39   46.37   47.38   126.36  136.62   106.88  136.98 
  85    0.01   12.14     40.61    1.67    1.82     20.98   10.47   11.99     28.72    4.33    4.72      8.15   47.47   47.38   126.46  136.89   106.75  137.24 
  86    0.01   12.14     37.27    2.44    1.83     20.04   11.77   11.99     27.49    4.92    4.72      8.24   47.61   47.38   127.00  136.97   107.29  137.36 
  87    0.01   12.18     39.17    1.98    1.83     19.64   12.64   11.99     27.49    4.92    4.73      8.28   47.76   47.38   126.37  136.57   106.74  136.81 
  88    0.01   12.20     40.17    1.75    1.83     20.18   11.80   11.99     27.49    4.92    4.73      8.50   46.57   47.37   126.38  136.80   106.73  137.02 
  89    0.01   12.18     40.53    1.68    1.82     19.34   13.26   12.01     27.49    4.92    4.73      8.43   47.65   47.38   126.46  136.89   106.89  137.06 
  90    0.01   12.16     40.61    1.68    1.82     19.61   12.66   12.01     27.49    4.92    4.73      8.29   48.55   47.39   126.54  136.95   106.81  137.22 
  91    0.01   12.15     39.96    1.81    1.82     23.27    8.40   11.97     27.99    4.81    4.73      8.31   48.01   47.40   126.34  136.68   107.10  136.69 
  92    0.01   12.22     37.74    2.32    1.83     22.24    9.31   11.94     27.99    4.81    4.73      8.35   47.22   47.40   126.63  137.35   107.20  137.32 
  93    0.01   12.18     39.59    1.88    1.83     21.87    9.80   11.92     27.99    4.81    4.73      8.21   47.94   47.40   126.86  136.81   107.12  136.68 
  94    0.01   12.19     42.96    1.27    1.82     21.55   10.07   11.90     27.99    4.81    4.74      8.34   47.09   47.40   126.56  136.65   106.90  136.72 
  95    0.01   12.14     41.35    1.53    1.82     20.27   11.76   11.90     27.99    4.81    4.74      8.35   46.97   47.39   126.52  136.53   106.88  136.32 
  96    0.01   12.16     39.42    1.92    1.82     22.75    8.87   11.87     28.21    4.71    4.74      8.13   48.53   47.41   126.65  136.86   107.21  136.55 
  97    0.01   12.22     43.70    1.17    1.81     21.94    9.66   11.85     28.21    4.71    4.74      8.16   48.37   47.42   127.09  136.63   107.17  136.27 
  98    0.01   12.19     41.42    1.53    1.81     21.49   10.22   11.83     28.21    4.71    4.74      8.31   46.84   47.41   126.56  136.57   106.63  136.30 
  99    0.01   12.26     43.54    1.19    1.80     21.09   10.59   11.82     28.21    4.71    4.73      8.17   48.01   47.42   127.42  136.68   107.58  136.56 
 100    0.01   12.15     43.55    1.19    1.80     20.77   11.28   11.81     28.21    4.71    4.73      8.23   48.12   47.42   126.75  136.38   107.16  136.36 
 101    0.01   12.16     44.83    1.04    1.79     22.79    8.91   11.78     28.43    4.60    4.73      8.20   48.58   47.43   126.96  136.72   107.18  136.81 
 102    0.01   12.20     40.85    1.63    1.79     22.58    9.13   11.76     28.43    4.60    4.73      8.18   48.43   47.44   127.03  136.73   107.34  136.63 
 103    0.01   12.19     37.75    2.33    1.79     22.10    9.65   11.74     28.43    4.60    4.73      8.17   48.53   47.45   127.40  136.84   107.60  136.81 
 104    0.01   12.18     41.66    1.49    1.79     22.04    9.57   11.71     28.43    4.60    4.73      8.23   47.38   47.45   127.60  136.53   107.76  136.51 
 105    0.01   12.16     41.27    1.56    1.79     21.27   10.50   11.70     28.43    4.60    4.73      8.21   48.17   47.46   127.49  136.39   107.84  136.51 
 106    0.01   12.14     43.10    1.26    1.78     23.63    7.96   11.67     27.61    5.09    4.73      8.17   47.70   47.46   127.35  136.56   107.91  136.28 
 107    0.01   12.20     42.70    1.32    1.78     21.58   10.17   11.65     27.61    5.09    4.73      8.23   48.07   47.47   127.54  136.25   108.25  136.01 
 108    0.01   12.20     43.49    1.21    1.78     23.39    8.18   11.62     27.61    5.09    4.74      8.14   48.16   47.47   127.40  136.41   107.86  136.46 
 109    0.01   12.20     43.12    1.26    1.77     21.42   10.35   11.61     27.61    5.09    4.74      8.17   48.28   47.48   127.48  136.50   108.19  136.17 
 110    0.01   12.16     39.77    1.85    1.77     22.11    9.49   11.59     27.61    5.09    4.74      8.09   47.94   47.49   127.61  136.46   107.65  136.49 
 111    0.01   12.16     40.28    1.74    1.77     22.16    9.56   11.57     27.80    4.94    4.75      8.21   47.95   47.49   127.69  136.42   107.52  136.51 
 112    0.01   12.18     42.24    1.39    1.77     22.29    9.27   11.55     27.80    4.94    4.75      8.06   48.47   47.50   127.91  136.21   107.89  136.28 
 113    0.01   12.18     45.39    0.97    1.76     21.54   10.45   11.54     27.80    4.94    4.75      8.10   49.12   47.51   127.18  136.61   107.77  136.66 
 114    0.01   12.31     41.53    1.50    1.76     21.02   10.90   11.54     27.80    4.94    4.75      8.16   48.69   47.52   127.32  136.43   107.87  136.36 
 115    0.01   12.15     45.77    0.92    1.75     21.00   10.97   11.53     27.80    4.94    4.75      8.19   48.46   47.53   127.25  135.84   107.74  135.91 
 116    0.01   12.15     41.74    1.47    1.75     23.41    8.30   11.50     28.53    4.60    4.75      8.22   48.15   47.54   127.22  136.09   107.68  136.20 
 117    0.01   12.18     47.24    0.78    1.74     22.15    9.57   11.49     28.53    4.60    4.75      8.51   46.24   47.53   127.74  136.10   108.17  136.18 
 118    0.01   12.18     45.18    1.00    1.73     21.73    9.87   11.47     28.53    4.60    4.75      8.30   46.45   47.52   127.68  136.01   108.14  135.93 
 119    0.01   12.17     40.84    1.63    1.73     20.78   11.02   11.47     28.53    4.60    4.75      8.24   46.81   47.51   127.72  135.08   108.06  135.40 
 120    0.01   12.15     43.80    1.16    1.73     20.37   11.40   11.47     28.53    4.60    4.75      8.05   48.11   47.52   127.74  134.89   107.83  135.05 
 121    0.01   12.14     40.86    1.63    1.73     22.56    8.79   11.45     28.12    4.76    4.75      8.29   45.88   47.50   128.11  135.11   108.40  135.28 
 122    0.01   12.20     47.54    0.75    1.72     22.51    8.94   11.43     28.12    4.76    4.75      8.18   46.70   47.50   127.71  134.67   107.99  135.09 
 123    0.01   12.16     42.48    1.35    1.72     22.50    9.04   11.41     28.12    4.76    4.75      8.11   47.60   47.50   127.63  135.19   107.96  135.36 
 124    0.01   12.18     42.52    1.34    1.71     21.44   10.08   11.40     28.12    4.76    4.75      8.34   45.94   47.48   128.07  134.17   108.11  134.60 
 125    0.01   12.14     43.07    1.26    1.71     21.94    9.67   11.38     28.12    4.76    4.75      8.21   46.61   47.48   127.57  134.26   107.88  134.26 
 126    0.01   12.17     40.97    1.60    1.71     23.54    7.95   11.36     27.18    5.24    4.75      8.23   47.19   47.48   127.96  134.18   108.43  134.54 
 127    0.01   12.20     38.90    2.03    1.71     23.83    7.78   11.33     27.18    5.24    4.76      8.25   46.92   47.47   127.77  134.05   107.96  134.19 
 128    0.01   12.19     39.05    2.00    1.71     22.00    9.57   11.31     27.18    5.24    4.76      8.31   46.89   47.47   128.05  134.10   108.48  134.19 
 129    0.01   12.26     47.39    0.77    1.71     20.70   11.27   11.31     27.18    5.24    4.76      8.32   47.15   47.46   127.98  134.65   108.06  134.24 
 130    0.01   12.16     42.38    1.37    1.70     21.64   10.09   11.30     27.18    5.24    4.77      8.35   46.63   47.46   127.45  134.63   107.67  134.79 
 131    0.01   12.14     43.33    1.22    1.70     22.93    8.68   11.28     27.31    5.22    4.77      8.16   47.50   47.46   127.48  134.25   108.17  134.54 
 132    0.01   12.19     41.47    1.52    1.70     22.28    9.35   11.27     27.31    5.22    4.77      8.38   46.87   47.45   128.00  135.25   108.25  135.38 
 133    0.01   12.20     41.07    1.59    1.70     21.22   10.50   11.26     27.31    5.22    4.78      8.33   46.49   47.45   127.84  134.56   108.36  134.86 
 134    0.01   12.17     40.96    1.62    1.70     20.43   11.81   11.27     27.31    5.22    4.78      8.38   46.58   47.44   127.20  135.20   108.06  135.47 
 135    0.01   12.18     42.55    1.34    1.69     20.88   11.24   11.27     27.31    5.22    4.78      8.52   46.67   47.43   127.59  134.94   108.22  135.06 
 136    0.01   12.18     41.18    1.57    1.69     22.89    8.90   11.25     27.45    5.20    4.79      8.46   46.83   47.43   127.18  135.26   108.25  135.33 
 137    0.01   12.19     40.40    1.73    1.69     22.94    8.90   11.23     27.45    5.20    4.79      8.65   46.25   47.42   127.79  134.90   108.41  135.33 
 138    0.01   12.18     39.94    1.82    1.70     21.56   10.12   11.22     27.45    5.20    4.79      8.56   45.47   47.41   128.33  134.96   108.71  134.99 
 139    0.01   12.20     38.49    2.15    1.70     22.54    9.19   11.21     27.45    5.20    4.79      8.55   46.24   47.40   128.18  134.95   108.78  135.20 
 140    0.01   12.16     37.34    2.46    1.70     22.83    8.82   11.19     27.45    5.20    4.80      8.46   46.07   47.39   127.36  135.11   108.25  135.40 
 141    0.01   12.15     38.49    2.15    1.71     22.85    8.87   11.18     27.46    5.22    4.80      8.50   46.71   47.38   127.49  134.73   108.20  135.28 
 142    0.01   12.21     40.87    1.63    1.71     22.37    9.08   11.16     27.46    5.22    4.80      8.35   45.88   47.37   127.76  134.53   108.50  134.78 
 143    0.01   12.19     42.87    1.30    1.70     22.79    8.78   11.15     27.46    5.22    4.81      8.40   46.09   47.36   127.60  134.61   108.45  134.87 
 144    0.01   12.21     42.62    1.34    1.70     20.96   10.63   11.14     27.46    5.22    4.81      8.36   45.48   47.35   127.85  134.11   108.96  134.87 
 145    0.01   12.19     42.86    1.29    1.70     20.84   10.90   11.14     27.46    5.22    4.81      8.26   46.43   47.34   127.52  133.80   108.70  134.48 
 146    0.01   12.16     42.89    1.29    1.70     23.41    8.03   11.12     27.12    5.31    4.82      8.26   45.78   47.33   127.54  133.84   108.52  134.69 
 147    0.01   12.17     43.00    1.28    1.69     24.09    7.50   11.09     27.12    5.31    4.82      8.20   46.95   47.33   127.77  134.19   108.88  134.87 
 148    0.01   12.23     39.47    1.91    1.69     22.71    8.70   11.08     27.12    5.31    4.82      8.20   46.44   47.33   127.29  134.50   108.48  135.16 
 149    0.01   12.19     39.38    1.93    1.70     22.58    9.08   11.06     27.12    5.31    4.83      8.41   46.12   47.32   127.27  134.12   108.27  134.69 
 150    0.01   12.16     39.40    1.93    1.70     22.04    9.52   11.05     27.12    5.31    4.83      8.57   45.01   47.30   127.05  133.72   108.15  134.33 
 151    0.01   12.18     42.84    1.30    1.69     25.13    6.66   11.02     27.19    5.25    4.83      8.38   46.42   47.30   127.53  133.65   108.68  134.50 
 152    0.01   12.19     44.73    1.04    1.69     22.65    8.91   11.01     27.19    5.25    4.83      8.34   46.43   47.29   127.94  133.97   108.56  134.33 
 153    0.01   12.23     40.00    1.79    1.69     23.89    7.74   10.99     27.19    5.25    4.84      8.26   46.36   47.28   126.86  133.75   107.79  134.30 
 154    0.01   12.23     41.38    1.53    1.69     25.16    6.67   10.96     27.19    5.25    4.84      8.41   46.32   47.28   127.57  134.07   108.70  134.77 
 155    0.01   12.14     46.56    0.84    1.68     25.05    6.70   10.93     27.19    5.25    4.84      8.21   46.41   47.27   127.58  134.03   108.62  134.71 
 156    0.01   12.16     43.56    1.19    1.68     24.65    6.96   10.91     27.89    4.86    4.84      8.47   45.04   47.26   127.85  133.92   109.01  134.84 
 157    0.01   12.22     47.49    0.76    1.68     22.96    8.57   10.89     27.89    4.86    4.84      8.02   47.51   47.26   127.41  134.39   108.07  134.89 
 158    0.01   12.21     48.47    0.68    1.67     23.13    8.25   10.88     27.89    4.86    4.84      8.22   46.22   47.25   127.43  134.08   108.80  134.83 
 159    0.01   12.17     42.06    1.42    1.67     22.01    9.37   10.87     27.89    4.86    4.84      8.11   46.78   47.25   128.04  134.79   108.90  134.87 
 160    0.01   12.21     41.10    1.58    1.67     20.45   11.22   10.87     27.89    4.86    4.84      8.19   46.32   47.24   127.15  134.50   108.03  134.70 
 161    0.01   12.13     38.41    2.16    1.67     22.27    9.02   10.86     27.07    5.26    4.85      8.17   46.63   47.24   128.26  135.04   108.62  135.52 
 162    0.01   12.17     39.67    1.88    1.67     22.66    8.50   10.84     27.07    5.26    4.85      8.14   45.48   47.23   127.70  134.83   108.73  135.07 
 163    0.01   12.23     42.64    1.33    1.67     22.47    8.75   10.83     27.07    5.26    4.85      8.21   45.40   47.22   127.68  135.10   108.53  135.26 
 164    0.01   12.21     42.08    1.42    1.67     22.94    8.10   10.81     27.07    5.26    4.85      8.22   44.83   47.20   127.88  134.84   108.75  135.49 
 165    0.01   12.15     40.70    1.67    1.67     21.80    9.40   10.81     27.07    5.26    4.86      8.22   45.50   47.19   128.02  135.00   108.95  135.62 
 166    0.01   12.19     47.86    0.73    1.66     24.02    7.11   10.78     26.60    5.41    4.86      8.08   45.24   47.18   128.20  134.96   108.99  135.63 
 167    0.01   12.20     52.01    0.45    1.65     23.10    7.90   10.77     26.60    5.41    4.86      8.06   45.15   47.17   128.14  135.24   108.98  135.66 
 168    0.01   12.19     45.38    0.97    1.65     22.78    8.11   10.75     26.60    5.41    4.87      7.96   45.36   47.16   128.44  135.17   109.12  135.50 
 169    0.01   12.22     44.69    1.05    1.65     21.43    9.51   10.74     26.60    5.41    4.87      8.03   44.43   47.14   128.06  135.27   108.52  135.70 
 170    0.01   12.16     44.03    1.13    1.64     22.33    8.44   10.73     26.60    5.41    4.87      7.93   44.83   47.13   128.29  134.85   109.02  135.31 
 171    0.01   12.17     40.28    1.75    1.64     21.87    8.97   10.72     26.36    5.39    4.87      7.91   45.27   47.12   127.97  135.17   108.63  135.04 
 172    0.01   12.22     44.96    1.02    1.64     22.59    8.07   10.70     26.36    5.39    4.88      7.93   44.11   47.10   128.46  135.37   109.32  135.36 
 173    0.01   12.19     39.58    1.91    1.64     21.36    9.43   10.70     26.36    5.39    4.88      7.97   43.95   47.08   128.34  134.85   109.32  134.69 
 174    0.01   12.21     43.17    1.25    1.64     19.33   11.60   10.70     26.36    5.39    4.88      7.77   44.25   47.07   128.43  134.57   109.57  134.43 
 175    0.01   12.22     40.80    1.65    1.64     20.72    9.97   10.70     26.36    5.39    4.89      7.74   45.05   47.05   128.41  134.94   109.27  134.61 
 176    0.01   12.15     45.61    0.94    1.64     23.04    7.62   10.68     25.78    5.61    4.89      7.93   43.71   47.04   128.55  135.04   109.50  134.67 
 177    0.01   12.20     41.84    1.46    1.64     22.42    8.14   10.67     25.78    5.61    4.89      8.05   42.89   47.01   128.48  134.73   109.52  134.28 
 178    0.01   12.24     41.36    1.54    1.63     21.45    9.14   10.66     25.78    5.61    4.90      7.96   43.80   46.99   128.64  134.83   108.97  134.74 
 179    0.01   12.20     40.02    1.80    1.64     21.00    9.48   10.65     25.78    5.61    4.90      8.03   42.65   46.97   129.11  134.14   109.54  134.16 
 180    0.01   12.19     45.78    0.93    1.63     20.92    9.62   10.64     25.78    5.61    4.91      7.92   43.45   46.95   129.30  134.98   109.96  135.02 
 181    0.01   12.18     39.66    1.88    1.63     21.03    9.43   10.64     25.32    5.82    4.91      7.82   43.34   46.93   129.01  135.14   109.62  135.33 
 182    0.01   12.21     44.37    1.09    1.63     21.11    9.23   10.63     25.32    5.82    4.92      7.95   42.64   46.91   129.78  134.73   110.70  135.02 
 183    0.01   12.19     42.23    1.41    1.63     20.91    9.48   10.62     25.32    5.82    4.92      7.75   43.68   46.89   129.75  134.96   110.05  135.27 
 184    0.01   12.23     43.31    1.23    1.63     21.20    9.19   10.62     25.32    5.82    4.93      7.87   43.53   46.87   129.91  134.90   110.24  135.01 
 185    0.01   12.15     45.24    0.99    1.62     21.00    9.52   10.61     25.32    5.82    4.93      7.93   43.33   46.85   129.59  135.48   109.82  135.50 
 186    0.01   12.16     42.86    1.30    1.62     21.98    8.45   10.60     25.97    5.32    4.93      7.96   43.30   46.83   130.05  135.71   110.08  135.68 
 187    0.01   12.25     42.10    1.43    1.62     21.56    8.86   10.59     25.97    5.32    4.94      8.10   42.07   46.81   129.60  135.66   109.52  135.98 
 188    0.01   12.19     38.88    2.07    1.62     21.18    9.28   10.58     25.97    5.32    4.94      8.09   42.77   46.79   129.86  135.91   109.68  136.18 
 189    0.01   12.21     38.29    2.22    1.63     21.35    9.07   10.57     25.97    5.32    4.94      8.17   41.72   46.76   130.18  136.00   110.01  136.68 
 190    0.01   12.21     40.81    1.66    1.63     20.93    9.50   10.57     25.97    5.32    4.94      8.11   42.03   46.73   130.34  136.27   110.48  136.19 
 191    0.01   12.14     41.99    1.45    1.63     21.30    9.05   10.56     25.89    5.38    4.94      8.13   41.92   46.71   130.61  136.61   111.02  136.66 
 192    0.01   12.22     41.25    1.58    1.63     21.26    9.12   10.55     25.89    5.38    4.95      8.03   42.24   46.69   130.54  136.68   110.21  137.01 
 193    0.01   12.26     39.98    1.83    1.63     21.27    9.18   10.55     25.89    5.38    4.95      7.99   42.69   46.66   130.75  136.36   110.56  136.60 
 194    0.01   12.20     40.86    1.66    1.63     20.59    9.92   10.54     25.89    5.38    4.95      8.08   42.16   46.64   130.75  136.20   110.07  136.83 
 195    0.01   12.19     40.64    1.70    1.63     19.68   11.08   10.55     25.89    5.38    4.95      7.96   42.81   46.62   131.13  136.02   110.41  136.40 
 196    0.01   12.19     40.16    1.80    1.63     21.94    8.51   10.54     25.94    5.35    4.95      8.18   41.90   46.60   131.47  135.68   110.71  136.11 
 197    0.01   12.19     41.25    1.58    1.63     21.69    8.83   10.53     25.94    5.35    4.96      8.01   42.68   46.58   131.19  135.71   110.55  136.17 
 198    0.01   12.19     36.44    2.75    1.63     20.29   10.52   10.53     25.94    5.35    4.96      7.97   43.22   46.56   131.17  135.45   110.19  135.69 
 199    0.01   12.25     39.59    1.91    1.63     20.68   10.04   10.52     25.94    5.35    4.96      8.14   42.35   46.54   131.65  135.39   110.82  135.87 
 200    0.01   12.16     41.88    1.47    1.63     18.87   12.30   10.53     25.94    5.35    4.96      8.07   42.48   46.52   131.48  135.48   111.08  135.88 
 201    0.01   12.14     42.83    1.31    1.63     22.37    8.20   10.52     25.59    5.66    4.97      8.15   42.04   46.50   131.48  135.25   110.85  135.40 
 202    0.01   12.31     39.29    1.97    1.63     21.40    9.18   10.51     25.59    5.66    4.97      8.18   41.96   46.47   132.16  135.14   111.70  135.84 
 203    0.01   12.31     41.49    1.54    1.63     21.28    9.26   10.51     25.59    5.66    4.97      8.11   42.01   46.45   131.98  134.90   111.37  135.37 
 204    0.01   12.33     36.52    2.72    1.64     20.13   10.55   10.51     25.59    5.66    4.98      8.04   42.33   46.43   131.87  134.53   111.17  135.44 
 205    0.01   12.28     39.46    1.94    1.64     18.85   12.27   10.52     25.59    5.66    4.98      8.09   42.69   46.41   132.77  134.22   111.89  134.92 
 206    0.01   12.28     36.76    2.66    1.65     21.98    8.57   10.51     25.69    5.59    4.98      8.08   42.44   46.40   132.64  134.15   111.59  134.74 
 207    0.01   12.27     38.29    2.23    1.65     20.71    9.91   10.51     25.69    5.59    4.99      8.09   42.57   46.38   133.04  133.98   112.50  134.48 
 208    0.01   12.37     38.71    2.12    1.65     21.11    9.55   10.50     25.69    5.59    4.99      8.03   42.89   46.36   132.39  134.42   112.10  135.29 
 209    0.01   12.24     35.80    2.97    1.66     20.98    9.60   10.50     25.69    5.59    4.99      8.04   42.73   46.34   132.70  134.70   112.19  135.15 
 210    0.01   12.20     37.74    2.39    1.66     20.82    9.73   10.49     25.69    5.59    4.99      7.95   43.15   46.33   133.22  134.81   112.68  135.46 
 211    0.01   12.18     37.60    2.43    1.66     22.04    8.45   10.48     25.43    5.76    5.00      7.92   43.26   46.31   133.63  134.46   113.04  135.47 
 212    0.01   12.22     36.46    2.77    1.67     21.00    9.43   10.48     25.43    5.76    5.00      8.07   42.15   46.29   133.86  134.68   113.27  135.38 
 213    0.01   12.25     36.15    2.88    1.67     20.33   10.31   10.48     25.43    5.76    5.00      8.06   42.14   46.27   133.41  135.06   112.64  136.08 
 214    0.01   12.22     37.60    2.43    1.68     19.66   11.19   10.48     25.43    5.76    5.01      8.04   42.86   46.26   133.77  134.98   113.39  135.73 
 215    0.01   12.20     37.23    2.55    1.68     19.57   11.41   10.48     25.43    5.76    5.01      8.06   43.27   46.24   134.07  135.55   113.22  136.45 
 216    0.01   12.17     39.05    2.06    1.68     22.42    8.34   10.47     25.53    5.67    5.01      8.40   42.13   46.22   134.27  135.43   113.38  136.35 
 217    0.01   12.20     37.50    2.47    1.69     21.21    9.71   10.47     25.53    5.67    5.02      8.10   43.84   46.21   134.19  136.05   113.43  136.97 
 218    0.01   12.18     38.18    2.29    1.69     20.52   10.43   10.47     25.53    5.67    5.02      8.29   42.80   46.20   134.84  135.43   113.86  136.61 
 219    0.01   12.23     35.91    2.97    1.70     20.35   10.70   10.47     25.53    5.67    5.02      8.27   43.32   46.18   134.45  136.26   113.39  137.45 
 220    0.01   12.17     39.17    2.04    1.70     19.26   12.08   10.48     25.53    5.67    5.03      8.28   43.06   46.17   134.93  135.92   113.83  137.14 
 221    0.01   12.20     38.00    2.35    1.70     21.73    9.02   10.47     25.72    5.74    5.03      8.09   43.50   46.16   134.76  136.35   113.64  137.40 
 222    0.01   12.20     38.03    2.33    1.70     21.66    9.06   10.47     25.72    5.74    5.03      7.90   44.76   46.15   135.43  136.34   114.41  137.47 
 223    0.01   12.23     38.16    2.31    1.71     20.41   10.41   10.47     25.72    5.74    5.04      7.99   43.74   46.14   135.40  136.39   114.20  137.38 
 224    0.01   12.32     37.06    2.61    1.71     18.73   12.60   10.48     25.72    5.74    5.04      7.97   43.90   46.13   135.50  135.54   114.44  137.01 
 225    0.01   12.27     37.75    2.41    1.71     17.71   14.09   10.49     25.72    5.74    5.04      8.04   43.50   46.12   135.82  135.84   114.94  137.20 
 226    0.01   12.26     37.89    2.38    1.72     20.26   10.46   10.49     25.32    5.92    5.05      8.04   43.25   46.11   135.95  135.98   115.05  137.23 
 227    0.01   12.30     37.84    2.40    1.72     18.77   12.40   10.50     25.32    5.92    5.05      7.84   44.25   46.10   135.95  135.34   115.54  136.94 
 228    0.01   12.32     36.07    2.94    1.72     17.69   13.90   10.51     25.32    5.92    5.05      7.88   43.77   46.09   136.21  134.59   115.84  136.18 
 229    0.01   12.33     37.61    2.46    1.73     16.36   16.38   10.54     25.32    5.92    5.06      7.73   45.13   46.08   137.15  134.98   116.64  136.63 
 230    0.01   12.27     35.54    3.14    1.73     16.07   16.76   10.57     25.32    5.92    5.06      7.81   44.06   46.08   136.93  134.49   116.57  135.84 
 231    0.01   12.19     35.69    3.07    1.74     19.56   11.47   10.57     26.04    5.35    5.06      7.93   44.33   46.07   137.53  134.25   116.88  136.28 
 232    0.01   12.25     35.64    3.08    1.75     16.56   16.76   10.60     26.04    5.35    5.06      7.85   45.51   46.07   137.82  134.14   117.40  136.33 
 233    0.01   12.19     36.63    2.76    1.75     15.65   18.60   10.63     26.04    5.35    5.07      7.96   44.71   46.06   138.45  133.40   118.18  135.59 
 234    0.01   12.24     35.73    3.06    1.76     15.83   17.95   10.66     26.04    5.35    5.07      7.82   44.81   46.05   138.43  134.08   118.07  135.51 
 235    0.01   12.17     36.05    2.96    1.76     15.82   18.32   10.70     26.04    5.35    5.07      7.87   45.05   46.05   138.20  134.03   117.99  135.45 
 236    0.01   12.28     32.63    4.40    1.77     19.86   11.04   10.70     25.67    5.82    5.07      7.88   43.75   46.04   138.63  134.11   118.55  136.14 
 237    0.01   12.32     34.26    3.65    1.78     18.01   13.80   10.71     25.67    5.82    5.07      7.60   45.49   46.04   138.86  134.30   118.67  136.05 
 238    0.01   12.32     37.32    2.57    1.78     18.88   12.84   10.72     25.67    5.82    5.08      7.74   45.77   46.04   139.71  134.30   119.56  136.15 
 239    0.01   12.32     32.88    4.31    1.79     17.79   15.03   10.74     25.67    5.82    5.08      7.65   46.90   46.04   139.05  134.36   118.98  136.08 
 240    0.01   12.29     32.54    4.49    1.81     17.80   14.73   10.75     25.67    5.82    5.08      7.62   46.75   46.04   139.54  134.46   119.65  136.39 
 241    0.01   12.26     33.07    4.22    1.82     20.62   10.69   10.75     25.46    6.00    5.09      7.70   46.54   46.05   139.76  134.33   119.83  136.17 
 242    0.01   12.33     34.11    3.75    1.82     18.20   13.57   10.77     25.46    6.00    5.09      7.56   46.37   46.05   140.51  135.14   120.44  137.04 
 243    0.01   12.32     33.30    4.14    1.83     17.17   15.45   10.79     25.46    6.00    5.09      7.96   44.48   46.04   140.54  134.34   120.73  136.59 
 244    0.01   12.33     31.82    4.93    1.85     16.06   17.65   10.81     25.46    6.00    5.10      7.58   46.77   46.04   140.36  135.26   120.77  136.88 
 245    0.01   12.28     33.95    3.86    1.85     15.45   18.81   10.85     25.46    6.00    5.10      7.60   46.42   46.05   141.40  135.34   121.92  137.09 
 246    0.01   12.29     32.72    4.44    1.86     20.60   10.25   10.84     24.88    6.39    5.11      7.91   44.19   46.04   141.76  135.50   122.31  137.15 
 247    0.01   12.32     35.41    3.25    1.87     18.67   12.79   10.85     24.88    6.39    5.11      7.85   44.40   46.03   141.80  134.84   122.56  136.72 
 248    0.01   12.33     33.58    4.02    1.88     18.67   12.65   10.86     24.88    6.39    5.12      7.88   44.29   46.02   142.52  134.95   122.35  137.10 
 249    0.01   12.31     33.81    3.92    1.89     16.49   16.15   10.88     24.88    6.39    5.12      7.81   44.62   46.02   143.50  134.86   123.38  137.33 
 250    0.01   12.29     33.85    3.91    1.89     15.42   18.54   10.91     24.88    6.39    5.13      7.64   45.85   46.02   143.24  134.33   123.22  136.40 
 251    0.01   12.28     32.17    4.74    1.91     19.82   11.15   10.91     24.98    6.15    5.13      7.88   44.56   46.01   143.88  134.10   123.67  136.81 
 252    0.01   12.34     35.85    3.09    1.91     17.87   13.69   10.92     24.98    6.15    5.14      7.76   44.83   46.01   144.61  133.97   124.52  136.36 
 253    0.01   12.32     32.46    4.60    1.92     16.50   15.97   10.94     24.98    6.15    5.14      7.71   44.45   46.00   144.23  134.11   124.06  136.23 
 254    0.01   12.31     32.20    4.74    1.93     15.95   17.12   10.97     24.98    6.15    5.14      7.69   44.41   45.99   144.71  133.42   124.13  135.80 
 255    0.01   12.30     33.55    4.05    1.94     14.80   18.95   11.00     24.98    6.15    5.15      7.69   43.73   45.99   145.61  132.85   125.11  135.49 
 256    0.01   12.27     32.74    4.47    1.95     21.00    9.33   10.99     24.81    6.15    5.15      7.81   43.29   45.98   145.66  133.25   124.92  135.82 
 257    0.01   12.33     30.87    5.56    1.96     17.11   14.21   11.00     24.81    6.15    5.16      7.84   42.11   45.96   146.38  133.50   125.52  136.00 
 258    0.01   12.34     31.70    5.06    1.98     15.74   16.77   11.03     24.81    6.15    5.16      7.61   43.15   45.95   146.58  132.96   125.58  135.36 
 259    0.01   12.31     32.01    4.88    1.99     14.00   20.24   11.06     24.81    6.15    5.16      7.62   42.78   45.94   146.64  133.44   125.68  136.17 
 260    0.01   12.29     37.41    2.63    1.99     12.93   22.13   11.10     24.81    6.15    5.17      7.49   43.05   45.93   149.76  133.39   128.82  135.58 
 261    0.01   12.28     33.97    3.92    2.00     19.75   10.00   11.10     24.51    6.05    5.17      7.88   40.37   45.90   150.10  133.27   129.02  135.63 
 262    0.01   12.33     34.80    3.58    2.00     16.72   14.10   11.11     24.51    6.05    5.17      7.85   39.93   45.88   150.81  133.37   129.86  135.43 
 263    0.01   12.31     31.26    5.39    2.02     15.40   16.19   11.13     24.51    6.05    5.18      7.54   40.98   45.86   149.75  133.23   128.47  135.20 
 264    0.01   12.30     30.92    5.61    2.03     15.10   16.60   11.15     24.51    6.05    5.18      7.76   39.79   45.84   150.08  133.24   129.19  135.73 
 265    0.01   12.28     32.93    4.46    2.04     14.15   18.63   11.18     24.51    6.05    5.18      7.58   40.29   45.82   152.28  133.33   130.97  135.71 
 266    0.01   12.28     32.02    4.95    2.05     17.89   11.93   11.18     23.74    6.22    5.19      7.62   39.63   45.80   151.32  133.23   130.66  135.68 
 267    0.01   12.35     31.59    5.22    2.06     17.91   11.99   11.19     23.74    6.22    5.19      7.47   40.50   45.78   152.22  133.34   130.90  135.93 
 268    0.01   12.33     30.82    5.74    2.08     15.94   14.76   11.20     23.74    6.22    5.20      7.53   39.54   45.75   152.69  133.10   131.14  135.72 
 269    0.01   12.30     32.16    4.90    2.09     14.39   17.94   11.22     23.74    6.22    5.20      7.32   41.17   45.74   152.84  133.52   131.14  135.88 
 270    0.01   12.30     30.56    5.93    2.10     12.93   20.83   11.26     23.74    6.22    5.20      7.36   39.94   45.71   153.26  133.66   131.66  136.30 
 271    0.01   12.29     30.47    5.98    2.11     18.80   10.57   11.26     25.02    5.24    5.20      7.29   40.27   45.69   153.38  133.89   131.57  136.55 
 272    0.01   12.34     30.51    5.97    2.13     16.23   14.04   11.27     25.02    5.24    5.20      7.35   39.33   45.67   153.97  133.69   132.03  136.67 
 273    0.01   12.33     29.79    6.50    2.15     14.04   18.32   11.29     25.02    5.24    5.20      7.36   39.99   45.65   154.27  133.27   132.07  136.27 
 274    0.01   12.31     29.77    6.54    2.16     12.77   21.37   11.33     25.02    5.24    5.20      7.29   41.05   45.63   155.52  132.58   133.54  135.37 
 275    0.01   12.29     29.64    6.64    2.18     11.93   24.97   11.38     25.02    5.24    5.20      7.19   43.71   45.63   155.99  132.01   134.01  134.95 
 276    0.01   12.28     29.75    6.54    2.19     18.20   12.20   11.38     23.81    6.03    5.21      7.47   42.70   45.62   156.20  131.29   134.35  134.13 
 277    0.01   12.33     29.33    6.87    2.21     15.80   16.44   11.40     23.81    6.03    5.21      7.40   43.75   45.61   156.52  130.54   134.43  133.29 
 278    0.01   12.36     31.88    5.10    2.22     16.11   15.95   11.42     23.81    6.03    5.21      7.44   43.40   45.60   158.16  130.20   136.88  133.01 
 279    0.01   12.33     31.09    5.62    2.23     15.85   16.84   11.44     23.81    6.03    5.22      7.35   45.00   45.60   158.67  129.80   137.44  132.61 
 280    0.01   12.28     30.05    6.35    2.25     15.17   18.04   11.46     23.81    6.03    5.22      7.52   43.55   45.59   159.08  129.51   137.90  132.32 
 281    0.01   12.21     29.23    6.98    2.26     18.02   13.10   11.47     24.01    6.43    5.22      7.65   43.21   45.58   159.21  129.07   137.96  132.17 
 282    0.01   12.29     29.93    6.42    2.28     16.20   16.15   11.48     24.01    6.43    5.23      7.78   42.58   45.57   159.10  129.05   138.21  131.89 
 283    0.01   12.22     30.57    5.98    2.29     16.51   15.51   11.50     24.01    6.43    5.23      7.69   42.80   45.56   160.33  129.13   138.62  131.73 
 284    0.01   12.30     30.03    6.40    2.31     15.55   17.41   11.52     24.01    6.43    5.24      7.76   42.65   45.55   161.23  128.90   139.52  131.52 
 285    0.01   12.17     28.65    7.54    2.33     15.88   16.74   11.54     24.01    6.43    5.24      7.66   43.02   45.54   160.76  129.46   138.95  132.36 
 286    0.01   12.27     29.92    6.50    2.34     18.70   11.99   11.54     23.93    6.62    5.24      7.66   42.71   45.53   161.30  129.76   139.46  132.33 
 287    0.01   12.18     29.10    7.14    2.36     17.01   14.74   11.55     23.93    6.62    5.25      7.57   43.64   45.53   161.22  130.08   139.40  133.12 
 288    0.01   12.29     29.65    6.75    2.37     16.09   16.58   11.57     23.93    6.62    5.25      7.54   43.77   45.52   162.57  130.60   140.89  133.35 
 289    0.01   12.21     30.26    6.30    2.39     16.06   16.81   11.58     23.93    6.62    5.26      7.63   43.84   45.52   162.78  130.30   141.34  133.34 
 290    0.01   12.26     30.04    6.45    2.40     15.16   18.52   11.61     23.93    6.62    5.26      7.67   43.52   45.51   163.17  130.91   141.33  133.88 
 291    0.01   12.20     29.11    7.24    2.42     18.56   12.88   11.61     24.00    6.65    5.27      7.66   44.93   45.51   163.58  130.42   141.75  133.55 
 292    0.01   12.31     28.00    8.24    2.44     16.87   15.44   11.63     24.00    6.65    5.27      7.86   43.00   45.50   163.24  130.65   141.76  133.99 
 293    0.01   12.25     28.34    7.91    2.45     16.24   16.86   11.64     24.00    6.65    5.28      7.48   45.50   45.50   163.75  130.77   142.02  133.99 
 294    0.01   12.32     29.55    6.90    2.47     16.10   16.94   11.66     24.00    6.65    5.28      7.61   43.81   45.49   164.91  130.63   143.77  133.86 
 295    0.01   12.18     28.27    8.01    2.49     16.34   16.57   11.68     24.00    6.65    5.29      7.45   45.36   45.49   164.94  130.52   143.65  133.82 
 296    0.01   12.26     27.96    8.29    2.51     18.47   12.72   11.68     24.45    6.50    5.29      7.56   44.60   45.49   164.44  130.35   143.23  133.59 
 297    0.01   12.20     29.38    7.05    2.52     16.95   15.37   11.69     24.45    6.50    5.30      7.54   45.18   45.49   165.61  130.08   144.08  133.52 
 298    0.01   12.30     28.73    7.60    2.54     15.64   17.80   11.71     24.45    6.50    5.30      7.57   44.73   45.49   166.45  129.84   144.88  133.58 
 299    0.01   12.21     28.37    7.94    2.56     15.28   18.44   11.74     24.45    6.50    5.30      7.55   45.11   45.48   166.05  129.52   144.48  133.19 
 300    0.01   12.29     28.71    7.65    2.58     15.54   18.11   11.76     24.45    6.50    5.31      7.65   44.66   45.48   166.89  129.62   145.42  133.00 
 301    0.01   12.17     28.30    8.03    2.59     19.16   12.11   11.76     23.19    7.46    5.31      7.69   45.18   45.48   166.65  129.65   145.12  133.09 
 302    0.01   12.32     28.31    8.02    2.61     17.46   14.73   11.77     23.19    7.46    5.32      7.57   45.79   45.48   166.76  129.30   145.19  132.66 
 303    0.01   12.20     28.02    8.27    2.63     16.22   17.12   11.79     23.19    7.46    5.33      7.60   45.99   45.48   166.99  129.55   145.34  133.01 
 304    0.01   12.31     28.00    8.33    2.65     15.21   19.21   11.81     23.19    7.46    5.34      7.70   45.42   45.48   167.12  129.31   145.17  132.64 
 305    0.01   12.17     28.02    8.34    2.67     14.66   20.76   11.84     23.19    7.46    5.34      7.58   46.12   45.48   167.82  129.84   145.86  133.26 
 306    0.01   12.21     27.83    8.53    2.69     19.55   11.72   11.84     24.59    6.53    5.35      7.51   46.68   45.49   167.31  130.08   145.41  133.38 
 307    0.01   12.20     27.94    8.41    2.71     17.10   15.74   11.85     24.59    6.53    5.35      7.70   46.11   45.49   167.50  130.42   145.66  133.70 
 308    0.01   12.31     27.99    8.37    2.72     16.13   17.77   11.87     24.59    6.53    5.35      7.60   46.87   45.50   167.63  130.98   145.76  134.63 
 309    0.01   12.34     27.81    8.55    2.74     14.02   23.66   11.91     24.59    6.53    5.36      7.86   47.53   45.50   167.87  131.44   145.97  134.98 
 310    0.01   12.30     28.37    8.08    2.76     13.26   26.30   11.96     24.59    6.53    5.36      7.70   49.39   45.51   168.45  132.36   146.66  135.96 
 311    0.01   12.29     28.15    8.28    2.78     19.63   12.50   11.96     24.48    6.90    5.37      8.37   45.40   45.51   168.10  132.90   146.41  136.45 
 312    0.01   12.32     27.65    8.82    2.80     17.66   15.93   11.97     24.48    6.90    5.37      8.30   46.19   45.52   168.27  134.19   146.25  138.07 
 313    0.01   12.31     27.61    8.89    2.82     16.45   18.27   11.99     24.48    6.90    5.38      8.28   46.42   45.52   168.29  134.79   146.14  138.20 
 314    0.01   12.32     27.62    8.87    2.84     15.84   19.93   12.02     24.48    6.90    5.38      8.45   46.22   45.52   167.87  135.89   146.21  139.11 
 315    0.01   12.29     27.73    8.78    2.85     15.66   20.36   12.04     24.48    6.90    5.39      8.30   47.16   45.53   167.41  136.30   145.99  139.75 
 316    0.01   12.28     27.37    9.15    2.87     18.64   14.34   12.05     23.90    7.79    5.39      8.35   46.66   45.53   167.26  136.35   145.69  139.71 
 317    0.01   12.31     27.05    9.51    2.90     17.83   15.85   12.06     23.90    7.79    5.40      8.23   47.43   45.54   166.95  137.12   145.04  140.63 
 318    0.01   12.35     27.20    9.33    2.92     16.08   19.21   12.09     23.90    7.79    5.41      8.40   46.37   45.54   166.84  136.79   145.13  140.46 
 319    0.01   12.34     27.48    9.05    2.93     15.26   21.12   12.11     23.90    7.79    5.42      8.35   46.58   45.54   166.93  136.92   145.10  140.74 
 320    0.01   12.33     27.47    9.03    2.95     14.81   22.32   12.15     23.90    7.79    5.42      8.31   47.35   45.55   166.97  136.40   145.41  140.03 
 321    0.01   12.28     27.44    9.06    2.97     19.43   13.09   12.15     24.43    7.37    5.43      8.35   46.77   45.55   166.57  135.92   144.66  139.61 
 322    0.01   12.33     26.48   10.08    3.00     18.18   15.07   12.16     24.43    7.37    5.44      8.28   46.96   45.56   165.70  135.03   143.85  138.67 
 323    0.01   12.32     26.83    9.66    3.02     17.03   17.21   12.17     24.43    7.37    5.44      8.15   47.81   45.56   165.61  134.13   143.64  137.80 
 324    0.01   12.35     27.41    8.99    3.03     15.32   20.74   12.20     24.43    7.37    5.45      8.23   47.07   45.57   165.93  133.17   143.86  136.89 
 325    0.01   12.29     26.91    9.50    3.05     15.75   19.84   12.22     24.43    7.37    5.45      8.23   47.30   45.57   165.04  132.63   143.04  136.31 
 326    0.01   12.30     26.72    9.67    3.07     20.41   11.57   12.22     23.91    7.77    5.46      8.35   46.66   45.58   164.73  132.04   142.55  135.96 
 327    0.01   12.33     26.79    9.53    3.09     19.73   12.75   12.22     23.91    7.77    5.47      8.54   46.30   45.58   164.19  131.36   141.76  135.13 
 328    0.01   12.33     26.84    9.47    3.11     18.89   13.94   12.23     23.91    7.77    5.47      8.53   46.00   45.58   163.60  131.12   141.13  134.98 
 329    0.01   12.33     26.51    9.78    3.13     17.47   16.76   12.24     23.91    7.77    5.48      8.41   47.52   45.59   162.93  131.15   140.34  135.01 
 330    0.01   12.30     26.48    9.81    3.15     17.27   17.05   12.26     23.91    7.77    5.49      8.48   46.77   45.59   162.17  130.79   139.55  134.48 
 331    0.01   12.28     26.10   10.20    3.18     20.22   12.42   12.26     23.54    8.21    5.50      8.03   50.47   45.60   160.94  130.85   138.17  134.35 
 332    0.01   12.33     26.90    9.31    3.19     18.39   15.08   12.27     23.54    8.21    5.51      8.28   48.45   45.61   161.29  131.27   138.71  135.09 
 333    0.01   12.32     25.96   10.33    3.22     18.59   14.95   12.27     23.54    8.21    5.51      8.27   48.83   45.62   159.84  131.01   137.27  135.06 
 334    0.01   12.33     26.04   10.22    3.24     17.28   17.24   12.29     23.54    8.21    5.52      8.19   48.84   45.63   159.62  131.66   136.98  135.35 
 335    0.01   12.29     26.39    9.78    3.26     16.91   18.29   12.31     23.54    8.21    5.53      8.33   48.84   45.64   158.65  131.62   136.10  135.59 
 336    0.01   12.51     26.01   10.23    3.28     19.51   13.57   12.31     24.43    7.62    5.54      8.21   49.34   45.65   157.43  132.30   134.62  135.96 
 337    0.01   12.57     26.06   10.17    3.30     20.36   12.48   12.31     24.43    7.62    5.54      8.40   49.11   45.66   156.96  133.36   134.19  137.05 
 338    0.01   12.65     25.59   10.76    3.32     18.39   15.60   12.32     24.43    7.62    5.55      8.34   49.43   45.67   155.97  134.05   133.16  137.77 
 339    0.01   12.63     26.77    9.35    3.34     18.23   16.09   12.33     24.43    7.62    5.55      8.38   49.70   45.69   155.57  135.06   132.66  138.91 
 340    0.01   12.62     26.33    9.85    3.36     17.57   17.30   12.35     24.43    7.62    5.56      8.45   49.30   45.70   154.61  135.44   131.74  139.41 
 341    0.01   12.33     25.65   10.64    3.38     20.62   12.49   12.35     24.65    7.61    5.57      8.44   50.09   45.71   153.85  135.65   130.86  139.89 
 342    0.01   12.37     26.02   10.15    3.40     19.51   14.10   12.35     24.65    7.61    5.57      8.32   50.66   45.72   152.82  135.74   129.77  140.09 
 343    0.01   12.59     25.89   10.30    3.42     19.73   13.84   12.36     24.65    7.61    5.58      8.43   50.43   45.74   151.89  136.05   128.82  140.01 
 344    0.01   12.43     26.05   10.11    3.44     17.54   17.69   12.37     24.65    7.61    5.58      8.37   50.50   45.75   151.80  136.51   128.75  140.71 
 345    0.01   12.30     25.16   11.18    3.46     17.89   17.32   12.39     24.65    7.61    5.59      8.38   50.90   45.77   149.73  137.30   126.41  141.24 
 346    0.01   12.29     25.55   10.63    3.48     21.26   11.55   12.38     24.41    8.08    5.60      8.52   49.56   45.78   148.99  137.63   125.84  141.59 
 347    0.01   12.31     25.30   10.92    3.50     19.04   15.19   12.39     24.41    8.08    5.60      8.40   51.27   45.79   147.90  138.60   124.90  142.41 
 348    0.01   12.32     25.26   11.00    3.52     19.04   15.02   12.40     24.41    8.08    5.61      8.61   49.68   45.80   147.36  138.59   124.07  142.36 
 349    0.01   12.28     25.40   10.74    3.54     18.94   15.43   12.41     24.41    8.08    5.62      8.46   50.90   45.82   146.15  138.60   122.55  142.55 
 350    0.01   12.21     25.74   10.30    3.56     17.39   18.35   12.42     24.41    8.08    5.63      8.41   51.09   45.83   144.65  139.19   121.44  143.16 
 351    0.01   12.22     25.48   10.57    3.58     21.67   11.37   12.42     24.25    8.29    5.63      8.59   50.57   45.85   143.63  139.05   119.82  142.74 
 352    0.01   12.26     25.17   10.97    3.60     20.81   12.38   12.42     24.25    8.29    5.64      8.61   50.22   45.86   142.64  139.85   119.01  143.32 
 353    0.01   12.29     24.47   11.89    3.63     19.30   14.92   12.43     24.25    8.29    5.65      8.55   50.81   45.87   141.37  139.68   117.92  143.17 
 354    0.01   12.29     24.32   12.06    3.65     19.60   14.42   12.43     24.25    8.29    5.66      8.68   50.20   45.89   140.53  140.10   116.78  144.06 
 355    0.01   12.22     24.41   11.90    3.67     19.26   15.18   12.44     24.25    8.29    5.66      8.71   50.53   45.90   139.88  140.41   116.04  144.23 
 356    0.01   12.16     24.54   11.70    3.70     21.17   12.13   12.44     24.74    7.98    5.67      8.45   52.01   45.92   138.60  140.19   114.91  143.63 
 357    0.01   12.31     24.10   12.27    3.72     21.38   11.97   12.44     24.74    7.98    5.68      8.59   51.95   45.93   137.30  140.68   113.55  144.19 
 358    0.01   12.32     25.21   10.68    3.74     20.31   13.48   12.44     24.74    7.98    5.68      8.51   51.80   45.95   135.88  140.40   112.02  143.90 
 359    0.01   12.33     24.32   11.83    3.76     20.60   13.24   12.44     24.74    7.98    5.69      8.75   51.17   45.96   135.16  140.49   110.93  144.07 
 360    0.01   12.32     23.94   12.40    3.79     19.64   14.71   12.45     24.74    7.98    5.70      8.65   51.85   45.98   134.35  140.34   110.17  143.92 
 361    0.01   12.30     23.43   13.05    3.81     22.01   11.42   12.45     25.02    7.87    5.70      8.98   50.55   45.99   132.66  140.01   108.43  143.64 
 362    0.01   12.32     22.99   13.68    3.84     20.93   12.95   12.45     25.02    7.87    5.71      8.91   50.99   46.01   131.57  139.94   107.20  143.65 
 363    0.01   12.33     23.03   13.51    3.87     20.08   14.42   12.45     25.02    7.87    5.71      8.97   51.36   46.02   130.52  139.91   105.98  143.45 
 364    0.01   12.32     23.22   13.13    3.89     20.17   14.21   12.46     25.02    7.87    5.72      8.98   50.96   46.03   129.48  139.51   104.88  142.95 
 365    0.01   12.28     23.69   12.39    3.92     19.46   15.65   12.47     25.02    7.87    5.73      8.92   51.84   46.05   127.83  138.98   103.43  142.70 
 366    0.01   12.28     24.30   11.43    3.94     20.94   13.02   12.47     25.15    8.02    5.73      9.06   50.77   46.06   127.34  138.96   102.80  142.70 
 367    0.01   12.34     24.17   11.59    3.96     20.23   14.24   12.47     25.15    8.02    5.74      9.04   51.28   46.08   125.89  138.85   101.54  142.39 
 368    0.01   12.33     23.21   12.91    3.98     20.10   14.57   12.48     25.15    8.02    5.74      9.12   51.01   46.09   123.94  138.81    99.36  142.58 
 369    0.01   12.29     23.29   12.72    4.00     18.99   16.63   12.49     25.15    8.02    5.75      9.14   51.24   46.11   122.87  138.65    98.24  142.72 
 370    0.01   12.21     23.43   12.43    4.03     18.47   17.72   12.51     25.15    8.02    5.76      9.17   51.12   46.12   121.55  138.74    96.87  142.31 
 371    0.01   12.31     24.50   10.92    4.05     21.24   12.86   12.51     25.07    8.21    5.76      9.53   49.20   46.13   120.63  139.01    96.11  142.33 
 372    0.01   12.27     23.98   11.61    4.07     19.68   15.31   12.51     25.07    8.21    5.77      9.48   49.24   46.14   120.17  139.07    95.00  142.44 
 373    0.01   12.27     23.17   12.71    4.09     20.16   14.60   12.52     25.07    8.21    5.78      9.53   48.84   46.14   117.90  139.02    92.63  142.69 
 374    0.01   12.27     23.25   12.50    4.11     19.91   15.01   12.53     25.07    8.21    5.78      9.58   48.76   46.15   116.26  139.47    91.10  143.38 
 375    0.01   12.23     23.14   12.58    4.13     19.25   16.21   12.54     25.07    8.21    5.79      9.55   49.18   46.16   115.03  139.65    89.77  143.51 
 376    0.01   12.23     22.93   12.85    4.16     21.07   13.15   12.54     25.96    7.47    5.79      9.60   48.67   46.16   113.41  139.39    88.28  143.20 
 377    0.01   12.26     22.83   12.99    4.18     21.07   13.10   12.54     25.96    7.47    5.80      9.64   48.47   46.17   112.17  139.73    86.88  143.56 
 378    0.01   12.27     23.90   11.43    4.20     19.50   15.54   12.55     25.96    7.47    5.80      9.55   48.70   46.18   111.34  139.56    85.98  143.20 
 379    0.01   12.27     23.30   12.17    4.22     18.17   18.26   12.56     25.96    7.47    5.81      9.52   49.08   46.18   109.08  139.98    83.73  143.80 
 380    0.01   12.24     22.80   12.85    4.24     18.05   18.49   12.58     25.96    7.47    5.81      9.38   49.78   46.19   108.07  139.80    82.66  143.64 
 381    0.01   12.24     22.84   12.71    4.27     21.00   13.17   12.58     25.03    8.29    5.82      9.59   48.76   46.20   106.50  139.78    81.27  143.63 
 382    0.01   12.27     23.22   12.14    4.29     19.51   15.60   12.59     25.03    8.29    5.82      9.40   49.90   46.21   105.71  139.58    80.00  143.11 
 383    0.01   12.28     23.18   12.14    4.31     18.86   16.84   12.60     25.03    8.29    5.83      9.45   49.68   46.22   104.36  140.00    78.79  143.61 
 384    0.01   12.34     22.65   12.90    4.33     18.57   17.22   12.61     25.03    8.29    5.84      9.27   50.20   46.23   103.60  140.11    77.19  143.58 
 385    0.01   12.30     21.97   13.93    4.35     17.34   19.78   12.63     25.03    8.29    5.84      9.18   50.36   46.24   102.04  140.47    75.34  143.56 
 386    0.01   12.29     21.68   14.34    4.38     20.86   13.06   12.63     25.35    7.93    5.85      9.20   49.90   46.25   100.88  140.58    74.39  144.10 
 387    0.01   12.32     22.22   13.39    4.40     20.06   14.45   12.64     25.35    7.93    5.85      9.56   48.29   46.26   100.10  140.46    73.37  144.12 
 388    0.01   12.35     22.30   13.16    4.43     18.47   17.10   12.65     25.35    7.93    5.86      9.35   48.80   46.26    99.26  141.15    72.41  143.93 
 389    0.01   12.32     22.08   13.56    4.45     18.84   16.32   12.66     25.35    7.93    5.86      9.18   49.92   46.27    97.68  141.47    70.93  144.39 
 390    0.01   12.31     21.96   13.68    4.47     17.35   19.24   12.67     25.35    7.93    5.87      9.04   50.17   46.28    96.08  140.67    69.44  143.73 
 391    0.01   12.30     21.36   14.63    4.50     20.84   12.84   12.67     24.62    8.44    5.88      9.22   49.31   46.29    95.28  141.17    68.32  144.07 
 392    0.01   12.33     21.51   14.37    4.52     19.31   15.32   12.68     24.62    8.44    5.88      9.33   48.74   46.30    94.46  141.66    67.27  144.38 
 393    0.01   12.34     21.08   15.08    4.55     18.60   16.76   12.69     24.62    8.44    5.89      9.42   48.31   46.30    92.77  141.66    65.33  144.54 
