   6    0.30    5.30     48.66    0.70    0.95     25.47    4.97    6.62    324.56    0.00   32.25      7.78   37.98   38.58   178.29   77.13   156.76   98.87 
   7    0.30    5.02     42.70    1.39    1.01     22.46    7.00    6.67    324.56    0.00   27.64      7.81   37.71   38.45   178.91   77.85   157.64   99.68 
   8    0.30    4.98     43.35    1.29    1.05     25.09    5.21    6.49    324.56    0.00   24.18      7.79   37.80   38.37   178.58   76.62   157.15   98.35 
   9    0.30    4.99     48.22    0.74    1.01     29.36    3.17    6.12    324.56    0.00   21.50      7.85   37.47   38.27   178.29   77.01   157.17   98.96 
  10    0.30    5.02     47.72    0.78    0.99     26.86    4.22    5.93    324.56    0.00   19.35      7.70   38.21   38.27   178.32   77.25   157.27   99.13 
  11    0.01    5.00     52.73    0.44    0.94     26.45    4.40    5.79    318.27    0.00   17.59      7.98   36.97   38.15   178.34   77.82   157.19   99.58 
  12    0.01    4.99     40.58    1.80    1.01     23.34    6.33    5.84    318.27    0.00   16.12      7.80   37.99   38.13   178.24   78.05   157.02   99.88 
  13    0.01    4.94     41.71    1.58    1.06     24.60    5.51    5.81    318.27    0.00   14.88      8.03   37.10   38.05   179.76   78.10   158.47   99.95 
  14    0.01    4.98     50.73    0.57    1.02     22.57    6.93    5.89    318.27    0.00   13.82      7.79   38.06   38.05   183.09   78.82   161.53  100.44 
  15    0.01    4.99     43.99    1.23    1.03     25.38    5.00    5.83    318.27    0.00   12.90      7.95   37.13   37.99   182.91   78.89   161.51  100.51 
  16    0.00    4.99     41.30    1.68    1.07     24.79    5.36    5.80    317.32    0.00   12.09      8.13   36.26   37.88   182.32   78.48   160.81  100.26 
  17    0.00    4.97     40.44    1.83    1.12     16.30   14.40    6.31    317.32    0.00   11.38      8.19   36.46   37.80   181.61   79.33   159.77  101.03 
  18    0.00    4.92     26.62    8.63    1.54     11.38   25.44    7.37    317.32    0.00   10.75      7.80   38.52   37.84   181.01   79.62   159.20  100.64 
  19    0.00    4.96     22.80   13.01    2.14      9.41   32.45    8.69    317.32    0.00   10.18      7.21   41.63   38.04   179.12   79.63   157.10  100.44 
  20    0.00    4.96     33.19    3.76    2.22      9.38   35.16   10.02    317.32    0.00    9.67      6.60   44.51   38.36   160.11   76.17   138.35   96.89 
  21    0.00    4.99     30.00    5.32    2.37     19.92   10.61   10.04    310.24    0.00    9.21     10.44   30.39   37.98   156.20   75.90   134.65   96.74 
  22    0.00    4.96     28.90    5.86    2.53     16.89   15.03   10.27    310.24    0.00    8.79     10.08   31.66   37.70   150.34   77.12   127.87   97.50 
  23    0.00    4.97     27.50    6.61    2.71     13.78   20.93   10.73    310.24    0.00    8.41     10.42   30.39   37.38   143.78   77.30   121.13   97.77 
  24    0.00    4.94     20.98   13.66    3.16     12.53   23.82   11.28    310.24    0.00    8.06      9.81   32.88   37.19   145.80   81.85   123.61  102.99 
  25    0.00    4.99     18.65   17.59    3.74     11.81   25.55   11.85    310.24    0.00    7.74      9.56   33.30   37.04   143.60   83.77   121.81  105.03 
  26    0.01    4.97     18.61   17.76    4.28     16.53   14.58   11.96     68.51    0.04    7.44     10.05   31.44   36.82   140.27   88.58   118.62  109.99 
  27    0.01    4.96     17.83   19.40    4.84     15.26   17.03   12.14     68.51    0.04    7.17     10.20   30.67   36.59   138.91   91.89   116.88  112.71 
  28    0.01    4.94     19.38   16.82    5.27     13.35   21.47   12.48     68.51    0.04    6.91     10.12   31.33   36.41   137.36   97.65   115.77  118.83 
  29    0.01    4.98     19.03   17.91    5.70     12.12   24.85   12.90     68.51    0.04    6.68      9.89   32.48   36.27   138.03  102.17   116.73  123.30 
  30    0.01    4.97     21.09   14.57    6.00     11.34   27.50   13.39     68.51    0.04    6.46      9.56   33.52   36.18   136.23  107.68   115.50  129.03 
  31    0.00    5.00     21.72   13.92    6.25     21.65    8.42   13.23     49.87    0.32    6.26     10.31   31.41   36.02   138.28  110.89   117.96  132.25 
  32    0.00    4.98     20.86   15.57    6.54     17.96   12.94   13.22     49.87    0.32    6.07     10.20   32.58   35.92   142.98  111.22   122.37  132.55 
  33    0.00    4.95     20.68   16.07    6.83     17.49   13.81   13.24     49.87    0.32    5.90     10.23   32.54   35.81   145.23  111.00   124.81  132.23 
  34    0.00    4.96     22.24   13.86    7.04     16.02   16.90   13.35     49.87    0.32    5.73     10.47   32.81   35.73   150.46  111.10   129.73  132.16 
  35    0.00    4.97     22.17   14.38    7.25     14.50   20.65   13.55     49.87    0.32    5.58     10.37   34.31   35.69   158.28  112.00   137.71  133.01 
  36    0.00    4.97     23.24   13.15    7.41     21.46    9.59   13.44     29.71    3.43    5.52     10.90   33.57   35.63   166.07  111.33   145.58  132.28 
  37    0.00    4.98     24.56   11.79    7.53     16.69   17.23   13.55     29.71    3.43    5.46     10.49   36.25   35.64   175.97  111.90   155.40  132.42 
  38    0.00    4.95     24.56   12.16    7.65     16.20   18.60   13.68     29.71    3.43    5.41     10.41   37.14   35.68   184.18  112.59   163.61  133.40 
  39    0.00    4.96     24.43   12.49    7.78     16.57   17.94   13.79     29.71    3.43    5.36     10.54   36.45   35.70   187.65  113.40   166.95  133.80 
  40    0.00    4.99     24.68   12.56    7.90     15.19   21.00   13.97     29.71    3.43    5.31     10.23   37.82   35.76   194.77  116.63   174.12  137.37 
  41    0.00    4.95     25.54   11.75    7.99     19.28   12.96   13.94     35.47    2.00    5.23     10.75   34.96   35.74   199.88  120.10   179.50  140.79 
  42    0.00    4.96     26.45   10.93    8.06     18.68   13.52   13.93     35.47    2.00    5.15     10.94   33.71   35.69   206.04  122.08   185.48  142.86 
  43    0.00    4.96     26.35   11.27    8.14     17.06   15.85   13.98     35.47    2.00    5.08     10.81   33.28   35.63   211.71  123.24   190.72  143.70 
  44    0.00    4.94     26.11   11.53    8.21     15.30   19.01   14.09     35.47    2.00    5.01      9.94   35.22   35.62   211.43  121.72   190.39  142.08 
  45    0.00    4.98     25.88   11.83    8.29     14.91   19.51   14.21     35.47    2.00    4.94     10.40   32.93   35.56   211.25  122.44   190.82  142.64 
  46    0.00    4.97     25.69   12.11    8.38     21.32    9.05   14.10     27.06    5.04    4.94      9.89   33.92   35.53   212.06  122.72   191.27  142.65 
  47    0.00    4.95     26.04   11.69    8.45     18.65   12.06   14.06     27.06    5.04    4.95      9.75   33.82   35.49   212.22  123.08   191.34  143.12 
  48    0.00    4.97     25.61   12.27    8.53     17.94   12.80   14.03     27.06    5.04    4.95      9.52   34.00   35.46   213.05  122.87   192.01  142.79 
  49    0.00    4.98     25.67   12.15    8.60     16.33   15.26   14.06     27.06    5.04    4.95      9.49   33.68   35.42   212.60  121.52   191.87  141.67 
  50    0.00    4.96     25.65   12.10    8.67     17.45   13.42   14.04     27.06    5.04    4.95      9.52   33.59   35.39   212.80  119.63   191.78  139.65 
  51    0.00    4.96     26.21   11.28    8.72     21.74    8.19   13.93     27.83    4.14    4.94      9.81   32.68   35.33   212.57  116.56   191.83  137.05 
  52    0.00    4.94     25.26   12.48    8.79     18.17   12.18   13.90     27.83    4.14    4.92      9.60   32.94   35.29   213.74  114.32   192.81  134.08 
  53    0.00    4.97     26.15   11.26    8.84     17.49   13.19   13.88     27.83    4.14    4.91      9.95   31.88   35.22   214.33  111.52   193.66  131.33 
  54    0.00    4.98     25.19   12.63    8.91     16.49   14.73   13.90     27.83    4.14    4.89     10.27   31.11   35.15   217.69  111.19   196.52  130.78 
  55    0.00    4.94     25.68   11.88    8.96     16.15   15.62   13.93     27.83    4.14    4.88      9.77   32.22   35.09   216.70  109.00   195.30  128.66 
  56    0.00    4.95     25.67   11.80    9.02     20.78    9.22   13.85     25.64    5.18    4.88     10.08   31.31   35.03   215.73  107.75   194.15  127.43 
  57    0.00    4.94     23.62   14.60    9.11     20.51    9.54   13.77     25.64    5.18    4.89      9.55   32.72   34.99   212.86  106.55   191.19  126.14 
  58    0.00    4.96     23.21   14.73    9.21     17.57   13.75   13.77     25.64    5.18    4.89      8.73   34.97   34.99   205.40  104.43   183.65  124.10 
  59    0.00    4.93     24.60   12.12    9.26     15.90   17.17   13.83     25.64    5.18    4.90      8.09   37.79   35.03   195.24   99.55   173.94  119.17 
  60    0.00    4.97     23.70   12.86    9.32     15.94   17.20   13.88     25.64    5.18    4.90      8.53   36.93   35.06   186.01   99.06   164.62  118.59 
  61    0.00    5.00     22.82   13.56    9.39     17.12   15.28   13.91     26.01    5.22    4.91      8.48   37.46   35.10   175.90   99.08   154.70  118.45 
  62    0.00    4.96     22.05   14.42    9.47     18.27   13.34   13.90     26.01    5.22    4.91      9.70   34.31   35.09   171.31   97.47   150.01  117.16 
  63    0.00    4.95     21.25   15.07    9.56     17.18   15.54   13.92     26.01    5.22    4.92      8.47   37.79   35.13   160.86   97.25   139.85  117.45 
  64    0.00    4.96     22.20   13.07    9.61     16.16   17.97   13.99     26.01    5.22    4.92      9.29   36.39   35.15   152.21   97.15   131.04  117.30 
  65    0.00    4.94     20.62   15.36    9.70     15.02   20.73   14.09     26.01    5.22    4.93     10.08   35.65   35.16   149.06   97.68   127.65  117.44 
  66    0.00    4.96     20.48   15.65    9.79     19.91   12.05   14.06     25.31    6.12    4.95     10.24   36.65   35.18   149.27   99.11   127.67  118.79 
  67    0.00    4.96     21.14   14.70    9.87     18.46   14.61   14.07     25.31    6.12    4.96     10.27   37.37   35.22   149.13   99.86   127.74  119.49 
  68    0.00    4.96     20.48   15.79    9.95     18.22   15.05   14.08     25.31    6.12    4.98     10.21   37.81   35.25   149.94  100.48   128.68  120.37 
  69    0.00    4.97     21.09   15.03   10.03     17.09   17.21   14.13     25.31    6.12    5.00     10.29   37.88   35.29   152.27  101.02   131.27  121.05 
  70    0.00    4.91     21.67   14.39   10.09     15.90   19.64   14.21     25.31    6.12    5.01     10.16   38.60   35.34   157.27  102.35   136.31  122.54 
  71    0.00    4.98     22.44   13.50   10.14     21.55   10.16   14.15     26.54    5.74    5.02     11.07   34.29   35.32   162.58  101.40   141.47  121.63 
  72    0.00    4.98     22.54   13.72   10.19     19.67   12.29   14.12     26.54    5.74    5.03     11.03   34.21   35.31   169.90  101.05   148.56  121.37 
  73    0.00    4.95     23.12   13.23   10.23     17.58   15.63   14.14     26.54    5.74    5.04     10.96   34.14   35.29   175.88  102.11   154.74  122.31 
  74    0.00    4.97     22.79   13.94   10.28     16.87   16.95   14.18     26.54    5.74    5.05     10.85   34.36   35.28   179.40  102.41   158.11  122.05 
  75    0.00    4.90     22.81   14.22   10.33     15.79   19.15   14.25     26.54    5.74    5.06     10.77   35.01   35.28   185.02  101.27   163.75  120.68 
  76    0.00    4.97     23.83   12.97   10.37     17.98   14.97   14.26     26.15    5.86    5.07     11.12   33.88   35.26   190.28  100.57   169.03  120.05 
  77    0.00    4.96     23.16   14.22   10.42     17.50   15.98   14.28     26.15    5.86    5.08     10.95   34.70   35.25   195.51  101.35   174.10  120.92 
  78    0.00    4.96     23.56   13.86   10.46     17.86   15.27   14.29     26.15    5.86    5.09     10.70   35.38   35.25   200.23  101.55   178.44  120.62 
  79    0.00    4.94     23.84   13.47   10.50     17.75   15.43   14.31     26.15    5.86    5.10     10.74   34.71   35.25   200.73  101.85   179.10  120.61 
  80    0.00    4.99     22.93   14.96   10.55     18.60   14.00   14.30     26.15    5.86    5.11     10.97   33.94   35.23   202.28  102.72   180.35  121.69 
  81    0.00    4.95     24.81   12.33   10.58     20.88   10.77   14.26     25.23    6.53    5.13     11.22   32.71   35.20   201.96  105.86   180.19  124.95 
  82    0.00    4.96     23.88   13.76   10.61     18.01   14.13   14.26     25.23    6.53    5.15     11.19   31.01   35.15   201.92  110.76   180.53  130.22 
  83    0.00    4.92     24.40   13.31   10.65     15.75   17.83   14.30     25.23    6.53    5.16     10.84   31.56   35.10   204.62  115.87   183.22  134.96 
  84    0.00    5.01     25.34   12.03   10.66     14.43   20.44   14.37     25.23    6.53    5.18     10.10   32.85   35.08   202.32  119.80   181.62  139.29 
  85    0.00    4.99     25.23   12.15   10.68     13.98   21.19   14.45     25.23    6.53    5.19      9.52   34.81   35.07   200.80  119.89   180.25  139.62 
  86    0.00    4.97     24.65   12.83   10.71     20.18   10.09   14.40     25.68    5.77    5.20      9.36   33.89   35.06   197.14  120.36   176.24  140.08 
  87    0.00    4.98     23.97   13.60   10.74     16.65   14.82   14.41     25.68    5.77    5.21      8.35   36.52   35.08   191.27  119.86   170.13  139.72 
  88    0.00    4.99     23.16   14.51   10.78     15.99   15.64   14.42     25.68    5.77    5.21      8.24   36.01   35.09   184.85  120.94   163.83  140.71 
  89    0.00    4.98     22.72   14.87   10.83     15.54   16.25   14.44     25.68    5.77    5.22      7.46   37.79   35.12   176.32  123.58   155.31  143.32 
  90    0.00    4.96     23.36   13.48   10.86     15.66   15.92   14.46     25.68    5.77    5.23      8.30   35.79   35.13   169.27  122.62   148.76  142.48 
  91    0.00    4.96     22.85   14.08   10.89     20.46    9.15   14.40     23.58    6.57    5.24      9.61   31.98   35.09   167.61  120.13   147.25  139.92 
  92    0.00    4.99     21.62   15.42   10.94     19.57   10.27   14.36     23.58    6.57    5.26      8.56   36.99   35.11   166.29  110.06   144.77  129.95 
  93    0.00    4.96     21.39   15.35   10.99     17.63   13.23   14.34     23.58    6.57    5.27      9.07   35.99   35.12   166.04  103.03   144.52  122.98 
  94    0.00    4.96     22.33   13.74   11.02     17.91   13.38   14.33     23.58    6.57    5.28      9.96   33.59   35.11   165.95   98.32   144.35  118.04 
  95    0.00    4.95     21.91   14.43   11.05     17.34   14.69   14.34     23.58    6.57    5.30     10.71   31.88   35.07   168.12   98.39   146.35  117.89 
  96    0.00    4.94     23.09   12.89   11.07     19.18   12.22   14.32     24.64    5.97    5.30     11.07   31.74   35.04   170.40   98.66   148.83  118.43 
  97    0.00    4.94     22.20   14.37   11.11     17.66   14.81   14.32     24.64    5.97    5.31     11.17   31.81   35.00   174.30   98.78   152.44  118.17 
  98    0.00    4.97     22.10   14.92   11.15     16.53   17.14   14.35     24.64    5.97    5.32     11.07   33.25   34.99   181.62   98.49   159.92  117.66 
  99    0.00    4.97     23.06   13.79   11.17     17.22   16.42   14.37     24.64    5.97    5.32     10.90   34.77   34.98   187.28   97.61   165.42  116.65 
 100    0.00    4.95     23.22   14.02   11.20     16.52   18.11   14.41     24.64    5.97    5.33     10.83   35.96   34.99   194.75   98.60   173.45  117.51 
 101    0.00    4.93     24.56   12.40   11.21     18.04   15.42   14.42     24.30    7.07    5.35     11.08   35.43   35.00   201.53   98.08   180.00  117.76 
 102    0.00    4.95     25.42   11.37   11.22     17.06   17.64   14.45     24.30    7.07    5.37     10.76   36.78   35.01   205.98   94.43   184.20  114.16 
 103    0.00    4.92     24.67   12.40   11.23     17.42   16.91   14.47     24.30    7.07    5.38     10.89   36.14   35.03   206.98   93.71   185.30  113.40 
 104    0.00    4.94     24.98   12.14   11.24     17.63   16.51   14.49     24.30    7.07    5.40     11.18   35.12   35.03   207.18   96.33   185.69  116.35 
 105    0.00    4.97     25.40   11.84   11.24     18.50   14.81   14.50     24.30    7.07    5.41     10.75   37.15   35.05   210.32  103.17   188.95  122.93 
 106    0.00    5.00     24.65   12.83   11.26     22.05    9.76   14.45     26.13    6.17    5.42     10.74   35.67   35.05   208.99  103.66   187.47  123.34 
 107    0.00    4.93     23.45   14.36   11.29     19.41   13.17   14.44     26.13    6.17    5.43     10.19   36.86   35.07   205.00  104.30   183.24  123.74 
 108    0.00    4.99     24.52   12.56   11.30     20.54   11.57   14.41     26.13    6.17    5.44     10.54   35.89   35.08   199.48  102.57   178.19  122.97 
 109    0.00    4.92     24.51   11.98   11.30     19.65   12.92   14.40     26.13    6.17    5.44      9.67   38.07   35.10   188.01  101.56   166.71  121.97 
 110    0.00    4.93     22.31   14.84   11.34     18.65   14.31   14.40     26.13    6.17    5.45      9.55   38.80   35.14   181.53  102.57   160.17  122.57 
 111    0.00    4.93     22.92   13.56   11.36     21.32   10.46   14.36     25.52    6.53    5.46     10.10   36.29   35.15   173.71  104.88   152.63  124.99 
 112    0.00    4.99     22.08   14.95   11.39     19.91   11.90   14.34     25.52    6.53    5.47     10.30   35.38   35.15   170.43  108.34   149.53  128.78 
 113    0.00    4.93     22.59   14.25   11.41     18.97   13.28   14.33     25.52    6.53    5.48     10.32   35.44   35.15   168.93  113.47   147.55  133.71 
 114    0.00    4.99     24.44   11.59   11.41     18.57   14.05   14.33     25.52    6.53    5.49     10.43   35.49   35.16   167.09  115.43   146.14  135.43 
 115    0.00    4.92     22.95   13.99   11.44     18.22   14.12   14.33     25.52    6.53    5.50     10.35   35.41   35.16   170.44  117.15   149.68  137.35 
 116    0.00    4.93     23.19   13.83   11.46     20.66   10.53   14.29     24.16    7.33    5.51     10.32   35.22   35.16   174.60  118.99   153.96  139.13 
 117    0.00    4.93     23.52   13.74   11.48     18.93   12.50   14.28     24.16    7.33    5.53     10.28   34.69   35.16   181.68  120.41   160.79  139.84 
 118    0.00    4.96     25.13   11.86   11.48     18.04   13.60   14.27     24.16    7.33    5.54     10.06   34.66   35.15   187.21  122.61   166.40  142.02 
 119    0.00    4.91     25.53   11.66   11.48     17.09   14.68   14.28     24.16    7.33    5.56      9.59   35.42   35.15   194.29  124.88   173.40  144.08 
 120    0.00    4.96     25.49   11.79   11.48     16.46   15.57   14.29     24.16    7.33    5.57      9.54   34.82   35.15   196.87  124.91   175.89  144.06 
 121    0.00    4.90     25.37   12.01   11.49     21.24    8.88   14.24     24.77    6.25    5.58      9.63   34.26   35.14   200.23  122.78   179.22  142.07 
 122    0.00    4.93     25.99   11.11   11.49     19.37   11.08   14.22     24.77    6.25    5.58      9.37   35.52   35.15   201.81  117.58   180.87  136.91 
 123    0.00    4.92     25.21   11.93   11.49     18.24   12.68   14.20     24.77    6.25    5.59      9.27   35.80   35.15   202.64  112.48   181.42  131.64 
 124    0.00    4.95     24.50   12.84   11.50     17.33   14.23   14.20     24.77    6.25    5.59      9.60   34.49   35.15   203.48  106.83   182.11  125.80 
 125    0.00    4.94     24.34   12.89   11.51     16.46   16.07   14.22     24.77    6.25    5.60      9.73   34.54   35.14   203.80  101.83   182.71  120.50 
 126    0.00    4.90     24.15   13.12   11.52     21.58    9.06   14.18     24.81    5.98    5.60     10.67   31.57   35.11   204.67   99.23   182.89  117.89 
 127    0.00    4.92     23.67   13.76   11.54     18.93   12.82   14.17     24.81    5.98    5.61     10.47   33.78   35.10   206.36   94.70   184.64  113.83 
 128    0.00    4.94     25.11   11.75   11.54     18.55   13.81   14.16     24.81    5.98    5.61     10.74   33.55   35.09   207.36   92.30   185.58  111.51 
 129    0.00    4.92     24.97   11.97   11.55     18.53   14.02   14.16     24.81    5.98    5.61     10.80   34.16   35.08   207.73   93.01   186.05  112.18 
 130    0.00    4.90     23.47   14.05   11.57     18.41   14.45   14.17     24.81    5.98    5.61     10.64   34.84   35.08   207.82   91.30   185.76  110.38 
 131    0.00    4.93     23.73   13.46   11.58     17.53   16.31   14.18     24.67    6.75    5.62     10.38   36.18   35.09   204.70   90.82   182.56  109.80 
 132    0.00    4.94     24.42   12.33   11.59     17.56   16.20   14.20     24.67    6.75    5.63     10.78   34.85   35.09   201.27   91.12   179.70  110.28 
 133    0.00    4.93     24.17   12.27   11.59     16.34   18.44   14.23     24.67    6.75    5.64     10.04   36.92   35.10   193.13   89.63   171.58  108.63 
 134    0.00    4.96     23.33   13.02   11.60     16.24   18.33   14.26     24.67    6.75    5.65     10.15   35.69   35.11   185.88   89.72   164.53  109.06 
 135    0.00    4.92     21.74   14.74   11.62     15.97   18.36   14.29     24.67    6.75    5.66      9.87   36.24   35.11   175.39   88.15   153.94  107.71 
 136    0.00    4.97     21.31   14.57   11.65     19.00   12.68   14.28     24.29    7.32    5.67      9.89   34.67   35.11   164.47   85.32   143.02  104.98 
 137    0.00    4.91     20.51   15.42   11.67     18.32   13.63   14.27     24.29    7.32    5.68     10.93   30.96   35.08   159.46   83.66   137.90  102.99 
 138    0.00    4.99     19.68   16.46   11.71     16.84   15.37   14.28     24.29    7.32    5.69     10.43   31.36   35.05   153.59   84.43   132.06  103.83 
 139    0.00    4.95     19.54   16.75   11.75     17.00   14.78   14.29     24.29    7.32    5.70     11.03   29.29   35.01   147.03   90.96   125.96  110.81 
 140    0.00    4.99     21.35   13.93   11.76     17.04   14.59   14.29     24.29    7.32    5.72     11.31   28.54   34.97   145.86   96.98   125.09  116.84 
 141    0.00    4.93     21.58   13.86   11.78     20.08   10.32   14.26     23.86    6.94    5.72     11.37   28.28   34.92   146.64  100.51   125.85  120.52 
 142    0.00    4.91     20.73   15.50   11.80     19.00   11.78   14.24     23.86    6.94    5.73     11.27   28.87   34.88   150.30  102.07   129.57  122.25 
 143    0.00    4.99     21.24   14.81   11.82     19.43   11.28   14.22     23.86    6.94    5.74     11.33   28.77   34.83   152.61  102.54   131.95  122.56 
 144    0.00    4.98     22.12   13.79   11.84     19.26   11.72   14.20     23.86    6.94    5.75     11.46   29.05   34.79   158.80  101.93   138.34  122.10 
 145    0.00    4.95     24.23   11.33   11.83     18.09   13.63   14.20     23.86    6.94    5.76     11.60   29.31   34.76   166.89  101.97   146.05  121.98 
 146    0.00    4.96     23.69   12.55   11.84     20.13   10.92   14.18     25.29    5.78    5.76     11.24   31.04   34.73   176.60  103.42   155.85  123.39 
 147    0.00    4.98     23.40   13.45   11.85     17.97   14.16   14.18     25.29    5.78    5.76     11.10   32.03   34.71   185.67  103.76   164.67  124.00 
 148    0.00    4.97     25.58   10.76   11.84     17.44   15.40   14.19     25.29    5.78    5.76     11.16   32.07   34.69   189.75  103.36   169.01  123.44 
 149    0.00    5.00     24.05   12.99   11.85     18.22   13.86   14.18     25.29    5.78    5.76     11.20   31.71   34.67   194.94  104.11   174.23  123.92 
 150    0.00    4.96     24.88   11.87   11.85     17.80   14.65   14.19     25.29    5.78    5.76     11.10   31.75   34.65   196.41  103.88   175.78  123.53 
 151    0.00    4.93     25.45   11.07   11.84     20.10   11.25   14.17     23.76    7.32    5.77     10.81   32.55   34.64   195.71  101.36   175.27  121.18 
 152    0.00    4.94     24.89   11.79   11.84     19.59   12.00   14.15     23.76    7.32    5.78     11.08   31.83   34.62   198.00   98.45   177.21  118.03 
 153    0.00    4.99     25.44   11.15   11.84     18.61   13.63   14.15     23.76    7.32    5.79     10.89   32.93   34.61   201.27   96.01   180.47  115.50 
 154    0.00    5.01     24.41   12.56   11.84     18.61   13.73   14.15     23.76    7.32    5.80     11.07   32.25   34.60   202.72   95.39   181.49  114.91 
 155    0.00    4.95     24.62   12.21   11.85     19.42   12.60   14.14     23.76    7.32    5.81     10.79   33.33   34.59   201.53   95.25   180.03  114.95 
 156    0.00    4.98     24.07   12.89   11.85     19.18   12.80   14.13     24.04    7.28    5.82     10.84   32.91   34.58   199.63   95.28   178.23  115.24 
 157    0.00    5.00     23.72   13.04   11.86     14.79   17.45   14.15     24.04    7.28    5.83      9.03   33.09   34.57   193.65   95.25   172.32  114.52 
 158    0.00    4.97     26.43    9.33   11.84     12.62   20.46   14.19     24.04    7.28    5.84      7.97   33.61   34.56   184.45   96.24   163.06  115.67 
 159    0.00    4.96     26.49    8.86   11.83     11.44   21.94   14.24     24.04    7.28    5.85      7.38   33.70   34.56   175.26   94.37   153.57  113.50 
 160    0.00    4.92     24.10   11.17   11.82     10.44   23.79   14.30     24.04    7.28    5.85      7.48   32.83   34.54   169.58   90.99   147.70  109.99 
 161    0.00    4.94     23.33   11.96   11.82     18.42    9.56   14.27     21.89    7.49    5.87     10.48   23.73   34.48   165.73   90.34   143.86  109.55 
 162    0.00    4.96     23.36   11.30   11.82     17.02   11.37   14.25     21.89    7.49    5.88      8.67   27.76   34.44   154.86   90.85   133.27  110.31 
 163    0.00    4.95     21.72   13.19   11.83     16.65   11.50   14.23     21.89    7.49    5.89      9.44   25.46   34.38   149.38   89.62   127.36  108.82 
 164    0.00    4.95     21.08   14.15   11.84     16.10   11.70   14.22     21.89    7.49    5.89      9.85   25.04   34.32   144.15   95.76   122.13  115.09 
 165    0.00    4.96     22.91   11.59   11.84     15.67   12.40   14.21     21.89    7.49    5.90     10.21   23.76   34.26   136.96  105.69   115.19  125.61 
 166    0.00    4.98     22.31   12.62   11.85     18.46    8.88   14.17     20.51    7.33    5.91     10.96   21.36   34.18   137.58  109.69   115.72  129.31 
 167    0.00    5.02     24.77    9.95   11.83     17.00   10.47   14.15     20.51    7.33    5.92     10.69   21.91   34.11   137.76  117.08   116.43  136.58 
 168    0.00    4.91     24.38   10.79   11.83     16.55   10.95   14.13     20.51    7.33    5.93     10.73   21.89   34.04   141.43  119.67   119.78  139.45 
 169    0.00    4.97     23.40   12.39   11.83     16.82   10.55   14.11     20.51    7.33    5.94     11.03   21.42   33.96   147.65  122.55   126.49  142.15 
 170    0.00    4.97     24.71   11.04   11.83     17.17   10.28   14.09     20.51    7.33    5.95     10.96   22.17   33.89   154.82  124.09   133.53  143.03 
 171    0.00    4.96     25.29   10.59   11.82     20.51    7.08   14.05     22.67    5.43    5.94     10.56   23.70   33.83   162.17  123.80   140.88  142.83 
 172    0.00    4.96     25.93   10.08   11.81     19.76    7.67   14.01     22.67    5.43    5.94     11.70   20.27   33.75   167.37  124.51   146.25  143.79 
 173    0.00    4.95     26.12   10.19   11.80     17.79    9.81   13.99     22.67    5.43    5.94     11.21   22.16   33.69   176.61  125.47   155.70  144.29 
 174    0.00    4.92     26.58   10.02   11.79     17.02   10.87   13.97     22.67    5.43    5.93     11.06   22.87   33.62   185.24  124.76   164.16  143.35 
 175    0.00    4.95     25.58   11.51   11.79     16.22   11.77   13.96     22.67    5.43    5.93     10.79   23.62   33.57   195.01  123.76   173.85  142.11 
 176    0.00    5.03     26.90   10.01   11.78     20.96    6.90   13.92     21.76    6.19    5.93     11.40   21.68   33.50   199.13  122.98   178.10  141.03 
 177    0.00    4.95     26.40   10.67   11.77     19.84    7.79   13.88     21.76    6.19    5.93     11.56   21.10   33.43   203.51  118.73   182.36  136.83 
 178    0.00    4.97     26.96   10.02   11.76     19.90    7.79   13.85     21.76    6.19    5.94     11.54   20.80   33.36   204.55  117.27   183.35  135.06 
 179    0.00    4.96     27.09    9.88   11.75     18.83    8.82   13.82     21.76    6.19    5.94     11.54   20.88   33.29   205.75  114.83   184.80  132.91 
 180    0.00    5.01     27.37    9.48   11.74     19.17    8.64   13.79     21.76    6.19    5.94     11.39   21.03   33.22   205.67  112.57   184.21  130.19 
 181    0.00    4.94     26.01   10.97   11.73     20.08    8.03   13.76     23.72    5.03    5.93     11.27   22.63   33.16   208.09  107.32   186.78  124.77 
 182    0.00    4.99     26.98    9.77   11.72     17.80   12.04   13.75     23.72    5.03    5.93     10.80   26.91   33.13   208.78  101.18   187.31  118.88 
 183    0.00    4.98     26.55   10.29   11.72     16.07   16.71   13.77     23.72    5.03    5.92     11.14   29.73   33.11   210.31   98.72   189.85  117.45 
 184    0.00    4.99     24.49   13.02   11.72     15.67   18.14   13.79     23.72    5.03    5.92     11.13   30.84   33.10   213.05   97.62   192.12  116.09 
 185    0.00    4.96     25.20   11.98   11.72     15.50   19.70   13.82     23.72    5.03    5.91     10.84   33.40   33.10   210.97   97.14   190.35  115.85 
 186    0.00    4.98     24.76   12.51   11.73     20.71   11.24   13.81     22.17    7.98    5.93     11.43   32.33   33.09   210.74   96.59   189.63  115.20 
 187    0.00    4.94     24.74   12.23   11.73     19.75   13.09   13.80     22.17    7.98    5.94     11.18   33.93   33.10   205.08   96.02   184.40  115.23 
 188    0.00    4.94     24.20   12.65   11.74     19.54   13.56   13.80     22.17    7.98    5.95     11.12   34.70   33.11   198.98   95.53   178.75  114.83 
 189    0.00    4.96     23.53   13.07   11.74     19.66   13.53   13.80     22.17    7.98    5.96     10.77   35.72   33.12   190.14   92.76   169.68  111.85 
 190    0.00    4.96     23.98   12.31   11.75     18.52   15.46   13.81     22.17    7.98    5.97     11.67   33.47   33.12   187.38   91.89   166.94  111.33 
 191    0.00    4.96     23.93   11.99   11.75     19.83   13.35   13.81     23.95    8.10    5.98     11.64   32.98   33.12   179.87   90.79   159.73  110.51 
 192    0.00    4.96     23.43   12.31   11.75     17.61   16.65   13.82     23.95    8.10    5.99     11.48   33.39   33.12   174.06   90.60   154.30  110.37 
 193    0.00    4.96     22.30   13.46   11.76     18.98   14.12   13.82     23.95    8.10    6.00     11.56   32.28   33.12   167.16   89.01   146.70  108.86 
 194    0.00    4.98     22.01   13.46   11.77     17.93   15.66   13.83     23.95    8.10    6.01     11.65   31.15   33.11   160.50   88.44   139.77  107.85 
 195    0.00    5.02     21.64   13.74   11.78     17.47   16.34   13.85     23.95    8.10    6.02     12.09   29.89   33.09   156.82   88.69   136.15  108.06 
 196    0.00    4.99     21.23   13.97   11.79     21.80    9.66   13.82     23.86    8.06    6.03     11.76   29.93   33.08   150.21   88.18   129.36  107.97 
 197    0.00    4.94     21.31   13.42   11.80     19.48   12.39   13.82     23.86    8.06    6.04     11.48   30.66   33.06   144.12   88.24   123.24  107.75 
 198    0.00    4.96     21.26   13.35   11.81     17.57   15.20   13.82     23.86    8.06    6.05     11.80   29.54   33.05   140.52   90.00   119.55  109.30 
 199    0.00    4.99     20.15   15.12   11.82     16.67   16.80   13.84     23.86    8.06    6.06     12.14   28.41   33.02   138.09   95.28   117.29  114.66 
 200    0.00    4.95     20.52   14.81   11.84     16.65   16.69   13.85     23.86    8.06    6.07     11.76   29.57   33.01   137.11   99.54   116.28  119.48 
 201    0.00    4.98     20.81   14.54   11.85     22.15    8.77   13.83     23.60    7.64    6.08     11.63   29.77   32.99   137.18  101.82   116.65  121.69 
 202    0.00    4.96     20.77   14.80   11.86     19.90   11.27   13.82     23.60    7.64    6.09     11.43   30.10   32.98   137.59  104.50   116.80  124.41 
 203    0.00    4.95     20.47   15.70   11.88     18.62   12.80   13.81     23.60    7.64    6.10     11.40   29.87   32.96   140.87  108.09   120.30  127.91 
 204    0.00    4.98     21.84   13.82   11.89     17.93   13.64   13.81     23.60    7.64    6.11     11.12   30.43   32.95   145.88  109.39   125.27  129.14 
 205    0.00    4.92     22.28   13.54   11.90     17.23   14.89   13.82     23.60    7.64    6.11     11.20   30.19   32.93   151.62  107.78   131.14  127.69 
 206    0.00    5.00     23.32   12.32   11.90     19.03   12.01   13.81     23.32    7.49    6.12     10.92   31.16   32.93   159.69  106.62   139.30  126.42 
 207    0.00    4.92     22.43   13.78   11.91     18.51   12.89   13.80     23.32    7.49    6.13     11.32   29.59   32.91   163.05  105.48   142.02  125.13 
 208    0.00    4.93     23.79   12.25   11.91     16.55   16.09   13.81     23.32    7.49    6.13     11.25   29.96   32.90   171.84  106.05   150.56  125.72 
 209    0.00    4.96     24.28   12.05   11.91     14.84   19.73   13.84     23.32    7.49    6.14     10.98   31.05   32.89   181.74  106.45   160.40  126.08 
 210    0.00    4.95     25.28   11.10   11.91     14.50   20.85   13.87     23.32    7.49    6.15     10.74   32.23   32.88   187.84  107.16   166.68  126.60 
 211    0.00    4.96     25.74   10.82   11.91     19.23   12.15   13.87     22.47    8.18    6.16     10.96   31.71   32.88   193.20  108.15   172.34  127.84 
 212    0.00    5.00     25.20   11.71   11.90     18.39   13.53   13.87     22.47    8.18    6.16     11.02   31.63   32.87   197.87  109.37   176.82  128.60 
 213    0.00    4.97     26.09   10.64   11.90     17.70   14.83   13.87     22.47    8.18    6.17     10.85   32.26   32.87   198.13  110.13   177.27  129.29 
 214    0.00    4.99     26.33   10.38   11.89     17.10   16.08   13.88     22.47    8.18    6.18     10.72   32.97   32.87   199.09  109.20   178.22  128.48 
 215    0.00    5.01     24.77   12.28   11.89     15.96   18.40   13.90     22.47    8.18    6.19     10.49   34.23   32.88   201.22  105.79   179.90  124.63 
 216    0.00    4.98     26.28   10.21   11.89     18.70   13.60   13.90     23.42    7.66    6.20     10.37   34.41   32.88   200.16   99.54   179.34  119.01 
 217    0.00    4.98     26.58    9.95   11.88     17.62   15.35   13.91     23.42    7.66    6.21     10.92   33.08   32.88   202.91   98.92   181.50  117.99 
 218    0.00    5.01     24.96   12.01   11.88     16.40   17.49   13.92     23.42    7.66    6.21     10.75   33.94   32.89   204.77   99.67   183.68  118.88 
 219    0.00    4.96     25.05   11.93   11.88     15.54   19.07   13.95     23.42    7.66    6.22     10.53   33.62   32.89   205.09   99.07   184.35  118.46 
 220    0.00    4.91     24.14   13.02   11.88     15.31   19.47   13.97     23.42    7.66    6.23     10.05   34.62   32.90   202.16   98.33   181.29  117.76 
 221    0.00    4.95     25.31   11.18   11.88     18.71   13.17   13.97     23.09    8.09    6.23      9.59   35.25   32.91   196.02   97.92   175.12  117.26 
 222    0.00    4.95     24.65   11.70   11.88     18.42   13.74   13.97     23.09    8.09    6.24      9.42   35.85   32.92   188.48   96.37   167.89  116.08 
 223    0.00    4.96     24.93   10.87   11.87     16.52   17.31   13.98     23.09    8.09    6.25      8.79   37.59   32.94   179.21   94.17   158.53  114.05 
 224    0.00    4.99     24.88   10.76   11.87     17.32   15.36   13.99     23.09    8.09    6.26     10.24   33.81   32.95   176.75   95.34   155.70  115.11 
 225    0.00    5.00     24.09   11.41   11.87     18.56   13.17   13.98     23.09    8.09    6.27      9.64   35.05   32.96   169.90   95.32   148.72  114.82 
 226    0.00    4.96     24.02   11.26   11.86     19.84   11.58   13.97     22.89    8.15    6.28      9.73   35.19   32.97   164.42   94.45   143.34  113.82 
 227    0.00    4.96     22.38   13.19   11.87     18.20   14.04   13.97     22.89    8.15    6.28      9.72   35.58   32.98   159.27   94.73   138.33  114.14 
 228    0.00    4.99     23.60   11.26   11.87     17.07   16.19   13.98     22.89    8.15    6.29      9.93   35.01   32.99   154.47   95.09   132.99  114.25 
 229    0.00    4.95     22.44   12.53   11.87     16.87   16.59   13.99     22.89    8.15    6.30     10.05   35.02   33.00   151.20   94.43   130.10  114.31 
 230    0.00    4.98     22.91   11.92   11.87     17.06   16.14   14.00     22.89    8.15    6.31     10.41   34.04   33.00   151.40   94.95   130.15  114.72 
 231    0.00    5.00     22.41   12.68   11.87     21.34    9.88   13.99     23.42    7.74    6.32     10.59   33.31   33.00   151.67   93.85   130.57  113.75 
 232    0.00    4.97     23.24   11.50   11.87     21.69    9.56   13.97     23.42    7.74    6.32     10.78   33.10   33.00   152.05   95.05   130.86  114.72 
 233    0.00    4.97     22.16   13.13   11.88     18.63   13.42   13.97     23.42    7.74    6.33     10.66   33.45   33.01   155.01   94.84   134.10  114.67 
 234    0.00    5.02     23.25   11.90   11.88     17.81   14.58   13.97     23.42    7.74    6.33     10.67   33.05   33.01   159.42   95.34   137.72  114.21 
 235    0.00    4.97     22.43   13.29   11.88     17.08   15.81   13.98     23.42    7.74    6.34     10.84   32.64   33.00   164.44   95.82   142.84  114.56 
 236    0.00    5.02     23.66   11.76   11.88     21.85    9.19   13.96     23.49    7.65    6.34     11.58   30.09   32.99   167.15   95.40   145.50  114.56 
 237    0.00    4.94     23.35   12.46   11.89     19.21   12.62   13.95     23.49    7.65    6.35     11.57   30.68   32.98   172.93   95.10   151.58  114.21 
 238    0.00    4.95     24.22   11.65   11.89     18.58   13.79   13.95     23.49    7.65    6.36     11.50   31.07   32.97   179.32   95.05   157.90  113.87 
 239    0.00    4.92     24.34   11.83   11.89     18.63   13.86   13.95     23.49    7.65    6.36     11.26   32.44   32.97   185.97   94.17   164.70  113.23 
 240    0.00    5.00     23.60   13.26   11.89     18.10   14.93   13.95     23.49    7.65    6.37     11.36   33.01   32.97   194.58   95.05   173.04  114.02 
 241    0.00    4.96     24.78   11.80   11.89     19.28   13.39   13.95     23.59    7.74    6.37     11.24   33.80   32.98   197.60   95.24   176.37  114.18 
 242    0.00    4.98     24.29   12.59   11.89     19.20   13.46   13.95     23.59    7.74    6.38     11.36   33.19   32.98   200.43   95.56   179.47  114.69 
 243    0.00    4.97     23.71   13.62   11.90     18.88   13.69   13.95     23.59    7.74    6.38     11.45   32.84   32.98   203.24   98.73   182.05  117.88 
 244    0.00    4.99     24.35   13.04   11.91     18.72   13.77   13.95     23.59    7.74    6.39     10.98   34.56   32.98   204.20  105.91   183.08  124.89 
 245    0.00    4.96     25.96   11.24   11.90     17.97   15.15   13.95     23.59    7.74    6.39     10.43   36.28   33.00   205.01  116.04   183.67  134.90 
 246    0.00    4.94     26.01   11.26   11.90     20.91   10.74   13.94     23.16    8.41    6.40     10.81   33.52   33.00   203.58  120.16   182.46  139.35 
 247    0.00    4.98     25.42   11.75   11.90     20.29   11.44   13.93     23.16    8.41    6.41     10.37   34.39   33.00   199.16  119.69   177.99  138.58 
 248    0.00    5.01     25.54   11.54   11.90     19.30   12.64   13.92     23.16    8.41    6.42     10.59   33.34   33.00   195.75  118.71   175.23  137.57 
 249    0.00    4.98     24.02   13.27   11.90     18.84   12.97   13.92     23.16    8.41    6.43      9.85   33.46   33.01   186.69  120.80   166.22  139.90 
 250    0.00    4.97     23.74   13.25   11.91     18.28   13.48   13.92     23.16    8.41    6.44      9.08   35.08   33.02   175.91  123.09   155.25  142.03 
 251    0.00    4.93     23.46   13.22   11.91     19.82   10.82   13.91     23.28    7.93    6.44      8.65   35.46   33.02   165.26  123.33   144.77  142.34 
 252    0.00    4.95     22.86   13.84   11.92     17.89   13.03   13.90     23.28    7.93    6.45      9.51   32.58   33.02   159.92  123.16   139.10  141.97 
 253    0.00    4.95     23.91   12.12   11.92     17.10   14.22   13.90     23.28    7.93    6.45     10.02   31.49   33.02   157.70  121.78   136.79  140.54 
 254    0.00    4.98     22.28   14.12   11.93     16.65   14.89   13.91     23.28    7.93    6.46      9.06   35.54   33.03   156.87  116.18   135.51  134.83 
 255    0.00    4.98     23.31   12.30   11.93     16.60   15.15   13.91     23.28    7.93    6.46      9.48   33.97   33.03   154.86  110.60   133.55  129.42 
 256    0.00    4.97     22.76   12.89   11.94     22.12    8.43   13.89     24.16    6.37    6.46     10.36   32.22   33.03   154.91  107.21   133.64  126.13 
 257    0.00    4.92     22.58   13.08   11.94     20.93    9.99   13.88     24.16    6.37    6.46     10.62   32.27   33.02   154.51  104.34   133.31  123.43 
 258    0.00    4.97     22.33   13.18   11.95     19.81   11.39   13.87     24.16    6.37    6.46     10.57   32.43   33.02   154.50  101.04   133.30  120.42 
 259    0.00    4.94     22.68   12.67   11.95     19.87   11.47   13.86     24.16    6.37    6.46     11.08   30.95   33.01   153.99  100.31   132.40  119.39 
 260    0.00    4.98     22.20   13.18   11.95     19.52   12.25   13.85     24.16    6.37    6.46     10.80   32.78   33.01   155.11   97.39   133.31  116.03 
 261    0.00    4.90     22.47   12.85   11.96     20.84   10.67   13.84     25.20    6.15    6.46     11.32   31.53   33.01   156.70   96.28   135.17  114.82 
 262    0.00    4.93     22.81   12.52   11.96     20.58   11.00   13.83     25.20    6.15    6.46     11.62   30.86   33.00   159.83   95.05   138.11  113.99 
 263    0.00    4.92     22.79   12.62   11.96     20.59   10.96   13.82     25.20    6.15    6.46     11.54   31.12   32.99   163.58   92.71   141.71  111.48 
 264    0.00    4.90     23.16   12.40   11.96     18.78   13.24   13.81     25.20    6.15    6.46     11.58   30.87   32.98   169.79   92.05   147.93  110.70 
 265    0.00    4.92     23.45   12.23   11.96     17.81   14.78   13.82     25.20    6.15    6.46     11.66   30.01   32.97   173.54   91.40   151.83  110.38 
 266    0.00    4.93     23.70   12.24   11.96     19.62   11.98   13.81     24.74    6.75    6.46     11.59   30.16   32.96   180.96   90.40   159.43  109.50 
 267    0.00    4.93     23.96   12.24   11.97     19.24   12.19   13.80     24.74    6.75    6.46     11.27   30.71   32.95   188.34   89.24   166.33  108.23 
 268    0.00    4.96     23.77   12.82   11.97     18.26   13.77   13.80     24.74    6.75    6.46     11.13   31.29   32.95   194.39   88.47   172.32  107.46 
 269    0.00    4.96     24.24   12.34   11.97     17.92   14.37   13.81     24.74    6.75    6.46     11.02   31.88   32.94   198.28   88.57   176.15  107.55 
 270    0.00    4.98     26.30    9.92   11.96     16.60   16.80   13.82     24.74    6.75    6.46     11.01   31.88   32.94   199.75   89.36   177.49  108.30 
 271    0.00    4.95     24.89   11.70   11.96     19.45   12.02   13.81     23.47    7.59    6.47     11.60   29.71   32.93   202.43   89.53   180.14  108.30 
 272    0.00    4.97     25.72   10.79   11.96     18.87   12.75   13.81     23.47    7.59    6.47     11.57   29.84   32.92   204.76   90.44   182.65  109.23 
 273    0.00    4.97     24.43   12.53   11.96     18.88   12.69   13.80     23.47    7.59    6.47     11.41   29.83   32.91   206.75   88.95   184.42  107.60 
 274    0.00    4.96     24.73   12.01   11.96     18.83   12.95   13.80     23.47    7.59    6.48     11.20   30.48   32.90   206.05   87.35   183.70  105.85 
 275    0.00    4.99     25.42   11.10   11.96     17.38   15.27   13.81     23.47    7.59    6.48     11.29   30.49   32.89   205.10   87.18   182.86  105.65 
 276    0.00    4.95     25.89   10.67   11.95     17.89   14.01   13.81     22.50    8.43    6.49     11.68   29.16   32.87   207.66   87.94   185.68  106.69 
 277    0.00    4.93     26.36   10.16   11.95     17.63   14.38   13.81     22.50    8.43    6.50     11.53   29.27   32.86   208.66   88.02   186.56  106.32 
 278    0.00    4.97     24.75   12.08   11.95     16.74   15.80   13.82     22.50    8.43    6.50     11.43   28.87   32.85   207.95   86.47   186.29  104.67 
 279    0.00    4.93     23.43   13.84   11.95     15.65   17.63   13.83     22.50    8.43    6.51     11.08   29.61   32.84   206.34   85.71   184.60  103.79 
 280    0.00    4.98     24.73   11.75   11.95     15.69   17.80   13.84     22.50    8.43    6.52     10.87   30.33   32.83   200.74   85.72   178.90  104.61 
 281    0.00    4.98     23.95   12.41   11.95     18.78   12.24   13.84     22.43    8.21    6.52     10.98   29.80   32.82   194.13   85.05   172.33  104.29 
 282    0.00    4.97     23.12   13.48   11.96     17.80   13.55   13.84     22.43    8.21    6.53     11.13   29.31   32.80   191.56   85.63   170.05  104.19 
 283    0.00    4.97     21.04   16.19   11.97     18.90   12.11   13.83     22.43    8.21    6.54     10.88   29.90   32.79   182.82   85.55   161.56  104.27 
 284    0.00    4.95     23.51   11.80   11.97     17.32   14.31   13.83     22.43    8.21    6.54     10.62   30.78   32.79   172.17   84.83   150.32  103.38 
 285    0.00    4.93     22.27   13.15   11.98     17.31   14.60   13.83     22.43    8.21    6.55     11.16   29.34   32.77   165.21   86.69   143.19  104.98 
 286    0.00    4.91     21.44   14.02   11.98     20.16   10.88   13.82     23.41    7.17    6.55     10.91   30.66   32.77   158.01   87.34   136.16  106.04 
 287    0.00    4.93     21.54   13.47   11.99     18.35   13.62   13.82     23.41    7.17    6.55     10.78   31.96   32.76   152.97   86.18   131.03  104.71 
 288    0.00    4.93     21.62   13.09   11.99     18.23   14.00   13.82     23.41    7.17    6.55     11.10   31.74   32.76   149.02   85.54   127.45  104.09 
 289    0.00    4.95     21.79   12.48   12.00     16.95   16.93   13.84     23.41    7.17    6.56     11.04   33.10   32.76   144.46   84.53   122.72  102.80 
 290    0.00    5.20     20.50   14.20   12.00     16.78   18.04   13.85     23.41    7.17    6.56     11.25   33.94   32.77   142.42   82.58   120.90  101.17 
 291    0.01    5.14     20.93   13.29   12.01     18.70   15.01   13.85     22.52    8.71    6.56     11.41   34.51   32.77   140.33   83.02   118.87  101.32 
 292    0.01    4.95     20.18   14.40   12.02     18.72   15.31   13.86     22.52    8.71    6.57     11.62   34.38   32.78   140.51   82.05   118.98  100.47 
 293    0.01    4.93     19.53   15.57   12.03     18.10   16.62   13.87     22.52    8.71    6.58     11.54   35.10   32.78   140.28   82.16   119.13  101.18 
 294    0.01    4.94     19.13   16.27   12.04     17.68   17.47   13.88     22.52    8.71    6.59     11.64   34.77   32.79   141.48   83.55   120.00  102.07 
 295    0.01    4.96     19.97   14.95   12.05     18.16   16.76   13.89     22.52    8.71    6.59     11.42   36.01   32.80   141.72   84.03   120.32  102.69 
 296    0.00    4.90     20.01   15.27   12.06     21.11   12.18   13.88     23.84    8.54    6.60     11.76   35.29   32.81   146.33   83.79   124.91  102.55 
 297    0.00    4.92     18.57   18.31   12.08     19.14   15.58   13.89     23.84    8.54    6.61     11.86   35.68   32.82   153.67   83.75   132.24  102.35 
 298    0.00    4.97     20.88   15.10   12.09     16.53   20.89   13.91     23.84    8.54    6.61     11.80   36.39   32.83   164.19   82.57   142.87  101.02 
 299    0.00    4.93     21.54   14.83   12.10     15.84   22.61   13.94     23.84    8.54    6.62     11.75   36.69   32.85   176.09   81.43   154.88  100.34 
 300    0.00    4.95     24.82   10.54   12.10     15.42   23.71   13.98     23.84    8.54    6.63     11.53   37.23   32.86   179.15   82.93   158.13  101.51 
 301    0.00    4.96     24.05   11.97   12.10     19.15   15.21   13.98     24.04    8.78    6.63     11.91   35.74   32.87   189.80   82.08   168.66  100.47 
 302    0.00    4.92     23.26   13.63   12.10     17.88   17.72   13.99     24.04    8.78    6.64     11.73   36.45   32.88   199.26   80.79   177.80   98.97 
 303    0.00    4.94     23.90   12.98   12.11     17.17   18.95   14.01     24.04    8.78    6.65     11.89   35.79   32.89   204.36   83.00   183.15  101.02 
 304    0.00    4.93     23.28   14.18   12.11     16.85   19.77   14.03     24.04    8.78    6.65     11.15   39.64   32.91   205.86   88.67   184.53  106.71 
 305    0.00    4.92     24.51   12.69   12.11     16.83   20.34   14.05     24.04    8.78    6.66     10.47   44.27   32.95   205.59   99.42   184.26  117.68 
 306    0.00    4.93     25.80   11.33   12.11     21.11   12.49   14.04     23.66    9.09    6.67     11.81   38.09   32.97   208.63  106.95   187.53  125.42 
 307    0.00    4.92     25.10   12.51   12.11     18.11   18.13   14.06     23.66    9.09    6.68     10.16   44.57   33.00   206.33  118.88   185.16  137.24 
 308    0.00    4.93     25.54   12.00   12.11     17.35   20.16   14.08     23.66    9.09    6.69     10.46   43.15   33.04   202.92  125.45   182.13  143.92 
 309    0.00    4.93     26.73   10.41   12.11     17.41   20.35   14.10     23.66    9.09    6.69     10.45   42.65   33.07   197.52  127.40   176.86  146.02 
 310    0.00    4.95     24.91   12.51   12.11     16.88   21.40   14.12     23.66    9.09    6.70     10.17   43.37   33.10   190.49  129.60   170.21  148.37 
 311    0.00    4.93     24.03   13.62   12.11     20.87   13.38   14.12     24.10    9.19    6.71     10.96   40.08   33.12   185.50  131.08   165.22  149.90 
 312    0.00    4.98     22.10   16.14   12.13     18.41   17.20   14.13     24.10    9.19    6.72      8.99   45.47   33.16   171.46  133.04   151.14  151.68 
 313    0.00    4.96     23.00   13.98   12.13     17.30   19.32   14.14     24.10    9.19    6.72      9.02   44.88   33.20   157.79  133.85   137.35  152.33 
 314    0.00    4.95     23.45   12.89   12.13     15.95   22.01   14.17     24.10    9.19    6.73      9.43   43.16   33.23   147.85  134.04   127.28  152.51 
 315    0.00    4.95     21.62   15.28   12.14     15.58   22.98   14.20     24.10    9.19    6.74      9.41   44.63   33.27   139.46  131.44   118.74  149.82 
 316    0.00    4.95     20.07   17.32   12.16     18.87   15.47   14.20     24.41    8.54    6.75      9.76   44.69   33.31   137.79  123.39   117.01  141.45 
 317    0.00    4.92     20.27   16.46   12.17     18.20   16.63   14.21     24.41    8.54    6.75     10.51   40.59   33.33   137.54  117.64   116.85  135.85 
 318    0.00    4.98     19.78   16.77   12.19     16.41   20.20   14.23     24.41    8.54    6.76      9.59   44.30   33.36   137.66  108.76   116.59  126.63 
 319    0.00    4.94     20.08   15.72   12.20     15.03   23.20   14.26     24.41    8.54    6.76     10.01   40.46   33.39   137.12  102.99   116.16  121.53 
 320    0.00    4.97     19.38   17.24   12.22     14.43   24.10   14.29     24.41    8.54    6.77     10.46   37.89   33.40   142.98  101.45   121.83  120.25 
 321    0.00    4.96     19.75   16.84   12.23     18.97   14.09   14.29     21.80   10.78    6.78     10.67   36.50   33.41   149.72   98.79   128.29  117.41 
 322    0.00    4.96     21.82   13.86   12.23     18.11   15.54   14.29     21.80   10.78    6.79     10.76   35.93   33.42   158.05   95.33   136.43  114.12 
 323    0.00    4.94     21.29   15.03   12.24     18.13   15.36   14.29     21.80   10.78    6.81     11.37   33.61   33.42   163.20   95.18   141.56  113.85 
 324    0.00    4.92     23.43   12.49   12.24     16.54   18.17   14.30     21.80   10.78    6.82     10.90   35.29   33.42   173.41   97.03   152.16  115.46 
 325    0.00    4.94     24.75   11.35   12.24     16.23   19.00   14.32     21.80   10.78    6.83     10.62   36.26   33.43   185.14   96.14   163.31  114.59 
 326    0.00    5.00     23.86   13.23   12.24     18.47   14.31   14.32     23.72    8.06    6.83     10.30   38.05   33.45   199.05   96.03   177.12  114.31 
 327    0.00    4.96     24.22   13.04   12.25     17.79   15.00   14.32     23.72    8.06    6.84     10.74   35.34   33.45   206.12   96.57   184.40  115.03 
 328    0.00    4.99     24.58   12.76   12.25     15.25   19.25   14.34     23.72    8.06    6.84     10.78   33.70   33.45   212.18   96.49   190.23  114.75 
 329    0.00    4.93     24.40   13.15   12.25     14.99   19.52   14.35     23.72    8.06    6.85     10.31   34.00   33.45   213.16   96.20   191.44  114.59 
 330    0.00    4.95     24.55   12.97   12.25     14.27   20.48   14.37     23.72    8.06    6.85     10.10   34.24   33.46   213.41  100.41   191.65  118.48 
 331    0.00    4.97     25.11   12.43   12.25     18.71   12.06   14.36     23.00    7.99    6.85     10.21   34.17   33.46   213.68  107.72   192.00  125.63 
 332    0.00    4.96     24.30   13.95   12.26     16.22   15.49   14.37     23.00    7.99    6.86     10.09   33.86   33.46   215.57  115.35   194.16  133.47 
 333    0.00    4.94     25.83   11.63   12.26     15.76   17.04   14.38     23.00    7.99    6.86      9.68   32.20   33.46   210.07  118.78   188.81  136.74 
 334    0.00    4.94     24.41   13.41   12.26     15.78   17.16   14.38     23.00    7.99    6.86      9.25   32.89   33.45   204.10  120.63   182.72  138.62 
 335    0.00    4.94     24.68   12.79   12.26     15.44   18.48   14.40     23.00    7.99    6.87      9.84   32.35   33.45   198.37  120.23   177.24  138.72 
 336    0.00    4.98     23.77   13.57   12.27     18.73   12.92   14.39     21.67    8.64    6.87      8.56   35.74   33.46   188.25  121.08   167.33  139.34 
 337    0.00    4.94     22.80   14.60   12.27     18.59   13.46   14.39     21.67    8.64    6.88      8.92   35.71   33.46   179.46  119.10   158.40  137.53 
 338    0.00    4.99     23.76   12.69   12.27     18.52   14.01   14.39     21.67    8.64    6.88      9.20   36.46   33.47   169.53  119.70   148.88  138.40 
 339    0.00    5.01     22.88   13.74   12.28     17.75   15.54   14.39     21.67    8.64    6.89      9.65   37.09   33.48   163.88  119.81   143.61  138.70 
 340    0.00    4.97     22.88   13.56   12.28     17.55   16.00   14.40     21.67    8.64    6.89     10.15   36.40   33.49   161.97  118.41   141.40  137.41 
 341    0.00    4.93     23.19   12.75   12.28     19.65   12.78   14.39     23.20    8.10    6.90      9.10   41.09   33.52   158.77  113.51   138.25  132.48 
 342    0.00    5.01     22.89   13.01   12.29     17.78   15.91   14.40     23.20    8.10    6.90      9.52   40.32   33.54   159.13  109.03   138.44  127.98 
 343    0.00    4.94     21.44   15.03   12.29     16.83   17.98   14.41     23.20    8.10    6.90      9.89   39.13   33.55   159.67  105.30   139.00  124.20 
 344    0.00    5.01     22.19   13.73   12.30     16.51   19.11   14.42     23.20    8.10    6.91     10.16   38.69   33.57   159.35  102.22   138.54  121.08 
 345    0.00    4.94     23.25   12.26   12.30     16.10   20.36   14.44     23.20    8.10    6.91     10.30   39.19   33.58   161.98   99.02   141.38  118.07 
 346    0.00    4.94     22.91   12.79   12.30     21.84   10.68   14.43     23.60    8.31    6.91     11.72   33.81   33.58   164.23   97.07   143.53  115.95 
 347    0.00    4.96     22.54   13.66   12.30     18.99   15.16   14.43     23.60    8.31    6.92     11.47   36.18   33.59   173.59   93.96   152.77  113.04 
 348    0.00    5.00     25.73    9.94   12.30     18.22   17.17   14.44     23.60    8.31    6.92     11.60   36.66   33.60   180.65   94.49   159.84  113.55 
 349    0.00    4.99     25.07   11.22   12.29     17.76   18.24   14.45     23.60    8.31    6.93     11.21   38.96   33.62   191.41   93.85   170.58  112.82 
 350    0.00    4.93     24.04   12.96   12.30     16.54   21.26   14.47     23.60    8.31    6.93     11.28   39.12   33.63   199.48   92.53   178.52  111.28 
 351    0.00    5.00     25.01   11.70   12.29     19.48   15.21   14.47     23.65    9.08    6.94     12.14   35.80   33.64   203.36   92.77   182.12  111.64 
 352    0.00    4.99     23.97   13.25   12.30     19.34   15.38   14.47     23.65    9.08    6.94     12.24   35.02   33.64   204.77   93.65   183.72  112.31 
 353    0.00    4.99     24.40   12.82   12.30     19.56   14.87   14.47     23.65    9.08    6.95     12.01   35.86   33.65   205.58   99.71   184.42  118.40 
 354    0.00    4.95     25.13   11.93   12.30     19.13   15.53   14.47     23.65    9.08    6.95     11.78   35.92   33.65   203.64  105.42   182.75  124.10 
 355    0.00    4.95     24.69   12.25   12.30     18.23   16.96   14.48     23.65    9.08    6.96     12.00   33.95   33.65   198.48  105.55   177.54  124.34 
 356    0.00    4.92     25.13   11.43   12.29     19.73   13.96   14.48     24.49    8.42    6.96     12.25   31.95   33.65   191.52  105.63   170.48  124.15 
 357    0.00    4.96     23.54   13.16   12.30     19.61   13.63   14.48     24.49    8.42    6.97     12.20   30.85   33.64   183.07  106.29   162.16  124.74 
 358    0.00    4.97     23.68   12.66   12.30     19.33   13.85   14.48     24.49    8.42    6.97     12.47   29.92   33.63   178.19  106.68   157.34  125.22 
 359    0.00    5.00     22.10   14.28   12.30     18.11   15.35   14.48     24.49    8.42    6.98     10.89   33.27   33.63   166.06  104.06   145.20  122.88 
 360    0.00    5.03     21.65   14.53   12.31     17.44   16.22   14.48     24.49    8.42    6.98     11.44   31.02   33.62   158.01  104.31   136.94  123.36 
 361    0.00    4.99     21.60   14.23   12.31     20.26   11.41   14.47     23.61    8.43    6.98     11.43   30.80   33.62   151.88  103.64   130.59  122.78 
 362    0.00    4.96     20.77   15.19   12.32     18.16   14.03   14.47     23.61    8.43    6.99     11.19   31.11   33.61   148.32  102.34   127.11  121.38 
 363    0.00    4.92     20.95   14.57   12.33     17.23   15.24   14.48     23.61    8.43    6.99     11.13   30.68   33.60   144.20  101.69   122.80  121.29 
 364    0.00    4.97     21.15   14.41   12.33     16.86   15.73   14.48     23.61    8.43    7.00     11.30   29.94   33.59   143.17  104.01   122.21  123.05 
 365    0.00    5.00     21.59   14.09   12.34     15.95   17.14   14.49     23.61    8.43    7.00     11.36   29.14   33.58   142.35  107.86   121.73  127.06 
 366    0.00    5.01     20.91   15.36   12.35     18.45   12.51   14.48     23.95    7.10    7.00     10.78   30.64   33.57   144.73  111.21   124.10  130.36 
 367    0.00    4.95     21.55   14.55   12.35     17.40   13.81   14.48     23.95    7.10    7.00     10.51   30.83   33.56   146.38  113.06   125.76  132.27 
 368    0.00    5.01     22.79   12.94   12.36     16.09   15.71   14.48     23.95    7.10    7.00     10.42   30.60   33.55   151.23  112.82   130.77  132.05 
 369    0.00    4.92     21.98   14.41   12.36     15.52   16.53   14.49     23.95    7.10    7.00     10.51   29.85   33.54   156.03  113.63   135.27  132.10 
 370    0.00    4.95     23.99   11.87   12.36     14.83   17.76   14.50     23.95    7.10    7.00     10.71   29.21   33.53   162.84  112.89   142.22  132.09 
 371    0.00    4.96     23.95   12.37   12.36     18.68   11.42   14.49     22.73    7.36    7.00     10.88   28.67   33.52   172.23  112.12   151.08  131.18 
 372    0.00    5.01     24.14   12.59   12.36     17.59   12.79   14.48     22.73    7.36    7.00     10.76   28.86   33.51   182.56  113.64   161.76  132.51 
 373    0.00    4.94     25.70   10.85   12.36     17.15   13.60   14.48     22.73    7.36    7.00     10.58   29.47   33.50   188.91  113.40   168.06  132.71 
 374    0.00    4.98     26.63   10.03   12.35     17.35   13.32   14.48     22.73    7.36    7.01     10.37   30.20   33.49   195.78  113.41   175.03  132.74 
 375    0.00    4.93     25.76   11.17   12.35     17.02   13.90   14.48     22.73    7.36    7.01     10.50   29.80   33.48   199.11  113.81   178.16  132.71 
 376    0.00    4.94     25.86   11.08   12.34     19.90   10.48   14.47     22.46    7.38    7.01     10.46   31.00   33.47   200.36  110.95   179.49  129.99 
 377    0.00    4.94     25.12   11.90   12.34     17.35   14.44   14.47     22.46    7.38    7.01      9.90   33.89   33.47   201.75  106.38   180.76  125.42 
 378    0.00    4.99     25.76   11.07   12.34     15.05   18.73   14.48     22.46    7.38    7.01      9.99   33.39   33.47   204.02  102.89   182.88  121.75 
 379    0.00    4.96     24.84   12.30   12.34     14.04   20.95   14.49     22.46    7.38    7.01     10.55   31.19   33.47   206.85  100.20   185.73  118.92 
 380    0.00    4.96     24.27   12.97   12.34     14.05   20.97   14.51     22.46    7.38    7.01     10.18   32.02   33.46   204.86   99.77   183.73  119.00 
 381    0.00    4.94     24.60   12.43   12.34     19.76   10.84   14.50     21.90    8.47    7.02     11.04   29.26   33.45   202.65   99.82   181.66  118.96 
 382    0.00    4.92     24.33   12.45   12.34     18.94   12.21   14.50     21.90    8.47    7.02     10.18   32.06   33.45   197.36   96.95   176.31  116.32 
 383    0.00    4.95     23.67   12.87   12.34     18.08   13.83   14.49     21.90    8.47    7.02      9.73   34.18   33.45   188.30   96.22   167.20  114.90 
 384    0.00    4.96     26.13    9.52   12.33     17.48   15.52   14.50     21.90    8.47    7.03     10.11   34.19   33.45   178.75   96.08   157.80  115.11 
 385    0.00    4.94     22.42   13.50   12.34     17.11   16.99   14.50     21.90    8.47    7.03      9.49   38.14   33.46   168.37   94.32   147.51  113.35 
 386    0.00    4.97     23.02   12.08   12.34     20.22   13.19   14.50     22.66    8.29    7.03     10.16   38.56   33.48   157.91   93.44   137.37  112.55 
 387    0.00    4.97     22.93   11.88   12.34     19.21   15.52   14.50     22.66    8.29    7.04     11.59   35.75   33.48   152.97   92.88   132.66  112.14 
 388    0.00    4.95     22.20   12.34   12.34     17.42   19.92   14.52     22.66    8.29    7.04     10.94   39.41   33.50   144.41   90.83   124.01  110.31 
 389    0.00    4.92     21.39   13.02   12.34     16.29   22.22   14.54     22.66    8.29    7.04     11.18   38.21   33.51   137.02   90.80   116.76  110.16 
 390    0.00    5.00     20.84   13.81   12.34     16.06   21.51   14.55     22.66    8.29    7.05     11.61   35.27   33.51   134.76   93.01   114.56  112.17 
 391    0.00    4.95     20.94   13.81   12.35     21.82   10.30   14.54     24.40    8.52    7.05     12.12   31.37   33.51   134.59   97.27   114.54  116.49 
 392    0.00    4.99     21.68   13.06   12.35     20.36   11.42   14.54     24.40    8.52    7.05     12.21   29.29   33.50   135.71  100.45   115.83  119.74 
 393    0.00    4.97     20.21   15.44   12.35     19.94   11.78   14.53     24.40    8.52    7.06     12.19   28.75   33.49   136.82  102.71   116.67  121.82 
 394    0.00    4.99     22.16   12.90   12.36     19.56   12.24   14.52     24.40    8.52    7.06     12.09   29.17   33.48   139.86  105.04   119.87  124.45 
 395    0.00    4.93     22.83   12.34   12.36     19.07   13.49   14.52     24.40    8.52    7.07     12.06   30.47   33.47   145.61  107.20   125.55  126.27 
 396    0.00    4.95     23.34   12.19   12.36     19.36   13.48   14.52     24.88    6.85    7.06     11.77   33.02   33.47   155.17  107.43   135.36  127.12 
 397    0.00    4.96     23.78   12.03   12.36     18.33   15.68   14.52     24.88    6.85    7.06     12.09   32.99   33.47   164.86  107.68   145.10  127.58 
 398    0.00    4.97     23.49   12.76   12.36     17.84   16.72   14.53     24.88    6.85    7.06     12.59   31.44   33.46   171.10  107.91   151.38  127.56 
 399    0.00    4.95     23.66   13.01   12.36     16.79   19.24   14.54     24.88    6.85    7.06     11.97   34.21   33.46   182.33  108.25   162.28  127.82 
 400    0.00    4.94     25.03   11.69   12.36     16.81   18.79   14.55     24.88    6.85    7.06     12.01   33.25   33.46   192.64  109.14   172.80  128.70 
 401    0.00    4.98     24.88   12.23   12.36     21.59   10.40   14.54     25.19    7.13    7.06     12.88   28.98   33.45   200.62  110.30   180.73  129.36 
 402    0.00    4.97     25.68   11.39   12.35     19.51   12.84   14.53     25.19    7.13    7.06     13.11   27.30   33.44   204.94  109.80   184.87  129.02 
 403    0.00    5.01     25.22   12.13   12.35     19.63   12.36   14.53     25.19    7.13    7.06     13.00   26.99   33.42   207.63  110.71   187.68  129.99 
 404    0.00    4.94     26.15   11.03   12.35     19.58   12.49   14.52     25.19    7.13    7.06     12.95   27.00   33.40   208.77  111.86   189.06  131.00 
 405    0.00    4.98     24.89   12.69   12.35     19.13   12.97   14.52     25.19    7.13    7.06     12.53   28.16   33.39   210.24  110.54   190.28  129.68 
 406    0.00    4.99     26.11   10.99   12.35     22.65    8.65   14.51     25.33    6.51    7.06     12.14   28.93   33.38   208.29  108.49   188.45  127.90 
 407    0.00    4.95     26.77   10.09   12.34     21.00   10.47   14.50     25.33    6.51    7.06     11.69   30.06   33.37   205.40  105.44   185.57  124.95 
 408    0.00    4.95     24.82   12.18   12.34     19.89   11.84   14.49     25.33    6.51    7.06     11.16   31.61   33.37   202.08  101.52   182.09  120.86 
 409    0.00    4.94     25.00   11.47   12.34     18.86   13.50   14.49     25.33    6.51    7.06     10.54   33.60   33.37   194.27   97.58   174.23  116.80 
 410    0.00    4.95     25.18   10.93   12.34     18.37   14.47   14.49     25.33    6.51    7.06     11.58   30.72   33.36   189.16   95.17   169.20  114.01 
 411    0.00    4.95     22.37   14.21   12.34     20.86   11.06   14.48     24.29    7.20    7.06     11.05   32.18   33.36   180.22   92.28   160.10  111.18 
 412    0.00    4.93     22.49   13.47   12.34     20.18   11.84   14.47     24.29    7.20    7.06     11.51   31.15   33.35   171.60   90.82   151.49  109.67 
 413    0.00    4.97     22.13   13.46   12.35     20.31   11.93   14.47     24.29    7.20    7.06     11.49   31.04   33.35   162.72   89.80   142.63  108.85 
 414    0.00    5.02     21.99   13.11   12.35     19.72   12.90   14.46     24.29    7.20    7.06     11.71   30.46   33.34   154.28   89.92   134.05  108.89 
 415    0.00    4.91     20.87   14.26   12.35     19.93   12.38   14.46     24.29    7.20    7.06     11.62   30.94   33.33   148.61   87.98   127.83  107.07 
 416    0.00    4.93     21.36   13.32   12.35     22.71    8.89   14.44     24.49    7.33    7.06     11.95   30.08   33.33   144.86   87.63   124.58  106.56 
 417    0.00    4.93     22.21   11.99   12.35     22.04    9.53   14.43     24.49    7.33    7.06     12.12   29.39   33.32   142.02   87.94   121.40  107.15 
 418    0.00    4.93     20.90   14.04   12.36     21.52   10.15   14.42     24.49    7.33    7.06     12.54   28.57   33.31   141.83   91.91   121.41  111.00 
 419    0.00    4.92     21.69   13.20   12.36     20.17   11.88   14.42     24.49    7.33    7.06     12.53   28.71   33.29   142.19   96.14   121.93  115.30 
 420    0.00    4.96     21.56   13.78   12.36     18.89   13.65   14.41     24.49    7.33    7.06     12.12   29.83   33.29   146.12   99.69   125.64  119.31 
 421    0.00    4.95     22.08   13.37   12.37     21.33   10.26   14.40     24.38    7.30    7.06     11.97   30.22   33.28   150.58  102.25   130.43  122.04 
 422    0.00    4.94     21.96   13.86   12.37     20.30   11.40   14.40     24.38    7.30    7.06     11.95   30.16   33.27   154.87  103.78   134.62  123.43 
 423    0.00    4.96     22.37   13.75   12.37     20.19   11.42   14.39     24.38    7.30    7.06     11.92   30.39   33.27   162.58  105.37   142.44  124.85 
 424    0.00    4.96     23.00   13.39   12.37     18.13   14.31   14.39     24.38    7.30    7.06     11.67   31.16   33.26   171.70  107.67   151.49  127.12 
 425    0.00    4.94     20.11   19.11   12.39     18.09   14.43   14.39     24.38    7.30    7.06     11.47   31.73   33.26   181.74  107.86   161.62  126.91 
 426    0.00    4.96     25.21   11.31   12.39     22.35    8.91   14.38     24.91    6.65    7.06     11.64   31.29   33.25   190.54  107.55   170.36  126.60 
 427    0.00    4.93     25.25   11.45   12.39     21.25   10.20   14.37     24.91    6.65    7.06     11.85   30.32   33.24   194.88  106.93   174.68  126.32 
 428    0.00    4.96     25.64   11.36   12.38     20.89   10.57   14.36     24.91    6.65    7.06     11.57   31.70   33.24   203.60  108.14   183.49  126.99 
 429    0.00    4.94     26.92   10.09   12.38     18.93   13.15   14.35     24.91    6.65    7.06     11.69   31.19   33.24   210.27  108.97   190.34  127.37 
 430    0.00    4.96     26.23   10.97   12.37     18.72   13.66   14.35     24.91    6.65    7.06     11.56   31.03   33.23   212.00  107.04   191.40  125.86 
 431    0.00    4.90     25.93   11.33   12.37     21.90    9.53   14.34     24.75    6.78    7.06     11.61   30.82   33.23   212.28  107.04   191.52  125.74 
 432    0.00    4.94     25.04   12.43   12.37     22.40    9.00   14.33     24.75    6.78    7.06     11.42   31.92   33.22   213.10  104.43   192.23  123.09 
 433    0.00    4.94     27.33    9.58   12.37     22.67    8.86   14.32     24.75    6.78    7.06     11.50   31.79   33.22   212.08  101.88   191.18  120.71 
 434    0.00    4.92     25.81   11.27   12.36     21.02   10.72   14.31     24.75    6.78    7.06     11.37   32.54   33.22   212.56   98.92   191.89  117.73 
 435    0.00    4.94     25.71   11.39   12.36     19.49   12.83   14.31     24.75    6.78    7.06     11.53   32.07   33.22   213.00   96.89   192.38  115.62 
 436    0.00    4.93     26.11   10.80   12.36     20.35   10.64   14.30     25.40    6.43    7.05     11.31   30.06   33.21   212.89   94.25   192.12  113.06 
 437    0.00    4.94     26.43   10.36   12.35     15.27   15.86   14.30     25.40    6.43    7.05     10.90   26.42   33.19   212.93   92.30   192.13  110.87 
 438    0.00    4.92     26.33   10.46   12.35     13.40   18.34   14.31     25.40    6.43    7.05     10.25   26.41   33.18   214.23   88.62   193.28  107.26 
 439    0.00    4.93     24.44   12.98   12.35     12.12   19.60   14.32     25.40    6.43    7.05      9.82   27.47   33.16   215.01   92.99   194.72  111.18 
 440    0.00    4.96     24.78   12.53   12.35     12.16   19.48   14.33     25.40    6.43    7.05      9.67   27.16   33.15   214.25   94.91   193.70  112.90 
 441    0.00    4.93     25.41   11.58   12.35     17.16   11.32   14.33     18.94   10.19    7.06     10.97   22.96   33.13   214.93   89.36   193.98  107.24 
 442    0.00    4.98     25.26   11.77   12.35     16.87   11.64   14.32     18.94   10.19    7.06     10.80   23.89   33.11   214.70   89.17   193.72  107.07 
 443    0.00    4.90     23.36   14.35   12.35     16.33   12.00   14.32     18.94   10.19    7.07      9.77   25.59   33.09   212.31   90.24   191.24  107.97 
 444    0.00    4.93     23.71   13.72   12.36     15.56   13.16   14.31     18.94   10.19    7.08     10.48   23.73   33.07   211.62   88.54   190.54  106.13 
 445    0.00    4.91     23.35   14.28   12.36     15.71   13.02   14.31     18.94   10.19    7.08     10.49   24.49   33.05   212.05   89.01   190.47  106.57 
 446    0.00    4.92     23.36   14.27   12.36     19.99    7.93   14.30     19.29    8.68    7.09     10.16   25.21   33.03   212.10   88.80   190.67  106.41 
 447    0.00    4.94     23.23   14.45   12.37     19.62    8.28   14.28     19.29    8.68    7.09     10.11   25.34   33.01   211.73   88.75   190.33  106.57 
 448    0.00    4.92     23.24   14.44   12.37     19.03    8.78   14.27     19.29    8.68    7.10     10.34   24.69   33.00   211.52   88.83   190.30  106.01 
 449    0.00    4.94     23.27   14.26   12.38     18.08   10.04   14.26     19.29    8.68    7.10     10.14   25.12   32.98   209.66   87.87   188.13  105.68 
 450    0.00    4.93     23.26   14.31   12.38     17.87   11.01   14.25     19.29    8.68    7.10     11.06   24.45   32.96   210.35   87.54   188.98  105.50 
 451    0.00    4.94     23.69   13.55   12.38     20.46    8.83   14.24     22.87    5.81    7.10     10.80   26.69   32.95   209.42   85.64   188.05  103.56 
 452    0.00    4.92     23.62   13.68   12.39     17.48   14.07   14.24     22.87    5.81    7.10     11.33   28.78   32.94   209.53   86.30   188.14  104.31 
 453    0.00    4.94     23.76   13.49   12.39     16.37   17.28   14.25     22.87    5.81    7.09     11.27   31.27   32.93   210.03   85.90   188.72  103.96 
 454    0.00    4.93     24.69   12.10   12.39     16.40   18.44   14.26     22.87    5.81    7.09     11.41   32.33   32.93   209.63   81.37   188.10   99.29 
 455    0.00    4.92     24.41   12.47   12.39     16.33   19.00   14.27     22.87    5.81    7.09     11.41   33.24   32.93   209.56   79.95   188.29   98.46 
 456    0.00    4.96     24.44   12.45   12.39     21.16   10.85   14.26     21.55    9.39    7.09     12.16   30.83   32.93   209.71   81.05   188.58   99.19 
 457    0.00    4.96     24.49   12.34   12.39     21.30   10.80   14.25     21.55    9.39    7.10     12.14   30.75   32.92   209.44   80.46   188.25   98.55 
 458    0.00    4.96     23.28   14.20   12.39     20.60    9.14   14.24     21.55    9.39    7.10     11.61   27.10   32.91   209.56   86.26   188.65  104.36 
 459    0.00    4.97     23.46   13.97   12.40     18.28   10.48   14.23     21.55    9.39    7.11     10.89   25.20   32.89   210.27   85.90   189.39  104.05 
 460    0.00    4.95     23.12   14.47   12.40     17.48   10.91   14.23     21.55    9.39    7.11     10.38   25.39   32.88   209.92   86.52   188.81  104.04 
 461    0.00    4.95     23.48   13.95   12.40     20.68    7.42   14.21     23.56    6.95    7.11     10.49   24.86   32.86   210.31   86.27   189.32  104.22 
 462    0.00    4.99     23.62   13.73   12.41     20.53    7.51   14.20     23.56    6.95    7.11     10.51   24.48   32.84   210.20   86.53   189.21  104.50 
 463    0.00    4.98     23.70   13.63   12.41     18.68    9.21   14.19     23.56    6.95    7.11     10.40   24.67   32.82   210.64   86.16   189.65  103.86 
 464    0.00    4.98     23.22   14.36   12.41     20.20    7.70   14.17     23.56    6.95    7.11     10.14   25.33   32.81   210.56   86.89   189.51  104.69 
 465    0.00    4.95     22.84   14.94   12.42     18.93    8.91   14.16     23.56    6.95    7.11     10.24   24.92   32.79   210.66   86.06   189.66  104.14 
 466    0.00    4.99     23.22   14.37   12.42     21.54    6.57   14.14     24.71    4.62    7.11     10.09   25.39   32.77   210.98   86.27   189.90  103.87 
 467    0.00    4.98     23.50   13.92   12.43     21.20    6.83   14.13     24.71    4.62    7.10      9.88   25.91   32.76   210.56   86.73   189.46  104.09 
 468    0.00    4.96     23.08   14.57   12.43     21.30    6.75   14.11     24.71    4.62    7.10      9.96   25.61   32.74   210.57   86.67   189.46  104.03 
 469    0.00    4.94     23.80   13.42   12.43     19.44    8.55   14.10     24.71    4.62    7.09     10.23   25.16   32.73   209.29   85.72   188.58  103.39 
 470    0.00    4.97     23.47   13.88   12.44     19.11    9.90   14.09     24.71    4.62    7.08     11.07   25.55   32.71   209.38   85.57   188.59  103.35 
 471    0.00    4.95     23.82   13.37   12.44     18.95   11.51   14.09     23.30    5.54    7.08     11.34   28.07   32.70   209.27   85.90   188.41  103.85 
 472    0.00    4.95     24.83   11.91   12.44     18.87   13.10   14.08     23.30    5.54    7.08     11.50   29.96   32.70   209.73   80.90   188.69   98.28 
 473    0.00    4.92     23.94   13.17   12.44     19.43   12.84   14.08     23.30    5.54    7.07     12.09   30.16   32.69   210.38   80.89   189.35   98.78 
 474    0.00    4.95     25.29   11.31   12.44     20.27   11.86   14.08     23.30    5.54    7.07     12.06   30.50   32.69   209.58   80.53   188.64   98.57 
 475    0.00    4.96     24.22   12.75   12.44     20.55   11.69   14.07     23.30    5.54    7.07     12.17   30.85   32.68   209.67   80.45   188.67   98.53 
 476    0.00    4.95     24.13   12.90   12.44     22.01    9.88   14.06     24.74    6.79    7.07     12.28   30.69   32.68   210.29   80.90   189.48   99.00 
