   6    2.32   23.19     44.57    0.90    1.47     20.68    7.81    8.19     48.75    0.28   25.57      8.42   31.75   30.81   125.82   97.40   110.50   76.53   143.00   78.76 
   7    2.32   22.59     44.45    0.91    1.39     19.04    9.69    8.41     48.75    0.28   21.96      9.39   29.27   30.59   123.89   96.56   109.23   74.99   141.85   78.50 
   8    2.32   22.87     42.12    1.19    1.36     18.52   10.70    8.69     48.75    0.28   19.25      9.32   30.12   30.53   123.43   97.95   108.36   76.84   140.87   79.48 
   9    2.32   22.62     46.99    0.69    1.29     15.84   15.06    9.40     48.75    0.28   17.14      8.44   33.86   30.90   122.56  103.89   107.02   82.50   140.20   85.01 
  10    2.32   23.02     40.44    1.49    1.31     13.85   19.95   10.46     48.75    0.28   15.45      7.72   37.72   31.59   121.91  110.19   107.44   89.44   139.25   92.46 
  11    2.35   22.27     37.44    2.13    1.38     20.54    9.55   10.37     49.40    0.29   14.08      7.94   38.09   32.18   119.91  116.13   105.12   95.88   136.75   98.19 
  12    2.35   22.32     41.32    1.37    1.38     20.27    9.94   10.34     49.40    0.29   12.93      8.19   38.45   32.70   116.26  118.27   101.60   97.52   133.58  100.36 
  13    2.35   22.12     40.78    1.43    1.39     19.00   11.63   10.44     49.40    0.29   11.95      7.94   40.00   33.26   110.25  120.10    95.40   99.57   127.27  102.04 
  14    2.35   22.29     36.86    2.15    1.44     18.69   11.99   10.55     49.40    0.29   11.12      7.63   41.60   33.86   104.30  118.88    89.98   98.31   121.49  101.32 
  15    2.35   22.17     40.42    1.38    1.44     18.52   12.15   10.65     49.40    0.29   10.40      7.82   40.86   34.32    97.67  117.22    82.86   96.64   114.76   99.23 
  16    3.41   21.73     35.40    2.34    1.49     19.57   10.75   10.66     37.25    1.25    9.83      7.67   42.49   34.83    92.62  111.82    78.36   91.22   109.94   94.37 
  17    3.41   21.47     37.46    1.82    1.51     20.51    9.87   10.61     37.25    1.25    9.32      8.90   37.81   35.01    92.89  108.87    78.62   88.22   110.31   91.44 
  18    3.41   21.57     35.76    2.17    1.55     18.55   12.47   10.72     37.25    1.25    8.87      8.80   38.67   35.21    93.10  103.94    78.64   83.58   110.06   86.28 
  19    3.41   21.55     37.59    1.77    1.56     17.78   13.80   10.88     37.25    1.25    8.47      8.72   38.70   35.40    95.23  104.01    80.88   83.58   112.41   86.54 
  20    3.41   21.53     35.68    2.25    1.59     16.37   16.36   11.15     37.25    1.25    8.11      8.29   40.97   35.67    99.91  103.84    85.24   83.64   116.79   86.08 
  21    4.97   22.67     35.58    2.40    1.63     21.86    8.78   11.04     31.80    2.43    7.84      7.92   42.15   35.98   104.76  107.13    89.86   87.13   121.45   89.18 
  22    4.97   22.78     35.88    2.37    1.67     18.37   13.41   11.15     31.80    2.43    7.59      7.99   42.74   36.29   106.51  110.30    91.46   90.52   122.88   92.23 
  23    4.97   22.77     39.94    1.51    1.66     17.67   14.86   11.31     31.80    2.43    7.37      8.30   42.66   36.57   108.04  113.38    92.57   93.77   124.16   94.90 
  24    4.97   22.62     36.27    2.38    1.69     16.27   18.19   11.60     31.80    2.43    7.16      7.89   46.18   36.97   112.74  115.29    97.70   95.61   129.07   97.26 
  25    4.97   22.75     35.62    2.64    1.73     14.86   21.96   12.01     31.80    2.43    6.97      7.77   48.02   37.41   116.89  117.50   101.66   98.03   132.91   99.27 
  26   24.14   22.15     37.26    2.24    1.75     22.92    8.95   11.89     26.31    4.79    6.89      7.73   49.96   37.89   121.61  118.26   106.60   98.68   137.75  100.19 
  27   24.14   22.26     36.62    2.43    1.77     19.80   13.15   11.94     26.31    4.79    6.81      7.43   54.81   38.52   126.60  115.03   111.43   95.34   142.80   96.76 
  28   24.14   22.24     35.72    2.71    1.81     17.48   17.58   12.14     26.31    4.79    6.74      7.35   57.26   39.19   131.22  110.37   115.65   90.60   147.40   91.69 
  29   24.14   22.34     27.64    6.84    1.98     15.79   21.88   12.48     26.31    4.79    6.67      6.67   63.59   40.03   135.09  101.97   120.41   82.10   151.57   84.14 
  30   24.14   22.35     31.91    4.28    2.06     13.29   29.33   13.04     26.31    4.79    6.61      5.95   67.55   40.95   143.02   93.84   128.23   74.04   159.40   75.92 
  31   11.52   22.49     30.47    5.24    2.16     19.44   14.55   13.09     38.47    1.25    6.44      6.94   59.81   41.56   152.27   88.66   137.45   68.81   168.71   70.72 
  32   11.52   22.53     31.70    4.68    2.24     18.05   17.38   13.22     38.47    1.25    6.28      7.53   55.77   42.00   159.49   89.97   144.35   70.26   175.71   71.70 
  33   11.52   22.59     36.09    2.92    2.26     17.30   19.21   13.40     38.47    1.25    6.12      7.74   54.61   42.38   164.92   94.83   150.47   74.64   181.70   77.13 
  34   11.52   22.38     36.57    2.81    2.27     16.18   21.86   13.65     38.47    1.25    5.98      8.87   49.36   42.59   166.78   98.36   151.96   78.30   183.38   80.33 
  35   11.52   22.47     34.44    3.64    2.31     14.68   26.31   14.01     38.47    1.25    5.84      8.85   49.98   42.80   169.62  101.14   153.90   81.90   185.28   82.39 
  36  265.62   21.92     36.69    2.83    2.33     20.97   12.81   13.98     20.25   10.76    5.98      8.92   50.52   43.01   170.93  101.87   155.40   82.24   187.04   83.25 
  37  265.62   22.16     34.67    3.63    2.36     18.78   16.64   14.05     20.25   10.76    6.11      8.70   51.64   43.25   172.97  103.96   157.11   84.56   188.81   85.07 
  38  265.62   22.03     35.83    3.17    2.38     18.52   17.02   14.13     20.25   10.76    6.23      9.03   50.30   43.43   173.21  104.75   156.87   85.48   188.78   85.41 
  39  265.62   22.08     35.32    3.35    2.41     16.24   21.83   14.33     20.25   10.76    6.35      8.97   51.02   43.63   172.07  102.64   155.47   83.53   187.40   83.05 
  40  265.62   22.15     35.61    3.25    2.43     15.82   22.70   14.54     20.25   10.76    6.46      8.66   51.67   43.83   174.45  101.19   158.09   81.79   190.15   81.76 
  41   20.04   23.02     34.86    3.54    2.46     23.11    9.74   14.42     33.55    2.42    6.36      9.13   48.68   43.95   175.20   99.08   159.24   79.57   191.02   80.02 
  42   20.04   22.99     34.70    3.59    2.48     19.83   14.04   14.41     33.55    2.42    6.27      9.15   48.80   44.06   174.17   96.30   157.51   77.23   189.39   76.61 
  43   20.04   23.09     36.50    2.92    2.49     17.64   18.17   14.50     33.55    2.42    6.18      8.97   48.40   44.16   175.19   96.84   158.76   77.93   190.27   77.40 
  44   20.04   22.95     33.11    4.34    2.54     16.61   20.30   14.63     33.55    2.42    6.09      8.83   48.82   44.27   173.61   98.55   156.98   79.64   188.66   78.94 
  45   20.04   23.14     33.29    4.25    2.57     15.80   22.12   14.80     33.55    2.42    6.01      8.98   47.73   44.35   174.63   98.89   158.13   80.16   189.52   79.40 
  46  100.99   23.09     34.74    3.60    2.60     23.85    8.67   14.66     26.64    5.49    6.00      9.13   46.22   44.39   174.87  100.78   158.56   81.97   189.85   81.46 
  47  100.99   23.13     33.34    4.22    2.63     20.01   13.38   14.64     26.64    5.49    5.99      9.25   45.60   44.41   174.43  101.13   158.56   82.38   189.43   82.26 
  48  100.99   23.16     32.81    4.51    2.67     19.17   14.62   14.64     26.64    5.49    5.98      9.02   46.28   44.45   174.51  101.64   158.76   82.89   189.47   82.85 
  49  100.99   23.12     35.09    3.47    2.69     18.74   15.23   14.65     26.64    5.49    5.97      9.11   45.49   44.47   174.59  101.54   159.14   82.58   189.88   83.03 
  50  100.99   23.30     33.78    4.07    2.71     17.60   17.19   14.70     26.64    5.49    5.96      9.17   45.40   44.49   176.39   99.89   161.35   80.71   191.96   81.73 
  51  330.55   22.65     32.03    4.98    2.76     20.42   12.24   14.65     21.01   10.64    6.05      8.78   47.77   44.55   178.45   95.71   163.32   76.51   193.96   77.43 
  52  330.55   22.88     34.48    3.76    2.78     19.10   13.97   14.64     21.01   10.64    6.14      8.63   47.90   44.62   180.66   90.76   165.36   71.60   196.10   72.36 
  53  330.55   22.72     33.37    4.36    2.81     17.35   16.71   14.68     21.01   10.64    6.22      8.13   48.50   44.69   186.05   87.41   170.90   68.34   201.44   69.14 
  54  330.55   22.62     33.30    4.47    2.84     16.92   17.33   14.73     21.01   10.64    6.31      8.48   45.37   44.70   189.13   87.18   174.28   68.24   204.54   69.29 
  55  330.55   22.10     32.50    5.00    2.88     14.36   22.91   14.87     21.01   10.64    6.38      7.60   47.49   44.76   191.20   92.90   175.73   74.54   205.92   74.50 
  56   47.22   23.52     33.46    4.54    2.91     19.16   13.05   14.84     35.39    2.04    6.31      8.19   43.25   44.73   190.69  101.35   175.22   82.91   205.45   82.92 
  57   47.22   23.48     30.82    6.21    2.97     16.97   16.35   14.87     35.39    2.04    6.23      8.28   42.50   44.69   187.99  106.58   172.12   88.34   202.52   87.82 
  58   47.22   23.52     31.97    5.46    3.01     16.07   17.80   14.92     35.39    2.04    6.16      8.66   40.37   44.61   189.18  110.35   173.75   92.26   203.68   92.06 
  59   47.22   23.38     31.59    5.73    3.05     14.77   20.29   15.01     35.39    2.04    6.09      8.97   38.88   44.52   188.16  111.60   172.95   93.62   202.63   93.57 
  60   47.22   23.63     33.04    4.72    3.08     13.85   22.72   15.14     35.39    2.04    6.02      8.96   39.69   44.44   182.82  110.48   167.26   92.43   197.30   92.16 
  61   49.80   23.49     33.27    4.52    3.11     19.88   11.22   15.07     26.38    5.73    6.02      8.85   41.30   44.39   181.84  104.19   166.95   85.95   196.53   86.34 
  62   49.80   24.65     31.43    5.64    3.15     20.31   10.51   15.00     26.38    5.73    6.01      9.28   38.40   44.29   185.33   99.17   169.58   81.39   199.38   80.58 
  63   49.80   25.04     32.98    4.78    3.17     17.41   14.41   14.99     26.38    5.73    6.01      8.96   38.46   44.20   191.44   94.36   176.50   76.50   205.77   76.54 
  64   49.80   24.97     33.78    4.46    3.19     15.85   17.18   15.03     26.38    5.73    6.00      8.53   38.47   44.11   196.05   97.44   180.99   79.75   210.26   79.58 
  65   49.80   24.94     31.79    5.63    3.23     15.59   17.69   15.07     26.38    5.73    6.00      8.74   37.69   44.01   194.46   99.40   179.50   81.80   208.58   81.64 
  66   36.99   25.45     33.51    4.63    3.25     19.23   11.64   15.01     28.33    4.54    5.98      9.24   34.95   43.87   194.47  103.98   179.68   86.08   208.86   86.28 
  67   36.99   26.02     31.92    5.49    3.29     18.31   13.00   14.98     28.33    4.54    5.96      9.80   33.81   43.72   189.38  106.15   173.90   89.17   202.84   88.03 
  68   36.99   25.81     32.34    5.10    3.31     17.45   14.40   14.98     28.33    4.54    5.93      9.39   35.86   43.61   182.35  107.71   167.34   90.44   196.08   89.95 
  69   36.99   24.90     32.75    4.74    3.33     15.68   17.69   15.02     28.33    4.54    5.91      9.71   35.26   43.48   176.24  107.45   161.94   89.68   190.56   90.27 
  70   36.99   25.66     31.69    5.21    3.36     15.79   17.47   15.05     28.33    4.54    5.90      9.78   35.12   43.36   170.56  107.03   155.40   89.93   184.07   89.14 
  71   31.57   25.18     35.45    3.20    3.36     18.83   12.29   15.01     28.98    4.19    5.87      9.47   37.67   43.28   163.60  102.37   148.84   84.72   177.83   84.81 
  72   31.57   25.18     32.91    4.17    3.37     21.05    9.49   14.93     28.98    4.19    5.85     10.08   34.79   43.17   157.68   98.69   142.90   81.29   171.52   81.09 
  73   31.57   25.06     32.45    4.29    3.38     19.45   11.29   14.88     28.98    4.19    5.83     10.02   35.31   43.06   156.03   92.59   141.01   75.24   169.92   74.89 
  74   31.57   25.31     33.35    3.90    3.39     18.09   13.16   14.86     28.98    4.19    5.80      9.71   34.50   42.94   159.94   90.02   144.38   73.51   172.72   71.82 
  75   31.57   25.55     32.55    4.33    3.40     19.72   11.02   14.81     28.98    4.19    5.78     10.21   31.97   42.80   160.58   92.66   145.49   76.02   173.57   74.87 
  76   32.94   25.46     31.80    4.73    3.42     21.17    9.28   14.74     29.77    3.80    5.76     10.54   30.79   42.64   159.68   93.94   145.18   76.90   173.16   76.62 
  77   32.94   25.34     32.18    4.57    3.43     24.38    6.44   14.63     29.77    3.80    5.73     10.62   30.61   42.48   160.36   97.15   145.19   80.25   173.55   79.20 
  78   32.94   25.31     32.48    4.44    3.45     21.42    9.08   14.56     29.77    3.80    5.71     10.36   31.48   42.34   160.83   99.59   145.41   82.95   173.66   81.42 
  79   32.94   25.33     33.88    3.76    3.45     22.18    8.40   14.48     29.77    3.80    5.68     11.04   29.76   42.18   159.22  100.50   144.81   83.54   172.70   83.38 
  80   32.94   25.37     33.08    4.08    3.46     21.61    8.94   14.41     29.77    3.80    5.66     10.81   30.52   42.04   156.20  101.31   141.70   84.38   169.85   84.17 
  81   31.99   25.71     31.49    4.87    3.48     25.59    5.66   14.30     29.23    4.03    5.64     10.99   30.27   41.89   153.46  101.94   138.89   85.00   166.88   84.69 
  82   31.99   25.21     32.09    4.44    3.49     23.01    7.67   14.22     29.23    4.03    5.62     11.66   28.90   41.73   150.65   99.55   136.05   82.60   164.11   82.28 
  83   31.99   25.78     33.50    3.78    3.49     22.52    8.10   14.15     29.23    4.03    5.60     10.35   33.30   41.63   154.12   95.73   139.72   78.73   167.68   78.64 
  84   31.99   25.91     32.73    4.20    3.50     23.38    7.44   14.07     29.23    4.03    5.58     10.45   32.52   41.52   157.64   94.14   142.77   78.00   170.29   76.77 
  85   31.99   25.15     31.39    4.97    3.52     21.38    9.29   14.01     29.23    4.03    5.56     10.80   31.24   41.40   160.97   93.14   145.80   76.41   174.10   75.37 
  86   35.64   25.76     32.11    4.85    3.53     19.72   11.29   13.98     29.07    4.08    5.54      8.01   38.96   41.37   172.03   96.31   157.19   79.37   185.16   78.58 
  87   35.64   25.70     31.90    5.12    3.55     20.49   10.45   13.94     29.07    4.08    5.53      9.53   34.67   41.30   175.35  100.33   160.59   83.34   188.57   82.66 
  88   35.64   24.70     31.74    5.33    3.57     18.79   12.76   13.93     29.07    4.08    5.51     10.08   33.42   41.21   180.09  100.89   165.55   83.65   193.61   83.38 
  89   35.64   25.81     32.63    4.96    3.59     17.62   14.83   13.94     29.07    4.08    5.50      9.02   37.91   41.17   188.78   97.83   174.69   80.73   202.45   81.00 
  90   35.64   25.91     32.42    5.16    3.60     16.05   17.95   13.98     29.07    4.08    5.48      9.56   36.35   41.12   193.13   96.18   178.96   79.09   206.51   79.00 
  91   31.23   24.96     33.27    4.72    3.62     23.62    7.57   13.91     29.71    3.78    5.46     10.98   31.67   41.01   196.18   94.29   182.28   77.20   209.91   77.62 
  92   31.23   25.92     32.13    5.44    3.64     21.38    9.86   13.87     29.71    3.78    5.44     11.51   30.70   40.90   197.74   93.18   184.00   75.89   211.71   76.62 
  93   31.23   25.98     32.21    5.41    3.65     19.82   11.98   13.85     29.71    3.78    5.42     11.26   31.90   40.80   199.29   92.39   185.69   75.27   213.11   76.01 
  94   31.23   25.34     33.07    4.85    3.67     18.09   14.79   13.86     29.71    3.78    5.41     11.11   34.36   40.74   198.98   88.84   185.76   71.56   213.02   72.76 
  95   31.23   26.00     32.01    5.47    3.69     16.20   18.15   13.90     29.71    3.78    5.39     10.77   35.14   40.68   199.51   84.57   186.05   67.51   213.24   68.32 
  96   31.50   25.52     32.10    5.42    3.70     24.19    7.31   13.83     28.22    4.50    5.38     11.08   33.84   40.61   199.80   83.10   186.56   66.17   213.50   67.08 
  97   31.50   25.57     32.04    5.41    3.72     22.49    8.99   13.78     28.22    4.50    5.37     11.02   34.33   40.54   198.50   82.79   185.35   66.04   211.98   66.87 
  98   31.50   25.53     31.86    5.54    3.74     20.98   10.70   13.75     28.22    4.50    5.36     10.71   34.16   40.48   198.26   84.04   185.55   67.10   212.15   68.52 
  99   31.50   25.58     30.71    6.47    3.77     18.87   13.34   13.75     28.22    4.50    5.35      9.16   36.77   40.44   200.68   89.53   188.14   72.84   214.25   74.19 
 100   31.50   25.63     32.31    5.39    3.78     21.08   10.75   13.72     28.22    4.50    5.35      8.75   41.99   40.45   198.16   98.39   185.52   82.14   211.27   83.04 
 101   32.60   25.67     30.36    6.69    3.81     20.90   10.74   13.69     27.35    4.98    5.34      9.95   39.14   40.44   193.84  101.06   181.17   85.08   206.65   85.69 
 102   32.60   25.20     31.45    5.81    3.83     19.67   12.54   13.68     27.35    4.98    5.34     10.14   39.77   40.43   189.66  104.05   176.69   88.33   202.17   88.46 
 103   32.60   25.98     33.62    4.39    3.84     18.04   15.43   13.69     27.35    4.98    5.34     10.05   42.35   40.45   184.88  103.70   171.68   88.25   197.07   87.94 
 104   32.60   25.80     30.38    6.16    3.86     15.75   19.06   13.75     27.35    4.98    5.33     10.60   39.63   40.44   178.96   97.78   165.52   82.35   191.06   81.77 
 105   32.60   25.18     33.82    4.10    3.86     15.38   20.07   13.81     27.35    4.98    5.33     11.53   32.27   40.37   177.85   96.60   164.17   81.51   189.57   80.44 
 106   37.69   25.84     31.48    5.42    3.88     18.32   13.93   13.81     27.04    5.16    5.33     10.90   33.04   40.30   181.31   90.44   168.01   74.90   193.61   74.60 
 107   37.69   26.13     32.02    5.12    3.89     17.25   16.17   13.83     27.04    5.16    5.33     11.10   32.68   40.23   184.04   89.72   169.86   74.80   195.46   73.07 
 108   37.69   25.44     32.44    4.93    3.90     16.25   18.24   13.87     27.04    5.16    5.32     10.54   33.99   40.17   185.40   92.04   171.07   77.29   196.54   75.23 
 109   37.69   25.99     33.30    4.47    3.90     14.85   21.36   13.94     27.04    5.16    5.32     10.43   34.31   40.12   185.38   95.42   170.72   81.18   196.28   78.57 
 110   37.69   26.41     31.50    5.57    3.92     14.10   23.06   14.02     27.04    5.16    5.32     10.11   35.71   40.08   186.14   97.97   171.91   83.73   196.76   81.34 
 111   43.92   24.79     30.80    6.08    3.94     18.89   13.38   14.02     27.52    4.89    5.32     10.65   34.36   40.02   187.25  100.33   173.36   85.83   198.22   84.00 
 112   43.92   25.80     30.80    6.07    3.96     14.84   21.43   14.08     27.52    4.89    5.31     10.46   35.50   39.98   186.11  101.06   172.22   86.73   196.97   84.77 
 113   43.92   25.44     30.69    6.20    3.98     13.38   25.64   14.18     27.52    4.89    5.31      9.66   38.90   39.97   188.54  103.54   174.43   89.64   198.80   87.06 
 114   43.92   24.92     32.92    4.81    3.98     12.92   27.44   14.30     27.52    4.89    5.31      9.70   38.89   39.96   188.14  106.12   174.30   92.36   198.55   90.05 
 115   43.92   25.81     33.22    4.70    3.99     12.82   27.65   14.42     27.52    4.89    5.30      9.77   39.54   39.96   190.62  106.26   176.49   92.80   200.68   89.99 
 116   41.72   25.23     34.31    4.14    3.99     21.77    9.66   14.38     26.94    5.23    5.30     10.95   35.58   39.92   191.90  102.13   178.60   88.28   202.51   86.55 
 117   41.72   24.53     31.85    5.41    4.00     18.11   14.44   14.38     26.94    5.23    5.30     11.52   32.79   39.86   191.55   97.08   178.34   83.14   202.24   81.57 
 118   41.72   25.50     33.07    4.76    4.01     17.15   16.21   14.39     26.94    5.23    5.30     10.97   33.52   39.81   194.53   97.37   181.17   83.73   204.93   81.77 
 119   41.72   25.50     33.27    4.73    4.02     16.15   17.92   14.42     26.94    5.23    5.30      9.68   36.39   39.78   196.63  100.40   183.29   86.56   207.20   84.78 
 120   41.72   25.25     34.36    4.19    4.02     15.89   18.59   14.46     26.94    5.23    5.30      9.60   35.70   39.75   194.99  105.32   181.60   91.75   205.28   89.72 
 121   37.39   25.13     34.20    4.26    4.02     20.88   10.33   14.42     26.08    5.78    5.30     10.34   33.50   39.69   192.83  108.25   179.64   94.21   203.62   92.72 
 122   37.39   24.73     34.82    3.92    4.02     21.25    9.91   14.39     26.08    5.78    5.31     10.42   33.81   39.65   189.22  110.10   176.13   96.76   199.37   94.80 
 123   37.39   25.56     35.17    3.71    4.02     23.37    7.85   14.33     26.08    5.78    5.31     10.77   33.49   39.60   184.65  110.70   172.07   96.93   195.39   95.83 
 124   37.39   24.78     34.92    3.77    4.01     20.95   10.39   14.30     26.08    5.78    5.31     11.00   33.18   39.54   182.49  109.93   169.64   96.16   193.12   94.76 
 125   37.39   25.73     35.00    3.71    4.01     21.32   10.01   14.27     26.08    5.78    5.32     11.12   32.97   39.49   181.68  108.62   169.28   94.93   192.37   93.92 
 126   40.57   24.12     34.37    3.90    4.01     21.28    9.99   14.23     26.27    5.65    5.32     11.09   33.18   39.44   178.04  105.54   165.65   91.92   188.70   90.90 
 127   40.57   24.97     33.23    4.35    4.01     19.32   12.48   14.22     26.27    5.65    5.32     11.05   33.07   39.39   174.35  102.85   162.07   89.36   184.93   88.34 
 128   40.57   24.05     32.05    4.84    4.02     17.14   16.20   14.23     26.27    5.65    5.33     10.74   34.25   39.35   170.23  101.28   158.22   87.87   180.70   87.02 
 129   40.57   24.84     33.95    3.84    4.02     16.21   18.05   14.26     26.27    5.65    5.33     10.91   33.36   39.30   167.53  100.30   155.10   86.97   177.92   85.66 
 130   40.57   23.99     31.31    5.06    4.03     15.94   18.26   14.29     26.27    5.65    5.33     11.63   32.07   39.25   164.27   95.20   151.09   82.57   173.85   79.99 
 131   56.39   24.71     32.48    4.32    4.03     19.91   11.42   14.27     26.83    5.30    5.33     11.28   33.71   39.21   162.42   88.35   149.34   75.89   171.88   73.28 
 132   56.39   23.47     31.90    4.58    4.03     18.95   12.86   14.26     26.83    5.30    5.33     11.39   30.86   39.14   161.42   88.44   148.39   75.58   171.28   73.34 
 133   56.39   24.41     31.88    4.60    4.04     17.86   14.59   14.26     26.83    5.30    5.33      9.79   35.36   39.11   158.49   92.00   144.78   79.79   167.57   76.35 
 134   56.39   23.35     30.50    5.41    4.05     17.45   15.61   14.27     26.83    5.30    5.33     10.60   33.39   39.07   159.66   94.31   146.21   82.15   168.73   78.93 
 135   56.39   24.04     32.87    4.11    4.05     17.25   16.40   14.29     26.83    5.30    5.33     10.96   33.00   39.03   161.07   96.07   146.95   84.52   169.41   80.13 
 136   60.51   23.97     32.98    4.07    4.05     21.26   10.46   14.26     26.34    5.60    5.33     10.56   34.29   38.99   158.53   99.52   144.27   87.71   167.08   83.40 
 137   60.51   24.25     30.77    5.23    4.06     18.18   15.21   14.27     26.34    5.60    5.33     10.81   34.75   38.96   157.18  101.65   143.00   89.71   165.87   85.57 
 138   60.51   23.91     31.99    4.55    4.06     17.21   17.34   14.29     26.34    5.60    5.34     10.94   35.14   38.93   154.80  102.52   141.67   89.87   164.52   87.40 
 139   60.51   24.53     32.68    4.16    4.06     16.54   18.97   14.32     26.34    5.60    5.34     11.19   35.03   38.91   154.19  103.09   141.03   90.31   164.01   87.91 
 140   60.51   23.79     28.93    6.46    4.08     15.65   20.95   14.37     26.34    5.60    5.34     11.09   35.76   38.88   157.29  100.80   143.81   87.97   167.00   85.24 
 141   51.13   23.46     30.60    5.47    4.09     17.59   17.01   14.39     25.76    6.01    5.34     10.11   39.05   38.88   163.76  102.00   150.58   88.85   173.84   86.69 
 142   51.13   23.25     30.71    5.59    4.10     16.70   18.85   14.42     25.76    6.01    5.35     10.09   39.74   38.89   169.67  102.24   156.20   89.05   179.72   86.62 
 143   51.13   23.49     31.04    5.55    4.11     15.83   21.03   14.47     25.76    6.01    5.35     10.17   39.13   38.89   178.07  102.21   164.72   89.83   187.35   86.87 
 144   51.13   23.13     32.75    4.67    4.11     15.74   21.46   14.52     25.76    6.01    5.36     10.41   38.95   38.89   182.07  102.16   169.00   89.49   191.66   87.04 
 145   51.13   23.73     32.11    5.09    4.12     15.19   23.17   14.58     25.76    6.01    5.36     10.34   40.23   38.90   185.36  101.98   172.60   89.06   195.25   87.10 
 146   59.74   22.79     31.57    5.47    4.13     18.57   15.74   14.58     25.81    6.00    5.37     10.34   40.32   38.91   187.10  103.68   174.41   90.89   196.87   88.89 
 147   59.74   23.35     32.40    4.98    4.14     17.83   17.16   14.60     25.81    6.00    5.37     10.29   40.60   38.92   185.59  105.79   172.82   93.18   195.12   90.95 
 148   59.74   22.91     31.32    5.64    4.15     16.90   19.00   14.63     25.81    6.00    5.38     10.68   39.91   38.93   186.55  104.69   173.16   92.86   195.32   89.46 
 149   59.74   23.81     32.96    4.71    4.15     16.12   20.73   14.67     25.81    6.00    5.38     10.09   43.96   38.96   189.57  101.73   176.66   89.58   198.67   86.84 
 150   59.74   22.97     33.78    4.26    4.15     15.92   21.53   14.72     25.81    6.00    5.38     10.43   41.48   38.98   188.82  102.02   176.38   89.98   197.89   87.60 
 151   71.43   23.84     33.82    4.22    4.15     16.06   21.23   14.76     25.90    5.97    5.39     10.27   42.67   39.00   186.74  101.08   174.69   88.58   196.34   86.94 
 152   71.43   24.04     29.69    6.57    4.17     14.64   25.41   14.83     25.90    5.97    5.39     10.64   43.79   39.04   181.25   98.55   169.63   86.28   190.73   84.88 
 153   71.43   24.34     28.62    7.16    4.19     12.39   32.67   14.95     25.90    5.97    5.40      9.95   47.38   39.09   175.44   94.67   164.11   82.44   184.98   81.31 
 154   71.43   23.32     25.02   10.80    4.23     11.40   35.53   15.08     25.90    5.97    5.40      9.66   46.71   39.14   177.84   93.39   166.80   80.99   187.60   80.27 
 155   71.43   24.49     24.56   11.28    4.27     10.88   38.24   15.23     25.90    5.97    5.40      8.93   46.72   39.19   175.47   97.03   163.69   85.38   184.40   83.35 
 156   46.06   23.91     24.94   10.77    4.32     15.75   22.43   15.28     24.37    7.15    5.41      9.92   42.57   39.21   173.09   98.97   161.19   87.51   181.80   85.22 
 157   46.06   24.93     25.38   10.21    4.35     13.53   30.18   15.37     24.37    7.15    5.43      9.53   45.53   39.25   171.37  102.12   159.73   90.90   179.91   88.69 
 158   46.06   24.35     23.49   12.74    4.41     12.49   33.04   15.48     24.37    7.15    5.44      9.61   46.96   39.30   171.68  101.63   161.33   89.50   181.42   89.28 
 159   46.06   25.05     23.91   12.38    4.46     12.22   35.32   15.61     24.37    7.15    5.45      8.94   56.09   39.40   176.09  104.10   166.05   92.05   185.82   92.07 
 160   46.06   24.52     22.65   14.48    4.52     11.81   36.42   15.74     24.37    7.15    5.46      8.85   55.32   39.50   179.54  105.45   169.86   93.18   189.55   93.73 
 161   62.52   24.68     22.60   14.73    4.58     21.32   12.13   15.72     23.96    7.55    5.47      9.94   48.28   39.56   182.05  106.30   172.51   93.85   192.24   94.66 
 162   62.52   23.96     22.99   14.20    4.64     20.16   13.69   15.70     23.96    7.55    5.48      9.94   46.13   39.60   183.02  107.29   173.17   95.20   192.80   95.41 
 163   62.52   24.92     23.74   13.16    4.69     20.32   13.36   15.69     23.96    7.55    5.50     10.26   46.48   39.64   184.70  107.83   175.09   95.94   194.39   96.28 
 164   62.52   24.21     23.45   13.55    4.75     17.85   17.44   15.70     23.96    7.55    5.51     10.63   42.19   39.66   183.75  106.59   174.45   94.53   193.72   95.35 
 165   62.52   24.81     23.99   12.80    4.80     16.80   19.78   15.72     23.96    7.55    5.52     10.41   43.56   39.68   183.89  106.72   174.66   94.65   193.87   95.54 
 166   68.41   21.78     24.22   12.43    4.84     19.96   13.67   15.71     25.02    6.72    5.53     10.39   41.82   39.69   183.18  107.03   173.88   95.01   193.09   95.80 
 167   68.41   22.10     23.91   12.41    4.89     14.00   26.11   15.77     25.02    6.72    5.54      9.09   44.01   39.72   174.65  104.32   166.15   91.91   185.07   93.77 
 168   68.41   21.67     24.20   11.64    4.93     13.07   28.74   15.85     25.02    6.72    5.54      9.21   42.62   39.74   168.14  102.76   160.18   90.00   178.98   92.63 
 169   68.41   21.47     29.75    6.02    4.93     12.64   32.58   15.95     25.02    6.72    5.55      8.86   43.23   39.76   158.86  105.89   150.66   93.54   169.30   95.64 
 170   68.41   22.23     29.31    6.30    4.94     12.52   31.60   16.04     25.02    6.72    5.56      9.18   45.44   39.79   156.03  103.69   148.00   91.42   166.41   93.63 
 171   55.75   22.52     29.29    6.17    4.95     14.63   23.48   16.09     23.81    7.75    5.57      8.76   45.59   39.82   151.91  102.18   144.08   89.93   162.32   92.31 
 172   55.75   23.11     21.93   14.40    5.00      9.29   40.19   16.23     23.81    7.75    5.58      7.93   49.62   39.88   162.72  105.81   154.71   93.72   172.96   95.83 
 173   55.75   24.07     23.76   11.59    5.04      9.77   38.49   16.36     23.81    7.75    5.59      8.19   46.48   39.92   159.09  103.61   151.66   91.43   169.53   94.21 
 174   55.75   23.86     21.96   14.27    5.10     10.19   36.54   16.47     23.81    7.75    5.61      8.70   44.79   39.95   161.23  100.09   153.58   87.83   171.71   90.45 
 175   55.75   24.64     21.05   15.79    5.16     10.63   34.80   16.58     23.81    7.75    5.62      8.84   44.36   39.97   162.82   96.52   155.40   84.30   173.30   87.11 
 176   67.72   21.78     21.56   15.06    5.21     17.87   15.07   16.57     23.78    7.77    5.63     10.38   37.07   39.96   165.74   96.17   158.40   83.92   176.24   86.84 
 177   67.72   21.62     21.77   14.79    5.27     15.44   19.99   16.59     23.78    7.77    5.64     10.54   36.02   39.93   167.24   94.08   160.16   81.68   177.95   84.98 
 178   67.72   21.31     21.50   15.39    5.32     13.02   25.60   16.64     23.78    7.77    5.65      9.97   38.09   39.92   170.96   96.07   163.67   83.85   181.46   86.82 
 179   67.72   21.32     23.23   12.83    5.37     12.97   26.51   16.69     23.78    7.77    5.67     10.20   37.07   39.91   171.67   97.48   165.09   84.71   182.81   88.79 
 180   67.72   20.95     22.74   13.60    5.41     12.43   28.03   16.76     23.78    7.77    5.68      9.96   37.49   39.89   173.30   98.32   166.70   85.55   184.42   89.59 
 181   68.30   22.21     21.34   15.95    5.47     17.65   14.66   16.74     22.11    9.41    5.70      9.70   38.12   39.88   175.13   97.32   168.28   84.62   186.14   88.35 
 182   68.30   23.69     21.74   15.03    5.52     17.61   14.75   16.73     22.11    9.41    5.72      8.46   43.77   39.91   170.90   96.67   164.01   83.82   182.05   87.63 
 183   68.30   23.49     21.44   15.43    5.58     13.85   22.59   16.77     22.11    9.41    5.74      9.44   38.73   39.90   170.82   96.70   164.16   83.76   182.07   87.84 
 184   68.30   22.81     21.20   15.83    5.63     13.39   23.58   16.80     22.11    9.41    5.76      9.37   38.51   39.89   171.10   94.56   164.90   81.45   182.66   86.16 
 185   68.30   23.36     21.20   15.87    5.69     13.16   23.89   16.84     22.11    9.41    5.78      9.23   38.87   39.89   172.27   92.54   166.02   79.33   183.90   84.06 
 186   57.27   21.08     20.91   16.34    5.75     18.37   13.30   16.82     22.81    8.67    5.79     10.05   35.32   39.86   172.51   93.04   166.76   79.68   184.37   85.02 
 187   57.27   20.86     21.06   16.21    5.80     17.11   15.41   16.81     22.81    8.67    5.81     10.17   35.02   39.84   174.34   91.77   168.44   78.22   186.35   83.56 
 188   57.27   20.51     21.05   16.20    5.86     15.92   18.00   16.82     22.81    8.67    5.83      9.85   37.06   39.82   174.11   89.48   168.45   75.96   186.14   81.51 
 189   57.27   20.76     20.95   16.60    5.91     13.39   24.41   16.86     22.81    8.67    5.84     10.19   36.00   39.80   178.64   88.89   172.83   75.44   190.57   80.77 
 190   57.27   20.75     23.47   12.49    5.95     12.45   27.74   16.92     22.81    8.67    5.86     10.18   36.47   39.78   176.67   90.72   170.23   77.55   188.26   82.09 
 191   63.56   22.91     24.17   11.59    5.98     22.61    8.71   16.87     22.62    8.84    5.87     11.89   31.05   39.74   177.18   89.53   170.79   76.28   188.80   80.93 
 192   63.56   24.29     24.39   10.90    6.00     15.63   19.04   16.89     22.62    8.84    5.89     10.53   36.61   39.72   170.56   86.56   164.96   73.33   182.32   78.69 
 193   63.56   24.57     23.16   12.50    6.04     16.36   17.53   16.89     22.62    8.84    5.90     10.92   33.69   39.69   171.84   85.84   165.47   72.40   183.66   77.24 
 194   63.56   24.21     23.42   12.09    6.07     15.92   18.34   16.90     22.62    8.84    5.92     10.61   34.49   39.66   170.15   87.10   163.83   73.79   181.81   78.53 
 195   63.56   25.27     23.48   11.81    6.10     15.01   20.35   16.91     22.62    8.84    5.93     10.14   36.92   39.65   166.19   88.61   159.67   75.22   177.88   79.81 
 196   71.67   22.33     22.62   13.02    6.13     21.65    9.47   16.88     22.57    8.89    5.95     10.66   33.54   39.62   165.46   90.91   158.89   77.52   177.21   82.15 
 197   71.67   22.61     22.80   12.52    6.17     18.69   13.27   16.86     22.57    8.89    5.96     10.78   34.59   39.59   161.70   89.47   155.32   75.80   173.71   80.83 
 198   71.67   22.29     21.40   14.87    6.21     16.99   16.24   16.85     22.57    8.89    5.98     10.78   32.48   39.56   165.53   90.58   159.16   76.86   177.62   81.93 
 199   71.67   22.32     22.88   12.65    6.24     15.33   19.52   16.87     22.57    8.89    5.99     11.44   31.17   39.51   166.58   88.27   159.29   74.73   178.32   78.81 
 200   71.67   21.76     22.34   13.79    6.28     15.14   19.33   16.88     22.57    8.89    6.01     11.10   31.34   39.47   172.81   86.95   165.92   73.10   184.93   77.81 
 201   65.12   22.69     23.12   12.76    6.31     17.68   13.98   16.87     22.41    9.04    6.02     11.23   30.86   39.43   176.53   82.42   169.82   68.38   188.84   73.42 
 202   65.12   23.30     23.18   12.79    6.34     15.81   17.25   16.87     22.41    9.04    6.04     11.05   30.53   39.39   179.48   81.24   172.98   67.01   192.03   72.42 
 203   65.12   24.45     22.70   13.89    6.38     14.61   19.46   16.88     22.41    9.04    6.05     10.45   31.35   39.35   185.62   81.48   179.90   67.09   198.47   73.40 
 204   65.12   23.71     22.46   14.69    6.42     13.88   21.21   16.90     22.41    9.04    6.07     10.07   32.43   39.31   190.57   83.87   185.13   69.12   203.85   76.03 
 205   65.12   24.38     22.69   14.44    6.46     12.88   23.61   16.93     22.41    9.04    6.08      9.66   34.50   39.29   191.58   84.41   186.58   69.53   204.99   76.90 
 206   68.74   21.07     23.58   13.38    6.49     19.16   11.57   16.91     22.02    9.44    6.10     10.48   31.62   39.25   196.26   86.38   190.51   71.58   209.53   78.21 
 207   68.74   21.07     23.10   14.27    6.53     18.82   12.01   16.89     22.02    9.44    6.11     10.40   32.33   39.22   198.54   84.97   193.45   69.92   212.13   77.39 
 208   68.74   21.06     23.44   13.56    6.57     17.71   13.52   16.87     22.02    9.44    6.13     10.16   34.64   39.20   197.70   80.58   192.54   66.00   210.86   73.06 
 209   68.74   21.14     22.91   14.38    6.60     18.15   12.94   16.85     22.02    9.44    6.14     10.57   32.53   39.17   199.35   77.08   194.20   62.30   212.68   69.48 
 210   68.74   21.13     22.74   14.85    6.64     18.02   13.23   16.83     22.02    9.44    6.16     10.61   31.79   39.13   203.06   75.92   197.83   61.19   216.37   68.30 
 211   68.07   22.23     23.67   13.60    6.68     19.63   10.76   16.80     22.12    9.31    6.17     10.24   32.14   39.10   205.92   75.73   200.95   61.14   219.08   68.35 
 212   68.07   23.60     23.62   13.57    6.71     17.91   13.41   16.79     22.12    9.31    6.19      9.57   35.38   39.08   203.17   79.49   198.09   64.87   216.33   71.98 
 213   68.07   24.60     23.35   14.14    6.74     16.74   15.62   16.78     22.12    9.31    6.20      9.45   34.91   39.06   202.75   85.51   198.16   70.81   216.09   78.45 
 214   68.07   23.81     23.77   13.38    6.77     17.45   14.08   16.77     22.12    9.31    6.22      9.68   34.53   39.04   199.00   90.47   194.08   75.86   212.16   83.08 
 215   68.07   24.37     23.28   13.76    6.81     15.98   16.16   16.77     22.12    9.31    6.23      8.99   37.36   39.03   191.43   93.05   187.00   78.39   204.78   86.15 
 216   80.83   22.08     24.30   11.95    6.83     17.24   13.96   16.75     22.00    9.41    6.25      8.15   39.31   39.03   183.78   95.30   179.00   80.52   197.13   88.02 
 217   80.83   21.80     23.38   12.90    6.86     14.88   18.81   16.76     22.00    9.41    6.26      8.96   37.03   39.02   178.47   94.89   173.43   80.25   191.67   87.44 
 218   80.83   21.55     22.47   13.75    6.89     12.60   27.41   16.81     22.00    9.41    6.28      8.73   42.69   39.04   171.15   93.79   166.56   79.46   184.12   86.74 
 219   80.83   22.12     28.89    6.56    6.89     11.02   31.37   16.88     22.00    9.41    6.29      9.60   39.76   39.04   159.28   97.72   154.13   83.89   171.66   90.20 
 220   80.83   21.70     25.41    9.65    6.90     11.56   26.47   16.92     22.00    9.41    6.31     10.31   36.73   39.03   152.02   84.15   147.01   69.27   165.42   76.61 
 221   80.48   22.87     24.77   10.25    6.92     21.75    8.18   16.88     21.15   10.35    6.32     10.64   32.42   39.00   150.86   79.13   145.91   64.30   164.24   71.69 
 222   80.48   24.06     26.24    8.75    6.92     22.69    7.47   16.84     21.15   10.35    6.34      9.41   32.92   38.98   154.73   80.82   149.45   65.98   168.06   73.04 
 223   80.48   24.42     25.12   10.16    6.94     21.96    8.17   16.80     21.15   10.35    6.36      9.81   32.00   38.94   156.39   82.21   151.38   67.09   170.02   74.61 
 224   80.48   24.07     25.47    9.97    6.95     21.40    8.92   16.77     21.15   10.35    6.38      9.79   32.67   38.92   159.79   83.60   154.64   68.39   173.49   75.92 
 225   80.48   24.69     25.82    9.79    6.96     20.32   10.21   16.74     21.15   10.35    6.40      9.43   33.67   38.89   164.48   85.84   159.25   70.58   178.18   78.01 
 226   79.16   22.37     25.01   10.96    6.98     21.31    9.27   16.70     21.57    9.83    6.41      9.69   33.24   38.87   165.74   88.95   160.92   73.36   179.83   81.47 
 227   79.16   22.30     24.88   11.35    7.00     19.95   10.95   16.68     21.57    9.83    6.43      9.65   33.87   38.85   168.08   91.97   163.21   76.25   182.33   84.48 
 228   79.16   22.30     24.42   12.38    7.03     19.81   11.28   16.66     21.57    9.83    6.44      9.44   35.20   38.83   173.62   95.09   168.92   79.35   187.93   87.79 
 229   79.16   22.13     25.21   11.44    7.04     18.86   12.73   16.64     21.57    9.83    6.46      9.98   34.24   38.81   175.77   96.88   170.97   81.11   190.09   89.47 
 230   79.16   21.48     25.40   11.21    7.06     18.26   13.75   16.63     21.57    9.83    6.47     10.74   32.92   38.78   178.39   94.49   174.34   78.43   193.06   87.65 
 231   85.32   22.46     24.18   13.16    7.09     15.24   19.75   16.64     21.92    9.44    6.48      9.56   39.26   38.79   184.48   86.98   180.02   70.80   199.24   79.76 
 232   85.32   23.84     24.33   12.86    7.11     14.72   21.21   16.66     21.92    9.44    6.50     10.36   34.68   38.77   184.65   85.96   180.00   69.51   199.63   78.53 
 233   85.32   23.70     23.38   14.01    7.14     14.01   22.64   16.68     21.92    9.44    6.51     10.13   37.08   38.76   181.85   77.10   177.57   60.32   197.19   69.87 
 234   85.32   23.60     23.57   13.51    7.17     13.96   22.85   16.71     21.92    9.44    6.52     10.39   35.50   38.75   182.11   72.77   177.25   56.25   197.14   65.10 
 235   85.32   24.02     23.63   13.30    7.20     14.62   21.59   16.73     21.92    9.44    6.53     10.64   34.58   38.73   180.59   69.13   175.88   52.42   195.75   61.47 
 236   79.65   22.87     23.51   13.10    7.22     19.16   12.75   16.71     21.95    9.40    6.55     10.37   35.63   38.72   177.24   63.66   172.38   46.91   192.48   56.00 
 237   79.65   22.85     24.06   12.20    7.24     18.92   13.32   16.70     21.95    9.40    6.56      9.83   36.02   38.71   175.25   65.75   170.35   49.11   190.38   58.08 
 238   79.65   23.72     24.18   11.79    7.26     17.53   15.92   16.70     21.95    9.40    6.57      8.97   38.45   38.70   169.21   69.80   165.21   52.94   184.61   62.75 
 239   79.65   23.48     23.84   12.03    7.28     15.86   19.23   16.71     21.95    9.40    6.58      8.89   39.67   38.71   164.37   71.21   160.01   54.47   179.59   63.85 
 240   79.65   23.35     23.94   11.69    7.30     15.49   20.28   16.72     21.95    9.40    6.59      9.30   39.39   38.71   161.12   71.72   156.55   55.18   176.09   64.14 
 241   78.72   23.24     23.65   12.08    7.32     18.83   13.76   16.71     21.43    9.98    6.61      9.57   38.98   38.71   161.62   72.46   156.84   56.27   176.32   64.85 
 242   78.72   23.35     23.74   11.93    7.34     16.87   17.24   16.71     21.43    9.98    6.62      9.59   39.06   38.71   160.63   72.45   156.03   56.27   175.37   65.03 
 243   78.72   23.53     23.62   12.08    7.36     16.32   18.22   16.72     21.43    9.98    6.63      9.53   38.54   38.71   159.20   73.34   154.83   57.25   173.90   66.17 
 244   78.72   23.26     24.46   10.87    7.37     15.71   19.60   16.73     21.43    9.98    6.65      9.31   39.58   38.72   157.62   74.62   153.03   58.71   172.12   67.31 
 245   78.72   23.05     24.77   10.34    7.39     14.57   22.00   16.75     21.43    9.98    6.66      9.59   39.14   38.72   156.50   73.69   152.23   57.67   171.15   66.63 
 246   81.00   23.24     23.99   11.37    7.40     16.69   17.09   16.75     21.81    9.56    6.67      9.73   39.27   38.72   157.39   71.08   152.30   55.25   171.70   63.24 
 247   81.00   23.17     24.29   11.11    7.42     13.94   23.21   16.78     21.81    9.56    6.69      9.07   40.28   38.73   161.04   72.27   156.15   56.52   175.36   64.73 
 248   81.00   23.87     26.59    8.66    7.42     14.26   22.72   16.80     21.81    9.56    6.70      8.70   40.34   38.73   163.38   77.32   158.73   61.52   177.80   70.04 
 249   81.00   23.78     25.38   10.13    7.43     14.46   21.90   16.82     21.81    9.56    6.71      8.77   39.58   38.74   164.59   80.72   159.53   65.20   178.69   73.12 
 250   81.00   23.99     25.23   10.47    7.44     14.41   21.93   16.84     21.81    9.56    6.72      8.47   40.40   38.74   163.98   85.33   158.55   70.14   177.72   77.44 
 251  105.69   23.44     25.26   10.50    7.46     18.22   14.05   16.83     21.86    9.50    6.73      8.74   39.28   38.75   162.42   88.92   156.98   73.82   176.08   81.08 
 252  105.69   23.24     25.34   10.51    7.47     17.93   14.33   16.82     21.86    9.50    6.74      9.02   38.60   38.74   164.79   91.47   160.07   76.08   178.85   84.27 
 253  105.69   23.02     25.60   10.03    7.48     17.49   15.18   16.82     21.86    9.50    6.75      9.74   36.83   38.74   161.86   90.66   157.00   75.41   175.77   83.36 
 254  105.69   22.54     24.79   10.98    7.49     15.46   19.20   16.83     21.86    9.50    6.76      9.84   38.99   38.74   162.35   84.43   157.89   68.96   176.53   77.49 
 255  105.69   22.58     24.31   11.49    7.51     14.91   19.88   16.84     21.86    9.50    6.77      9.44   41.07   38.75   166.62   75.01   161.94   59.75   180.55   67.83 
 256   82.79   22.88     25.01   10.66    7.52     14.52   20.33   16.85     21.29   10.14    6.79      9.09   40.51   38.75   171.37   69.95   166.91   54.46   185.55   62.95 
 257   82.79   23.84     25.10   10.72    7.53     15.27   18.53   16.86     21.29   10.14    6.80      9.19   35.76   38.74   172.63   73.05   168.20   57.38   186.97   66.03 
 258   82.79   24.43     25.25   10.72    7.55     14.65   19.81   16.87     21.29   10.14    6.81      8.65   36.39   38.73   172.18   77.87   167.99   62.03   186.73   71.04 
 259   82.79   24.13     25.78   10.22    7.56     15.16   18.19   16.87     21.29   10.14    6.83      8.06   37.51   38.73   172.67   82.42   169.04   66.43   187.47   76.14 
 260   82.79   24.38     25.39   10.69    7.57     14.97   18.10   16.88     21.29   10.14    6.84      8.97   35.04   38.71   171.46   84.06   167.55   68.03   186.25   77.51 
 261   78.52   24.22     25.28   10.81    7.58     16.47   15.18   16.87     21.24   10.18    6.85      9.23   33.40   38.69   170.99   86.01   167.58   70.34   185.53   80.00 
 262   78.52   24.26     25.29   10.76    7.59     17.98   12.52   16.86     21.24   10.18    6.86      9.64   32.14   38.67   168.83   87.36   164.55   71.34   183.57   80.47 
 263   78.52   23.76     26.35    9.50    7.60     16.31   15.13   16.85     21.24   10.18    6.88      9.18   33.11   38.65   168.85   88.80   165.56   72.94   183.55   82.76 
 264   78.52   23.64     25.13   10.88    7.61     16.54   14.64   16.84     21.24   10.18    6.89      9.87   32.23   38.62   169.49   85.94   165.84   70.57   183.69   79.76 
 265   78.52   23.95     25.15   10.92    7.62     16.16   15.00   16.83     21.24   10.18    6.90      9.28   33.17   38.60   171.36   85.25   167.28   70.10   185.30   78.72 
 266  110.67   23.53     25.66   10.31    7.63     19.30   10.45   16.81     21.77    9.55    6.91      9.33   32.33   38.58   171.08   85.78   167.44   70.60   185.10   79.66 
 267  110.67   23.56     24.93   10.98    7.65     19.15   10.59   16.79     21.77    9.55    6.92      9.73   31.60   38.55   165.84   84.40   162.27   69.36   179.74   78.36 
 268  110.67   23.97     25.27   10.35    7.66     17.76   12.22   16.77     21.77    9.55    6.93      9.00   33.00   38.53   161.44   84.78   157.29   69.72   175.26   78.16 
 269  110.67   23.74     26.25    9.12    7.66     17.69   12.37   16.75     21.77    9.55    6.94      8.94   32.80   38.51   158.93   86.09   155.41   71.13   172.81   80.16 
 270  110.67   23.78     25.98    9.20    7.67     17.27   12.98   16.74     21.77    9.55    6.95      9.29   32.01   38.49   155.24   86.13   150.91   71.26   168.85   79.37 
 271   93.17   24.30     25.26    9.67    7.68     19.45    9.84   16.71     21.28   10.07    6.96      9.22   32.03   38.46   147.45   84.90   143.66   70.13   161.03   78.64 
 272   93.17   24.47     24.88    9.84    7.68     18.76   10.46   16.69     21.28   10.07    6.97      9.49   31.28   38.44   143.25   83.06   139.03   68.52   156.58   76.51 
 273   93.17   24.15     25.05    9.39    7.69     18.61   10.74   16.67     21.28   10.07    6.99      9.31   31.23   38.41   139.13   82.91   134.57   68.61   152.19   76.10 
 274   93.17   24.22     24.80    9.43    7.70     16.75   13.09   16.66     21.28   10.07    7.00      8.93   32.18   38.39   134.22   83.22   130.00   68.35   147.90   76.59 
 275   93.17   24.87     26.45    7.90    7.70     15.98   14.39   16.65     21.28   10.07    7.01      8.70   31.69   38.36   139.12   82.67   134.38   68.30   152.22   75.69 
 276  103.06   23.53     23.86   10.67    7.71     19.80    9.05   16.62     21.56    9.72    7.02      8.94   31.95   38.34   138.66   80.01   133.69   65.41   151.98   72.81 
 277  103.06   23.31     25.27    9.02    7.71     19.09    9.71   16.60     21.56    9.72    7.03      8.80   32.74   38.32   140.22   75.25   135.75   60.34   153.91   68.49 
 278  103.06   24.23     25.55    8.93    7.72     18.43   10.53   16.57     21.56    9.72    7.04      8.31   32.16   38.30   145.01   75.88   139.97   61.49   158.07   68.55 
 279  103.06   23.96     25.84    8.91    7.72     17.63   11.61   16.56     21.56    9.72    7.05      7.28   34.05   38.28   148.51   81.11   143.46   66.00   162.28   73.66 
 280  103.06   24.51     25.28    9.74    7.73     16.85   12.51   16.54     21.56    9.72    7.06      7.11   34.17   38.27   150.55   86.01   145.87   71.67   163.61   79.05 
 281   92.29   24.19     25.95    9.31    7.73     15.55   14.47   16.53     21.35    9.91    7.07      7.97   31.12   38.24   153.14   91.82   148.58   76.87   166.84   84.94 
 282   92.29   24.67     25.54   10.13    7.74     16.02   13.57   16.52     21.35    9.91    7.08      8.23   30.78   38.22   160.23   92.63   155.69   78.00   173.62   85.80 
 283   92.29   23.49     26.22    9.58    7.75     15.53   14.06   16.52     21.35    9.91    7.09      7.86   32.39   38.20   167.09   89.60   163.06   75.14   180.40   83.30 
 284   92.29   23.21     26.74    9.15    7.75     14.51   15.39   16.51     21.35    9.91    7.10      8.28   31.23   38.17   172.79   85.59   168.24   70.85   186.28   78.73 
 285   92.29   23.62     26.41    9.50    7.76     13.15   17.19   16.51     21.35    9.91    7.11      8.29   30.62   38.14   173.60   80.62   169.57   66.24   186.83   74.36 
 286   92.59   24.29     27.02    8.95    7.76     14.41   14.06   16.51     21.34    9.89    7.12      8.68   27.48   38.11   178.64   77.93   174.50   62.81   192.53   71.29 
 287   92.59   23.98     26.98    9.05    7.77     13.49   15.44   16.50     21.34    9.89    7.13      8.39   28.15   38.07   182.04   74.88   177.76   60.20   195.50   68.25 
 288   92.59   24.60     26.93    9.16    7.77     12.86   16.43   16.50     21.34    9.89    7.14      8.07   28.48   38.04   182.76   74.07   178.14   59.52   196.04   67.13 
 289   92.59   24.02     26.49    9.69    7.78     12.90   16.31   16.50     21.34    9.89    7.15      7.75   28.86   38.01   184.03   74.33   179.92   59.65   197.51   67.85 
 290   92.59   24.56     26.64    9.50    7.79     13.11   16.03   16.50     21.34    9.89    7.15      7.93   28.40   37.97   182.38   76.00   178.23   61.50   195.60   69.42 
 291   92.58   23.65     26.94    9.21    7.79     18.44    8.64   16.47     20.89   10.36    7.17      7.55   29.07   37.94   182.47   78.38   177.58   63.92   195.63   71.27 
 292   92.58   23.51     26.49    9.71    7.80     17.91    9.15   16.45     20.89   10.36    7.18      7.74   28.30   37.91   181.73   79.94   177.64   65.65   194.83   73.56 
 293   92.58   23.57     26.01   10.13    7.81     17.59    9.52   16.42     20.89   10.36    7.19      7.48   29.36   37.88   177.11   82.43   173.08   67.90   190.39   75.97 
 294   92.58   23.26     25.58   10.60    7.82     16.28   11.58   16.41     20.89   10.36    7.20      8.77   26.90   37.84   174.57   83.82   170.61   69.08   188.08   77.40 
 295   92.58   23.45     25.99   10.10    7.82     14.88   13.83   16.40     20.89   10.36    7.21      9.02   26.71   37.81   174.87   84.03   170.67   69.53   188.12   77.42 
 296   99.91   22.69     25.52   10.48    7.83     14.51   14.62   16.39     21.12   10.03    7.22      9.31   26.82   37.77   171.23   82.86   166.97   68.32   184.55   76.31 
 297   99.91   22.63     25.32   10.65    7.84     15.51   13.50   16.38     21.12   10.03    7.23     10.07   25.55   37.73   170.56   80.17   166.74   65.62   183.88   73.91 
 298   99.91   22.45     26.03    9.78    7.85     14.97   14.80   16.38     21.12   10.03    7.24     10.17   25.68   37.69   172.26   78.99   168.02   64.19   185.79   72.27 
 299   99.91   22.99     25.65   10.25    7.86     15.35   14.37   16.37     21.12   10.03    7.25     10.05   25.78   37.65   171.72   78.71   168.22   63.63   185.67   72.70 
 300   99.91   22.88     25.34   10.61    7.86     15.15   14.76   16.36     21.12   10.03    7.26      9.82   26.33   37.61   170.96   79.40   167.14   64.35   184.78   73.00 
 301  117.20   23.06     25.40   10.55    7.87     15.61   14.34   16.36     20.71   10.47    7.27     10.33   25.53   37.57   169.90   80.48   166.61   65.27   183.97   74.61 
 302  117.20   23.16     25.43   10.53    7.88     15.88   13.89   16.35     20.71   10.47    7.28     10.27   25.76   37.53   170.15   80.90   167.08   65.56   184.38   75.19 
 303  117.20   22.65     25.48   10.57    7.89     15.92   13.92   16.34     20.71   10.47    7.29     10.33   25.67   37.49   173.51   81.97   170.19   66.70   187.63   76.00 
 304  117.20   23.12     26.26    9.78    7.90     16.32   13.56   16.33     20.71   10.47    7.30     10.07   26.30   37.46   175.36   84.37   171.94   68.95   189.58   78.29 
 305  117.20   22.57     25.48   10.74    7.91     17.33   12.05   16.32     20.71   10.47    7.31     10.45   25.90   37.42   176.04   83.63   172.46   68.54   189.92   77.51 
 306   96.54   23.68     25.95   10.17    7.91     23.36    6.03   16.29     21.06   10.02    7.32     10.50   25.57   37.38   175.12   84.67   171.65   69.61   189.00   78.68 
 307   96.54   23.06     26.87    9.20    7.92     20.61    8.32   16.26     21.06   10.02    7.33     10.30   26.00   37.34   177.21   86.33   173.93   71.34   191.05   80.52 
 308   96.54   24.49     26.24    9.93    7.93     21.74    7.35   16.23     21.06   10.02    7.34     10.31   25.90   37.30   174.99   88.33   171.62   73.75   188.44   82.53 
 309   96.54   23.34     26.12    9.96    7.93     17.71   11.60   16.22     21.06   10.02    7.34      8.76   29.84   37.28   170.62   92.98   166.93   77.94   184.45   86.80 
 310   96.54   23.75     26.14   10.07    7.94     19.29    9.90   16.19     21.06   10.02    7.35      9.24   28.41   37.25   170.00   98.37   166.57   83.86   183.39   92.56 
 311  110.47   23.03     26.33    9.97    7.95     20.23    8.90   16.17     21.04   10.02    7.36      9.82   27.34   37.22   172.66  101.21   169.11   86.75   185.97   95.21 
 312  110.47   23.29     27.11    9.18    7.95     20.99    8.21   16.15     21.04   10.02    7.37      9.65   27.69   37.19   172.10  105.26   168.59   90.84   185.39   99.39 
 313  110.47   22.46     26.40    9.94    7.96     19.69    9.59   16.12     21.04   10.02    7.38     10.12   27.16   37.16   169.18  107.33   165.78   93.01   182.36  101.47 
 314  110.47   22.93     26.74    9.38    7.96     19.36    9.89   16.10     21.04   10.02    7.39     10.95   25.90   37.12   165.67  106.05   162.32   90.99   179.61  100.13 
 315  110.47   22.32     25.83   10.40    7.97     20.19    8.94   16.08     21.04   10.02    7.39     11.16   25.61   37.08   166.24  103.22   162.92   88.30   180.04   97.37 
 316   98.67   23.06     26.12   10.05    7.97     21.91    7.41   16.05     21.01   10.03    7.40     10.55   27.29   37.05   168.77  102.18   165.09   87.55   182.26   96.12 
 317   98.67   22.75     25.79   10.34    7.98     22.04    7.30   16.03     21.01   10.03    7.41     10.76   27.39   37.02   166.42   99.35   162.59   84.79   179.85   93.22 
 318   98.67   22.85     24.94   11.37    7.99     20.62    8.50   16.00     21.01   10.03    7.42     10.83   27.01   36.99   167.11   94.70   163.54   80.32   180.40   88.89 
 319   98.67   22.17     25.65   10.50    8.00     22.75    6.65   15.97     21.01   10.03    7.43     10.41   27.30   36.96   170.28   94.37   166.57   79.68   183.85   88.32 
 320   98.67   23.02     26.15   10.06    8.01     22.43    6.97   15.95     21.01   10.03    7.44     10.06   27.95   36.93   173.18   95.02   169.80   80.24   186.82   89.06 
 321   97.96   22.14     27.08    9.16    8.01     22.10    7.26   15.92     21.01   10.00    7.44     10.07   27.98   36.91   177.59   95.86   174.22   81.24   191.08   89.95 
 322   97.96   22.55     26.72    9.68    8.02     21.83    7.44   15.89     21.01   10.00    7.45      9.90   28.64   36.88   180.13   95.99   176.95   81.07   193.96   90.19 
 323   97.96   22.67     26.84    9.66    8.02     21.58    7.74   15.87     21.01   10.00    7.46     10.24   27.77   36.85   181.01   96.94   177.71   81.99   194.84   91.03 
 324   97.96   22.70     27.20    9.40    8.02     22.13    7.30   15.84     21.01   10.00    7.47     10.34   27.88   36.82   184.73   96.94   181.63   82.12   198.42   91.22 
 325   97.96   22.72     26.68   10.04    8.03     20.52    8.89   15.82     21.01   10.00    7.48     10.69   27.43   36.79   185.98   95.03   183.83   80.46   199.62   90.35 
 326  122.18   23.25     26.31   10.38    8.04     20.51    8.91   15.80     21.14    9.83    7.48     11.05   27.54   36.77   186.87   90.37   183.97   75.97   200.32   85.23 
 327  122.18   23.05     26.55   10.06    8.04     19.96    9.61   15.78     21.14    9.83    7.49     11.11   27.01   36.74   186.67   89.41   184.33   74.45   200.63   84.37 
 328  122.18   23.97     26.63    9.81    8.05     19.03   10.76   15.76     21.14    9.83    7.50     10.59   29.06   36.71   184.19   86.85   181.38   72.45   197.68   81.81 
 329  122.18   23.54     26.57    9.59    8.05     18.08   12.19   15.75     21.14    9.83    7.50     10.53   30.19   36.69   177.60   84.82   174.59   69.87   191.55   79.41 
 330  122.18   23.99     26.15    9.92    8.06     18.85   11.09   15.74     21.14    9.83    7.51     10.14   29.61   36.67   175.07   84.91   172.09   69.98   188.99   79.49 
 331   94.75   23.08     26.24    9.65    8.06     21.42    8.35   15.72     20.51   10.56    7.52      9.08   32.13   36.66   169.66   88.03   166.62   73.32   183.35   82.57 
 332   94.75   24.01     26.57    9.13    8.07     19.99    9.87   15.70     20.51   10.56    7.53      9.26   31.89   36.64   164.76   90.69   161.87   75.84   178.65   85.50 
 333   94.75   23.55     26.32    9.22    8.07     18.35   11.94   15.69     20.51   10.56    7.54      9.75   30.79   36.63   160.70   92.39   157.37   77.35   174.63   86.52 
 334   94.75   24.13     26.02    9.45    8.08     18.72   11.55   15.68     20.51   10.56    7.55      9.69   31.06   36.61   157.18   94.06   154.40   79.30   170.92   88.79 
 335   94.75   23.50     25.96    9.38    8.08     17.84   12.70   15.67     20.51   10.56    7.56      9.77   30.94   36.59   152.44   95.94   149.09   80.62   166.67   90.08 
 336  164.15   24.71     25.14   10.09    8.09     21.04    8.81   15.65     21.17    9.76    7.56     10.18   30.12   36.57   147.62   95.74   144.33   80.83   161.40   89.91 
 337  164.15   23.99     25.50    9.64    8.09     20.55    9.41   15.63     21.17    9.76    7.57     10.83   28.30   36.55   147.08   95.83   143.71   81.36   160.56   90.24 
 338  164.15   24.85     24.87   10.20    8.10     21.27    8.73   15.61     21.17    9.76    7.58     11.29   27.80   36.52   143.98   93.54   141.00   78.95   157.59   88.26 
 339  164.15   24.34     25.73    9.10    8.10     20.65    9.31   15.59     21.17    9.76    7.58     10.87   29.73   36.50   144.80   89.29   141.86   74.40   158.70   83.94 
 340  164.15   24.28     24.66   10.45    8.11     20.24    9.81   15.57     21.17    9.76    7.59     10.65   29.45   36.48   147.47   87.39   144.70   72.78   161.15   82.31 
 341  118.25   23.73     25.70    9.34    8.11     20.93    9.10   15.55     21.09    9.84    7.60     10.23   30.05   36.46   150.52   88.75   147.05   74.37   163.87   83.03 
 342  118.25   23.89     25.66    9.60    8.11     20.78    9.36   15.53     21.09    9.84    7.60      8.93   33.36   36.45   152.65   93.13   149.22   78.77   165.97   87.45 
 343  118.25   23.56     25.79    9.76    8.12     20.11   10.31   15.52     21.09    9.84    7.61      8.64   34.75   36.45   155.62   98.08   152.54   83.59   169.10   92.70 
 344  118.25   23.79     26.08    9.83    8.12     17.98   13.21   15.51     21.09    9.84    7.62      8.02   36.64   36.45   160.36  103.45   156.83   89.11   173.66   97.69 
 345  118.25   23.61     26.28    9.85    8.13     16.98   14.88   15.51     21.09    9.84    7.62      8.29   36.88   36.45   165.70  106.36   162.07   92.06   178.96  100.52 
 346  147.02   24.52     26.61    9.69    8.13     19.83   10.76   15.50     21.02    9.91    7.63      9.13   35.18   36.45   170.82  105.82   167.87   91.61   184.08  100.62 
 347  147.02   24.69     27.14    9.21    8.14     19.16   11.76   15.49     21.02    9.91    7.63      9.58   35.07   36.44   174.93  104.67   171.59   90.30   188.29   99.10 
 348  147.02   24.33     27.36    9.16    8.14     19.19   11.60   15.48     21.02    9.91    7.64      9.28   35.84   36.44   180.77  101.41   177.73   86.84   194.36   96.09 
 349  147.02   24.29     28.10    8.59    8.14     18.29   12.76   15.47     21.02    9.91    7.65      8.69   37.43   36.44   187.41   99.53   183.70   85.08   200.75   93.55 
 350  147.02   24.78     28.30    8.57    8.14     18.40   12.78   15.46     21.02    9.91    7.65      9.21   34.51   36.44   192.08  100.79   188.52   86.79   205.07   95.08 
 351  130.75   25.23     28.17    8.86    8.14     20.85    9.40   15.44     21.29    9.60    7.66      9.06   33.76   36.43   194.42  103.01   191.27   88.87   207.62   97.69 
 352  130.75   25.19     28.34    8.79    8.15     20.89    9.21   15.42     21.29    9.60    7.67      9.22   32.82   36.42   197.51  106.47   193.89   92.56   210.43  100.76 
 353  130.75   25.18     28.01    9.22    8.15     20.39    9.60   15.41     21.29    9.60    7.67      9.53   31.82   36.41   197.60  109.01   194.43   95.09   210.60  103.72 
 354  130.75   25.37     28.14    9.02    8.15     19.83   10.23   15.39     21.29    9.60    7.68      9.90   31.46   36.39   194.84  110.37   191.12   96.74   207.46  104.61 
 355  130.75   25.32     27.45    9.62    8.16     20.23    9.69   15.38     21.29    9.60    7.68     10.34   30.65   36.38   190.83  109.24   187.39   95.39   203.73  103.75 
 356  137.26   25.04     27.70    9.13    8.16     20.97    8.87   15.36     21.25    9.63    7.69     10.01   31.70   36.36   187.18  107.46   183.72   93.44   200.22  101.87 
 357  137.26   25.20     27.36    9.37    8.16     19.85    9.97   15.34     21.25    9.63    7.69     10.35   30.54   36.35   184.88  104.86   181.06   90.79   197.90   98.89 
 358  137.26   25.07     27.80    8.84    8.16     19.14   10.79   15.33     21.25    9.63    7.70     10.10   30.53   36.33   183.39  104.87   179.44   90.97   196.27   98.86 
 359  137.26   25.37     27.21    9.36    8.17     18.63   11.45   15.32     21.25    9.63    7.70      9.85   30.97   36.32   178.88  105.52   175.15   91.64   191.72   99.67 
 360  137.26   24.83     27.12    9.36    8.17     17.70   12.53   15.31     21.25    9.63    7.71     10.15   30.15   36.30   177.85  104.67   174.55   90.40   191.17   99.21 
 361  107.44   24.74     27.41    9.07    8.17     20.08    9.65   15.30     20.94    9.97    7.71     10.09   30.22   36.28   179.30  104.13   175.65   90.50   191.92   98.38 
 362  107.44   24.87     28.04    8.40    8.17     19.28   10.43   15.28     20.94    9.97    7.72     10.21   29.51   36.26   177.64  104.71   173.84   90.40   190.93   98.78 
 363  107.44   24.65     27.69    8.68    8.17     19.28   10.49   15.27     20.94    9.97    7.73      9.92   30.22   36.25   176.06  105.95   171.78   91.82   189.11   99.59 
 364  107.44   24.60     28.04    8.27    8.18     18.72   11.18   15.26     20.94    9.97    7.73      9.90   30.74   36.23   174.26  106.17   170.97   92.22   187.23  100.65 
 365  107.44   24.85     27.56    8.66    8.18     18.23   11.80   15.25     20.94    9.97    7.74     10.00   31.26   36.22   171.60  106.00   168.28   92.03   184.59  100.46 
 366  110.64   24.55     27.04    9.15    8.18     18.75   10.91   15.24     20.96    9.92    7.75     10.32   29.38   36.20   170.22  105.27   167.11   91.22   183.29   99.88 
 367  110.64   24.06     27.09    9.08    8.18     18.46   11.20   15.23     20.96    9.92    7.75     10.28   29.26   36.18   169.51  105.42   166.26   91.47   182.53  100.07 
 368  110.64   24.49     26.88    9.28    8.18     17.68   12.20   15.22     20.96    9.92    7.76     10.35   28.99   36.16   168.82  105.19   165.34   91.20   181.82   99.61 
 369  110.64   24.14     27.65    8.46    8.19     17.97   11.91   15.21     20.96    9.92    7.76     10.52   28.99   36.14   169.08  104.20   166.09   90.25   182.14   99.04 
 370  110.64   24.33     26.72    9.44    8.19     17.43   12.40   15.20     20.96    9.92    7.77     10.73   28.13   36.12   170.66  101.94   167.63   87.69   183.94   96.61 
 371  170.57   24.81     27.54    8.67    8.19     19.96    9.29   15.19     21.20    9.63    7.77     10.61   27.68   36.10   173.51  101.02   170.93   87.15   186.51   96.26 
 372  170.57   24.71     27.35    8.95    8.19     19.56    9.58   15.17     21.20    9.63    7.78     10.57   27.40   36.07   176.13  100.11   173.36   85.68   189.68   95.15 
 373  170.57   24.50     27.67    8.85    8.19     18.06   11.44   15.16     21.20    9.63    7.78      9.90   28.00   36.05   182.26  102.10   179.03   87.95   195.47   96.67 
 374  170.57   24.91     27.32    9.48    8.20     18.57   10.80   15.15     21.20    9.63    7.79      9.86   27.76   36.03   186.52  105.09   184.50   90.70   200.12  100.85 
 375  170.57   24.09     27.11    9.93    8.20     17.09   12.58   15.14     21.20    9.63    7.79      9.93   27.28   36.01   190.76  107.34   188.13   92.83   204.41  102.50 
 376  163.05   24.77     26.79   10.46    8.21     20.01    8.99   15.13     21.37    9.43    7.80     10.35   26.07   35.98   192.68  110.00   190.19   95.16   206.69  105.28 
 377  163.05   24.11     27.66    9.53    8.21     18.43   10.73   15.11     21.37    9.43    7.80     10.88   24.91   35.95   195.42  111.67   193.06   97.02   209.24  107.06 
 378  163.05   24.81     27.63    9.64    8.22     16.65   13.14   15.11     21.37    9.43    7.81     10.93   25.49   35.92   196.03  111.77   193.00   97.44   209.47  106.55 
 379  163.05   24.31     27.20   10.18    8.22     16.30   13.36   15.10     21.37    9.43    7.81     10.94   25.43   35.90   199.17  109.85   196.49   95.32   212.82  105.00 
 380  163.05   24.33     26.88   10.58    8.23     16.33   12.94   15.10     21.37    9.43    7.82     10.38   27.73   35.88   199.44  106.74   196.66   92.01   213.23  101.67 
 381  120.86   24.28     27.29   10.03    8.23     16.75   12.40   15.09     20.72   10.13    7.82     10.53   26.79   35.85   198.97  105.83   195.57   91.32   212.48  100.21 
 382  120.86   24.24     27.49    9.78    8.24     16.74   12.47   15.09     20.72   10.13    7.83     10.37   26.96   35.83   199.20  105.35   195.91   90.96   212.60   99.86 
 383  120.86   23.78     27.20   10.09    8.24     17.03   12.07   15.08     20.72   10.13    7.83     10.32   27.34   35.81   198.39  104.69   194.50   90.46   211.59   98.71 
 384  120.86   24.09     26.97   10.35    8.25     17.18   11.69   15.07     20.72   10.13    7.84     10.92   24.86   35.78   200.26  103.29   196.69   88.71   213.78   97.46 
 385  120.86   23.88     26.42   11.00    8.25     16.28   12.86   15.06     20.72   10.13    7.85     10.89   25.90   35.75   200.19   98.55   196.65   84.54   213.25   92.98 
 386  116.86   24.90     26.63   10.80    8.26     15.28   14.88   15.06     20.87    9.94    7.85     10.56   26.74   35.73   202.20   96.51   198.68   82.06   215.66   90.87 
 387  116.86   24.72     27.52    9.89    8.26     13.80   17.41   15.07     20.87    9.94    7.86      9.71   27.86   35.71   206.62   97.19   202.96   83.42   219.31   91.42 
 388  116.86   24.28     27.78    9.65    8.27     15.41   14.65   15.07     20.87    9.94    7.86      9.39   27.89   35.69   205.70  101.66   201.12   87.38   218.76   94.87 
 389  116.86   24.36     27.27   10.29    8.27     13.43   18.45   15.08     20.87    9.94    7.87      9.36   29.66   35.67   207.28  102.24   203.44   88.70   219.86   96.48 
 390  116.86   24.86     27.73    9.89    8.28     11.68   23.31   15.10     20.87    9.94    7.87      8.61   32.86   35.67   213.13  105.83   208.94   93.16   224.76   99.84 
 391  171.69   24.35     27.42   10.29    8.28     13.39   18.08   15.10     21.11    9.64    7.88      9.63   28.16   35.65   209.40  106.97   204.76   92.78   222.38  100.11 
 392  171.69   24.05     27.31   10.35    8.29     13.38   18.15   15.11     21.11    9.64    7.88      9.62   28.43   35.63   207.84  107.40   202.70   93.37   220.58  100.13 
 393  171.69   23.72     27.33   10.24    8.29     13.80   17.52   15.12     21.11    9.64    7.89      9.38   29.64   35.61   205.04  107.96   199.98   93.91   217.87  100.95 
 394  171.69   24.44     28.08    9.26    8.29     13.00   19.65   15.13     21.11    9.64    7.89      9.06   32.20   35.60   203.77  106.98   199.49   93.40   216.33  100.82 
 395  171.69   23.70     27.05   10.27    8.30     13.02   20.05   15.14     21.11    9.64    7.89      9.20   33.65   35.60   199.41  105.14   195.03   91.57   211.95   98.89 
 396  162.20   24.26     27.28    9.78    8.30     17.40   12.53   15.14     20.60   10.20    7.90      9.02   35.95   35.60   194.64  103.72   189.88   89.74   207.43   96.89 
 397  162.20   23.98     26.45   10.68    8.31     16.18   14.51   15.13     20.60   10.20    7.91      8.96   35.48   35.60   191.59  103.43   187.05   89.41   204.45   96.80 
 398  162.20   24.87     27.66    9.30    8.31     15.37   16.08   15.14     20.60   10.20    7.91      8.87   35.27   35.60   192.83  104.42   188.31   90.52   205.58   97.84 
 399  162.20   24.41     26.59   10.49    8.32     15.34   16.87   15.14     20.60   10.20    7.92      9.15   36.04   35.60   191.00  103.75   186.56   90.11   203.61   97.45 
 400  162.20   24.56     25.92   11.27    8.32     14.58   20.30   15.15     20.60   10.20    7.92      9.61   36.85   35.60   189.56  103.91   184.85   90.38   202.02   97.38 
 401  131.42   25.01     26.33   10.71    8.33     15.02   19.72   15.17     20.56   10.24    7.93     10.25   34.54   35.60   188.50  103.16   183.77   89.44   201.13   96.55 
 402  131.42   24.89     26.52   10.26    8.34     12.33   24.44   15.19     20.56   10.24    7.94      9.99   32.39   35.59   187.52  100.38   181.77   86.92   199.65   92.67 
 403  131.42   24.70     25.42   11.38    8.34     13.33   20.27   15.20     20.56   10.24    7.94      9.79   30.69   35.58   181.54   95.28   177.49   81.36   194.42   89.21 
 404  131.42   24.91     26.69    9.73    8.35     13.75   18.65   15.21     20.56   10.24    7.95     10.06   30.11   35.57   181.76   93.07   177.24   79.70   194.10   86.74 
 405  131.42   24.47     25.79   10.70    8.35     13.78   17.96   15.22     20.56   10.24    7.95     10.24   28.79   35.55   180.37   89.39   176.27   75.90   192.92   83.47 
 406  127.35   25.43     25.37   11.03    8.36     17.14   11.86   15.21     20.51   10.28    7.96     10.14   26.86   35.53   176.15   87.20   172.28   73.69   188.73   81.48 
 407  127.35   24.68     26.15   10.29    8.36     16.46   12.78   15.20     20.51   10.28    7.96      9.90   32.18   35.52   183.41   87.01   179.51   73.55   195.92   81.25 
 408  127.35   25.38     26.37   10.18    8.37     15.93   13.80   15.20     20.51   10.28    7.97      9.75   29.24   35.50   185.82   88.61   182.10   75.08   198.43   83.02 
 409  127.35   25.01     27.01    9.70    8.37     15.47   14.34   15.20     20.51   10.28    7.98      9.43   29.79   35.49   190.91   91.61   186.94   78.21   203.36   85.81 
 410  127.35   25.62     27.68    9.19    8.37     14.51   15.98   15.20     20.51   10.28    7.98      8.91   30.45   35.48   195.07   95.50   191.28   82.05   207.60   89.87 
 411  125.11   25.77     27.34    9.62    8.38     19.42    8.91   15.18     20.39   10.40    7.99      9.67   27.59   35.46   195.83   95.74   192.25   82.40   208.28   90.39 
 412  125.11   25.39     26.98   10.18    8.38     19.27    8.91   15.17     20.39   10.40    7.99     10.04   27.69   35.44   199.31   95.71   195.21   82.33   211.75   89.86 
 413  125.11   25.23     27.20   10.02    8.38     17.11   11.06   15.16     20.39   10.40    8.00      9.71   27.09   35.42   201.73   95.35   197.76   82.42   213.76   89.65 
 414  125.11   25.34     27.20    9.95    8.39     16.51   11.51   15.15     20.39   10.40    8.00      9.42   25.97   35.40   201.07   94.60   197.07   81.42   213.30   88.85 
 415  125.11   25.01     26.78   10.33    8.39     17.30   10.50   15.14     20.39   10.40    8.01      9.08   26.39   35.38   196.98   93.93   193.40   80.84   209.19   88.53 
 416  119.00   24.79     26.86   10.07    8.40     18.42    8.93   15.12     20.30   10.48    8.02      9.95   24.69   35.35   195.55   91.16   191.72   77.81   207.97   85.54 
 417  119.00   24.53     27.82    8.97    8.40     15.42   12.42   15.12     20.30   10.48    8.02      9.66   25.13   35.33   196.95   89.68   193.84   76.04   209.76   84.72 
 418  119.00   24.84     27.25    9.53    8.40     14.81   13.27   15.11     20.30   10.48    8.03      9.03   25.18   35.30   192.70   90.00   188.93   76.80   204.98   84.45 
 419  119.00   25.14     26.86    9.91    8.40     15.06   12.80   15.11     20.30   10.48    8.03      8.11   26.36   35.28   189.79   92.33   185.96   79.30   201.89   86.65 
 420  119.00   25.39     26.34   10.53    8.41     14.83   13.14   15.10     20.30   10.48    8.04      8.06   26.24   35.26   187.51   96.05   183.77   82.66   200.00   90.53 
 421  162.94   25.70     27.51    9.18    8.41     18.35    8.85   15.09     20.49   10.22    8.04      7.96   26.65   35.24   188.09   99.68   184.55   86.71   200.20   94.42 
 422  162.94   25.42     26.84    9.89    8.42     18.73    8.59   15.07     20.49   10.22    8.05      9.09   24.67   35.21   185.32  101.53   181.36   88.45   197.51   95.92 
 423  162.94   25.04     26.09   10.51    8.42     17.71    9.54   15.06     20.49   10.22    8.05      9.43   24.79   35.19   179.79   99.73   175.51   86.79   191.74   93.65 
 424  162.94   24.81     25.91   10.38    8.42     17.23    9.97   15.05     20.49   10.22    8.06      9.26   25.56   35.17   174.07   96.97   170.21   83.81   186.32   91.29 
 425  162.94   25.06     26.77    9.27    8.43     16.99   10.29   15.04     20.49   10.22    8.06      9.37   25.23   35.14   172.81   95.34   168.49   82.23   184.93   89.20 
 426  123.30   24.35     26.00    9.97    8.43     19.38    7.77   15.02     20.23   10.50    8.07     10.16   22.98   35.11   168.79   93.47   164.60   80.12   181.15   87.43 
 427  123.30   24.73     26.62    9.13    8.43     16.99   10.40   15.01     20.23   10.50    8.08      9.54   24.33   35.09   166.09   92.63   161.14   79.68   178.01   85.96 
 428  123.30   24.36     25.80    9.98    8.44     18.25    8.85   14.99     20.23   10.50    8.08      9.75   23.87   35.06   164.80   91.21   160.44   77.97   177.07   85.07 
 429  123.30   24.75     26.06    9.55    8.44     17.67    9.65   14.98     20.23   10.50    8.09      9.50   24.12   35.04   161.05   92.03   156.30   79.27   172.80   85.55 
 430  123.30   24.87     26.06    9.50    8.44     17.41    9.99   14.97     20.23   10.50    8.09      9.25   24.78   35.01   161.95   92.18   157.09   80.02   173.10   85.72 
 431  126.03   25.56     26.56    9.00    8.44     18.83    8.63   14.95     20.35   10.32    8.10      9.25   24.58   34.99   161.39   95.09   157.28   82.65   172.92   89.30 
 432  126.03   25.35     26.80    8.82    8.44     18.50    8.96   14.94     20.35   10.32    8.10      9.26   25.10   34.97   162.11   95.50   158.19   83.09   173.64   89.90 
 433  126.03   25.39     26.10    9.74    8.45     18.24    9.22   14.93     20.35   10.32    8.11      9.18   25.99   34.94   166.42   95.57   162.35   82.82   178.24   89.78 
 434  126.03   25.39     25.98   10.08    8.45     19.17    8.36   14.91     20.35   10.32    8.11      8.92   27.24   34.93   170.30   94.49   165.91   82.44   181.41   88.52 
 435  126.03   25.64     26.71    9.46    8.45     17.67    9.98   14.90     20.35   10.32    8.12      8.47   27.89   34.91   174.97   94.81   171.23   82.66   186.27   89.45 
 436  166.59   25.13     26.76    9.62    8.45     17.06   10.80   14.89     20.46   10.16    8.12      8.40   29.11   34.90   179.21   95.28   174.32   83.16   190.32   88.80 
 437  166.59   25.19     26.53   10.05    8.46     17.55   10.20   14.88     20.46   10.16    8.13      8.58   28.61   34.88   184.59   93.36   180.22   81.12   195.91   87.42 
 438  166.59   25.12     26.69    9.93    8.46     16.16   11.75   14.87     20.46   10.16    8.13      9.25   26.10   34.86   187.11   93.03   181.95   79.92   199.11   86.14 
 439  166.59   25.03     26.67   10.05    8.47     17.69   10.02   14.86     20.46   10.16    8.14      9.28   26.00   34.84   189.14   91.21   184.86   79.12   200.38   85.42 
 440  166.59   25.28     27.75    8.96    8.47     16.09   12.01   14.86     20.46   10.16    8.14      9.03   26.14   34.82   191.96   92.29   186.83   79.97   203.23   85.56 
 441  198.34   25.24     26.92    9.95    8.47     18.81    8.76   14.84     20.62    9.95    8.15      8.83   26.10   34.80   192.90   94.03   188.66   81.88   204.19   88.27 
 442  198.34   25.51     26.81   10.18    8.47     18.75    8.91   14.83     20.62    9.95    8.15      7.85   28.59   34.79   193.52   97.96   189.33   85.78   204.85   92.24 
 443  198.34   25.29     27.65    9.27    8.48     17.58   10.29   14.82     20.62    9.95    8.15      7.97   28.67   34.78   193.33  101.15   188.98   89.32   204.30   95.33 
 444  198.34   25.15     27.91    8.97    8.48     19.23    8.66   14.80     20.62    9.95    8.16      8.18   28.50   34.76   191.09  104.52   186.67   92.68   202.09   98.66 
 445  198.34   25.16     27.41    9.51    8.48     17.82   10.27   14.79     20.62    9.95    8.16      8.46   28.04   34.75   189.50  106.83   184.83   95.19   200.25  100.74 
 446  131.33   24.83     28.24    8.61    8.48     17.33   10.95   14.79     20.18   10.43    8.17      8.79   27.72   34.73   187.39  108.75   182.72   96.70   198.44  102.46 
 447  131.33   24.63     27.12    9.70    8.48     18.42    9.55   14.77     20.18   10.43    8.17      9.41   26.57   34.71   184.76  108.41   180.22   95.74   196.43  102.15 
 448  131.33   24.51     26.82    9.76    8.48     17.32   10.90   14.77     20.18   10.43    8.18     10.02   25.79   34.69   180.43  104.36   175.17   92.52   191.26   97.64 
 449  131.33   24.22     28.21    8.18    8.48     17.29   11.01   14.76     20.18   10.43    8.18      9.89   26.63   34.67   180.00  100.94   174.86   88.77   191.18   94.32 
 450  131.33   24.44     26.31    9.98    8.49     17.32   10.88   14.75     20.18   10.43    8.19      9.98   25.60   34.65   174.81   98.28   169.92   86.41   185.72   91.88 
 451  129.21   24.77     27.10    8.98    8.49     21.50    6.80   14.73     20.24   10.34    8.19      9.52   26.10   34.64   172.66   99.25   168.11   87.17   183.85   93.18 
 452  129.21   25.25     26.00   10.10    8.49     19.64    8.40   14.72     20.24   10.34    8.20      8.18   28.81   34.62   166.20  102.09   161.84   90.28   177.07   96.18 
 453  129.21   24.72     26.81    9.16    8.49     20.61    7.55   14.70     20.24   10.34    8.20      9.00   27.16   34.61   165.53  103.72   161.03   91.97   176.38   97.75 
 454  129.21   25.04     26.44    9.53    8.50     19.60    8.46   14.69     20.24   10.34    8.21      9.70   25.57   34.59   165.28  103.69   161.09   91.67   176.45   97.98 
 455  129.21   24.37     25.98    9.95    8.50     20.03    7.99   14.67     20.24   10.34    8.21      9.70   26.07   34.57   163.48  102.16   159.19   89.67   175.11   96.30 
 456  167.43   24.90     25.79   10.07    8.50     19.98    7.98   14.66     20.37   10.16    8.22      9.31   26.78   34.55   161.41  101.02   156.72   88.95   172.62   94.90 
 457  167.43   25.05     26.18    9.61    8.50     18.89    9.18   14.65     20.37   10.16    8.22      9.32   26.76   34.53   161.50  101.50   157.52   89.14   173.08   96.03 
 458  167.43   24.96     25.82    9.95    8.51     20.08    7.95   14.63     20.37   10.16    8.22      9.40   26.64   34.52   159.08  100.79   155.11   88.61   170.48   95.33 
 459  167.43   24.85     26.18    9.38    8.51     18.46    9.70   14.62     20.37   10.16    8.23      9.47   26.70   34.50   155.83  100.26   151.78   87.96   167.35   94.76 
 460  167.43   24.95     25.42   10.13    8.51     19.17    8.85   14.61     20.37   10.16    8.23      9.27   26.98   34.48   153.87   99.48   150.14   87.25   165.30   94.22 
 461  130.31   25.52     25.00   10.46    8.52     18.74    9.03   14.60     19.94   10.66    8.24      9.57   25.92   34.46   151.09   98.66   146.81   85.75   163.01   92.56 
 462  130.31   25.57     26.08    9.04    8.52     18.64    9.38   14.58     19.94   10.66    8.24      9.87   25.19   34.44   148.62   97.92   144.36   85.57   160.17   92.24 
