   6    1.95   18.80     44.57    0.90    1.47     20.68    7.81    8.19     48.75    0.28   25.57      8.42   31.75   30.81   125.82   97.40   110.50   76.53   143.00   78.76 
   7    1.95   18.42     44.45    0.91    1.39     19.04    9.69    8.41     48.75    0.28   21.96      9.39   29.27   30.59   123.89   96.56   109.23   74.99   141.85   78.50 
   8    1.95   18.75     42.12    1.19    1.36     18.52   10.70    8.69     48.75    0.28   19.25      9.32   30.12   30.53   123.43   97.95   108.36   76.84   140.87   79.48 
   9    1.95   18.44     46.99    0.69    1.29     15.84   15.06    9.40     48.75    0.28   17.14      8.44   33.86   30.90   122.56  103.89   107.02   82.50   140.20   85.01 
  10    1.95   18.75     40.44    1.49    1.31     13.85   19.95   10.46     48.75    0.28   15.45      7.72   37.72   31.59   121.91  110.19   107.44   89.44   139.25   92.46 
  11    1.88   18.44     39.62    1.66    1.34     19.59   10.49   10.46     49.40    0.29   14.08      7.89   38.32   32.20   119.99  114.81   105.54   93.62   137.72   96.97 
  12    1.88   18.46     41.32    1.37    1.34     20.27    9.94   10.42     49.40    0.29   12.93      8.13   38.69   32.74   116.26  118.27   101.60   97.52   133.58  100.36 
  13    1.88   18.51     43.98    0.99    1.32     18.11   12.92   10.61     49.40    0.29   11.95      7.83   40.51   33.34   110.72  120.84    96.02  100.21   127.87  102.91 
  14    1.88   18.42     37.43    2.01    1.37     18.64   12.08   10.71     49.40    0.29   11.12      7.58   41.88   33.95   103.94  119.18    89.84   98.37   121.38  101.74 
  15    1.88   18.45     35.57    2.41    1.43     16.93   14.72   10.98     49.40    0.29   10.40      7.79   41.15   34.43    98.52  117.10    84.97   96.29   116.07  100.21 
  16    2.03   18.43     38.64    1.61    1.45     21.46    8.72   10.84     50.01    0.29    9.77      7.47   43.54   35.00    92.05  113.35    77.45   92.92   109.13   95.56 
  17    2.03   18.42     36.00    2.15    1.49     20.36   10.02   10.79     50.01    0.29    9.21      8.69   38.84   35.22    92.96  108.10    78.50   87.88   109.82   90.45 
  18    2.03   18.44     36.37    2.03    1.52     17.80   13.75   10.96     50.01    0.29    8.71      8.57   39.85   35.48    92.39  104.46    78.40   84.10   109.44   87.20 
  19    2.03   18.47     38.67    1.57    1.52     18.13   13.40   11.09     50.01    0.29    8.27      8.63   39.32   35.68    95.55  104.38    81.35   84.34   112.28   86.98 
  20    2.03   18.19     35.93    2.19    1.55     16.63   16.04   11.33     50.01    0.29    7.87      8.28   41.28   35.96   100.23  103.96    86.11   83.90   116.97   86.61 
  21    2.47   18.18     37.04    2.02    1.58     20.77   10.02   11.27     50.42    0.29    7.51      7.92   42.65   36.28   104.91  107.57    90.07   87.70   121.37   89.59 
  22    2.47   18.27     37.43    1.98    1.59     17.61   14.79   11.43     50.42    0.29    7.18      7.92   43.51   36.61   106.57  111.08    92.03   90.94   123.33   93.33 
  23    2.47   18.34     38.27    1.83    1.60     17.99   14.61   11.57     50.42    0.29    6.88      8.19   43.54   36.91   108.80  113.84    94.48   94.20   125.18   96.46 
  24    2.47   18.32     35.99    2.46    1.64     17.68   15.68   11.74     50.42    0.29    6.61      7.85   47.03   37.33   113.02  114.99    98.61   95.88   128.88   97.64 
  25    2.47   18.32     34.64    2.96    1.69     15.58   20.48   12.09     50.42    0.29    6.35      7.69   49.16   37.80   116.91  116.90   102.57   97.86   132.72   99.63 
  26    2.95   18.27     34.88    2.94    1.74     21.28   10.85   12.04     35.65    1.64    6.17      7.59   51.52   38.33   121.14  117.11   106.81   98.14   136.91   99.88 
  27    2.95   18.29     35.01    2.92    1.78     18.88   14.88   12.15     35.65    1.64    6.00      7.27   56.19   38.99   126.85  114.57   112.77   95.47   142.80   97.54 
  28    2.95   18.29     35.94    2.65    1.82     16.73   19.59   12.41     35.65    1.64    5.85      7.35   57.88   39.67   130.56  109.93   116.52   90.41   146.86   92.81 
  29    2.95   18.33     27.44    7.00    1.99     16.07   21.36   12.72     35.65    1.64    5.70      6.61   64.49   40.52   135.68  101.80   121.26   82.34   151.82   84.31 
  30    2.95   18.29     32.76    3.88    2.06     14.20   26.78   13.19     35.65    1.64    5.57      6.02   67.78   41.43   143.74   93.87   129.61   74.27   160.06   76.62 
  31    3.98   18.43     33.14    3.85    2.11     19.78   14.31   13.23     37.39    1.43    5.43      6.61   62.96   42.13   152.54   89.57   138.92   69.68   169.23   72.80 
  32    3.98   18.52     32.26    4.39    2.19     17.38   19.08   13.41     37.39    1.43    5.31      7.27   58.46   42.64   159.69   90.18   145.66   70.29   176.36   73.02 
  33    3.98   18.54     34.76    3.40    2.22     16.19   22.19   13.68     37.39    1.43    5.19      7.29   58.23   43.11   166.70   95.22   152.71   75.54   183.19   78.14 
  34    3.98   18.69     36.57    2.81    2.24     15.38   24.33   13.99     37.39    1.43    5.08      8.54   52.09   43.37   167.76   98.76   153.33   79.13   184.15   81.30 
  35    3.98   18.58     33.85    3.90    2.29     14.33   27.49   14.37     37.39    1.43    4.98      8.51   52.79   43.64   169.76  100.81   154.38   81.65   185.46   82.47 
  36    6.47   18.94     34.49    3.65    2.32     19.93   14.57   14.38     38.51    1.33    4.88      9.02   50.58   43.84   171.47  100.91   156.11   81.82   187.11   82.60 
  37    6.47   18.96     33.06    4.37    2.38     18.98   16.48   14.44     38.51    1.33    4.78      8.53   52.93   44.08   173.73  103.34   158.39   84.32   189.37   85.12 
  38    6.47   18.91     35.41    3.33    2.41     18.74   16.66   14.50     38.51    1.33    4.69      9.02   50.76   44.26   173.29  104.29   156.86   85.64   188.26   84.98 
  39    6.47   19.00     35.55    3.26    2.43     17.20   19.86   14.63     38.51    1.33    4.60      9.01   50.86   44.43   173.04  102.95   156.79   84.42   187.88   83.81 
  40    6.47   19.05     36.48    2.94    2.44     16.28   21.71   14.81     38.51    1.33    4.52      8.69   52.17   44.62   174.55  101.58   158.15   82.63   189.78   82.25 
  41   70.08   18.93     36.82    2.83    2.45     22.55   10.43   14.70     22.01    9.22    4.64      8.77   51.07   44.78   175.24   99.76   159.07   80.56   190.79   80.62 
  42   70.08   18.99     35.85    3.15    2.47     19.66   14.45   14.70     22.01    9.22    4.74      8.78   51.26   44.93   174.12   96.53   157.63   78.01   188.88   77.16 
  43   70.08   18.92     36.67    2.87    2.48     17.67   18.15   14.78     22.01    9.22    4.85      8.44   51.83   45.09   175.95   96.88   159.20   78.55   190.42   77.28 
  44   70.08   18.86     33.65    4.08    2.51     16.48   20.72   14.91     22.01    9.22    4.95      8.28   52.30   45.26   174.87   98.59   158.05   80.54   189.08   79.00 
  45   70.08   18.88     35.04    3.48    2.53     15.81   22.34   15.08     22.01    9.22    5.04      8.42   51.32   45.39   175.31   99.70   158.79   81.58   189.64   80.38 
  46  269.84   18.88     35.62    3.25    2.55     21.33   11.71   15.00     20.56   11.16    5.18      8.41   50.74   45.51   175.42  101.61   159.18   83.38   189.88   82.52 
  47  269.84   18.96     33.80    4.00    2.58     18.38   16.30   15.03     20.56   11.16    5.30      8.56   49.90   45.60   175.11  101.95   159.22   83.79   189.55   83.23 
  48  269.84   18.98     33.82    4.02    2.61     18.10   16.61   15.06     20.56   11.16    5.42      8.30   50.80   45.71   174.39  102.13   158.36   83.91   188.85   83.25 
  49  269.84   19.03     36.40    2.98    2.62     16.93   18.95   15.14     20.56   11.16    5.54      8.33   50.23   45.80   175.27  102.37   159.79   83.99   190.00   84.00 
  50  269.84   19.00     36.28    3.05    2.63     16.28   20.29   15.25     20.56   11.16    5.65      8.37   50.29   45.89   176.90  101.10   161.57   82.78   191.53   82.84 
  51   13.60   19.52     35.13    3.49    2.64     21.39   11.16   15.17     33.92    2.43    5.59      8.77   48.37   45.94   178.95   97.36   163.54   79.23   193.41   79.09 
  52   13.60   19.48     38.34    2.41    2.64     19.99   12.83   15.12     33.92    2.43    5.53      8.56   48.88   46.00   181.15   92.41   165.59   74.32   195.55   74.02 
  53   13.60   19.47     37.80    2.62    2.64     20.30   12.14   15.07     33.92    2.43    5.47      8.11   49.52   46.06   186.78   89.31   171.50   71.31   201.13   71.15 
  54   13.60   19.47     36.79    2.99    2.64     17.87   15.75   15.08     33.92    2.43    5.42      8.57   45.72   46.06   190.21   88.65   175.26   70.48   204.80   70.81 
  55   13.60   19.48     36.33    3.22    2.65     15.70   20.02   15.17     33.92    2.43    5.36      7.80   47.20   46.08   191.08   95.06   175.63   76.99   205.46   76.77 
  56   26.53   21.24     34.73    3.92    2.68     23.32    8.24   15.04     30.41    3.65    5.33      8.06   44.56   46.05   190.41  102.54   175.39   84.37   204.99   84.64 
  57   26.53   21.14     34.56    4.04    2.70     19.32   12.84   15.01     30.41    3.65    5.30      8.15   43.80   46.01   188.90  109.23   173.84   91.17   203.36   91.34 
  58   26.53   21.15     34.12    4.27    2.73     17.23   16.04   15.02     30.41    3.65    5.27      8.75   40.78   45.92   188.09  112.82   173.42   94.62   202.71   95.22 
  59   26.53   21.04     34.21    4.23    2.75     15.52   18.99   15.09     30.41    3.65    5.24      9.10   39.18   45.81   187.45  113.98   172.66   95.71   202.17   96.28 
  60   26.53   21.01     35.39    3.60    2.77     14.52   21.10   15.19     30.41    3.65    5.22      8.56   42.35   45.75   184.38  110.96   169.33   93.16   198.60   93.14 
  61   40.92   21.10     36.47    3.13    2.77     19.00   12.36   15.14     29.62    3.99    5.20      8.65   42.73   45.70   183.51  105.05   167.85   87.44   197.55   86.72 
  62   40.92   21.20     33.69    4.35    2.80     19.09   12.18   15.10     29.62    3.99    5.18      9.14   39.42   45.60   186.31   99.72   171.21   81.88   200.59   81.85 
  63   40.92   21.15     35.56    3.55    2.81     17.67   14.10   15.08     29.62    3.99    5.16      8.96   39.02   45.49   192.40   95.38   177.93   77.48   206.90   78.12 
  64   40.92   21.11     35.57    3.63    2.82     15.48   17.98   15.13     29.62    3.99    5.14      8.98   37.02   45.36   197.11   97.78   182.56   79.87   211.59   80.43 
  65   40.92   21.07     35.17    3.81    2.84     14.88   19.28   15.19     29.62    3.99    5.12      9.16   36.28   45.22   196.35  100.12   181.96   82.40   210.74   83.01 
  66   37.10   22.02     35.56    3.65    2.85     23.48    7.18   15.07     35.79    1.94    5.08      9.57   34.08   45.05   195.52  104.13   181.11   86.53   209.77   86.99 
  67   37.10   21.73     36.99    3.07    2.85     19.09   11.97   15.02     35.79    1.94    5.03      9.91   33.70   44.88   191.68  106.36   177.19   88.87   205.85   89.21 
  68   37.10   22.08     33.62    4.40    2.88     17.48   14.39   15.01     35.79    1.94    4.98      9.37   36.11   44.75   183.02  107.38   168.76   89.91   197.17   90.46 
  69   37.10   21.72     36.38    3.12    2.88     17.30   14.79   15.01     35.79    1.94    4.94      9.69   35.61   44.62   178.23  107.24   164.16   89.74   192.51   90.53 
  70   37.10   21.54     34.69    3.69    2.89     16.25   16.65   15.03     35.79    1.94    4.90      9.77   35.32   44.49   172.39  106.60   158.09   89.26   186.47   89.68 
  71 1169.58   21.78     36.99    2.68    2.89     18.53   12.88   15.00     20.98   10.63    4.98      9.06   39.54   44.42   163.73  102.59   149.43   85.20   177.79   85.61 
  72 1169.58   21.93     36.75    2.68    2.89     17.75   14.00   14.99     20.98   10.63    5.06      9.81   36.05   44.30   159.14   98.62   144.82   81.21   173.23   81.62 
  73 1169.58   21.62     36.29    2.76    2.88     17.74   13.96   14.97     20.98   10.63    5.13      9.63   37.20   44.21   157.59   92.79   143.12   75.60   171.44   75.69 
  74 1169.58   21.46     36.12    2.84    2.88     17.89   13.56   14.96     20.98   10.63    5.21      9.47   36.00   44.09   160.83   90.06   146.57   72.80   174.78   73.17 
  75 1169.58   21.81     35.17    3.20    2.89     17.91   13.61   14.94     20.98   10.63    5.28      9.75   33.76   43.96   162.28   92.52   147.99   75.41   176.07   75.62 
  76   93.36   22.54     36.14    2.87    2.89     20.30   10.32   14.88     27.57    4.95    5.27     10.11   32.53   43.81   161.83   94.61   147.37   77.52   175.53   77.51 
  77   93.36   22.52     35.85    3.00    2.89     21.58    8.99   14.80     27.57    4.95    5.27     10.25   32.21   43.66   161.59   98.39   146.81   80.96   175.58   80.90 
  78   93.36   22.60     35.91    2.99    2.89     19.91   10.94   14.75     27.57    4.95    5.27     10.04   32.94   43.52   161.84  101.30   146.79   84.21   175.43   83.61 
  79   93.36   22.55     37.10    2.60    2.89     21.26    9.37   14.68     27.57    4.95    5.26     10.61   31.51   43.37   160.41  101.22   146.45   83.76   174.59   84.53 
  80   93.36   22.38     36.38    2.80    2.89     21.61    8.98   14.61     27.57    4.95    5.26     10.33   32.39   43.23   157.83  101.81   143.90   84.28   172.09   85.13 
  81   91.74   22.59     35.50    3.07    2.89     23.07    7.66   14.53     30.18    3.64    5.24     10.75   31.20   43.08   155.43  102.72   141.16   85.72   169.00   85.72 
  82   91.74   22.14     34.77    3.26    2.89     22.23    8.42   14.45     30.18    3.64    5.22     11.25   30.45   42.93   151.96   99.81   137.53   82.74   165.77   82.77 
  83   91.74   22.22     37.48    2.39    2.89     22.29    8.44   14.38     30.18    3.64    5.20     10.29   33.82   42.82   155.90   97.28   141.01   80.41   169.44   79.83 
  84   91.74   22.17     35.90    2.92    2.89     21.57    9.12   14.32     30.18    3.64    5.18     10.48   32.76   42.70   159.30   94.38   144.98   77.18   173.17   77.37 
  85   91.74   22.36     33.59    3.86    2.90     20.15   10.79   14.27     30.18    3.64    5.16     10.72   31.77   42.57   163.22   93.11   148.99   75.81   177.23   76.18 
  86  110.41   22.86     32.85    4.45    2.92     21.38    9.42   14.22     30.14    3.64    5.15      8.02   39.65   42.53   171.52   97.02   157.05   80.26   184.91   79.90 
  87  110.41   22.99     35.37    3.43    2.92     21.02    9.98   14.17     30.14    3.64    5.13      9.67   34.71   42.44   176.85  100.67   163.01   83.34   190.72   83.97 
  88  110.41   23.06     35.85    3.32    2.93     18.49   13.54   14.16     30.14    3.64    5.11     10.14   33.73   42.35   182.90  101.46   168.96   83.85   197.19   84.69 
  89  110.41   22.89     34.05    4.21    2.94     16.34   17.30   14.20     30.14    3.64    5.09      9.15   38.05   42.30   189.52   98.22   175.79   80.55   203.97   81.71 
  90  110.41   22.97     33.60    4.51    2.96     14.40   21.81   14.28     30.14    3.64    5.08      9.40   37.53   42.24   193.62   96.64   180.45   78.77   208.45   80.56 
  91  130.20   23.13     34.69    4.00    2.97     23.65    7.66   14.21     36.34    1.78    5.04     10.65   33.42   42.15   196.98   95.11   183.84   77.29   211.74   79.05 
  92  130.20   22.83     33.46    4.67    2.99     21.80    9.46   14.16     36.34    1.78    5.01     11.03   32.82   42.05   198.06   93.60   185.30   75.83   212.87   77.94 
  93  130.20   22.87     34.82    4.01    3.00     18.89   13.57   14.15     36.34    1.78    4.97     10.74   34.40   41.96   200.84   92.33   188.37   74.65   215.57   76.97 
  94  130.20   22.99     34.30    4.21    3.01     18.94   13.48   14.14     36.34    1.78    4.94     10.55   37.51   41.92   199.33   88.99   187.10   71.24   214.18   73.92 
  95  130.20   23.21     34.84    3.95    3.02     17.44   16.14   14.17     36.34    1.78    4.90     10.36   37.24   41.87   200.94   85.18   188.95   67.33   215.89   70.28 
  96  139.70   23.44     35.86    3.51    3.03     22.30    9.33   14.12     30.25    3.60    4.89     10.89   35.16   41.80   202.10   82.63   190.28   65.12   216.76   67.94 
  97  139.70   23.65     35.05    3.83    3.04     21.67   10.19   14.07     30.25    3.60    4.88     10.76   36.44   41.74   199.95   83.40   188.24   65.88   214.62   68.81 
  98  139.70   23.64     34.80    3.96    3.05     21.16   10.74   14.04     30.25    3.60    4.86     10.61   35.66   41.68   199.50   84.61   187.94   67.01   214.36   70.19 
  99  139.70   23.15     33.81    4.53    3.06     19.61   12.75   14.03     30.25    3.60    4.85      8.96   38.59   41.65   201.84   91.20   190.58   73.50   216.79   77.01 
 100  139.70   23.05     33.42    4.74    3.08     19.65   12.76   14.01     30.25    3.60    4.84      8.26   46.02   41.69   199.34   97.67   187.69   80.41   213.79   83.19 
 101  288.73   22.76     32.61    5.16    3.10     21.62   10.20   13.98     25.66    6.11    4.85      8.97   44.92   41.72   195.20  101.92   182.97   85.22   209.00   86.98 
 102  288.73   22.59     34.11    4.28    3.11     20.46   11.82   13.96     25.66    6.11    4.86      9.23   45.83   41.76   191.02  104.92   178.47   88.47   204.52   89.74 
 103  288.73   22.67     32.76    4.85    3.13     19.11   13.55   13.95     25.66    6.11    4.88      9.02   49.27   41.84   184.82  103.50   172.15   87.08   198.26   88.19 
 104  288.73   22.54     33.68    4.21    3.14     16.17   19.05   14.00     25.66    6.11    4.89      9.70   44.77   41.87   180.68   99.74   168.25   83.82   193.72   84.80 
 105  288.73   23.07     37.16    2.79    3.13     15.85   19.83   14.06     25.66    6.11    4.90     10.76   36.41   41.81   179.94   97.51   166.10   81.66   192.64   81.19 
 106  310.53   24.26     37.44    2.73    3.13     18.93   13.90   14.05     30.51    3.51    4.89     10.75   34.35   41.74   184.53   92.71   171.32   76.69   197.49   76.95 
 107  310.53   24.64     34.79    3.72    3.14     17.64   15.98   14.07     30.51    3.51    4.87     11.00   33.97   41.67   186.24   90.36   171.81   74.81   198.50   73.49 
 108  310.53   24.76     37.25    2.83    3.13     16.04   19.13   14.12     30.51    3.51    4.86     10.59   34.50   41.60   187.42   93.64   172.91   78.32   199.47   76.76 
 109  310.53   24.06     34.73    3.80    3.14     14.95   21.41   14.19     30.51    3.51    4.85     10.34   35.29   41.55   187.25   95.98   172.98   80.56   199.41   79.29 
 110  310.53   23.54     35.02    3.71    3.14     14.46   22.84   14.27     30.51    3.51    4.84      9.97   36.82   41.50   188.71   99.93   174.84   85.28   200.32   83.86 
 111  411.86   23.41     32.40    5.05    3.16     17.56   15.96   14.28     25.36    6.35    4.85     10.49   35.72   41.45   189.74  101.45   175.45   87.12   200.95   85.00 
 112  411.86   22.94     31.38    5.68    3.18     15.41   20.72   14.34     25.36    6.35    4.86     10.44   36.38   41.41   190.55  102.49   176.78   87.99   202.04   86.57 
 113  411.86   23.17     31.23    5.82    3.21     13.85   24.79   14.43     25.36    6.35    4.88      9.80   38.96   41.38   190.44  104.73   176.55   90.22   201.85   88.63 
 114  411.86   23.39     31.13    5.92    3.23     13.45   26.21   14.53     25.36    6.35    4.89      9.76   39.29   41.37   192.83  106.96   178.64   93.28   203.46   90.77 
 115  411.86   23.63     33.76    4.41    3.24     13.26   26.48   14.64     25.36    6.35    4.90     10.15   38.40   41.34   192.49  106.86   177.87   93.63   202.60   90.33 
 116  485.53   24.16     33.64    4.47    3.25     20.30   11.48   14.61     22.76    8.58    4.93     10.84   36.45   41.30   194.10  102.01   179.91   88.33   204.59   85.76 
 117  485.53   24.57     34.43    4.02    3.26     18.69   13.93   14.60     22.76    8.58    4.97     11.58   33.02   41.23   193.39   99.12   179.34   85.64   203.87   83.09 
 118  485.53   24.13     31.84    5.49    3.28     17.51   15.93   14.62     22.76    8.58    5.00     10.80   34.72   41.17   197.60   98.65   184.32   84.29   208.99   83.17 
 119  485.53   23.41     33.01    4.88    3.29     15.61   19.54   14.66     22.76    8.58    5.03      9.34   38.52   41.15   200.13  101.52   186.68   87.86   210.85   86.05 
 120  485.53   24.12     37.09    3.07    3.29     15.25   20.28   14.70     22.76    8.58    5.06      9.35   37.58   41.12   196.97  106.78   183.52   92.97   207.87   91.29 
 121 1725.64   24.93     36.46    3.28    3.29     15.08   20.39   14.75     18.09   14.70    5.14      9.52   37.62   41.09   194.03  109.25   181.01   95.21   205.21   94.11 
 122 1725.64   24.63     37.44    2.90    3.29     15.64   19.34   14.79     18.09   14.70    5.21      9.83   37.43   41.06   190.63  111.81   177.56   98.04   201.56   96.70 
 123 1725.64   24.39     39.59    2.23    3.28     15.85   19.28   14.83     18.09   14.70    5.29     10.10   37.23   41.03   187.25  113.38   174.24   99.56   198.27   98.35 
 124 1725.64   24.48     38.45    2.51    3.27     15.49   19.91   14.87     18.09   14.70    5.37     10.31   37.13   41.00   184.00  111.46   171.34   97.91   194.76   96.75 
 125 1725.64   24.66     36.13    3.26    3.27     16.85   16.94   14.88     18.09   14.70    5.44     10.42   36.55   40.96   183.83  109.60   171.14   96.38   194.23   94.91 
 126  161.44   24.67     35.62    3.38    3.27     21.14   10.23   14.85     23.51    7.87    5.46     11.00   34.05   40.91   180.18  106.52   167.51   93.38   190.55   91.89 
 127  161.44   24.74     34.08    3.95    3.28     19.00   13.05   14.83     23.51    7.87    5.48     10.97   33.98   40.85   177.68  104.73   164.72   91.72   187.84   89.84 
 128  161.44   24.51     31.96    4.89    3.29     16.65   17.18   14.85     23.51    7.87    5.50     10.78   34.86   40.81   170.91  102.07   158.21   88.30   181.88   87.31 
 129  161.44   24.87     33.36    4.11    3.30     15.61   19.36   14.89     23.51    7.87    5.52     11.01   33.31   40.75   169.90  101.44   157.35   88.29   180.33   86.94 
 130  161.44   24.40     32.78    4.28    3.30     15.67   19.13   14.92     23.51    7.87    5.54     11.32   33.74   40.69   165.32   96.50   152.18   83.91   175.02   81.49 
 131  144.70   24.53     35.55    3.03    3.30     19.88   11.84   14.89     23.91    7.52    5.55     11.22   34.44   40.65   164.16   90.89   150.75   78.22   173.89   75.60 
 132  144.70   24.60     34.19    3.52    3.30     19.19   12.74   14.88     23.91    7.52    5.57     11.98   29.63   40.56   162.04   89.90   148.52   77.42   171.52   74.52 
 133  144.70   24.88     36.17    2.80    3.30     19.04   13.19   14.87     23.91    7.52    5.58     10.57   33.31   40.51   160.10   94.47   146.43   81.87   169.67   78.94 
 134  144.70   24.83     32.07    4.51    3.31     18.05   14.86   14.87     23.91    7.52    5.59     11.32   31.58   40.44   160.24   96.07   146.41   83.72   169.53   80.44 
 135  144.70   24.85     34.38    3.45    3.31     17.69   15.90   14.87     23.91    7.52    5.61     11.51   31.90   40.38   160.87   97.41   146.95   85.56   169.65   81.78 
 136  110.57   25.49     35.95    2.89    3.31     23.50    8.31   14.82     25.39    6.34    5.61     10.98   33.33   40.33   158.51  101.36   144.69   89.15   167.85   85.84 
 137  110.57   25.63     33.86    3.67    3.31     20.37   12.13   14.80     25.39    6.34    5.62     11.37   33.38   40.28   156.34  103.53   143.10   90.77   166.14   88.34 
 138  110.57   25.38     33.05    4.02    3.31     18.24   15.62   14.81     25.39    6.34    5.62     11.38   34.27   40.23   155.98  104.07   142.33   91.68   165.36   88.57 
 139  110.57   25.49     34.34    3.44    3.31     16.91   18.41   14.84     25.39    6.34    5.63     11.32   35.11   40.20   153.54  103.73   140.75   90.91   163.48   88.94 
 140  110.57   25.07     29.99    5.72    3.33     15.96   20.56   14.88     25.39    6.34    5.63     11.04   36.44   40.17   157.31  102.02   144.19   89.04   167.37   86.97 
 141   84.27   25.54     31.04    5.20    3.35     24.13    8.05   14.83     29.08    4.16    5.62     10.51   38.05   40.15   163.65  102.02   150.68   89.17   173.57   87.06 
 142   84.27   25.37     31.24    5.25    3.36     20.83   11.94   14.81     29.08    4.16    5.61     10.35   38.67   40.14   170.56  103.37   157.36   90.83   180.11   88.22 
 143   84.27   25.21     33.49    4.19    3.36     17.66   17.29   14.83     29.08    4.16    5.60     10.50   38.04   40.13   176.60  103.54   163.61   90.95   186.24   88.58 
 144   84.27   24.95     33.81    4.14    3.37     16.89   19.01   14.86     29.08    4.16    5.59     10.57   38.54   40.12   182.25  103.71   168.75   90.88   192.03   88.23 
 145   84.27   25.17     32.13    5.08    3.38     17.66   17.49   14.87     29.08    4.16    5.58     10.61   39.59   40.11   185.58  102.18   172.97   89.32   195.55   87.55 
 146   88.50   25.37     31.12    5.76    3.40     23.48    8.93   14.83     28.05    4.70    5.58     10.53   39.61   40.11   187.33  103.59   174.70   90.68   197.35   88.94 
 147   88.50   25.40     32.67    4.83    3.41     21.19   11.72   14.81     28.05    4.70    5.57     10.48   39.82   40.11   185.18  106.03   172.65   92.97   195.42   91.45 
 148   88.50   25.45     31.74    5.37    3.42     18.84   15.44   14.82     28.05    4.70    5.57     10.86   39.36   40.10   186.14  105.57   173.53   92.63   196.26   90.97 
 149   88.50   25.75     33.32    4.52    3.43     17.55   17.84   14.84     28.05    4.70    5.56     10.14   44.12   40.13   189.79  103.08   177.17   90.05   199.99   88.44 
 150   88.50   25.53     34.39    3.97    3.43     17.33   18.41   14.86     28.05    4.70    5.55     10.76   40.39   40.13   187.55  102.00   175.35   88.93   197.83   87.72 
 151   78.86   25.42     34.03    4.12    3.44     21.17   11.87   14.84     29.42    4.03    5.54     10.63   41.09   40.14   186.37  101.49   174.13   88.56   196.56   87.26 
 152   78.86   24.27     31.93    5.07    3.45     15.76   23.13   14.89     29.42    4.03    5.53     10.42   45.48   40.17   179.48  100.10   167.56   87.07   189.73   86.07 
 153   78.86   24.61     30.22    5.96    3.46     13.23   30.97   15.00     29.42    4.03    5.52      9.74   49.66   40.24   174.76   97.00   162.94   84.06   185.04   83.17 
 154   78.86   25.10     27.30    8.30    3.49     12.33   33.78   15.12     29.42    4.03    5.51      9.67   47.75   40.29   176.15   96.47   164.47   83.88   186.13   82.84 
 155   78.86   24.26     24.46   11.42    3.55     11.18   37.90   15.27     29.42    4.03    5.51      9.00   48.53   40.34   175.88   98.83   164.34   86.35   185.81   85.36 
 156   82.76   25.49     24.59   11.21    3.60     18.31   17.07   15.28     27.95    4.80    5.50     10.34   42.12   40.35   174.04  101.14   162.70   88.75   183.91   87.89 
 157   82.76   25.20     24.64   11.12    3.64     14.36   27.92   15.36     27.95    4.80    5.50      9.95   44.69   40.38   172.58  104.02   160.86   92.07   181.97   90.49 
 158   82.76   25.49     23.88   12.18    3.70     12.71   33.35   15.47     27.95    4.80    5.49     10.07   46.23   40.41   171.92  103.38   160.70   91.28   181.51   90.29 
 159   82.76   25.50     22.94   13.84    3.76     11.89   36.60   15.61     27.95    4.80    5.49      9.29   54.98   40.51   178.18  105.41   167.25   93.14   188.03   92.61 
 160   82.76   25.53     22.63   14.51    3.83     11.75   37.48   15.74     27.95    4.80    5.48      9.17   54.36   40.59   179.46  105.75   169.00   93.16   189.72   93.31 
 161   78.59   26.13     22.99   14.08    3.89     22.80   10.51   15.71     29.07    4.25    5.48     10.15   48.48   40.64   180.97  106.07   170.90   93.39   191.39   94.04 
 162   78.59   26.16     23.02   14.14    3.96     21.65   11.77   15.69     29.07    4.25    5.47      9.82   48.18   40.69   182.59  107.31   172.59   94.71   192.96   95.36 
 163   78.59   26.04     23.77   13.10    4.01     19.69   14.74   15.68     29.07    4.25    5.46     10.14   47.96   40.73   184.13  107.64   174.18   95.10   194.48   95.75 
 164   78.59   25.73     23.61   13.30    4.07     18.11   17.30   15.69     29.07    4.25    5.45     10.59   43.30   40.75   183.37  106.77   173.64   94.44   193.54   95.18 
 165   78.59   26.04     23.94   12.88    4.12     16.62   20.51   15.72     29.07    4.25    5.45     10.39   44.57   40.77   183.99  106.98   173.97   94.63   194.01   95.01 
 166   78.63   25.61     24.18   12.49    4.17     21.69   11.29   15.69     28.63    4.50    5.44     10.64   41.38   40.78   182.61  106.44   172.86   93.99   192.91   94.79 
 167   78.63   25.63     24.23   11.97    4.22     14.70   24.34   15.75     28.63    4.50    5.43      9.12   43.96   40.79   174.78  105.09   164.81   92.85   184.81   93.27 
 168   78.63   25.57     24.30   11.50    4.26     12.91   29.43   15.83     28.63    4.50    5.43      9.26   42.89   40.81   167.93  102.74   158.64   89.84   178.71   91.41 
 169   78.63   25.35     24.31   11.27    4.30     10.91   35.39   15.94     28.63    4.50    5.42      8.90   43.54   40.82   163.31  101.78   154.20   88.85   174.16   90.64 
 170   78.63   25.31     21.77   14.99    4.37      9.64   37.42   16.07     28.63    4.50    5.42      8.65   44.58   40.85   163.93   98.26   154.26   85.99   174.04   86.71 
 171   78.30   26.29     21.12   15.78    4.43     16.89   16.29   16.07     27.98    4.86    5.41      9.35   39.60   40.84   160.56   96.49   151.20   83.96   170.97   85.15 
 172   78.30   26.36     20.71   16.58    4.50     15.57   19.23   16.09     27.98    4.86    5.41      9.13   40.92   40.84   161.58   97.09   151.69   84.94   171.52   85.35 
 173   78.30   27.18     21.11   15.72    4.57     14.54   22.02   16.12     27.98    4.86    5.41      9.14   41.15   40.84   160.28   95.79   150.34   83.59   170.27   83.99 
 174   78.30   27.00     20.89   16.14    4.63     13.47   25.75   16.18     27.98    4.86    5.41      8.72   44.84   40.86   160.39   95.09   150.48   82.82   170.33   83.20 
 175   78.30   27.14     20.60   16.63    4.70     12.84   28.03   16.25     27.98    4.86    5.40      9.05   43.50   40.88   161.49   93.03   151.64   80.61   171.79   81.32 
 176   89.31   27.08     20.94   16.17    4.77     19.14   13.54   16.23     28.41    4.62    5.40      9.54   41.53   40.88   164.72   91.92   155.06   79.69   174.69   80.28 
 177   89.31   26.61     20.75   16.63    4.84     17.77   15.92   16.23     28.41    4.62    5.39      9.51   41.51   40.89   166.61   89.67   156.65   77.26   176.88   77.90 
 178   89.31   27.08     21.17   15.97    4.90     14.33   23.28   16.27     28.41    4.62    5.39      9.11   43.77   40.90   168.56   90.19   158.85   77.60   179.05   78.60 
 179   89.31   26.99     20.93   16.73    4.96     13.29   26.00   16.32     28.41    4.62    5.38      8.99   44.09   40.92   172.38   89.36   162.58   76.95   182.71   77.73 
 180   89.31   26.81     20.71   17.18    5.03     12.06   29.72   16.40     28.41    4.62    5.38      8.64   45.32   40.94   173.74   88.79   164.14   76.11   184.33   77.27 
 181   86.75   27.75     20.57   17.45    5.10     19.91   12.10   16.37     27.37    5.21    5.38      8.80   44.59   40.96   173.04   89.26   163.42   76.38   183.80   77.69 
 182   86.75   27.03     20.61   17.12    5.17     17.09   16.33   16.37     27.37    5.21    5.38      7.72   50.70   41.02   170.16   90.05   160.53   77.18   180.98   78.52 
 183   86.75   27.53     20.35   17.50    5.23     15.73   19.02   16.39     27.37    5.21    5.38      8.43   45.27   41.04   169.90   88.42   160.72   75.26   180.97   77.22 
 184   86.75   27.32     19.94   18.30    5.31     13.93   23.19   16.42     27.37    5.21    5.38      8.31   45.11   41.06   170.52   86.17   161.47   72.95   181.65   75.07 
 185   86.75   27.19     20.32   17.56    5.37     13.08   25.39   16.47     27.37    5.21    5.38      8.34   45.02   41.08   171.20   85.53   162.20   72.25   182.38   74.45 
 186   90.18   26.55     19.84   18.48    5.44     20.40   10.99   16.44     27.48    5.13    5.37      8.92   41.91   41.09   172.47   84.70   163.50   71.45   183.61   73.64 
 187   90.18   27.04     19.89   18.55    5.51     16.02   18.66   16.46     27.48    5.13    5.37      8.83   42.85   41.10   174.02   83.59   164.82   70.29   185.18   72.29 
 188   90.18   26.90     20.14   17.97    5.58     14.33   23.00   16.49     27.48    5.13    5.37      8.86   44.14   41.11   173.74   83.01   165.11   69.70   185.01   72.28 
 189   90.18   26.94     20.41   17.67    5.64     12.57   28.21   16.55     27.48    5.13    5.37      9.19   41.54   41.12   177.02   81.23   168.72   67.90   188.39   70.84 
 190   90.18   26.75     33.79    3.81    5.63     11.97   31.68   16.63     27.48    5.13    5.37      9.12   42.79   41.13   168.34   91.46   160.06   77.97   179.85   81.03 
 191   89.70   27.52     34.87    3.38    5.62     21.94    9.93   16.60     27.29    5.25    5.37     11.34   34.15   41.09   169.40   90.10   160.75   76.70   180.74   79.34 
 192   89.70   27.40     33.32    3.90    5.61     17.64   16.08   16.59     27.29    5.25    5.37     10.32   37.47   41.07   163.80   87.87   155.73   73.85   175.80   77.51 
 193   89.70   27.80     35.33    3.08    5.60     17.47   16.41   16.59     27.29    5.25    5.37     11.11   34.31   41.03   162.38   87.44   153.63   73.78   173.97   76.50 
 194   89.70   27.40     34.92    3.22    5.59     17.97   15.41   16.59     27.29    5.25    5.37     10.72   34.65   41.00   161.46   88.87   153.07   74.82   173.46   78.21 
 195   89.70   27.25     35.35    3.01    5.57     16.33   18.46   16.60     27.29    5.25    5.37     10.12   36.59   40.98   156.91   90.64   148.04   76.99   168.42   79.57 
 196   89.77   27.95     32.73    4.06    5.57     22.26    9.29   16.56     27.53    5.10    5.36     10.63   34.05   40.94   156.38   93.22   147.63   79.44   168.06   82.27 
 197   89.77   28.20     33.63    3.60    5.56     19.76   12.26   16.54     27.53    5.10    5.36     10.72   34.76   40.91   153.01   92.17   144.16   78.36   164.70   81.12 
 198   89.77   28.31     31.63    4.58    5.55     17.98   14.93   16.53     27.53    5.10    5.36     11.01   33.47   40.88   155.90   93.25   146.84   79.62   167.38   82.04 
 199   89.77   28.29     35.46    2.97    5.54     16.89   16.83   16.53     27.53    5.10    5.36     11.75   31.31   40.83   156.89   91.27   148.18   77.42   168.63   80.25 
 200   89.77   27.97     33.51    3.81    5.53     16.43   17.96   16.54     27.53    5.10    5.36     11.08   35.01   40.80   162.18   90.47   153.25   76.15   174.32   79.27 
 201   92.87   28.60     35.55    3.05    5.52     20.91   10.42   16.51     27.27    5.26    5.36     11.97   31.18   40.75   165.89   85.94   157.15   71.41   178.25   74.88 
 202   92.87   28.38     33.26    4.01    5.51     19.50   12.31   16.49     27.27    5.26    5.36     12.28   29.15   40.69   168.42   84.28   159.79   69.67   180.88   73.29 
 203   92.87   27.96     33.70    3.92    5.50     17.64   14.56   16.48     27.27    5.26    5.36     11.67   30.27   40.64   175.48   84.23   166.95   69.54   188.05   73.33 
 204   92.87   27.84     31.29    5.31    5.50     16.99   15.76   16.47     27.27    5.26    5.36     11.74   29.17   40.59   180.12   86.90   171.80   71.91   193.04   76.15 
 205   92.87   27.80     31.48    5.25    5.50     16.57   16.53   16.47     27.27    5.26    5.36     11.89   28.34   40.53   181.90   88.50   173.48   73.46   194.78   77.59 
 206  117.61   27.02     33.72    4.16    5.49     24.29    6.73   16.43     26.98    5.43    5.36     12.40   27.57   40.46   186.64   89.01   178.02   74.46   199.04   78.04 
 207  117.61   27.32     32.24    4.98    5.49     23.66    7.23   16.38     26.98    5.43    5.36     12.71   26.64   40.40   189.22   87.48   180.73   72.47   202.10   76.57 
 208  117.61   27.27     31.88    5.13    5.49     22.41    8.76   16.35     26.98    5.43    5.36     12.17   28.72   40.34   185.67   84.18   177.50   68.94   198.88   73.58 
 209  117.61   27.28     32.09    5.00    5.49     21.36    9.54   16.31     26.98    5.43    5.36     12.38   28.49   40.28   189.04   79.92   181.12   64.82   202.07   69.47 
 210  117.61   27.17     34.45    3.86    5.48     21.94    9.19   16.28     26.98    5.43    5.36     12.21   29.01   40.23   190.06   78.75   181.52   63.70   202.96   67.75 
 211  115.59   27.40     34.11    4.09    5.47     22.56    8.45   16.24     27.62    5.03    5.36     12.04   28.75   40.17   193.83   78.86   185.59   64.01   206.56   68.14 
 212  115.59   27.16     32.36    4.96    5.47     24.10    7.19   16.20     27.62    5.03    5.36     11.69   28.06   40.12   190.89   82.67   182.53   67.36   204.13   71.83 
 213  115.59   27.28     32.38    5.00    5.47     24.14    7.21   16.16     27.62    5.03    5.35     11.22   29.00   40.07   190.09   89.13   182.66   73.89   203.40   79.16 
 214  115.59   27.07     35.87    3.32    5.46     22.06    9.05   16.12     27.62    5.03    5.35     11.39   28.85   40.01   186.73   92.48   178.69   77.79   199.41   82.06 
 215  115.59   27.20     33.41    4.29    5.45     21.67    9.45   16.09     27.62    5.03    5.35     10.24   32.30   39.98   180.95   96.19   172.73   81.54   193.54   85.54 
 216   96.38   26.93     32.43    4.69    5.45     22.58    8.54   16.06     26.91    5.45    5.35      9.83   33.48   39.95   173.42   98.44   165.63   83.62   186.27   88.18 
 217   96.38   26.99     31.36    5.15    5.45     20.43   11.04   16.04     26.91    5.45    5.35     10.56   32.36   39.91   166.28   99.15   157.79   84.51   178.82   88.27 
 218   96.38   27.03     32.03    4.58    5.44     16.20   17.52   16.04     26.91    5.45    5.35      9.95   38.07   39.90   158.51   96.12   151.01   81.63   171.05   86.16 
 219   96.38   27.03     32.64    4.25    5.44     16.03   18.15   16.05     26.91    5.45    5.35     11.90   29.16   39.85   158.44   97.71   150.29   82.54   171.47   86.99 
 220   96.38   26.97     30.66    5.27    5.44     15.44   19.51   16.07     26.91    5.45    5.35     11.50   32.97   39.82   155.18   96.06   147.55   81.33   167.88   85.88 
 221   97.66   26.55     31.19    4.90    5.43     24.06    7.27   16.03     25.94    6.09    5.36     11.78   31.74   39.79   153.93   91.28   146.32   75.93   167.25   81.02 
 222   97.66   27.29     30.87    5.14    5.43     21.08   10.24   16.00     25.94    6.09    5.36     12.05   28.55   39.74   156.37   92.05   148.59   77.04   169.35   81.69 
 223   97.66   27.09     30.89    5.23    5.43     19.77   12.17   15.98     25.94    6.09    5.36     11.98   28.81   39.69   159.78   94.32   151.97   79.37   172.68   83.96 
 224   97.66   26.72     31.16    5.18    5.43     19.65   12.44   15.97     25.94    6.09    5.37     11.75   30.00   39.64   162.33   94.57   154.74   78.88   175.96   84.27 
 225   97.66   26.78     29.59    6.34    5.43     19.61   12.75   15.95     25.94    6.09    5.37     11.35   30.95   39.61   166.86   98.24   159.08   83.07   179.92   87.79 
 226  109.86   27.93     29.45    6.57    5.44     23.67    8.11   15.92     26.97    5.41    5.37     12.30   28.51   39.56   168.81  101.64   160.97   86.13   182.19   91.08 
 227  109.86   28.25     30.11    6.22    5.44     22.85    8.99   15.89     26.97    5.41    5.37     12.26   28.98   39.51   171.81  104.59   164.22   89.36   184.97   94.34 
 228  109.86   28.18     30.21    6.36    5.45     21.99    9.96   15.86     26.97    5.41    5.37     11.80   30.48   39.47   176.20  107.79   168.76   92.16   189.78   97.62 
 229  109.86   28.24     31.36    5.63    5.45     19.83   12.79   15.85     26.97    5.41    5.37     12.08   30.51   39.43   178.74  109.73   171.04   94.22   192.17   99.31 
 230  109.86   28.23     31.70    5.42    5.45     18.56   14.73   15.84     26.97    5.41    5.37     12.35   30.39   39.39   180.80  107.60   173.42   91.76   194.61   97.43 
 231  103.11   27.89     29.21    7.37    5.46     16.72   17.83   15.85     26.82    5.51    5.37     11.04   35.95   39.38   186.97  101.11   178.84   85.64   200.27   90.33 
 232  103.11   28.06     31.24    5.81    5.46     16.64   18.08   15.86     26.82    5.51    5.37     12.17   31.06   39.34   187.85   98.80   179.84   83.05   201.45   88.08 
 233  103.11   27.71     30.03    6.51    5.46     16.29   18.84   15.88     26.82    5.51    5.37     11.40   36.59   39.33   184.24   91.40   175.96   75.93   197.48   80.46 
 234  103.11   27.93     31.28    5.56    5.46     15.99   19.44   15.89     26.82    5.51    5.37     11.91   33.39   39.30   184.73   86.18   176.67   70.39   198.33   75.42 
 235  103.11   28.42     30.81    5.82    5.46     16.25   19.16   15.90     26.82    5.51    5.37     12.33   31.59   39.27   185.16   82.89   176.30   67.29   198.44   71.37 
 236  112.34   27.57     29.15    6.84    5.47     21.43   10.49   15.88     26.35    5.82    5.38     11.70   34.78   39.25   180.82   77.08   172.37   61.75   193.91   66.00 
 237  112.34   27.82     28.78    7.09    5.48     22.01    9.94   15.86     26.35    5.82    5.38     12.31   30.08   39.21   178.83   79.16   170.36   63.94   191.81   68.09 
 238  112.34   28.00     28.87    6.88    5.48     19.19   13.91   15.85     26.35    5.82    5.38     11.47   31.77   39.18   172.62   83.08   164.58   67.69   185.81   72.36 
 239  112.34   28.09     27.45    7.93    5.49     17.88   16.29   15.85     26.35    5.82    5.38     11.22   33.12   39.16   167.61   85.23   159.70   69.81   180.89   74.66 
 240  112.34   28.10     28.58    6.85    5.50     17.83   16.67   15.85     26.35    5.82    5.38     11.56   33.57   39.13   164.92   84.82   157.03   69.29   178.27   74.22 
 241  107.86   27.86     28.70    6.75    5.50     21.39   11.15   15.83     26.16    5.95    5.39     11.63   34.35   39.11   164.53   85.93   156.39   70.75   177.53   75.17 
 242  107.86   27.90     29.97    5.83    5.51     20.53   12.42   15.82     26.16    5.95    5.39     11.62   34.73   39.10   165.18   85.74   157.27   70.31   178.50   75.18 
 243  107.86   27.92     29.90    5.86    5.51     19.35   14.19   15.81     26.16    5.95    5.39     11.77   33.74   39.07   163.53   86.60   155.37   71.67   176.34   75.89 
 244  107.86   27.69     29.48    6.10    5.51     17.37   18.21   15.82     26.16    5.95    5.39     11.44   35.56   39.06   160.86   86.71   152.82   71.93   173.55   76.15 
 245  107.86   27.66     30.08    5.61    5.51     17.21   18.45   15.83     26.16    5.95    5.39     11.18   37.60   39.05   159.84   85.57   152.16   70.90   172.47   75.37 
 246  110.81   27.02     30.43    5.42    5.51     22.25   10.29   15.81     25.37    6.53    5.40     11.19   37.48   39.05   161.36   83.11   154.03   68.42   174.10   73.25 
 247  110.81   27.33     30.93    5.17    5.51     21.57   11.19   15.79     25.37    6.53    5.40     10.91   37.38   39.04   163.97   84.35   156.41   69.56   176.75   74.24 
 248  110.81   27.19     30.60    5.46    5.51     20.32   12.83   15.78     25.37    6.53    5.41     10.95   36.19   39.03   165.31   87.67   158.04   72.98   178.06   77.88 
 249  110.81   27.50     29.72    6.15    5.51     20.77   12.16   15.77     25.37    6.53    5.41     10.97   35.53   39.01   167.15   92.09   159.51   77.75   179.55   82.03 
 250  110.81   26.75     31.49    5.09    5.51     20.47   12.40   15.75     25.37    6.53    5.42     10.86   35.59   39.00   168.18   96.73   160.47   82.61   180.34   86.65 
 251  113.14   26.82     30.92    5.47    5.51     22.89    9.32   15.73     25.64    6.34    5.42     11.21   34.54   38.98   166.73  100.22   158.93   85.99   179.00   90.06 
 252  113.14   27.22     33.73    4.00    5.50     21.88   10.50   15.71     25.64    6.34    5.42     11.19   34.25   38.96   168.38  103.61   160.26   89.19   180.74   93.08 
 253  113.14   27.14     32.34    4.62    5.50     20.03   12.87   15.70     25.64    6.34    5.43     11.29   35.80   38.95   165.02  102.15   157.18   87.70   177.52   91.93 
 254  113.14   26.87     32.66    4.44    5.49     18.41   15.39   15.69     25.64    6.34    5.43     10.96   38.75   38.95   166.32   96.59   159.00   82.09   178.91   86.77 
 255  113.14   26.86     33.75    3.87    5.49     16.88   17.90   15.70     25.64    6.34    5.44     10.57   41.07   38.96   169.92   87.32   162.73   72.72   182.62   77.63 
 256  114.55   27.60     32.70    4.40    5.48     18.18   14.95   15.70     25.16    6.71    5.44     10.68   38.39   38.96   174.50   81.87   167.41   67.36   187.06   72.21 
 257  114.55   28.04     31.11    5.37    5.48     18.58   14.48   15.69     25.16    6.71    5.45     11.86   30.88   38.93   175.98   84.39   168.70   69.74   188.63   74.52 
 258  114.55   27.99     30.34    5.97    5.49     18.70   14.47   15.69     25.16    6.71    5.45     11.71   30.53   38.89   177.67   90.37   171.00   75.37   190.78   81.01 
 259  114.55   27.47     31.58    5.25    5.48     16.95   17.44   15.70     25.16    6.71    5.45     11.57   30.52   38.86   177.92   94.50   171.17   79.78   190.89   85.30 
 260  114.55   27.90     34.56    3.72    5.48     15.43   19.89   15.71     25.16    6.71    5.46     11.84   30.59   38.83   177.40   94.61   170.78   80.41   189.69   85.43 
 261  113.28   28.09     33.25    4.32    5.47     22.56    8.75   15.69     25.72    6.29    5.46     11.81   29.99   38.79   175.92   96.66   169.03   82.72   187.94   87.29 
 262  113.28   28.36     34.54    3.71    5.47     20.59   10.92   15.67     25.72    6.29    5.47     12.07   28.76   38.76   175.19   97.65   167.80   83.78   187.02   87.79 
 263  113.28   28.38     35.02    3.50    5.46     19.99   11.51   15.65     25.72    6.29    5.47     11.80   29.16   38.72   174.36   98.55   167.77   84.26   186.82   89.49 
 264  113.28   28.42     34.76    3.59    5.45     18.00   14.23   15.65     25.72    6.29    5.47     12.38   27.94   38.68   173.81   95.81   167.22   81.49   186.32   86.74 
 265  113.28   28.55     33.81    4.03    5.45     16.72   16.34   15.65     25.72    6.29    5.48     11.83   28.42   38.64   175.78   95.95   168.69   82.12   187.59   86.36 
 266  114.01   27.76     34.50    3.73    5.44     20.17   10.83   15.63     25.16    6.70    5.48     12.29   26.25   38.59   175.39   95.65   168.85   81.51   187.73   86.66 
 267  114.01   27.78     34.85    3.51    5.43     18.86   12.45   15.62     25.16    6.70    5.48     11.99   26.66   38.55   170.14   94.16   163.09   80.11   182.32   84.72 
 268  114.01   27.62     37.43    2.55    5.42     17.45   14.47   15.62     25.16    6.70    5.49     11.02   28.90   38.51   165.89   94.57   159.57   80.63   178.06   85.85 
 269  114.01   27.61     34.42    3.56    5.42     16.38   16.33   15.62     25.16    6.70    5.49     11.09   28.50   38.48   163.16   96.59   156.35   82.42   175.41   87.22 
 270  114.01   27.64     35.72    2.99    5.41     17.09   14.89   15.62     25.16    6.70    5.50     11.08   28.42   38.44   158.86   95.48   152.39   81.93   170.61   86.64 
 271  116.39   27.20     34.62    3.29    5.40     21.55    8.81   15.59     25.06    6.77    5.50     10.65   29.38   38.41   151.59   94.23   145.02   80.73   163.25   85.30 
 272  116.39   27.36     34.03    3.43    5.39     21.50    8.75   15.57     25.06    6.77    5.51     11.14   28.06   38.37   147.56   92.79   140.93   79.17   159.42   83.88 
 273  116.39   26.91     34.87    3.03    5.38     19.59   10.76   15.55     25.06    6.77    5.51     10.78   28.46   38.33   143.14   92.78   136.30   79.05   155.00   83.59 
 274  116.39   27.22     33.27    3.56    5.38     17.84   13.09   15.54     25.06    6.77    5.52     10.60   29.01   38.30   138.25   92.00   131.71   78.22   150.19   83.04 
 275  116.39   26.80     32.49    3.94    5.37     17.46   13.63   15.53     25.06    6.77    5.52     10.76   28.12   38.26   142.18   92.46   135.42   78.57   154.24   83.32 
 276  121.11   26.96     31.65    4.35    5.37     21.78    8.25   15.51     25.77    6.22    5.52     11.24   27.30   38.22   144.27   90.12   137.44   76.38   156.13   80.90 
 277  121.11   27.04     35.01    2.94    5.36     20.12    9.80   15.48     25.77    6.22    5.53     10.91   28.55   38.19   145.55   84.48   138.49   70.94   157.20   75.11 
 278  121.11   27.02     31.68    4.41    5.35     20.59    9.32   15.46     25.77    6.22    5.53     10.31   28.89   38.15   149.92   86.13   142.39   72.40   161.66   76.28 
 279  121.11   26.93     32.36    4.21    5.35     18.97   11.12   15.45     25.77    6.22    5.53     10.14   28.43   38.12   152.38   89.80   145.37   76.28   164.04   80.53 
 280  121.11   26.90     31.74    4.63    5.35     18.27   12.04   15.43     25.77    6.22    5.53     10.11   28.18   38.08   155.61   96.59   148.27   83.03   167.29   87.03 
 281  121.99   26.63     32.31    4.47    5.35     21.92    7.80   15.41     25.38    6.49    5.54      9.77   29.08   38.05   159.46  101.45   152.28   88.00   171.07   92.07 
 282  121.99   26.64     34.09    3.78    5.34     19.88    9.60   15.39     25.38    6.49    5.54      9.95   28.78   38.02   164.75  101.50   158.58   87.94   176.63   93.05 
 283  121.99   26.58     33.67    4.06    5.34     18.09   11.53   15.37     25.38    6.49    5.54      9.10   31.66   37.99   171.30   98.57   165.45   84.76   183.49   90.38 
 284  121.99   26.68     35.31    3.41    5.33     17.41   12.28   15.36     25.38    6.49    5.55      9.70   29.59   37.96   176.68   95.57   169.99   82.01   188.40   86.56 
 285  121.99   26.21     33.38    4.26    5.32     14.30   16.65   15.37     25.38    6.49    5.55      8.90   31.29   37.94   179.86   90.97   173.69   76.96   192.17   82.43 
 286  122.38   27.00     34.36    3.84    5.32     16.47   12.18   15.36     25.47    6.40    5.55      8.93   29.31   37.91   182.49   86.80   176.49   73.26   194.39   78.53 
 287  122.38   26.43     31.78    5.21    5.32     13.02   18.24   15.37     25.47    6.40    5.56      8.32   31.10   37.89   185.16   86.91   179.45   73.25   197.23   78.90 
 288  122.38   26.06     28.48    7.67    5.33      9.81   23.89   15.40     25.47    6.40    5.56      8.19   31.34   37.86   181.81   77.74   174.95   64.08   193.74   68.68 
 289  122.38   25.77     28.90    7.33    5.33     11.26   22.68   15.42     25.47    6.40    5.56      8.12   30.16   37.84   188.58   88.86   182.55   75.09   200.65   80.54 
 290  122.38   25.48     28.29    7.86    5.34     10.22   22.82   15.45     25.47    6.40    5.57      8.16   29.90   37.81   181.19   80.79   174.03   67.31   192.74   71.33 
 291  127.35   25.83     27.93    8.22    5.35     20.25    7.12   15.42     24.56    7.07    5.57      9.08   26.35   37.77   180.98   81.49   174.29   67.91   192.85   72.61 
 292  127.35   25.58     28.86    7.39    5.36     20.03    7.32   15.39     24.56    7.07    5.58      8.54   26.76   37.73   181.03   84.54   173.74   70.62   193.14   75.03 
 293  127.35   25.54     27.68    8.36    5.37     18.47    8.84   15.37     24.56    7.07    5.58      8.56   27.34   37.70   176.14   87.18   169.20   73.58   187.89   77.95 
 294  127.35   26.03     27.55    8.45    5.38     17.43   10.43   15.35     24.56    7.07    5.59      9.59   25.72   37.66   174.24   88.39   166.90   74.95   185.86   78.89 
 295  127.35   26.35     36.06    3.17    5.37     15.36   14.13   15.35     24.56    7.07    5.59      9.74   25.82   37.62   180.88   93.23   173.77   79.76   192.49   83.88 
 296  129.78   27.14     33.79    4.05    5.37     16.36   13.02   15.34     25.13    6.59    5.59     10.18   26.12   37.58   176.98   92.94   170.05   79.52   188.68   83.90 
 297  129.78   26.77     34.18    3.84    5.36     17.36   11.85   15.33     25.13    6.59    5.60     11.01   24.51   37.53   176.05   89.76   169.77   75.87   188.20   81.10 
 298  129.78   27.00     33.01    4.37    5.36     16.89   12.78   15.32     25.13    6.59    5.60     11.36   24.06   37.49   176.07   88.67   170.12   74.28   188.75   80.23 
 299  129.78   26.58     35.52    3.29    5.35     16.53   13.56   15.31     25.13    6.59    5.60     11.23   24.58   37.45   176.00   88.73   169.49   74.52   188.45   79.78 
 300  129.78   26.47     33.89    3.97    5.35     16.29   14.11   15.31     25.13    6.59    5.61     10.88   25.57   37.41   176.20   90.26   169.68   76.31   188.36   81.38 
 301  128.32   26.74     33.13    4.33    5.35     21.88    7.54   15.28     24.40    7.14    5.61     11.32   24.81   37.36   175.70   90.62   170.02   76.15   188.64   82.56 
 302  128.32   26.64     32.40    4.72    5.34     20.55    8.85   15.26     24.40    7.14    5.62     11.33   24.94   37.32   176.00   92.30   170.28   77.69   189.06   84.17 
 303  128.32   27.28     32.28    4.83    5.34     20.20    9.23   15.24     24.40    7.14    5.62     11.69   24.17   37.28   178.74   93.65   172.05   79.34   191.23   84.49 
 304  128.32   27.07     31.16    5.56    5.34     20.10    9.34   15.22     24.40    7.14    5.63     11.36   25.16   37.24   181.97   93.91   175.58   79.98   194.16   85.11 
 305  128.32   27.01     31.25    5.52    5.34     20.32    9.21   15.20     24.40    7.14    5.63     11.32   25.47   37.20   181.08   93.97   175.35   79.63   193.80   85.71 
 306  133.74   30.10     31.54    5.34    5.34     22.49    7.18   15.18     25.02    6.63    5.64     12.05   23.25   37.16   180.45   95.10   174.93   80.81   193.17   87.06 
 307  133.74   30.37     30.47    6.08    5.34     20.88    8.67   15.15     25.02    6.63    5.64     12.06   23.41   37.11   182.21   96.34   176.55   82.45   194.45   88.32 
 308  133.74   29.91     33.04    4.54    5.34     20.89    8.77   15.13     25.02    6.63    5.64     11.96   23.43   37.07   179.94   98.96   173.41   85.08   192.03   90.00 
 309  133.74   29.30     34.62    3.75    5.34     20.44    9.29   15.12     25.02    6.63    5.65     10.39   27.18   37.03   175.87  103.40   169.34   89.61   187.90   94.47 
 310  133.74   30.01     33.04    4.55    5.33     20.46    9.30   15.10     25.02    6.63    5.65     11.47   24.77   36.99   175.92  108.29   169.44   94.64   187.85   99.44 
 311  135.96   29.06     33.88    4.18    5.33     22.94    7.03   15.07     24.68    6.88    5.65     12.05   23.69   36.95   177.25  111.71   170.63   97.94   189.25  102.70 
 312  135.96   29.28     33.62    4.34    5.33     22.51    7.43   15.05     24.68    6.88    5.66     11.90   24.04   36.91   176.65  115.55   170.26  101.60   188.85  106.71 
 313  135.96   29.21     33.59    4.35    5.32     21.45    8.43   15.02     24.68    6.88    5.66     11.96   24.05   36.87   173.74  117.51   167.40  103.67   185.86  108.77 
 314  135.96   27.96     33.26    4.43    5.32     20.71    9.16   15.01     24.68    6.88    5.66     12.13   24.77   36.83   170.50  115.84   164.61  102.07   182.75  107.71 
 315  135.96   27.44     34.60    3.79    5.32     19.20   10.95   14.99     24.68    6.88    5.67     12.20   25.38   36.79   171.05  113.71   164.50  100.07   182.92  104.78 
 316  132.46   27.87     31.00    5.73    5.32     18.24   12.35   14.98     24.54    6.97    5.67     11.79   26.97   36.76   171.99  112.19   165.59   98.81   183.64  103.49 
 317  132.46   27.50     31.22    5.53    5.32     16.60   14.66   14.98     24.54    6.97    5.68     10.72   33.14   36.75   168.75  107.69   163.54   93.92   181.02  100.07 
 318  132.46   28.40     31.90    5.11    5.32     17.20   13.69   14.98     24.54    6.97    5.68     11.64   27.43   36.72   170.98  104.81   166.30   90.67   183.67   97.57 
 319  132.46   28.90     31.31    5.47    5.32     17.30   13.55   14.98     24.54    6.97    5.68     11.83   25.69   36.69   174.48  104.16   169.49   90.33   186.80   96.69 
 320  132.46   28.78     32.95    4.60    5.32     17.44   13.52   14.97     24.54    6.97    5.69     11.80   25.58   36.65   175.95  104.69   170.36   90.75   188.32   96.68 
 321  131.88   28.89     31.78    5.33    5.32     23.55    6.69   14.94     24.99    6.60    5.69     12.05   24.68   36.62   179.16  105.34   173.45   91.45   191.50   97.15 
 322  131.88   28.83     32.22    5.14    5.32     22.55    7.50   14.92     24.99    6.60    5.69     11.95   25.20   36.58   182.27  105.90   176.98   92.04   194.57   98.11 
 323  131.88   28.38     33.87    4.30    5.31     22.37    7.72   14.90     24.99    6.60    5.70     12.12   25.16   36.55   184.94  105.52   179.93   91.72   197.34   98.03 
 324  131.88   28.51     32.77    4.95    5.31     21.75    8.50   14.88     24.99    6.60    5.70     12.13   25.27   36.51   186.78  107.20   181.51   93.23   199.19   99.40 
 325  131.88   28.36     33.40    4.63    5.31     22.94    7.40   14.86     24.99    6.60    5.70     12.27   25.73   36.48   188.98  105.27   184.07   91.46   201.38   97.93 
 326  137.33   28.72     32.75    4.94    5.31     24.38    6.32   14.83     24.56    6.93    5.71     12.37   26.84   36.45   188.68  101.06   183.67   87.30   200.92   93.52 
 327  137.33   28.86     34.03    4.25    5.31     22.76    7.68   14.81     24.56    6.93    5.71     12.45   26.53   36.42   188.41   99.43   183.67   85.85   200.60   92.22 
 328  137.33   28.13     30.98    5.95    5.31     23.58    7.06   14.79     24.56    6.93    5.71     11.59   30.85   36.40   184.58   96.97   179.81   83.07   197.09   89.77 
 329  137.33   28.14     32.32    4.95    5.31     23.20    7.40   14.76     24.56    6.93    5.72     11.32   32.74   36.39   181.15   94.01   176.46   80.34   193.44   86.83 
 330  137.33   28.32     32.05    5.03    5.31     22.38    8.14   14.74     24.56    6.93    5.72     11.76   28.61   36.37   176.98   95.10   171.78   81.41   189.20   87.50 
 331  169.64   27.93     31.10    5.52    5.31     23.62    7.06   14.72     25.31    6.34    5.72     11.18   28.83   36.34   171.56   98.21   166.34   84.75   183.55   90.62 
 332  169.64   28.36     30.57    5.76    5.31     22.40    8.15   14.70     25.31    6.34    5.72     11.69   26.97   36.31   166.18  101.04   161.22   87.26   178.52   93.68 
 333  169.64   28.07     31.34    5.17    5.31     21.90    8.65   14.68     25.31    6.34    5.73     12.03   26.22   36.28   162.08  101.87   156.98   88.22   174.26   94.40 
 334  169.64   28.23     31.64    4.95    5.31     20.65   10.06   14.67     25.31    6.34    5.73     12.00   26.21   36.25   158.21  103.89   153.12   89.89   170.74   96.36 
 335  169.64   28.10     31.11    5.18    5.31     20.87    9.80   14.65     25.31    6.34    5.73     11.95   26.79   36.23   152.99  105.05   148.13   91.25   165.40   97.78 
 336  152.27   28.91     31.76    4.71    5.30     23.20    7.53   14.63     24.99    6.58    5.73     11.83   27.45   36.20   149.49  105.34   144.80   91.56   161.96   98.35 
 337  152.27   28.76     30.99    5.12    5.30     22.66    8.06   14.61     24.99    6.58    5.74     12.78   24.80   36.17   148.97  105.37   144.24   91.41   161.57   98.27 
 338  152.27   28.15     31.91    4.53    5.30     22.79    7.96   14.59     24.99    6.58    5.74     12.67   25.97   36.14   145.62  102.85   140.95   89.34   157.75   95.76 
 339  152.27   28.27     30.82    5.07    5.30     21.49    9.22   14.58     24.99    6.58    5.74     12.58   26.41   36.11   146.17   97.72   142.16   84.20   158.48   91.33 
 340  152.27   28.59     31.10    4.98    5.30     19.96   11.15   14.57     24.99    6.58    5.74     12.49   26.13   36.08   149.34   97.30   144.00   83.97   161.24   89.65 
 341  146.68   28.14     31.47    4.81    5.30     23.11    7.80   14.55     24.81    6.71    5.75     12.49   25.89   36.05   151.22   98.13   146.13   84.97   163.00   90.83 
 342  146.68   27.49     31.15    5.11    5.30     23.47    7.57   14.53     24.81    6.71    5.75     11.66   27.88   36.02   153.42  102.19   149.16   88.92   165.49   95.67 
 343  146.68   27.47     31.60    5.00    5.30     21.95    9.17   14.51     24.81    6.71    5.75     11.30   29.26   36.00   157.05  106.60   152.79   93.24   169.21  100.07 
 344  146.68   27.44     32.38    4.76    5.29     20.84   10.55   14.50     24.81    6.71    5.75     10.60   31.41   35.99   162.89  111.95   158.59   98.88   174.68  105.33 
 345  146.68   27.79     31.27    5.55    5.30     19.31   12.62   14.49     24.81    6.71    5.76     10.89   31.23   35.98   167.09  114.65   162.56  101.73   178.71  107.84 
 346  206.43   28.46     33.79    4.24    5.29     23.53    7.84   14.47     25.27    6.36    5.76     11.49   30.02   35.96   173.04  114.70   168.93  101.57   184.92  108.25 
 347  206.43   28.37     34.25    4.07    5.29     22.54    8.77   14.46     25.27    6.36    5.76     11.67   30.42   35.94   176.14  112.49   172.07   99.52   187.91  106.14 
 348  206.43   28.58     34.89    3.85    5.28     20.75   10.71   14.45     25.27    6.36    5.76     11.60   29.75   35.93   182.01  109.43   178.06   96.02   194.20  103.11 
 349  206.43   28.90     35.88    3.51    5.28     19.72   11.93   14.44     25.27    6.36    5.76     10.98   31.18   35.91   190.66  106.98   186.67   93.94   202.51  100.68 
 350  206.43   28.52     34.24    4.33    5.28     20.60   10.67   14.43     25.27    6.36    5.77     11.63   29.02   35.89   193.20  107.67   189.03   94.71   204.94  101.24 
 351  154.23   28.01     34.84    4.11    5.27     24.00    7.15   14.41     24.84    6.68    5.77     11.36   29.07   35.87   197.56  110.67   192.97   98.00   208.97  103.89 
 352  154.23   28.21     34.46    4.35    5.27     23.47    7.51   14.39     24.84    6.68    5.77     11.32   28.99   35.85   199.75  114.49   195.29  101.87   211.12  107.86 
 353  154.23   28.17     34.09    4.58    5.27     22.48    8.33   14.37     24.84    6.68    5.77     11.57   28.48   35.83   199.80  117.28   195.19  104.76   211.06  110.54 
 354  154.23   27.99     33.22    5.02    5.27     22.32    8.45   14.36     24.84    6.68    5.78     11.57   29.04   35.81   197.02  118.53   192.60  105.92   208.33  111.87 
 355  154.23   28.27     33.64    4.71    5.27     22.25    8.50   14.34     24.84    6.68    5.78     11.97   28.00   35.79   192.93  117.35   188.41  104.69   204.32  110.63 
 356  226.72   29.98     34.48    4.19    5.26     25.71    5.68   14.31     25.25    6.37    5.78     11.80   28.26   35.77   188.50  115.29   184.07  102.75   199.74  108.64 
 357  226.72   29.81     33.63    4.55    5.26     23.75    7.06   14.29     25.25    6.37    5.78     12.20   26.89   35.75   186.75  112.63   182.60   99.94   198.18  106.20 
 358  226.72   29.92     33.52    4.58    5.26     23.16    7.53   14.28     25.25    6.37    5.78     12.02   26.86   35.72   184.94  112.81   180.71  100.19   196.30  106.31 
 359  226.72   29.91     33.78    4.40    5.26     21.41    9.22   14.26     25.25    6.37    5.78     11.70   27.65   35.70   181.84  113.35   177.46  100.62   193.35  106.81 
 360  226.72   29.96     35.02    3.77    5.25     18.61   12.62   14.26     25.25    6.37    5.79     12.22   26.21   35.67   180.69  112.78   175.75  100.93   191.20  105.70 
 361  152.38   28.83     32.54    5.02    5.25     20.59   10.09   14.25     24.91    6.62    5.79     12.04   26.71   35.65   181.77  112.36   177.05  100.01   192.83  105.54 
 362  152.38   28.15     33.53    4.46    5.25     19.52   11.33   14.24     24.91    6.62    5.79     11.86   27.22   35.62   180.32  111.85   175.93   99.81   191.13  105.29 
 363  152.38   27.81     32.08    5.24    5.25     19.34   11.55   14.23     24.91    6.62    5.79     11.49   28.39   35.60   176.82  113.59   172.33  100.78   188.30  106.82 
 364  152.38   27.65     32.55    4.92    5.25     19.02   12.16   14.22     24.91    6.62    5.80     11.36   29.45   35.59   175.76  114.19   170.65  101.58   186.90  106.81 
 365  152.38   27.69     31.13    5.74    5.25     19.18   11.77   14.22     24.91    6.62    5.80     11.27   30.83   35.57   173.03  113.67   168.91  101.16   184.31  107.21 
 366  152.02   27.75     32.28    5.01    5.25     20.75    9.79   14.21     24.53    6.91    5.80     11.55   29.32   35.56   171.15  113.69   166.44  100.74   182.71  106.64 
 367  152.02   27.88     32.85    4.68    5.25     21.85    8.61   14.19     24.53    6.91    5.80     11.59   28.65   35.54   171.91  113.60   167.70  101.14   183.12  107.11 
 368  152.02   27.80     31.90    5.21    5.25     20.90    9.55   14.18     24.53    6.91    5.81     11.38   29.83   35.52   170.68  113.81   166.39  101.39   181.84  107.34 
 369  152.02   27.89     32.84    4.65    5.25     19.60   10.98   14.17     24.53    6.91    5.81     11.35   30.27   35.51   170.74  111.71   166.72   99.41   181.81  105.42 
 370  152.02   27.83     32.02    5.13    5.25     18.69   12.18   14.16     24.53    6.91    5.81     11.57   28.76   35.49   172.57  110.15   169.14   97.53   184.07  104.37 
 371  149.35   28.12     31.39    5.56    5.25     21.99    8.34   14.15     24.48    6.94    5.82     11.78   27.50   35.47   174.26  109.14   170.49   96.53   185.72  103.04 
 372  149.35   28.02     31.76    5.39    5.25     20.25   10.12   14.14     24.48    6.94    5.82     12.04   26.19   35.44   177.87  107.71   174.61   95.09   189.43  102.14 
 373  149.35   28.12     30.98    6.05    5.25     19.84   10.61   14.13     24.48    6.94    5.82     11.58   26.29   35.42   183.21  110.22   180.21   97.97   194.44  104.92 
 374  149.35   28.25     29.71    7.20    5.26     18.10   12.95   14.12     24.48    6.94    5.82     11.81   25.37   35.39   187.98  113.52   184.70  101.48   198.99  108.03 
 375  149.35   28.39     31.50    5.99    5.26     19.58   10.93   14.12     24.48    6.94    5.83     11.84   25.07   35.37   192.27  115.86   189.06  103.19   203.83  110.21 
 376  164.52   29.63     30.34    6.95    5.26     21.09    9.06   14.10     24.80    6.68    5.83     11.95   24.67   35.34   193.61  119.09   190.38  106.29   205.31  113.43 
 377  164.52   29.61     30.68    6.74    5.27     19.47   10.76   14.09     24.80    6.68    5.83     12.47   23.50   35.31   196.25  120.85   192.55  108.30   207.59  114.78 
 378  164.52   29.19     30.22    7.15    5.27     19.72   10.42   14.08     24.80    6.68    5.83     12.29   24.58   35.28   198.26  120.75   194.65  107.95   209.87  114.72 
 379  164.52   29.25     32.07    5.81    5.27     19.13   11.06   14.08     24.80    6.68    5.84     12.41   24.28   35.25   200.56  119.57   196.80  106.89   212.05  113.45 
 380  164.52   29.04     31.28    6.38    5.27     18.16   12.07   14.07     24.80    6.68    5.84     10.99   29.95   35.23   201.59  117.13   197.89  104.53   213.02  111.07 
 381  161.60   28.81     31.03    6.52    5.28     20.51    9.22   14.06     24.37    7.01    5.84     10.95   30.73   35.22   201.33  115.40   197.69  102.54   213.00  109.33 
 382  161.60   28.75     30.26    7.11    5.28     18.97   10.93   14.05     24.37    7.01    5.85     11.14   29.33   35.21   200.22  115.24   196.59  102.31   212.04  109.25 
 383  161.60   28.72     30.77    6.69    5.29     18.80   11.08   14.04     24.37    7.01    5.85     11.04   29.67   35.19   199.95  114.06   196.14  101.31   211.49  107.80 
 384  161.60   28.95     31.43    6.19    5.29     18.16   11.89   14.04     24.37    7.01    5.85     12.30   24.55   35.16   201.52  112.33   198.13   99.55   213.17  106.48 
 385  161.60   29.01     31.12    6.40    5.29     18.82   11.02   14.03     24.37    7.01    5.85     11.87   25.00   35.14   202.16  108.97   197.82   96.47   213.38  102.34 
 386  158.13   29.67     30.62    6.82    5.30     19.21   10.28   14.02     24.70    6.73    5.86     12.00   24.41   35.11   205.06  105.31   201.44   92.43   216.80   99.29 
 387  158.13   29.63     29.87    7.54    5.30     17.40   12.45   14.01     24.70    6.73    5.86     12.01   23.46   35.08   208.52  107.49   204.58   94.89   219.93  101.22 
 388  158.13   29.37     29.39    8.02    5.31     14.69   17.35   14.02     24.70    6.73    5.86     11.48   24.32   35.05   207.84  110.77   203.87   98.09   219.32  104.49 
 389  158.13   30.05     30.68    6.95    5.31     14.15   18.68   14.04     24.70    6.73    5.86     10.92   26.78   35.03   210.07  112.83   205.83  100.39   221.29  106.36 
 390  158.13   29.98     31.19    6.64    5.32     13.47   20.34   14.05     24.70    6.73    5.87     10.77   27.63   35.01   212.98  115.79   208.16  103.02   224.40  108.69 
 391  167.87   28.98     29.21    8.37    5.32     15.16   16.47   14.06     24.53    6.85    5.87     11.33   25.31   34.99   209.91  117.46   206.24  104.51   221.69  111.40 
 392  167.87   28.85     30.95    6.80    5.33     16.22   14.36   14.06     24.53    6.85    5.87     11.71   24.36   34.96   208.77  117.24   204.64  104.47   220.30  110.79 
 393  167.87   29.11     31.05    6.68    5.33     17.07   12.73   14.05     24.53    6.85    5.87     12.03   23.15   34.93   205.98  116.90   201.73  104.22   217.44  110.31 
 394  167.87   28.86     30.67    6.87    5.34     16.80   13.33   14.05     24.53    6.85    5.88     11.86   24.16   34.90   204.08  115.24   199.89  102.43   215.65  108.68 
 395  167.87   28.90     30.27    7.09    5.34     17.24   12.92   14.05     24.53    6.85    5.88     11.93   24.90   34.88   200.29  115.03   195.44  102.45   211.41  107.77 
 396  189.12   29.67     30.90    6.45    5.34     19.38   10.35   14.04     24.23    7.08    5.88     12.01   25.57   34.85   196.19  113.42   191.11  100.96   207.29  106.14 
 397  189.12   30.06     30.19    6.94    5.35     18.58   11.47   14.03     24.23    7.08    5.88     12.24   24.69   34.83   193.64  112.98   188.58  100.25   204.99  105.67 
 398  189.12   29.82     31.03    6.31    5.35     18.19   11.82   14.03     24.23    7.08    5.89     12.21   24.31   34.80   193.20  114.58   188.37  102.20   204.11  107.37 
 399  189.12   29.84     31.64    5.86    5.35     16.51   15.31   14.03     24.23    7.08    5.89     12.07   26.14   34.78   193.33  114.25   187.58  101.46   204.57  106.17 
 400  189.12   29.00     31.59    5.87    5.35     14.89   20.14   14.05     24.23    7.08    5.89     12.31   27.82   34.76   191.94  113.19   186.43  101.00   202.67  105.51 
 401  210.23   29.22     31.81    5.70    5.35     16.28   17.65   14.06     24.52    6.83    5.90     12.66   26.86   34.74   190.72  111.95   185.47   99.64   201.64  104.51 
 402  210.23   28.59     29.65    7.16    5.36     14.25   18.79   14.07     24.52    6.83    5.90     12.09   25.63   34.72   194.63  107.18   189.01   95.26   204.97   99.34 
 403  210.23   28.19     30.75    6.16    5.36     14.59   17.36   14.08     24.52    6.83    5.90     11.05   27.27   34.70   189.77  106.02   184.03   94.41   199.76   98.04 
 404  210.23   27.99     32.43    5.02    5.36     15.04   16.55   14.08     24.52    6.83    5.90     11.82   24.55   34.68   188.34  103.15   182.13   90.97   198.98   94.79 
 405  210.23   28.13     31.86    5.32    5.36     15.02   16.31   14.09     24.52    6.83    5.90     12.08   23.49   34.65   186.96  100.22   180.90   88.07   197.57   91.99 
 406  165.47   28.53     33.70    4.22    5.36     20.23    8.69   14.07     24.25    7.03    5.91     11.57   24.28   34.62   183.48   98.08   177.51   85.96   193.89   89.76 
 407  165.47   28.51     30.77    6.05    5.36     19.83    9.06   14.06     24.25    7.03    5.91     12.10   25.75   34.60   190.69   97.60   184.59   85.80   200.97   89.47 
 408  165.47   28.71     30.75    6.15    5.36     20.39    8.61   14.05     24.25    7.03    5.91     11.97   23.81   34.58   193.49   99.04   187.38   87.00   203.93   90.76 
 409  165.47   28.75     30.58    6.44    5.36     19.09    9.83   14.04     24.25    7.03    5.92     11.26   25.51   34.55   198.60  101.82   192.74   89.80   209.07   93.80 
 410  165.47   28.65     30.90    6.34    5.36     17.48   11.70   14.03     24.25    7.03    5.92     10.55   26.98   34.53   202.78  105.06   196.69   93.05   213.22   96.88 
 411  169.29   28.28     32.26    5.46    5.36     23.63    5.72   14.01     23.99    7.23    5.92     11.18   24.91   34.51   203.38  105.56   197.43   93.52   213.85   97.47 
 412  169.29   28.27     32.11    5.63    5.36     22.00    6.75   13.99     23.99    7.23    5.92     11.49   24.76   34.49   206.55  105.13   200.63   93.25   216.87   97.10 
 413  169.29   28.23     33.10    5.07    5.36     20.78    7.69   13.98     23.99    7.23    5.93     11.38   24.12   34.46   208.24  105.49   202.34   93.57   218.62   97.47 
 414  169.29   28.25     31.80    5.86    5.37     20.51    7.91   13.96     23.99    7.23    5.93     11.02   24.07   34.44   207.51  104.68   202.25   92.06   218.72   97.14 
 415  169.29   28.20     33.09    5.00    5.36     20.14    8.19   13.95     23.99    7.23    5.93     10.79   24.72   34.41   204.10  104.15   198.19   92.17   214.56   96.16 
 416  169.29   28.46     33.23    4.84    5.36     22.64    6.11   13.93     24.04    7.17    5.94     11.28   24.17   34.39   201.65  101.65   196.15   89.46   212.39   93.95 
 417  169.29   29.00     32.31    5.35    5.36     20.97    7.25   13.92     24.04    7.17    5.94     11.55   22.71   34.36   202.19   99.31   196.87   87.15   212.92   91.83 
 418  169.29   28.27     32.51    5.20    5.36     19.82    8.20   13.90     24.04    7.17    5.94     10.99   23.27   34.33   199.82   99.33   194.46   87.02   210.68   91.76 
 419  169.29   28.14     33.36    4.69    5.36     19.11    8.98   13.89     24.04    7.17    5.95      9.95   25.00   34.31   197.05  102.53   191.61   90.25   207.89   94.91 
 420  169.29   28.16     32.90    4.95    5.36     18.59    9.43   13.88     24.04    7.17    5.95     10.11   24.34   34.29   195.90  105.95   190.52   93.88   206.53   98.40 
 421  174.25   27.55     32.09    5.42    5.36     21.99    6.41   13.86     23.85    7.31    5.95      9.41   26.79   34.27   193.12  109.00   187.95   96.71   203.97  101.60 
 422  174.25   27.99     32.05    5.43    5.36     21.92    6.53   13.84     23.85    7.31    5.96     10.69   24.21   34.25   191.08  110.64   185.81   98.30   201.99  103.13 
 423  174.25   28.14     31.18    5.85    5.36     22.06    6.38   13.83     23.85    7.31    5.96     10.57   27.00   34.23   186.34  109.05   180.91   96.88   197.01  101.42 
 424  174.25   28.03     31.31    5.57    5.36     19.90    8.22   13.81     23.85    7.31    5.96     10.34   27.95   34.22   180.52  106.98   175.40   94.84   191.27   99.67 
 425  174.25   28.34     32.74    4.66    5.36     19.85    8.18   13.80     23.85    7.31    5.96     11.15   23.79   34.19   177.77  104.64   172.17   92.76   188.15   96.86 
 426  182.96   28.06     31.59    5.24    5.36     23.80    5.21   13.78     24.14    7.05    5.97     11.38   23.51   34.17   176.19  102.43   170.40   90.62   186.58   94.62 
 427  182.96   28.10     32.60    4.59    5.36     21.35    6.90   13.76     24.14    7.05    5.97     10.64   25.17   34.14   172.57  100.85   166.57   89.20   182.71   92.79 
 428  182.96   28.09     33.27    4.22    5.36     23.78    5.24   13.74     24.14    7.05    5.97     11.37   22.65   34.12   171.51  100.59   165.34   89.02   181.57   92.44 
 429  182.96   28.11     30.62    5.65    5.36     21.83    6.61   13.73     24.14    7.05    5.97     10.62   24.58   34.10   169.19  101.10   163.42   89.58   179.18   93.28 
 430  182.96   28.16     31.01    5.37    5.36     22.89    5.81   13.71     24.14    7.05    5.98     10.69   24.24   34.07   167.11  101.30   161.33   89.90   177.02   93.47 
 431  176.67   27.89     29.90    6.13    5.36     24.67    4.76   13.69     24.10    7.06    5.98     11.20   22.39   34.05   167.36  103.56   161.74   92.20   177.23   95.87 
 432  176.67   28.06     30.74    5.60    5.36     23.75    5.32   13.67     24.10    7.06    5.98     11.69   21.42   34.02   168.89  104.40   163.33   93.10   178.72   96.75 
 433  176.67   28.43     31.11    5.47    5.36     22.99    5.82   13.65     24.10    7.06    5.98     11.98   20.90   33.99   171.98  103.83   166.33   92.34   182.02   96.12 
 434  176.67   28.30     32.98    4.50    5.36     21.59    6.83   13.64     24.10    7.06    5.99     11.88   21.35   33.96   176.52  103.22   170.44   92.29   185.92   95.19 
 435  176.67   28.40     31.99    5.15    5.36     20.17    8.17   13.62     24.10    7.06    5.99     11.42   22.17   33.93   181.77  104.16   176.11   92.46   191.98   96.36 
 436  183.03   28.65     31.95    5.29    5.36     20.77    7.50   13.61     23.94    7.17    5.99     11.45   22.26   33.90   186.79  104.09   181.58   93.24   196.31   97.04 
 437  183.03   28.87     32.18    5.24    5.36     23.28    5.63   13.59     23.94    7.17    6.00     11.09   23.23   33.88   191.71  102.10   186.06   91.05   201.34   94.60 
 438  183.03   29.08     33.51    4.53    5.35     22.37    6.25   13.57     23.94    7.17    6.00     11.35   22.45   33.85   193.45  101.21   187.79   90.15   203.09   93.69 
 439  183.03   29.18     33.12    4.78    5.35     20.73    7.51   13.56     23.94    7.17    6.00     11.48   22.12   33.83   195.88   99.73   190.92   88.42   205.87   92.83 
 440  183.03   29.10     32.94    4.93    5.35     20.22    7.92   13.55     23.94    7.17    6.00     11.32   22.19   33.80   199.49   99.86   193.98   89.05   209.00   92.62 
 441  181.65   28.08     32.72    5.11    5.35     25.38    4.39   13.53     23.65    7.40    6.01     10.86   23.00   33.77   200.15  102.75   194.52   92.09   209.50   95.43 
 442  181.65   27.95     32.60    5.22    5.35     23.99    5.19   13.51     23.65    7.40    6.01      9.65   26.20   33.76   199.64  106.74   194.07   96.10   208.97   99.46 
 443  181.65   27.69     33.89    4.52    5.35     22.16    6.46   13.49     23.65    7.40    6.01      9.54   26.66   33.74   199.58  109.86   193.43   99.35   208.63  101.91 
 444  181.65   27.66     32.33    5.39    5.35     21.78    6.85   13.48     23.65    7.40    6.02      9.60   26.79   33.73   197.79  113.42   192.03  102.73   207.08  105.82 
 445  181.65   28.05     34.58    4.16    5.35     22.48    6.34   13.46     23.65    7.40    6.02      9.86   26.33   33.71   195.74  115.13   189.95  104.51   204.98  107.54 
 446  259.35   28.48     35.34    3.80    5.34     24.15    5.22   13.44     24.30    6.85    6.02     10.40   25.19   33.69   193.80  116.12   188.17  105.72   202.86  108.73 
 447  259.35   28.90     33.00    4.93    5.34     22.60    6.31   13.43     24.30    6.85    6.02     10.97   23.98   33.67   191.90  115.93   186.39  105.39   201.11  108.63 
 448  259.35   29.25     32.94    4.82    5.34     23.32    5.84   13.41     24.30    6.85    6.02     11.21   24.08   33.65   185.68  112.57   180.06  101.84   195.02  105.06 
 449  259.35   29.67     32.30    5.11    5.34     23.20    5.92   13.39     24.30    6.85    6.03     12.11   22.12   33.62   186.20  108.75   180.49   98.20   195.41  101.34 
 450  259.35   29.15     32.42    4.94    5.34     23.00    6.05   13.38     24.30    6.85    6.03     11.38   23.42   33.60   181.11  106.76   175.65   96.21   190.37   99.56 
 451  180.52   27.67     31.08    5.69    5.34     23.54    5.68   13.36     24.05    7.03    6.03     10.93   24.02   33.58   178.71  106.89   173.34   96.26   188.09   99.81 
 452  180.52   27.65     31.81    5.18    5.34     22.95    6.08   13.34     24.05    7.03    6.03      9.38   27.66   33.56   173.71  110.48   168.40   99.94   182.94  103.40 
 453  180.52   27.80     33.44    4.27    5.34     20.67    7.89   13.33     24.05    7.03    6.03     10.50   25.01   33.55   170.77  112.28   165.62  101.65   180.19  105.38 
 454  180.52   27.85     32.30    4.85    5.34     21.75    7.06   13.32     24.05    7.03    6.04     11.33   22.91   33.52   170.88  112.91   165.17  101.69   180.72  105.22 
 455  180.52   27.74     32.34    4.79    5.34     20.41    8.12   13.31     24.05    7.03    6.04     11.08   23.75   33.50   169.21  110.41   163.43   99.13   179.08  102.62 
 456  211.12   29.15     31.65    5.13    5.33     19.47    8.85   13.30     23.91    7.12    6.04     11.29   22.88   33.48   168.02  109.56   162.24   99.21   177.00  102.09 
 457  211.12   29.22     32.17    4.82    5.33     20.01    8.30   13.29     23.91    7.12    6.04     11.41   22.95   33.45   166.56  109.43   161.42   98.59   176.10  102.41 
 458  211.12   28.90     32.49    4.62    5.33     20.51    7.85   13.27     23.91    7.12    6.05     11.35   23.42   33.43   165.12  109.92   159.70   98.96   174.79  102.70 
 459  211.12   29.12     33.49    4.05    5.33     18.79    9.58   13.27     23.91    7.12    6.05     11.40   23.63   33.41   161.46  109.03   155.86   98.05   171.12  101.63 
 460  211.12   29.06     31.46    5.06    5.33     19.05    9.30   13.26     23.91    7.12    6.05     11.41   22.84   33.39   159.97  109.49   154.90   98.17   170.08  102.53 
 461  214.23   30.75     30.08    5.83    5.33     22.05    6.50   13.24     24.09    6.96    6.05     11.33   22.65   33.36   156.73  108.08   151.44   96.93   166.67  100.96 
 462  214.23   31.13     30.67    5.33    5.33     21.20    7.17   13.23     24.09    6.96    6.05     11.62   21.85   33.34   154.88  106.92   148.78   95.90   164.51   99.05 
