   6    2.02   20.07     44.57    0.90    1.47     20.68    7.81    8.19     48.75    0.28   25.57      8.42   31.75   30.81   125.82   97.40   110.50   76.53   143.00   78.76 
   7    2.02   20.05     44.45    0.91    1.39     19.04    9.69    8.41     48.75    0.28   21.96      9.39   29.27   30.59   123.89   96.56   109.23   74.99   141.85   78.50 
   8    2.02   20.14     42.12    1.19    1.36     18.52   10.70    8.69     48.75    0.28   19.25      9.32   30.12   30.53   123.43   97.95   108.36   76.84   140.87   79.48 
   9    2.02   20.14     46.99    0.69    1.29     15.84   15.06    9.40     48.75    0.28   17.14      8.44   33.86   30.90   122.56  103.89   107.02   82.50   140.20   85.01 
  10    2.02   20.12     40.44    1.49    1.31     13.85   19.95   10.46     48.75    0.28   15.45      7.72   37.72   31.59   121.91  110.19   107.44   89.44   139.25   92.46 
  11    1.91   20.17     39.62    1.66    1.34     19.59   10.49   10.46     49.40    0.29   14.08      7.89   38.32   32.20   119.99  114.81   105.54   93.62   137.72   96.97 
  12    1.91   20.07     41.32    1.37    1.34     20.27    9.94   10.42     49.40    0.29   12.93      8.13   38.69   32.74   116.26  118.27   101.60   97.52   133.58  100.36 
  13    1.91   20.05     43.98    0.99    1.32     18.11   12.92   10.61     49.40    0.29   11.95      7.83   40.51   33.34   110.72  120.84    96.02  100.21   127.87  102.91 
  14    1.91   20.04     37.43    2.01    1.37     18.64   12.08   10.71     49.40    0.29   11.12      7.58   41.88   33.95   103.94  119.18    89.84   98.37   121.38  101.74 
  15    1.91   20.03     35.57    2.41    1.43     16.93   14.72   10.98     49.40    0.29   10.40      7.79   41.15   34.43    98.52  117.10    84.97   96.29   116.07  100.21 
  16    2.01   20.04     38.64    1.61    1.45     21.46    8.72   10.84     50.01    0.29    9.77      7.47   43.54   35.00    92.05  113.35    77.45   92.92   109.13   95.56 
  17    2.01   20.06     36.00    2.15    1.49     20.36   10.02   10.79     50.01    0.29    9.21      8.69   38.84   35.22    92.96  108.10    78.50   87.88   109.82   90.45 
  18    2.01   20.02     36.37    2.03    1.52     17.80   13.75   10.96     50.01    0.29    8.71      8.57   39.85   35.48    92.39  104.46    78.40   84.10   109.44   87.20 
  19    2.01   19.99     38.67    1.57    1.52     18.13   13.40   11.09     50.01    0.29    8.27      8.63   39.32   35.68    95.55  104.38    81.35   84.34   112.28   86.98 
  20    2.01   20.10     35.93    2.19    1.55     16.63   16.04   11.33     50.01    0.29    7.87      8.28   41.28   35.96   100.23  103.96    86.11   83.90   116.97   86.61 
  21    2.43   20.29     37.61    1.90    1.57     21.14    9.72   11.26     50.42    0.29    7.51      7.95   42.49   36.27   104.55  108.08    89.87   88.63   120.66   90.34 
  22    2.43   20.26     37.07    2.06    1.59     18.71   13.16   11.34     50.42    0.29    7.18      7.96   43.36   36.59   108.01  111.12    94.03   91.34   124.59   94.01 
  23    2.43   20.29     38.35    1.81    1.60     19.17   12.75   11.40     50.42    0.29    6.88      8.33   42.97   36.87   107.62  113.53    93.21   94.15   123.71   96.08 
  24    2.43   20.29     35.99    2.46    1.64     18.10   14.94   11.55     50.42    0.29    6.61      7.81   47.23   37.30   113.02  114.99    98.61   95.88   128.88   97.64 
  25    2.43   20.21     35.39    2.72    1.68     15.98   19.57   11.87     50.42    0.29    6.35      7.80   48.67   37.76   117.36  117.28   102.82   98.26   133.09   99.78 
  26    2.94   19.16     36.97    2.31    1.70     21.80   10.28   11.81     35.66    1.64    6.17      7.85   50.06   38.23   121.76  118.17   107.35   98.70   137.93  100.70 
  27    2.94   19.17     34.53    3.09    1.76     18.88   14.85   11.92     35.66    1.64    6.00      7.40   55.44   38.87   127.22  114.39   112.97   95.43   142.97   97.19 
  28    2.94   19.12     37.67    2.17    1.77     17.01   18.88   12.17     35.66    1.64    5.85      7.46   57.17   39.52   131.26  110.54   116.30   91.35   147.07   92.58 
  29    2.94   19.24     27.18    7.20    1.96     14.80   24.94   12.61     35.66    1.64    5.70      6.70   64.00   40.37   135.72  101.33   121.95   82.22   151.72   84.55 
  30    2.94   19.13     32.92    3.81    2.02     13.82   27.98   13.12     35.66    1.64    5.57      6.24   66.49   41.24   145.24   94.09   130.62   74.85   161.15   76.47 
  31    5.45   19.09     31.30    4.76    2.11     19.22   15.11   13.19     30.22    3.27    5.49      7.22   59.32   41.82   154.50   88.91   139.83   69.63   170.47   71.27 
  32    5.45   19.18     32.90    4.08    2.17     18.04   17.80   13.33     30.22    3.27    5.42      7.84   55.19   42.24   161.04   91.23   147.06   71.39   177.63   74.12 
  33    5.45   19.09     32.95    4.20    2.23     16.21   22.06   13.60     30.22    3.27    5.36      7.62   56.45   42.67   167.37   94.72   153.35   74.96   183.91   77.60 
  34    5.45   19.05     34.53    3.55    2.27     15.21   24.72   13.92     30.22    3.27    5.30      8.73   51.03   42.91   168.43   98.26   153.97   78.55   184.87   80.75 
  35    5.45   19.19     32.86    4.37    2.33     14.18   28.25   14.33     30.22    3.27    5.24      8.75   51.58   43.16   170.72  101.30   156.09   81.67   186.93   83.54 
  36    5.16   19.68     33.47    4.10    2.38     23.76    9.44   14.20     33.09    2.48    5.16      9.29   49.42   43.34   172.64  102.05   157.95   82.48   189.02   84.42 
  37    5.16   19.58     32.55    4.63    2.44     21.76   12.01   14.14     33.09    2.48    5.09      9.00   50.90   43.54   174.67  104.15   159.66   84.79   190.80   86.24 
  38    5.16   19.63     32.79    4.50    2.49     19.56   15.30   14.17     33.09    2.48    5.02      9.30   49.48   43.70   174.91  104.94   159.42   85.70   190.79   86.58 
  39    5.16   19.53     36.38    2.96    2.51     17.33   19.59   14.31     33.09    2.48    4.96      9.17   50.54   43.87   173.15  103.66   157.20   84.56   188.79   84.85 
  40    5.16   19.59     34.05    3.89    2.54     16.85   20.45   14.46     33.09    2.48    4.89      8.81   51.70   44.07   175.65  101.73   160.06   82.35   191.66   83.22 
  41   25.95   19.52     35.07    3.46    2.56     23.65    9.26   14.33     24.83    6.68    4.94      9.13   49.36   44.20   176.23   99.79   160.62   80.73   191.87   81.33 
  42   25.95   19.63     35.95    3.11    2.58     19.85   14.15   14.33     24.83    6.68    4.98      9.09   49.74   44.33   174.84   96.92   159.16   77.32   190.86   78.23 
  43   25.95   19.57     34.87    3.53    2.60     17.08   19.41   14.45     24.83    6.68    5.02      8.81   50.02   44.46   176.66   97.27   160.71   77.86   192.42   78.33 
  44   25.95   19.61     33.35    4.22    2.64     15.91   22.10   14.62     24.83    6.68    5.06      8.69   49.98   44.59   175.59   98.98   159.55   79.85   191.08   80.05 
  45   25.95   19.42     33.22    4.29    2.67     15.29   23.66   14.82     24.83    6.68    5.09      8.90   48.72   44.68   175.30   99.51   159.77   80.27   190.99   81.01 
  46   16.29   20.25     33.56    4.12    2.70     23.62    9.00   14.70     30.83    3.42    5.06      8.98   47.60   44.74   175.55  101.41   160.21   82.08   191.31   83.08 
  47   16.29   20.20     32.98    4.40    2.74     19.55   14.15   14.68     30.83    3.42    5.02      9.14   46.79   44.79   174.79  102.12   159.57   82.52   190.87   83.87 
  48   16.29   20.29     32.39    4.74    2.78     18.38   16.12   14.71     30.83    3.42    4.99      8.90   47.48   44.84   175.19  102.26   160.41   83.03   190.91   84.45 
  49   16.29   20.23     34.32    3.79    2.80     17.90   16.90   14.76     30.83    3.42    4.96      8.92   46.98   44.88   175.27  102.16   160.80   82.72   191.30   84.64 
  50   16.29   20.21     33.25    4.33    2.83     16.97   18.66   14.84     30.83    3.42    4.93      8.85   47.70   44.94   177.08  100.49   163.02   80.87   193.37   83.35 
  51   13.81   22.02     32.03    4.98    2.87     20.49   12.26   14.79     30.38    3.65    4.90      8.75   48.56   45.01   179.14   96.32   164.98   76.67   195.38   79.04 
  52   13.81   21.61     35.51    3.34    2.88     19.51   13.46   14.76     30.38    3.65    4.88      8.54   49.02   45.09   181.77   91.80   167.49   72.32   197.86   74.49 
  53   13.81   22.03     36.25    3.13    2.89     17.97   15.82   14.78     30.38    3.65    4.85      8.04   49.98   45.18   186.59   89.43   172.32   69.94   202.67   72.12 
  54   13.81   21.66     33.73    4.25    2.91     16.37   18.60   14.85     30.38    3.65    4.83      8.56   45.74   45.19   189.77   87.71   175.82   68.21   206.05   70.73 
  55   13.81   21.99     34.28    4.07    2.93     14.95   21.64   14.98     30.38    3.65    4.81      7.66   47.72   45.24   192.34   94.05   178.14   74.88   208.23   76.89 
  56   17.29   22.00     33.65    4.44    2.96     22.39    9.09   14.87     34.05    2.40    4.77      7.94   44.97   45.23   191.42  101.69   177.47   82.41   207.50   84.79 
  57   17.29   21.95     32.94    4.87    2.99     19.07   13.01   14.84     34.05    2.40    4.73      7.94   44.57   45.22   189.76  107.41   176.03   87.84   206.21   90.70 
  58   17.29   21.99     32.03    5.43    3.04     16.14   17.85   14.89     34.05    2.40    4.69      8.49   41.75   45.16   189.78  111.15   176.35   91.53   206.36   94.73 
  59   17.29   21.97     35.28    3.74    3.05     15.06   20.08   14.98     34.05    2.40    4.65      8.72   40.66   45.09   188.58  114.14   175.00   94.84   204.80   97.64 
  60   17.29   22.00     33.22    4.62    3.07     13.91   22.45   15.10     34.05    2.40    4.61      8.31   43.55   45.06   185.17  109.48   171.17   90.54   200.88   92.60 
  61   76.69   22.57     35.00    3.70    3.09     18.82   12.69   15.06     30.18    3.74    4.60      8.76   42.12   45.01   183.19  104.21   169.13   85.28   198.90   87.31 
  62   76.69   22.53     33.80    4.29    3.10     18.87   12.28   15.02     30.18    3.74    4.58      9.37   38.42   44.91   187.62   97.70   173.08   79.12   202.90   80.34 
  63   76.69   22.62     35.22    3.69    3.11     16.94   15.25   15.02     30.18    3.74    4.57      9.45   36.72   44.78   192.60   95.20   178.17   76.47   208.13   78.03 
  64   76.69   22.52     33.55    4.58    3.14     15.32   18.10   15.07     30.18    3.74    4.56      9.09   36.29   44.64   197.14   96.03   183.01   77.40   212.66   79.17 
  65   76.69   22.52     33.48    4.63    3.16     14.29   20.53   15.15     30.18    3.74    4.54      9.02   36.50   44.52   195.77   99.10   182.21   80.07   211.70   82.66 
  66   41.00   22.52     33.96    4.39    3.18     21.45    8.98   15.06     30.55    3.55    4.53      9.61   33.74   44.35   194.94  103.15   180.99   84.56   210.41   86.44 
  67   41.00   22.52     34.74    3.97    3.19     19.07   11.91   15.01     30.55    3.55    4.51      9.82   33.74   44.20   190.86  105.58   176.83   87.20   206.04   88.79 
  68   41.00   22.54     35.10    3.71    3.20     16.51   16.22   15.03     30.55    3.55    4.50      9.41   35.76   44.07   183.68  108.50   169.79   89.94   199.02   91.79 
  69   41.00   22.60     34.84    3.72    3.21     15.30   18.63   15.08     30.55    3.55    4.49      9.58   36.00   43.95   177.09  107.84   163.65   89.26   192.58   91.60 
  70   41.00   22.56     34.93    3.59    3.21     15.36   18.66   15.13     30.55    3.55    4.47      9.77   35.28   43.83   172.53  107.26   159.48   88.70   188.10   91.42 
  71  120.23   22.53     38.67    2.21    3.20     21.21    9.54   15.06     26.70    5.50    4.49      9.38   38.41   43.75   164.52  103.47   151.05   85.10   179.80   87.27 
  72  120.23   22.53     36.48    2.76    3.19     20.27   10.47   14.99     26.70    5.50    4.50      9.88   36.25   43.65   159.77   98.19   147.00   79.63   175.46   82.68 
  73  120.23   22.60     34.20    3.51    3.20     20.30   10.39   14.93     26.70    5.50    4.51      9.72   37.12   43.56   156.41   92.81   143.34   74.51   171.81   77.06 
  74  120.23   22.51     35.62    3.00    3.19     19.65   11.11   14.88     26.70    5.50    4.53      9.54   35.76   43.46   160.11   90.83   146.43   72.76   175.11   74.51 
  75  120.23   22.52     34.91    3.30    3.19     18.70   12.44   14.84     26.70    5.50    4.54     10.08   32.77   43.31   162.62   93.21   148.78   75.19   177.56   76.74 
  76   88.90   23.14     34.26    3.57    3.20     23.00    7.57   14.75     33.63    2.46    4.51     10.38   31.58   43.16   160.39   95.08   147.48   76.49   176.05   79.44 
  77   88.90   23.15     36.47    2.79    3.19     23.22    7.47   14.65     33.63    2.46    4.49     10.49   31.35   43.01   161.88   98.67   147.95   80.75   176.77   82.14 
  78   88.90   23.21     32.94    4.21    3.21     21.37    9.24   14.58     33.63    2.46    4.46     10.41   31.66   42.86   160.29  100.55   147.11   82.40   175.39   84.64 
  79   88.90   23.13     37.10    2.60    3.20     22.75    7.91   14.50     33.63    2.46    4.44     10.84   30.78   42.71   161.05  101.24   147.74   83.29   175.94   85.23 
  80   88.90   23.20     36.18    2.86    3.19     21.02    9.66   14.44     33.63    2.46    4.41     10.63   31.42   42.57   157.96  102.49   144.95   84.27   173.42   86.90 
  81   69.44   23.20     34.18    3.57    3.20     26.61    5.10   14.32     30.54    3.49    4.40     10.88   30.95   42.42   155.50  103.16   142.56   84.82   171.01   87.60 
  82   69.44   23.11     36.14    2.79    3.19     22.89    7.89   14.25     30.54    3.49    4.39     11.47   29.90   42.27   152.75  101.05   139.07   83.15   167.38   84.61 
  83   69.44   23.19     36.07    2.82    3.19     22.35    8.34   14.17     30.54    3.49    4.38     10.42   33.48   42.16   155.72   96.77   142.36   78.77   170.65   80.69 
  84   69.44   23.28     36.42    2.75    3.18     21.79    8.96   14.11     30.54    3.49    4.37     10.68   32.17   42.04   159.98   95.01   146.66   77.03   174.91   78.99 
  85   69.44   23.32     33.25    4.02    3.19     20.26   10.66   14.07     30.54    3.49    4.36     10.93   31.28   41.92   162.80   93.49   149.12   75.62   177.61   77.14 
  86   59.73   23.16     33.95    3.92    3.20     24.70    6.44   13.98     35.46    1.98    4.33      8.33   38.43   41.88   172.92   97.31   159.23   79.53   187.41   80.88 
  87   59.73   23.16     35.91    3.22    3.20     21.54    9.42   13.93     35.46    1.98    4.30      9.90   33.86   41.79   176.76  101.34   163.35   83.40   191.46   85.15 
  88   59.73   23.18     35.19    3.58    3.21     18.83   12.96   13.92     35.46    1.98    4.28     10.02   34.13   41.70   182.76  101.09   168.54   83.52   196.95   84.21 
  89   59.73   23.15     32.74    4.90    3.23     16.89   16.14   13.94     35.46    1.98    4.25      9.31   37.55   41.65   188.33   98.65   175.06   80.70   203.02   82.54 
  90   59.73   23.19     33.76    4.42    3.24     15.31   19.76   14.01     35.46    1.98    4.22      9.56   36.98   41.60   193.37   97.33   179.91   79.59   207.86   81.09 
  91  185.95   23.89     34.63    4.03    3.25     23.63    7.72   13.94     35.52    1.96    4.20     11.18   31.47   41.49   196.73   95.81   183.30   78.11   211.14   79.58 
  92  185.95   23.81     33.05    4.89    3.27     20.72   10.82   13.91     35.52    1.96    4.17     11.53   30.93   41.37   197.64   94.85   184.34   77.13   212.13   78.74 
  93  185.95   23.84     32.59    5.18    3.29     19.19   12.96   13.90     35.52    1.96    4.15     11.26   32.30   41.28   198.73   93.84   186.00   75.79   213.62   78.20 
  94  185.95   23.81     33.51    4.61    3.30     18.00   15.03   13.91     35.52    1.96    4.13     11.10   34.96   41.21   198.43   90.28   186.08   72.08   213.51   74.95 
  95  185.95   23.77     34.68    4.02    3.31     17.30   16.57   13.94     35.52    1.96    4.10     10.83   35.30   41.15   200.53   86.47   187.98   68.62   215.26   71.13 
  96  211.88   23.97     34.59    4.07    3.32     22.90    8.77   13.88     26.84    5.32    4.12     11.07   34.62   41.08   200.70   84.59   187.92   66.68   215.44   68.98 
  97  211.88   23.85     33.31    4.68    3.33     19.91   12.55   13.87     26.84    5.32    4.13     10.97   35.66   41.02   199.07   84.97   186.49   67.07   213.92   69.54 
  98  211.88   24.04     34.47    4.11    3.34     19.55   12.95   13.86     26.84    5.32    4.14     10.76   35.34   40.96   199.39   84.82   187.39   67.22   213.96   69.98 
  99  211.88   23.78     34.61    4.13    3.35     18.89   14.16   13.86     26.84    5.32    4.15      9.19   37.95   40.93   201.80   92.89   190.32   74.88   216.82   78.49 
 100  211.88   23.87     34.63    4.12    3.35     19.19   13.72   13.86     26.84    5.32    4.17      8.79   43.88   40.96   199.38   99.07   187.43   81.55   213.83   84.30 
 101  585.96   23.82     33.61    4.60    3.37     19.39   13.44   13.86     21.63    9.72    4.22      9.37   43.54   40.99   195.74  102.93   183.58   85.33   210.31   87.99 
 102  585.96   23.88     33.76    4.45    3.38     18.59   14.68   13.87     21.63    9.72    4.27      9.23   46.32   41.04   190.73  105.56   177.90   88.53   204.66   90.09 
 103  585.96   23.89     33.43    4.48    3.39     17.13   17.14   13.90     21.63    9.72    4.33      9.19   48.89   41.12   184.37  104.78   171.18   88.04   197.94   89.01 
 104  585.96   23.83     39.45    2.17    3.38     15.80   20.84   13.96     21.63    9.72    4.38      9.81   44.59   41.15   181.47  103.16   167.33   87.03   194.23   86.54 
 105  585.96   23.82     36.70    2.94    3.37     15.18   21.33   14.03     21.63    9.72    4.43     10.78   37.04   41.11   179.64   97.59   166.01   81.43   192.62   81.52 
 106 1300.33   23.95     37.82    2.61    3.36     17.96   15.57   14.05     19.99   11.78    4.50     10.47   35.91   41.06   184.53   92.41   169.74   76.96   196.53   75.33 
 107 1300.33   23.88     37.68    2.67    3.36     17.90   15.75   14.06     19.99   11.78    4.57     10.74   35.27   41.01   186.20   92.17   172.02   75.98   199.01   75.50 
 108 1300.33   23.86     36.28    3.17    3.36     15.19   21.01   14.13     19.99   11.78    4.63     10.04   37.06   40.97   187.27   93.57   172.47   77.81   199.50   76.36 
 109 1300.33   23.84     37.03    2.91    3.35     14.13   23.76   14.22     19.99   11.78    4.70      9.77   37.86   40.94   187.86   96.97   172.92   81.96   199.45   79.82 
 110 1300.33   23.86     33.92    4.21    3.36     13.42   25.55   14.32     19.99   11.78    4.76      9.61   38.72   40.92   188.11   99.77   173.88   84.25   200.28   83.17 
 111  255.63   24.63     31.97    5.31    3.38     18.17   14.85   14.32     27.45    5.00    4.77     10.86   34.60   40.87   189.32  101.50   174.60   86.57   200.97   84.64 
 112  255.63   24.48     32.10    5.22    3.39     15.54   20.27   14.38     27.45    5.00    4.77     10.57   35.92   40.82   188.91  102.61   174.44   87.46   200.82   85.97 
 113  255.63   24.51     31.91    5.39    3.41     13.88   24.74   14.47     27.45    5.00    4.77      9.95   38.46   40.80   190.28  105.13   175.49   90.65   201.36   88.18 
 114  255.63   24.46     31.99    5.36    3.43     13.24   26.60   14.58     27.45    5.00    4.77      9.99   38.61   40.78   190.85  106.59   176.36   92.12   201.96   89.93 
 115  255.63   24.50     32.82    4.91    3.44     12.94   27.45   14.69     27.45    5.00    4.77     10.10   38.78   40.76   192.77  106.84   178.11   92.70   203.52   90.07 
 116  770.36   24.52     33.44    4.57    3.45     16.69   17.61   14.71     21.92    9.46    4.82     10.58   37.70   40.74   195.07  103.03   180.76   88.06   206.80   86.53 
 117  770.36   24.53     33.39    4.54    3.46     15.59   19.68   14.76     21.92    9.46    4.85     11.26   34.22   40.68   192.43   98.98   178.58   83.76   204.50   82.90 
 118  770.36   24.62     32.90    4.85    3.47     15.47   20.08   14.80     21.92    9.46    4.89     10.54   35.75   40.64   195.89   98.96   182.30   83.65   208.14   83.13 
 119  770.36   24.53     36.34    3.33    3.47     15.07   21.14   14.85     21.92    9.46    4.93      9.30   38.92   40.63   198.46  103.48   185.42   88.61   210.33   88.16 
 120  770.36   24.56     35.64    3.62    3.47     14.53   22.03   14.91     21.92    9.46    4.97      9.36   37.76   40.60   197.69  106.99   184.40   92.58   209.02   91.49 
 121  233.25   24.50     35.53    3.66    3.47     19.12   12.78   14.90     22.38    8.98    5.00     10.23   34.76   40.55   194.75  109.45   181.89   94.83   206.37   94.32 
 122  233.25   24.59     36.16    3.36    3.47     20.79   10.66   14.86     22.38    8.98    5.04     10.48   34.61   40.51   190.62  111.63   178.03   96.96   202.40   96.76 
 123  233.25   24.66     37.92    2.70    3.47     20.43   11.21   14.83     22.38    8.98    5.07     10.81   34.29   40.45   186.75  112.48   173.97   98.08   198.14   97.43 
 124  233.25   24.48     36.13    3.28    3.47     18.62   13.86   14.82     22.38    8.98    5.10     11.01   34.01   40.40   184.82  111.49   172.15   97.47   195.92   96.65 
 125  233.25   24.54     35.36    3.56    3.47     19.24   13.00   14.81     22.38    8.98    5.13     11.15   33.52   40.35   184.15  110.61   171.79   96.19   195.65   95.96 
 126  164.73   24.52     33.56    4.28    3.47     21.21   10.23   14.77     23.27    8.10    5.15     10.91   34.41   40.30   181.63  107.61   169.08   93.36   192.91   92.80 
 127  164.73   24.55     32.47    4.75    3.48     19.64   12.12   14.75     23.27    8.10    5.18     10.88   34.19   40.25   177.94  104.93   165.50   90.81   189.14   90.24 
 128  164.73   24.53     30.67    5.67    3.50     16.43   17.51   14.77     23.27    8.10    5.20     10.64   35.32   40.21   171.94  102.13   159.58   87.93   183.28   87.52 
 129  164.73   24.52     31.08    5.34    3.51     15.59   19.04   14.81     23.27    8.10    5.22     10.92   33.81   40.16   169.88  100.24   157.36   86.17   180.96   85.51 
 130  164.73   24.55     29.56    6.19    3.53     15.45   19.52   14.84     23.27    8.10    5.24     11.35   33.46   40.11   167.51   96.80   154.49   82.87   178.41   81.61 
 131  108.72   24.53     28.74    6.64    3.56     18.54   13.76   14.83     25.86    6.01    5.25     11.46   33.37   40.06   167.91   90.63   154.73   77.00   178.64   75.43 
 132  108.72   24.55     29.54    6.01    3.58     18.46   13.56   14.83     25.86    6.01    5.26     11.98   29.59   39.98   164.62   88.42   150.43   75.43   174.62   72.41 
 133  108.72   24.53     31.43    4.84    3.59     18.81   13.61   14.82     25.86    6.01    5.26     10.43   33.87   39.94   162.73   94.93   149.22   81.14   173.45   79.30 
 134  108.72   24.51     28.94    6.46    3.61     17.87   15.11   14.82     25.86    6.01    5.27     11.41   31.31   39.87   162.50   95.74   148.43   82.54   172.62   79.75 
 135  108.72   24.53     29.45    6.08    3.63     17.12   16.58   14.83     25.86    6.01    5.27     11.70   31.15   39.81   162.85   96.20   148.44   83.29   172.53   79.86 
 136   85.87   24.50     30.36    5.51    3.64     21.56   10.09   14.80     29.44    3.98    5.26     11.06   32.89   39.76   160.48   99.53   145.90   86.65   170.06   83.01 
 137   85.87   24.55     28.54    6.76    3.66     18.65   14.59   14.79     29.44    3.98    5.25     11.13   33.71   39.71   159.30  102.06   145.94   88.69   169.58   86.63 
 138   85.87   24.56     29.81    5.85    3.68     16.87   17.96   14.82     29.44    3.98    5.24     11.18   34.51   39.67   157.44  103.02   143.26   89.91   167.36   86.85 
 139   85.87   24.54     29.49    6.00    3.70     16.66   18.58   14.84     29.44    3.98    5.24     11.23   35.12   39.64   155.94  102.67   142.71   88.97   166.61   87.34 
 140   85.87   24.56     27.59    7.54    3.72     15.90   20.55   14.89     29.44    3.98    5.23     11.25   35.26   39.61   158.94  101.47   146.11   87.41   170.04   86.46 
 141   90.05   24.68     28.16    7.24    3.75     18.81   14.94   14.89     28.08    4.66    5.22     10.52   37.80   39.60   165.40  102.66   152.91   88.29   176.87   87.92 
 142   90.05   24.59     28.96    6.83    3.77     18.80   14.92   14.89     28.08    4.66    5.22     10.31   38.91   39.59   171.36  102.77   158.21   88.74   182.37   87.46 
 143   90.05   24.70     30.28    6.06    3.79     17.42   17.55   14.90     28.08    4.66    5.21     10.31   38.97   39.59   177.54  102.65   165.03   88.33   189.01   87.91 
 144   90.05   24.57     30.65    5.95    3.80     16.40   20.01   14.94     28.08    4.66    5.21     10.29   39.82   39.59   183.23  102.82   170.96   88.57   194.71   88.34 
 145   90.05   24.59     29.77    6.67    3.82     15.26   22.74   14.99     28.08    4.66    5.21     10.22   40.99   39.60   186.49  101.31   173.83   87.73   197.25   86.56 
 146   83.39   24.65     29.85    6.66    3.84     20.89   12.00   14.97     27.63    4.93    5.21     10.48   39.87   39.60   187.57  103.55   175.25   89.39   198.89   89.01 
 147   83.39   24.59     30.34    6.32    3.86     20.35   12.71   14.96     27.63    4.93    5.20     10.41   40.28   39.61   186.09  105.16   173.52   91.37   197.12   90.47 
 148   83.39   24.63     28.93    7.42    3.88     18.12   16.42   14.97     27.63    4.93    5.20     10.80   39.37   39.60   187.10  104.11   174.56   90.36   198.10   89.47 
 149   83.39   24.58     31.71    5.44    3.89     16.79   19.27   15.00     27.63    4.93    5.20     10.23   43.20   39.63   189.61  101.96   177.48   88.05   200.71   87.64 
 150   83.39   24.61     31.90    5.29    3.90     16.06   21.23   15.04     27.63    4.93    5.20     10.61   40.96   39.64   189.08  102.11   176.89   88.23   200.25   87.79 
 151   87.40   24.54     31.95    5.23    3.91     20.87   12.30   15.02     27.28    5.16    5.20     10.76   40.65   39.64   187.84  101.86   175.44   88.06   198.91   87.34 
 152   87.40   24.58     28.38    7.63    3.93     15.92   22.35   15.07     27.28    5.16    5.20     10.61   45.64   39.68   182.00   99.08   170.29   85.23   193.24   85.22 
 153   87.40   24.57     29.71    6.32    3.95     14.48   26.66   15.14     27.28    5.16    5.20     10.11   47.75   39.74   174.80   96.66   162.50   83.52   185.14   82.39 
 154   87.40   24.65     25.28   10.47    3.99     12.08   34.29   15.27     27.28    5.16    5.20      9.85   46.86   39.78   178.19   96.02   166.32   82.68   188.85   82.14 
 155   87.40   24.55     23.75   12.39    4.05     11.05   38.66   15.42     27.28    5.16    5.20      9.31   47.20   39.83   177.27   99.32   164.76   86.86   186.94   84.98 
 156   84.33   24.56     24.11   11.85    4.10     16.59   21.27   15.46     29.13    4.19    5.19     10.11   43.58   39.85   174.88  102.21   162.55   89.41   184.87   87.96 
 157   84.33   24.55     23.99   11.98    4.15     13.55   30.20   15.55     29.13    4.19    5.18      9.81   46.03   39.89   173.35  103.09   160.95   90.99   182.69   88.96 
 158   84.33   24.56     23.55   12.65    4.20     12.46   34.73   15.67     29.13    4.19    5.18      9.84   47.35   39.94   172.76  104.00   160.52   91.82   182.15   89.97 
 159   84.33   24.55     23.26   13.33    4.26     11.84   38.47   15.82     29.13    4.19    5.17      9.15   56.03   40.04   177.71  106.42   166.07   93.77   187.69   92.84 
 160   84.33   24.71     22.98   13.93    4.32     11.45   40.14   15.97     29.13    4.19    5.17      9.01   56.25   40.14   178.97  106.39   167.86   93.69   189.10   93.31 
 161   80.95   24.53     23.17   13.79    4.38     25.12    8.35   15.92     28.26    4.67    5.16     10.30   47.71   40.19   181.11  107.15   170.01   94.52   191.13   94.09 
 162   80.95   24.51     23.55   13.30    4.43     21.51   12.68   15.90     28.26    4.67    5.16     10.13   48.02   40.24   182.20  108.77   171.15   96.12   192.23   95.74 
 163   80.95   24.58     24.09   12.64    4.48     20.59   13.81   15.89     28.26    4.67    5.16     10.38   48.25   40.29   184.20  108.95   173.43   96.43   194.18   96.22 
 164   80.95   24.54     24.16   12.48    4.53     18.53   17.33   15.90     28.26    4.67    5.15     10.71   44.09   40.31   182.75  107.75   172.22   95.27   192.75   95.24 
 165   80.95   24.53     24.53   12.03    4.58     16.74   21.22   15.93     28.26    4.67    5.15     10.51   45.59   40.34   183.52  108.16   172.70   95.80   193.34   95.46 
 166   85.16   24.44     24.81   11.61    4.62     21.73   11.71   15.90     28.31    4.68    5.15     10.70   42.74   40.36   182.23  107.67   171.55   95.30   192.06   95.02 
 167   85.16   24.53     24.75   11.27    4.66     13.65   28.38   15.98     28.31    4.68    5.14      9.19   44.83   40.38   174.59  106.70   163.98   94.16   184.61   94.07 
 168   85.16   24.19     25.40   10.14    4.69     11.65   35.65   16.10     28.31    4.68    5.14      9.23   44.28   40.41   166.30  102.87   156.07   90.19   176.58   90.62 
 169   85.16   24.19     21.87   14.93    4.75      9.60   37.90   16.22     28.31    4.68    5.14      8.78   44.80   40.43   167.22  100.32   157.32   87.41   177.74   88.32 
 170   85.16   24.54     21.73   15.06    4.81      9.44   38.15   16.35     28.31    4.68    5.14      8.12   45.85   40.47   164.70   99.06   154.59   86.73   174.73   87.03 
 171   89.47   24.25     21.09   15.84    4.88     19.24   12.43   16.33     27.16    5.35    5.14      9.30   39.53   40.46   161.89   98.05   151.78   85.38   172.12   85.87 
 172   89.47   24.27     20.63   16.74    4.95     16.79   16.72   16.33     27.16    5.35    5.14      9.23   40.37   40.46   161.89   97.72   151.83   84.98   172.23   85.59 
 173   89.47   24.16     21.22   15.53    5.01     15.51   19.77   16.35     27.16    5.35    5.14      9.24   40.85   40.46   160.29   96.40   150.19   83.85   170.41   84.24 
 174   89.47   24.37     20.90   16.11    5.07     13.67   25.01   16.40     27.16    5.35    5.14      8.79   44.59   40.49   161.37   96.77   151.47   83.92   171.83   84.75 
 175   89.47   24.16     20.47   16.89    5.14     12.98   27.49   16.47     27.16    5.35    5.14      9.16   42.98   40.50   162.52   94.15   152.26   81.27   172.92   81.78 
 176   82.37   24.60     20.65   16.71    5.20     19.30   13.36   16.45     28.00    4.85    5.14      9.78   40.46   40.50   165.33   92.20   155.14   79.41   175.56   79.88 
 177   82.37   24.19     20.53   17.06    5.27     16.92   17.43   16.45     28.00    4.85    5.14      9.71   40.97   40.50   168.11   90.88   158.21   78.16   178.36   78.82 
 178   82.37   24.50     20.62   17.03    5.34     15.60   20.33   16.48     28.00    4.85    5.14      9.37   42.56   40.51   170.33   91.04   160.15   77.84   180.94   78.60 
 179   82.37   24.18     21.20   16.22    5.40     13.36   26.21   16.53     28.00    4.85    5.14      9.31   42.83   40.53   172.22   90.41   162.09   77.36   182.69   78.06 
 180   82.37   24.50     21.00   16.62    5.46     12.24   30.07   16.60     28.00    4.85    5.13      9.08   43.53   40.54   173.70   90.39   163.63   76.70   184.78   77.96 
 181   94.68   24.18     21.09   16.43    5.52     19.15   13.32   16.59     28.53    4.56    5.13      9.07   43.65   40.56   173.19   91.42   163.16   77.95   184.09   79.05 
 182   94.68   24.44     20.82   16.70    5.58     17.84   15.50   16.58     28.53    4.56    5.13      8.32   47.60   40.60   170.16   91.41   160.19   77.62   181.37   79.02 
 183   94.68   24.14     20.72   16.76    5.64     14.58   22.34   16.61     28.53    4.56    5.12      8.85   43.75   40.62   169.36   89.51   159.59   75.61   180.71   77.27 
 184   94.68   24.43     20.41   17.33    5.71     12.81   26.46   16.67     28.53    4.56    5.12      8.68   43.74   40.63   170.87   88.69   161.15   74.77   182.24   76.52 
 185   94.68   24.12     20.80   16.62    5.77     12.79   27.03   16.72     28.53    4.56    5.12      8.74   43.32   40.65   170.52   87.06   160.98   72.71   182.35   74.95 
 186   86.52   24.20     20.38   17.37    5.83     19.38   12.52   16.70     28.19    4.74    5.12      9.23   40.88   40.65   172.01   86.97   162.65   72.57   183.93   75.02 
 187   86.52   24.39     20.44   17.41    5.89     16.92   17.28   16.70     28.19    4.74    5.11      9.23   41.26   40.65   173.30   85.52   163.61   70.93   185.35   73.24 
 188   86.52   24.25     20.40   17.45    5.95     14.76   22.88   16.74     28.19    4.74    5.11      9.31   42.47   40.66   172.99   84.05   163.68   69.28   185.29   72.11 
 189   86.52   24.26     20.65   17.19    6.01     13.60   26.17   16.78     28.19    4.74    5.11      9.50   41.08   40.66   176.28   82.71   168.09   67.55   189.11   71.70 
 190   86.52   24.51     20.54   17.50    6.07     12.25   30.28   16.86     28.19    4.74    5.11      9.53   41.68   40.67   177.48   80.46   169.50   65.84   189.86   69.78 
 191   86.05   24.24     20.57   17.54    6.13     19.17   13.81   16.84     26.10    6.04    5.11     10.84   35.98   40.65   178.11   78.62   170.71   63.71   190.90   68.46 
 192   86.05   24.10     20.74   16.60    6.19     15.36   21.17   16.86     26.10    6.04    5.12      9.66   42.34   40.65   173.20   77.37   165.06   61.88   186.33   66.29 
 193   86.05   23.85     20.48   17.01    6.24     14.86   21.43   16.89     26.10    6.04    5.12      9.73   40.30   40.65   172.01   75.24   164.55   60.37   184.78   65.08 
 194   86.05   23.95     20.56   16.80    6.30     14.83   22.00   16.91     26.10    6.04    5.13      9.62   42.03   40.66   171.06   77.82   162.92   62.28   184.24   66.70 
 195   86.05   24.04     20.54   16.56    6.35     13.81   24.30   16.95     26.10    6.04    5.13      9.33   43.91   40.68   166.95   78.54   158.62   63.12   179.94   67.25 
 196   96.31   24.22     19.74   18.13    6.41     20.38   11.40   16.92     26.25    5.93    5.14      9.77   40.66   40.68   166.41   80.34   158.28   64.83   179.53   69.24 
 197   96.31   24.41     19.49   18.32    6.47     17.21   16.27   16.92     26.25    5.93    5.14      9.83   39.98   40.67   162.38   78.35   154.15   62.56   175.74   67.08 
 198   96.31   24.41     19.00   19.61    6.54     16.61   17.37   16.92     26.25    5.93    5.14      9.31   40.03   40.67   165.28   79.40   157.16   63.51   178.77   68.17 
 199   96.31   24.39     19.30   19.09    6.60     13.85   23.58   16.95     26.25    5.93    5.15      9.65   38.45   40.66   165.51   76.14   157.80   59.99   179.34   65.22 
 200   96.31   24.45     18.97   20.34    6.67     12.12   28.29   17.01     26.25    5.93    5.15      8.54   40.13   40.66   173.20   74.23   164.93   58.43   186.59   62.86 
 201   90.20   23.98     19.42   19.52    6.73     18.78   12.82   16.99     26.46    5.78    5.16      9.24   37.77   40.64   177.43   70.51   169.77   54.32   191.30   59.63 
 202   90.20   24.13     18.96   20.79    6.80     15.25   18.86   17.00     26.46    5.78    5.16      8.81   38.07   40.63   181.22   67.02   173.31   50.61   195.28   55.97 
 203   90.20   24.23     19.32   20.49    6.87     13.65   22.21   17.03     26.46    5.78    5.16      7.84   40.56   40.63   186.82   67.86   179.54   51.33   201.12   57.35 
 204   90.20   23.97     19.80   19.94    6.93     13.11   23.60   17.06     26.46    5.78    5.17      7.64   41.48   40.63   191.52   70.93   184.17   53.81   206.31   60.10 
 205   90.20   24.24     35.52    3.30    6.92     12.91   24.26   17.09     26.46    5.78    5.17      8.22   40.62   40.63   180.61   84.08   171.69   68.58   193.54   72.15 
 206   96.93   24.01     36.27    3.10    6.90     23.45    7.21   17.04     25.36    6.55    5.17      9.61   34.68   40.60   185.32   85.05   176.58   69.42   198.39   73.25 
 207   96.93   24.02     33.60    4.26    6.88     21.44    9.16   17.01     25.36    6.55    5.18     10.61   31.81   40.56   187.00   83.57   178.76   67.94   200.25   72.28 
 208   96.93   24.00     34.39    3.85    6.87     19.65   11.24   16.98     25.36    6.55    5.19     11.20   31.09   40.51   187.40   79.77   179.15   64.03   200.71   68.43 
 209   96.93   24.34     35.32    3.44    6.85     21.19    9.24   16.94     25.36    6.55    5.19     11.21   31.21   40.47   188.65   75.62   179.70   60.24   201.49   63.68 
 210   96.93   24.26     35.34    3.48    6.84     21.34    9.17   16.90     25.36    6.55    5.20     11.00   31.40   40.43   191.51   74.42   182.99   59.10   204.38   62.91 
 211   98.55   24.11     36.37    3.15    6.82     23.99    6.75   16.86     26.55    5.69    5.20     10.82   30.79   40.38   194.66   74.64   186.67   59.19   207.74   63.60 
 212   98.55   24.16     35.89    3.31    6.80     24.16    6.63   16.81     26.55    5.69    5.21     10.26   30.89   40.34   192.32   77.91   184.53   62.31   205.57   67.00 
 213   98.55   24.10     36.65    3.06    6.79     21.98    8.73   16.77     26.55    5.69    5.21      9.80   31.93   40.30   191.15   85.03   182.89   69.62   204.15   73.72 
 214   98.55   24.11     36.74    3.00    6.77     22.93    7.70   16.73     26.55    5.69    5.21      9.90   31.89   40.26   188.55   89.01   180.10   73.72   201.33   77.53 
 215   98.55   24.13     35.03    3.56    6.75     20.57   10.22   16.70     26.55    5.69    5.21      9.25   34.38   40.23   181.54   92.65   173.68   77.46   194.43   81.81 
 216  101.25   24.09     34.85    3.55    6.74     20.21   10.39   16.67     26.92    5.45    5.21      9.28   33.92   40.20   174.25   93.08   166.44   77.66   187.37   82.23 
 217  101.25   24.14     34.86    3.44    6.72     19.70   11.16   16.64     26.92    5.45    5.21     10.01   32.91   40.17   167.45   94.12   159.60   78.92   180.41   83.34 
 218  101.25   24.08     33.77    3.74    6.71     16.62   16.00   16.64     26.92    5.45    5.22     10.00   36.15   40.15   158.04   92.28   149.88   76.67   171.24   81.02 
 219  101.25   24.36     35.66    3.01    6.69     16.70   16.01   16.64     26.92    5.45    5.22     11.18   29.88   40.10   158.86   93.48   150.63   77.88   172.05   82.15 
 220  101.25   24.11     32.61    4.21    6.68     15.83   17.67   16.64     26.92    5.45    5.22     11.66   31.00   40.06   155.63   90.72   148.15   74.84   169.19   80.01 
 221  112.28   24.04     34.57    3.32    6.67     21.42    9.53   16.61     26.24    5.87    5.22     11.59   31.70   40.02   154.95   87.05   146.79   71.30   168.24   75.67 
 222  112.28   24.20     34.36    3.44    6.65     21.42    9.52   16.58     26.24    5.87    5.22     11.08   30.17   39.98   157.49   87.99   149.91   72.07   171.05   77.18 
 223  112.28   24.11     32.84    4.17    6.64     21.21    9.82   16.55     26.24    5.87    5.23     11.24   29.86   39.93   159.83   89.57   152.05   73.37   173.66   78.53 
 224  112.28   24.00     32.33    4.53    6.63     20.00   11.45   16.53     26.24    5.87    5.23     11.03   30.97   39.89   162.61   90.60   154.97   74.31   176.49   79.51 
 225  112.28   24.13     30.97    5.41    6.63     18.15   13.97   16.51     26.24    5.87    5.23     10.76   31.39   39.86   166.49   91.93   159.29   75.43   180.73   81.40 
 226  110.34   23.96     30.87    5.58    6.62     22.30    8.96   16.48     26.55    5.66    5.23     11.08   30.76   39.82   168.81   95.82   160.99   78.98   183.19   84.49 
 227  110.34   24.04     31.31    5.42    6.62     20.23   11.60   16.46     26.55    5.66    5.24     11.02   31.44   39.78   171.49   99.21   163.21   82.66   185.60   87.70 
 228  110.34   24.06     29.44    6.95    6.62     20.33   11.38   16.44     26.55    5.66    5.24     10.71   32.66   39.75   175.51  102.51   167.79   85.56   189.98   91.25 
 229  110.34   23.84     31.80    5.35    6.61     19.20   13.10   16.42     26.55    5.66    5.24     11.19   32.13   39.71   179.16  104.14   172.01   87.02   193.97   93.50 
 230  110.34   23.96     31.37    5.64    6.61     18.15   14.62   16.41     26.55    5.66    5.24     11.75   31.28   39.68   180.50  101.71   173.34   84.37   195.46   90.87 
 231   98.59   23.93     30.45    6.40    6.61     15.40   20.25   16.43     25.87    6.12    5.25     10.27   37.73   39.67   188.66   95.05   181.16   77.94   203.31   83.91 
 232   98.59   23.72     29.66    6.96    6.61     14.94   21.51   16.45     25.87    6.12    5.25     11.46   32.26   39.64   187.34   93.43   180.19   75.91   202.46   82.53 
 233   98.59   23.80     30.01    6.53    6.61     14.64   22.29   16.48     25.87    6.12    5.25     10.85   37.47   39.63   185.24   86.03   177.61   68.85   199.92   74.73 
 234   98.59   23.63     29.54    6.79    6.61     14.49   22.80   16.50     25.87    6.12    5.26     11.21   34.70   39.61   183.85   81.43   176.08   64.15   198.66   70.04 
 235   98.59   23.91     28.76    7.37    6.61     14.53   22.54   16.53     25.87    6.12    5.26     11.36   34.00   39.58   183.91   76.04   175.62   59.05   198.23   64.18 
 236  107.57   23.83     28.31    7.53    6.62     21.76    9.95   16.50     26.03    6.01    5.26     11.06   35.63   39.57   179.31   71.45   172.07   53.77   194.47   60.34 
 237  107.57   23.93     29.00    6.91    6.62     20.31   11.91   16.48     26.03    6.01    5.27     11.44   31.92   39.53   177.32   73.53   170.05   55.97   192.36   62.43 
 238  107.57   24.10     30.52    5.69    6.61     18.96   13.94   16.47     26.03    6.01    5.27     10.37   34.59   39.51   173.13   77.82   165.84   60.34   188.11   66.75 
 239  107.57   23.88     29.93    5.97    6.61     17.24   17.28   16.48     26.03    6.01    5.27     10.16   35.97   39.50   167.66   80.27   160.22   62.95   182.42   69.07 
 240  107.57   24.00     30.15    5.72    6.61     16.58   18.73   16.49     26.03    6.01    5.28     10.64   35.87   39.48   164.43   79.44   156.42   62.29   178.89   67.74 
 241  108.90   23.78     29.53    6.14    6.60     22.02   10.10   16.46     25.18    6.63    5.28     10.89   36.01   39.47   164.21   80.44   156.00   63.14   178.81   68.55 
 242  108.90   23.76     29.85    5.91    6.60     19.37   13.58   16.45     25.18    6.63    5.29     10.81   36.53   39.46   164.09   79.56   156.10   63.10   177.92   68.05 
 243  108.90   23.84     30.22    5.65    6.60     19.25   13.97   16.44     25.18    6.63    5.29     10.79   35.92   39.44   162.38   81.49   154.37   65.05   176.25   70.06 
 244  108.90   23.66     30.85    5.21    6.59     17.31   17.62   16.44     25.18    6.63    5.30     10.60   37.23   39.43   160.51   81.95   152.84   65.49   174.43   70.73 
 245  108.90   23.87     32.60    4.20    6.58     15.81   20.92   16.46     25.18    6.63    5.30     10.65   38.13   39.43   159.88   81.00   151.44   65.15   173.01   69.20 
 246  114.25   23.89     31.44    4.82    6.57     23.55    8.55   16.43     25.10    6.70    5.31     10.69   38.16   39.42   161.39   78.54   153.31   62.65   174.66   67.09 
 247  114.25   23.74     30.62    5.36    6.57     19.10   14.11   16.42     25.10    6.70    5.32     10.43   37.41   39.41   164.23   79.18   155.99   63.13   177.56   67.51 
 248  114.25   23.86     33.49    3.91    6.56     21.67   10.56   16.39     25.10    6.70    5.32     10.22   36.95   39.40   165.40   83.18   157.28   67.52   178.50   71.80 
 249  114.25   23.74     31.40    5.07    6.55     20.42   12.09   16.38     25.10    6.70    5.33     10.21   36.38   39.39   167.22   87.36   159.34   71.70   180.35   76.19 
 250  114.25   23.96     32.59    4.49    6.55     19.59   13.16   16.36     25.10    6.70    5.33     10.06   36.72   39.38   167.58   92.15   159.15   77.01   180.13   80.62 
 251  130.44   23.48     32.68    4.47    6.54     20.68   11.57   16.35     26.39    5.78    5.33     10.50   35.22   39.36   166.26   95.97   157.57   80.38   179.16   84.08 
 252  130.44   23.46     34.30    3.75    6.53     19.74   12.86   16.33     26.39    5.78    5.34     10.45   35.40   39.35   168.16   99.12   159.52   83.88   180.80   87.35 
 253  130.44   23.57     34.51    3.60    6.51     18.70   14.55   16.32     26.39    5.78    5.34     10.94   35.62   39.33   165.21   98.38   156.74   82.72   178.27   86.68 
 254  130.44   23.45     32.39    4.58    6.51     17.60   16.25   16.32     26.39    5.78    5.34     10.65   38.73   39.33   166.13   91.44   158.19   76.01   179.12   80.38 
 255  130.44   23.59     32.42    4.52    6.50     16.09   19.11   16.33     26.39    5.78    5.34     10.29   40.41   39.34   169.29   83.19   161.29   67.62   182.42   72.05 
 256  120.06   24.03     32.59    4.46    6.49     18.61   13.83   16.33     25.15    6.68    5.35     10.20   38.71   39.33   173.84   77.18   165.84   61.75   186.85   66.08 
 257  120.06   23.66     32.58    4.53    6.48     18.73   13.85   16.32     25.15    6.68    5.35     10.97   32.24   39.31   175.91   80.83   167.80   65.71   188.60   69.68 
 258  120.06   23.82     33.67    4.07    6.47     18.22   14.64   16.31     25.15    6.68    5.36     10.76   32.11   39.28   178.08   85.29   170.00   69.79   191.15   74.12 
 259  120.06   23.68     36.37    3.02    6.46     16.50   17.75   16.31     25.15    6.68    5.36     10.52   32.27   39.25   177.85   90.39   169.70   74.99   190.82   79.18 
 260  120.06   23.83     36.34    3.03    6.45     15.66   19.33   16.33     25.15    6.68    5.37     11.12   31.54   39.22   176.08   92.62   168.76   76.99   189.44   82.12 
 261  118.20   23.59     34.45    3.76    6.44     20.21   11.37   16.31     25.11    6.70    5.37     11.25   30.63   39.19   174.70   94.43   166.96   79.22   187.54   83.61 
 262  118.20   23.61     35.23    3.43    6.43     19.18   12.74   16.29     25.11    6.70    5.38     11.51   29.86   39.15   173.44   95.83   165.82   79.98   187.02   85.06 
 263  118.20   23.74     35.82    3.20    6.41     15.40   19.00   16.30     25.11    6.70    5.38     11.25   30.36   39.12   173.40   95.61   166.04   79.62   187.18   85.07 
 264  118.20   23.30     33.00    4.40    6.41     16.05   17.33   16.31     25.11    6.70    5.39     11.59   29.52   39.08   175.18   93.79   167.58   78.24   188.43   83.04 
 265  118.20   23.58     32.43    4.73    6.40     15.64   17.65   16.31     25.11    6.70    5.39     11.28   29.14   39.05   176.72   93.01   169.38   77.38   190.18   82.67 
 266  120.29   23.35     33.52    4.17    6.39     21.34    9.05   16.29     25.51    6.40    5.40     11.15   28.65   39.01   176.90   93.39   169.52   77.75   190.35   82.99 
 267  120.29   23.52     33.19    4.24    6.38     19.26   11.35   16.27     25.51    6.40    5.40     10.49   30.69   38.98   171.27   91.60   163.61   76.16   184.42   80.89 
 268  120.29   23.48     37.05    2.67    6.37     17.38   13.99   16.26     25.51    6.40    5.40      9.67   32.39   38.95   166.70   92.72   158.80   77.44   179.65   81.89 
 269  120.29   23.48     39.26    2.04    6.35     16.15   15.89   16.26     25.51    6.40    5.41      9.93   31.20   38.92   164.39   93.78   156.21   78.46   177.32   82.67 
 270  120.29   23.39     35.36    3.12    6.34     15.99   16.07   16.26     25.51    6.40    5.41     10.01   30.80   38.89   159.55   93.27   151.73   77.87   172.62   82.48 
 271  120.10   23.38     35.83    2.86    6.33     22.37    7.60   16.22     24.64    7.05    5.42      9.43   32.39   38.87   153.21   91.88   145.35   76.60   166.17   81.08 
 272  120.10   23.52     36.42    2.61    6.31     21.29    8.52   16.20     24.64    7.05    5.42      9.82   31.15   38.84   148.88   90.82   141.07   75.60   161.82   80.09 
 273  120.10   23.45     35.74    2.74    6.30     18.92   11.09   16.18     24.64    7.05    5.43      9.50   31.50   38.81   143.37   90.24   135.18   75.48   155.81   79.23 
 274  120.10   23.55     34.51    3.08    6.29     17.51   12.95   16.17     24.64    7.05    5.43      9.46   31.67   38.79   140.36   90.01   131.81   75.73   152.27   78.75 
 275  120.10   23.40     37.70    2.16    6.27     17.29   13.19   16.15     24.64    7.05    5.44     10.11   29.41   38.75   143.54   89.67   135.06   74.94   155.81   78.39 
 276  123.81   23.50     31.26    4.55    6.27     20.26    9.33   16.13     24.90    6.82    5.44     10.67   28.17   38.71   144.54   86.78   135.89   72.17   156.64   75.38 
 277  123.81   23.39     36.65    2.43    6.25     19.31   10.28   16.11     24.90    6.82    5.45     10.47   29.09   38.68   146.86   82.46   138.42   67.64   159.32   71.21 
 278  123.81   23.84     36.47    2.54    6.24     18.51   11.31   16.09     24.90    6.82    5.45     10.19   28.56   38.64   151.20   83.86   141.99   69.14   163.37   71.89 
 279  123.81   23.36     36.21    2.70    6.23     17.54   12.45   16.08     24.90    6.82    5.46      9.23   30.28   38.61   154.49   87.62   144.78   73.18   166.31   75.21 
 280  123.81   23.47     35.53    2.99    6.22     17.03   13.29   16.07     24.90    6.82    5.46      8.91   30.89   38.59   156.88   94.45   147.50   80.20   168.53   82.42 
 281  123.19   23.73     36.33    2.82    6.20     20.20    9.05   16.04     24.34    7.25    5.47      9.37   29.16   38.55   160.62   98.73   151.15   84.48   172.28   86.65 
 282  123.19   23.51     36.17    2.98    6.19     18.58   10.81   16.03     24.34    7.25    5.48      9.92   28.02   38.51   165.91  100.33   157.03   85.51   178.26   88.62 
 283  123.19   23.41     36.23    3.02    6.18     18.82   10.28   16.00     24.34    7.25    5.48      9.53   29.49   38.48   173.52   97.41   165.14   82.69   185.89   86.27 
 284  123.19   23.46     38.63    2.33    6.17     17.93   11.12   15.99     24.34    7.25    5.49      9.83   28.64   38.45   177.68   92.90   169.21   78.43   189.79   81.70 
 285  123.19   23.49     34.05    3.94    6.16     12.49   19.37   16.00     24.34    7.25    5.50      9.38   28.92   38.41   182.77   88.59   174.33   72.90   196.10   77.13 
 286  123.72   23.45     40.06    1.99    6.15     11.76   20.47   16.02     24.67    6.96    5.50      9.09   28.09   38.38   181.89   86.62   173.21   70.89   195.19   74.89 
 287  123.72   23.52     40.59    1.89    6.13     11.61   20.57   16.03     24.67    6.96    5.51      8.72   29.06   38.35   185.09   83.41   175.52   68.79   197.12   71.18 
 288  123.72   23.53     37.51    2.71    6.12     11.53   20.77   16.05     24.67    6.96    5.51      8.74   28.15   38.31   186.26   83.34   177.68   67.80   199.40   71.76 
 289  123.72   23.59     39.77    2.10    6.11     11.74   20.13   16.06     24.67    6.96    5.52      8.60   28.06   38.28   188.98   82.81   179.12   68.42   200.68   70.25 
 290  123.72   23.50     40.28    1.98    6.09     11.93   19.88   16.07     24.67    6.96    5.52      8.77   27.52   38.24   187.80   85.34   177.62   70.95   199.55   72.51 
 291  127.84   23.64     39.84    2.08    6.08     20.44    7.41   16.05     24.94    6.71    5.53     10.03   23.44   38.19   186.85   86.80   177.06   72.15   198.80   74.25 
 292  127.84   23.57     40.04    2.04    6.06     19.36    8.39   16.02     24.94    6.71    5.53     10.62   22.20   38.13   186.75   88.73   177.11   73.71   199.08   76.21 
 293  127.84   23.49     38.12    2.51    6.05     19.10    8.81   15.99     24.94    6.71    5.53     10.58   22.92   38.08   182.96   91.59   173.15   77.04   194.82   79.04 
 294  127.84   23.60     37.29    2.75    6.04     17.42   10.99   15.98     24.94    6.71    5.54     11.03   22.73   38.03   180.05   92.47   169.85   77.93   191.93   79.56 
 295  127.84   23.45     39.06    2.24    6.03     15.69   13.56   15.97     24.94    6.71    5.54     11.06   22.77   37.98   180.05   92.83   170.51   78.03   192.19   80.49 
 296  129.97   23.39     36.84    2.85    6.02     16.82   12.11   15.96     24.38    7.12    5.55     10.90   24.04   37.93   176.17   91.99   166.82   76.70   188.77   79.68 
 297  129.97   23.41     37.68    2.57    6.01     17.06   12.08   15.94     24.38    7.12    5.55     11.77   22.19   37.88   176.30   89.42   166.24   74.75   188.32   76.65 
 298  129.97   23.34     37.34    2.66    5.99     16.53   13.00   15.93     24.38    7.12    5.56     11.56   23.07   37.83   176.80   87.14   167.78   72.32   189.07   75.33 
 299  129.97   23.28     36.75    2.85    5.98     16.18   13.74   15.93     24.38    7.12    5.56     11.55   23.04   37.78   176.13   87.24   167.11   71.80   189.02   75.30 
 300  129.97   23.48     39.00    2.20    5.97     15.69   14.60   15.92     24.38    7.12    5.57     11.33   23.46   37.73   176.88   88.45   167.85   73.26   189.45   76.44 
 301  127.99   23.59     38.20    2.41    5.96     20.24    8.74   15.90     24.49    7.00    5.57     11.61   23.19   37.68   176.65   88.52   167.54   73.35   189.21   76.45 
 302  127.99   23.44     39.56    2.07    5.95     21.30    7.82   15.87     24.49    7.00    5.58     11.73   23.02   37.63   176.50   90.10   167.37   74.66   189.34   78.01 
 303  127.99   23.45     37.24    2.73    5.94     21.17    7.97   15.84     24.49    7.00    5.58     11.74   23.27   37.59   178.87   91.15   169.63   75.88   191.51   78.97 
 304  127.99   23.42     35.71    3.29    5.93     19.67    9.46   15.82     24.49    7.00    5.59     11.48   23.93   37.54   181.70   91.83   172.46   76.41   194.64   79.71 
 305  127.99   23.57     35.43    3.41    5.92     18.88   10.46   15.81     24.49    7.00    5.59     11.67   23.60   37.49   181.80   92.08   172.24   77.26   193.85   79.59 
 306  141.96   23.48     37.89    2.57    5.91     25.05    5.13   15.77     24.52    6.96    5.60     11.48   23.84   37.45   181.14   93.22   171.83   78.40   193.26   80.96 
 307  141.96   23.48     35.80    3.29    5.90     24.93    5.21   15.74     24.52    6.96    5.60     11.45   24.16   37.41   183.03   94.18   174.05   79.23   195.29   82.17 
 308  141.96   23.37     39.07    2.27    5.89     21.51    7.74   15.71     24.52    6.96    5.60     11.24   24.32   37.36   181.42   96.38   172.10   81.47   193.73   84.24 
 309  141.96   23.43     37.82    2.59    5.88     19.89    9.58   15.69     24.52    6.96    5.61      9.58   28.54   37.34   175.49  101.62   166.45   86.87   187.90   89.86 
 310  141.96   23.36     37.68    2.67    5.87     20.59    8.80   15.67     24.52    6.96    5.61     10.78   25.58   37.30   176.72  106.66   167.37   92.23   188.36   94.37 
 311  136.41   23.63     38.68    2.41    5.86     21.79    7.73   15.64     24.28    7.13    5.62     11.36   24.54   37.26   177.59  109.81   168.02   95.24   189.54   97.51 
 312  136.41   23.76     40.37    2.00    5.84     21.23    8.33   15.62     24.28    7.13    5.62     11.21   24.92   37.22   177.18  113.95   168.19   99.14   189.35  102.00 
 313  136.41   23.73     36.36    3.16    5.83     19.38   10.44   15.60     24.28    7.13    5.63     11.21   25.44   37.18   173.49  116.06   164.76  101.15   185.79  104.31 
 314  136.41   23.68     38.63    2.39    5.82     19.25   10.52   15.59     24.28    7.13    5.63     11.62   26.10   37.14   171.16  113.88   161.90   99.24   183.01  101.64 
 315  136.41   23.75     35.32    3.48    5.82     18.46   11.69   15.57     24.28    7.13    5.64     11.84   26.45   37.11   170.73  111.12   162.28   95.95   183.32   99.50 
 316  133.86   23.59     32.75    4.69    5.81     16.89   14.44   15.57     24.09    7.27    5.64     11.44   28.15   37.08   171.74  109.63   164.40   93.90   185.14   98.94 
 317  133.86   23.68     30.17    6.24    5.81     15.70   16.27   15.57     24.09    7.27    5.65     10.97   32.24   37.07   167.37  106.19   160.12   90.51   180.70   95.56 
 318  133.86   23.86     31.55    5.31    5.81     16.25   15.54   15.57     24.09    7.27    5.65     11.23   28.77   37.04   169.55  103.46   162.23   87.83   182.81   92.76 
 319  133.86   23.64     32.80    4.61    5.81     16.09   15.84   15.57     24.09    7.27    5.66     11.07   27.63   37.01   172.62  102.29   164.93   86.89   185.61   91.36 
 320  133.86   23.93     32.33    4.94    5.81     15.96   15.97   15.58     24.09    7.27    5.66     10.92   27.75   36.98   175.07  102.04   167.73   86.43   188.35   91.37 
 321  141.08   24.04     33.02    4.62    5.80     23.50    6.72   15.55     24.29    7.09    5.67     10.96   27.30   36.95   178.14  103.28   170.85   87.63   191.47   92.68 
 322  141.08   24.18     34.07    4.16    5.80     24.16    6.28   15.52     24.29    7.09    5.67     10.80   27.90   36.92   181.97  103.50   174.53   88.15   194.99   92.87 
 323  141.08   24.05     32.55    5.01    5.79     21.55    8.43   15.50     24.29    7.09    5.68     11.26   27.29   36.89   182.71  103.68   175.74   87.80   196.34   93.31 
 324  141.08   24.01     34.11    4.24    5.79     22.24    8.02   15.47     24.29    7.09    5.68     11.16   27.69   36.87   186.46  104.13   179.75   88.25   200.21   94.16 
 325  141.08   24.01     32.24    5.29    5.79     20.66    9.54   15.46     24.29    7.09    5.68     11.47   27.78   36.84   186.98  103.19   180.26   87.14   200.79   93.04 
 326  143.00   24.13     32.85    4.89    5.79     22.93    7.43   15.43     24.46    6.94    5.69     11.72   28.63   36.81   187.69   98.55   181.66   82.35   201.89   89.13 
 327  143.00   24.17     32.19    5.26    5.78     22.12    8.26   15.41     24.46    6.94    5.69     11.79   28.18   36.79   187.26   96.50   180.89   80.42   201.29   86.78 
 328  143.00   24.30     30.63    6.19    5.78     21.20    9.11   15.39     24.46    6.94    5.70     11.25   31.56   36.77   183.23   94.36   176.98   78.27   197.32   84.79 
 329  143.00   24.19     33.83    4.16    5.78     21.67    8.85   15.37     24.46    6.94    5.70     11.34   32.03   36.76   180.60   91.71   174.20   75.93   194.33   81.91 
 330  143.00   24.36     33.25    4.38    5.78     21.74    8.74   15.35     24.46    6.94    5.70     11.29   29.78   36.74   176.55   93.03   169.57   77.69   189.67   82.78 
 331  199.89   24.37     32.68    4.60    5.77     21.34    9.02   15.33     25.02    6.50    5.71     10.65   30.10   36.71   170.76   96.22   163.85   80.56   184.21   85.96 
 332  199.89   24.40     33.36    4.18    5.77     19.40   11.28   15.32     25.02    6.50    5.71     10.81   29.08   36.69   166.33   98.80   158.84   83.53   179.14   88.02 
 333  199.89   24.52     36.46    2.87    5.76     18.71   12.22   15.31     25.02    6.50    5.71     11.29   27.97   36.67   163.36  100.96   155.73   85.66   176.37   90.13 
 334  199.89   24.35     32.16    4.66    5.76     17.97   13.33   15.30     25.02    6.50    5.71     11.28   27.97   36.64   157.65  101.80   150.27   86.53   170.69   91.21 
 335  199.89   24.41     36.39    2.82    5.75     18.54   12.50   15.29     25.02    6.50    5.72     11.32   28.34   36.61   155.17  104.35   147.38   88.94   168.11   93.32 
 336  164.87   24.39     33.51    3.85    5.74     22.48    7.96   15.27     24.47    6.91    5.72     11.03   29.92   36.60   149.64  103.80   142.02   88.58   162.60   92.98 
 337  164.87   24.39     34.68    3.35    5.73     22.64    7.85   15.25     24.47    6.91    5.72     12.11   26.24   36.56   150.07  104.55   143.14   88.96   163.43   94.27 
 338  164.87   24.42     34.01    3.56    5.73     23.55    7.14   15.23     24.47    6.91    5.73     12.11   27.58   36.54   146.51  101.95   139.43   86.80   159.41   91.57 
 339  164.87   24.38     34.79    3.21    5.72     21.98    8.52   15.21     24.47    6.91    5.73     11.93   28.08   36.51   147.31   97.34   140.03   82.01   160.28   86.73 
 340  164.87   24.45     32.79    4.10    5.72     21.39    9.17   15.19     24.47    6.91    5.73     11.61   28.05   36.49   150.12   95.64   143.07   80.31   163.14   85.25 
 341  154.42   24.41     34.81    3.27    5.71     22.48    8.22   15.17     24.32    7.02    5.74     11.52   27.96   36.46   151.95   97.45   144.53   82.13   164.86   86.69 
 342  154.42   24.40     32.67    4.29    5.70     21.39    9.43   15.15     24.32    7.02    5.74     10.71   29.95   36.44   153.20  100.98   146.32   85.83   166.18   90.86 
 343  154.42   24.46     31.76    4.91    5.70     20.19   11.10   15.14     24.32    7.02    5.74     10.22   31.73   36.43   156.46  105.28   149.27   90.39   169.07   94.97 
 344  154.42   24.41     31.36    5.35    5.70     18.68   13.24   15.14     24.32    7.02    5.75      9.40   34.07   36.42   161.73  109.90   155.17   94.66   174.87  100.11 
 345  154.42   24.45     33.99    4.06    5.70     18.15   14.75   15.13     24.32    7.02    5.75      9.75   33.88   36.42   168.28  113.56   161.14   99.18   180.48  103.29 
 346  158.08   24.46     35.66    3.42    5.69     22.30    9.17   15.12     24.30    7.04    5.76     10.06   34.16   36.41   173.94  113.35   167.31   99.04   186.18  103.55 
 347  158.08   24.45     32.62    4.90    5.69     20.82   10.55   15.10     24.30    7.04    5.76     10.76   33.34   36.40   175.87  110.49   169.52   96.06   188.30  100.96 
 348  158.08   24.42     36.67    3.13    5.68     20.26   11.43   15.09     24.30    7.04    5.76     10.13   34.39   36.39   183.64  108.19   177.55   93.73   196.17   98.92 
 349  158.08   24.43     35.22    3.78    5.67     20.14   11.09   15.08     24.30    7.04    5.77      9.64   35.59   36.39   189.25  105.75   182.84   91.28   201.72   96.17 
 350  158.08   24.49     33.48    4.73    5.67     20.48   10.56   15.07     24.30    7.04    5.77     10.40   32.35   36.38   193.23  106.15   186.95   91.67   205.76   96.71 
 351  156.03   24.44     35.92    3.63    5.67     22.26    8.64   15.05     24.12    7.19    5.77     10.24   31.86   36.37   197.44  109.44   190.63   95.22   209.54   99.53 
 352  156.03   24.44     35.41    3.90    5.66     23.41    7.47   15.03     24.12    7.19    5.78     10.35   31.26   36.35   198.53  113.56   191.59   99.63   210.35  103.54 
 353  156.03   24.49     35.49    3.90    5.66     22.11    8.62   15.01     24.12    7.19    5.78     10.80   30.09   36.34   199.75  116.08   192.78  102.27   211.48  106.11 
 354  156.03   24.39     34.16    4.51    5.65     20.76   10.06   15.00     24.12    7.19    5.79     11.03   30.02   36.32   196.39  117.63   189.20  103.93   207.94  107.48 
 355  156.03   24.50     34.44    4.30    5.65     20.37   10.31   14.98     24.12    7.19    5.79     11.44   29.05   36.30   193.33  115.80   186.67  101.90   205.14  106.04 
 356  154.60   24.43     33.15    4.88    5.65     20.07   10.50   14.97     24.11    7.19    5.79     11.14   29.67   36.28   188.02  113.58   181.15   99.73   199.84  103.72 
 357  154.60   24.46     34.37    4.18    5.64     19.87   10.81   14.96     24.11    7.19    5.80     11.62   28.15   36.26   186.34  112.17   179.40   98.32   198.05  102.16 
 358  154.60   24.48     36.05    3.42    5.64     19.42   11.26   14.95     24.11    7.19    5.80     11.47   27.87   36.23   185.77  111.65   179.18   97.83   197.60  102.04 
 359  154.60   24.43     33.62    4.48    5.63     18.86   12.01   14.94     24.11    7.19    5.81     11.14   28.72   36.21   181.31  112.32   174.01   98.30   193.07  101.92 
 360  154.60   24.46     35.43    3.60    5.63     17.91   13.37   14.94     24.11    7.19    5.81     11.60   27.46   36.19   180.03  111.84   173.75   97.53   192.48  102.48 
 361  155.00   24.43     34.65    3.94    5.62     20.43    9.94   14.92     24.17    7.14    5.81     11.39   28.05   36.16   181.85  110.58   175.11   96.63   193.71  100.85 
 362  155.00   24.47     35.89    3.40    5.62     19.36   11.32   14.91     24.17    7.14    5.82     11.34   28.02   36.14   180.17  111.36   173.19   97.36   192.06  101.29 
 363  155.00   24.47     33.83    4.28    5.61     19.43   11.39   14.90     24.17    7.14    5.82     11.14   28.76   36.12   177.50  112.08   171.21   97.87   189.75  102.64 
 364  155.00   24.41     33.13    4.60    5.61     18.51   12.56   14.90     24.17    7.14    5.82     11.06   29.66   36.10   174.51  112.32   168.29   98.58   186.41  103.10 
 365  155.00   24.44     32.53    4.88    5.61     18.02   13.38   14.89     24.17    7.14    5.83     11.17   30.46   36.09   172.27  112.08   165.68   98.43   184.03  102.58 
 366  157.79   24.50     32.31    4.99    5.61     21.73    8.61   14.87     24.15    7.15    5.83     11.35   29.44   36.07   170.54  111.80   164.25   97.66   182.85  102.41 
 367  157.79   24.49     32.88    4.66    5.60     21.49    8.89   14.86     24.15    7.15    5.83     11.37   28.78   36.05   170.07  112.35   163.79   98.11   182.47  102.97 
 368  157.79   24.48     32.30    4.97    5.60     20.52    9.93   14.85     24.15    7.15    5.84     11.33   29.09   36.03   169.47  112.39   163.56   98.11   181.97  103.32 
 369  157.79   24.44     33.86    4.14    5.60     19.30   11.45   14.84     24.15    7.15    5.84     11.33   29.47   36.01   170.14  110.60   164.71   96.42   182.63  102.02 
 370  157.79   24.46     31.90    5.20    5.60     18.74   12.02   14.83     24.15    7.15    5.85     11.36   28.84   35.99   171.54  108.04   165.95   93.57   184.29   99.24 
 371  161.20   24.45     32.49    4.90    5.59     21.81    8.49   14.81     24.18    7.11    5.85     11.51   27.60   35.97   173.91  107.16   168.62   92.69   186.74   98.62 
 372  161.20   24.48     32.92    4.71    5.59     21.19    9.17   14.80     24.18    7.11    5.85     11.42   27.24   35.95   176.98  107.11   171.69   92.92   189.48   98.60 
 373  161.20   24.56     32.01    5.37    5.59     19.11   11.68   14.79     24.18    7.11    5.86     10.76   27.87   35.93   181.39  109.31   175.45   94.86   194.05  100.19 
 374  161.20   24.45     31.37    5.95    5.59     20.89    9.38   14.77     24.18    7.11    5.86     10.68   27.70   35.90   187.01  111.19   181.73   96.71   199.89  102.78 
 375  161.20   24.46     32.15    5.55    5.59     19.68   10.74   14.76     24.18    7.11    5.86     10.80   27.34   35.88   190.86  114.64   185.85  100.28   203.58  106.34 
 376  173.50   24.49     31.97    5.76    5.59     18.99   11.31   14.75     24.41    6.92    5.87     11.47   25.19   35.85   193.47  117.33   187.87  103.10   206.04  108.70 
 377  173.50   24.43     31.22    6.33    5.60     17.80   12.60   14.75     24.41    6.92    5.87     11.98   24.06   35.82   193.89  118.57   188.79  103.40   207.36  109.94 
 378  173.50   24.46     31.89    5.90    5.60     19.74   10.30   14.74     24.41    6.92    5.87     12.00   24.79   35.79   196.75  119.06   190.70  104.39   209.56  109.81 
 379  173.50   24.40     33.05    5.20    5.60     19.47   10.64   14.73     24.41    6.92    5.87     12.18   24.56   35.76   199.01  117.81   193.56  102.80   212.37  109.13 
 380  173.50   24.45     33.04    5.21    5.59     18.24   11.99   14.72     24.41    6.92    5.88     11.15   28.98   35.75   200.89  114.62   195.33  100.15   213.73  105.87 
 381  171.05   24.43     32.40    5.57    5.59     19.54   10.51   14.71     24.15    7.11    5.88     11.24   29.02   35.73   199.76  113.26   194.08   98.36   212.96  104.38 
 382  171.05   24.47     32.70    5.37    5.59     18.22   12.49   14.70     24.15    7.11    5.88     11.11   29.06   35.71   199.98  112.73   193.96   97.90   213.04  103.53 
 383  171.05   24.48     31.09    6.45    5.60     16.44   14.38   14.70     24.15    7.11    5.89     11.10   28.81   35.69   200.46  108.92   194.34   94.95   212.70   99.80 
 384  171.05   24.44     33.34    4.97    5.59     17.43   13.74   14.70     24.15    7.11    5.89     11.57   26.20   35.67   201.22  110.53   194.78   96.37   213.51  101.08 
 385  171.05   24.43     31.36    6.22    5.60     16.17   14.92   14.70     24.15    7.11    5.89     10.89   27.30   35.65   200.24  106.38   194.36   91.43   213.47   97.33 
 386  185.30   24.48     31.80    5.95    5.60     14.72   16.84   14.70     23.87    7.34    5.90     10.72   27.72   35.63   204.12  103.61   197.32   89.63   216.09   93.65 
 387  185.30   24.44     31.39    6.33    5.60     13.93   17.63   14.71     23.87    7.34    5.90     10.65   26.58   35.60   208.34  101.80   201.90   87.98   220.33   92.38 
 388  185.30   24.44     32.94    5.33    5.60     13.18   19.87   14.72     23.87    7.34    5.90     10.30   26.68   35.58   208.49  108.67   202.19   94.10   221.12   99.27 
 389  185.30   24.42     35.18    4.14    5.59     13.24   20.26   14.74     23.87    7.34    5.91      9.94   29.07   35.56   210.58  111.16   203.21   97.40   222.23  100.80 
 390  185.30   24.45     33.99    4.81    5.59     13.39   19.88   14.75     23.87    7.34    5.91      9.92   29.49   35.55   214.10  112.74   206.36   99.23   225.43  102.10 
 391  174.91   24.43     31.64    6.33    5.59     14.77   16.33   14.76     23.82    7.36    5.91     11.07   25.31   35.52   210.88  112.40   203.92   98.33   222.94  102.36 
 392  174.91   24.46     31.04    6.73    5.60     14.72   16.23   14.76     23.82    7.36    5.92     11.25   24.81   35.49   209.48  111.81   202.14   98.10   221.10  101.50 
 393  174.91   24.46     30.85    6.83    5.60     14.70   16.35   14.76     23.82    7.36    5.92     10.96   25.78   35.47   207.02  111.86   199.89   97.96   218.99  101.86 
 394  174.91   24.52     31.84    6.00    5.60     13.90   18.59   14.77     23.82    7.36    5.93     10.47   28.37   35.45   202.92  114.13   194.93  100.70   214.19  103.30 
 395  174.91   24.40     32.56    5.45    5.60     13.29   20.75   14.79     23.82    7.36    5.93     10.32   30.28   35.44   200.95  112.16   193.59   98.55   212.52  101.94 
 396  167.28   24.39     32.54    5.34    5.60     18.56   11.54   14.78     23.61    7.52    5.93     10.55   30.78   35.43   195.97  110.04   187.99   97.37   206.57   99.52 
 397  167.28   24.45     31.80    5.77    5.60     16.99   14.04   14.78     23.61    7.52    5.94     11.16   28.10   35.41   193.94  110.34   185.16   97.95   204.10   99.05 
 398  167.28   24.40     34.00    4.48    5.60     16.46   14.99   14.78     23.61    7.52    5.94     11.05   28.20   35.39   193.99  112.59   185.14  100.14   204.17  101.20 
 399  167.28   24.42     33.05    4.99    5.60     14.68   19.43   14.79     23.61    7.52    5.95     10.93   30.05   35.38   193.05  112.06   184.68   99.07   203.93  101.05 
 400  167.28   24.40     31.37    6.02    5.60     13.89   23.21   14.81     23.61    7.52    5.95     11.36   31.12   35.37   191.17  110.89   183.12   97.73   202.09  100.06 
 401  162.13   24.39     31.41    5.96    5.60     15.08   20.63   14.83     23.38    7.72    5.95     11.51   30.57   35.35   190.25  110.08   181.51   97.51   200.57   98.76 
 402  162.13   24.38     32.84    4.96    5.60     13.97   20.80   14.84     23.38    7.72    5.96     11.25   28.32   35.34   191.15  106.60   183.00   93.65   202.02   95.83 
 403  162.13   24.41     31.44    5.69    5.60     13.96   18.07   14.85     23.38    7.72    5.96     10.59   28.73   35.32   191.65  102.98   183.06   90.90   201.59   92.00 
 404  162.13   24.39     33.48    4.45    5.59     14.76   16.31   14.85     23.38    7.72    5.97     11.13   26.19   35.30   188.34   98.38   179.44   86.51   197.99   87.08 
 405  162.13   24.43     33.23    4.54    5.59     14.98   15.17   14.85     23.38    7.72    5.97     11.62   24.21   35.27   189.13   96.17   180.50   84.28   198.88   85.15 
 406  162.67   24.45     34.77    3.74    5.59     18.99    9.50   14.84     23.35    7.73    5.98     11.00   25.50   35.25   184.91   94.85   175.95   82.89   194.58   83.48 
 407  162.67   24.43     31.54    5.53    5.59     16.58   12.83   14.84     23.35    7.73    5.98     11.19   27.30   35.23   189.24   92.40   181.05   79.92   199.60   81.63 
 408  162.67   24.41     33.24    4.62    5.58     16.39   13.37   14.83     23.35    7.73    5.98     10.91   26.13   35.20   192.30   94.53   184.12   81.99   202.71   83.75 
 409  162.67   24.42     33.75    4.47    5.58     15.90   13.97   14.83     23.35    7.73    5.99     10.50   27.01   35.18   196.76   97.56   189.30   85.01   207.44   87.59 
 410  162.67   24.42     34.67    4.11    5.58     15.43   14.69   14.83     23.35    7.73    5.99      9.99   27.71   35.17   200.58  101.44   193.32   89.00   211.19   91.68 
 411  168.49   24.38     34.84    4.05    5.57     21.15    7.59   14.81     23.24    7.81    6.00     10.80   25.31   35.14   201.40  101.84   193.93   89.19   212.18   91.86 
 412  168.49   24.42     33.43    4.84    5.57     21.34    7.29   14.79     23.24    7.81    6.00     11.09   25.15   35.12   204.54  101.62   197.48   88.92   215.45   92.03 
 413  168.49   24.41     34.35    4.40    5.57     19.88    8.44   14.78     23.24    7.81    6.01     10.96   24.47   35.09   207.18  101.62   200.11   88.75   218.27   92.02 
 414  168.49   24.43     34.08    4.51    5.57     18.75    9.41   14.77     23.24    7.81    6.01     11.04   23.08   35.06   206.59  101.09   199.51   88.27   217.61   91.48 
 415  168.49   24.42     33.84    4.58    5.56     18.97    9.14   14.75     23.24    7.81    6.01     10.79   23.48   35.03   202.63   99.93   195.71   86.92   213.92   90.49 
 416  172.68   24.42     34.14    4.35    5.56     20.54    7.47   14.73     23.28    7.75    6.02     11.04   23.45   35.01   200.51   97.38   193.29   84.93   211.06   87.54 
 417  172.68   24.42     34.46    4.18    5.56     20.37    7.52   14.72     23.28    7.75    6.02     11.28   22.34   34.98   201.32   95.40   194.34   82.67   212.28   85.92 
 418  172.68   24.45     35.03    3.89    5.55     19.68    8.12   14.70     23.28    7.75    6.03     10.63   22.90   34.95   198.58   95.97   191.83   82.95   209.88   86.66 
 419  172.68   24.43     35.54    3.65    5.55     17.85    9.94   14.69     23.28    7.75    6.03      9.39   25.03   34.92   196.46   98.87   189.81   86.31   207.32   89.64 
 420  172.68   24.41     34.22    4.25    5.55     17.28   10.64   14.68     23.28    7.75    6.04      9.36   24.87   34.90   195.13  102.53   188.55   89.97   206.06   93.53 
 421  174.15   24.42     33.77    4.47    5.54     19.62    8.22   14.66     23.23    7.78    6.04      9.55   24.70   34.88   193.96  105.94   186.86   93.38   204.77   96.37 
 422  174.15   24.38     32.82    4.97    5.54     19.72    8.12   14.65     23.23    7.78    6.04     10.52   23.34   34.85   190.00  106.82   183.17   94.18   200.96   97.57 
 423  174.15   24.52     31.29    5.78    5.54     19.68    8.05   14.63     23.23    7.78    6.05     10.52   25.26   34.83   185.97  105.04   179.14   92.93   196.39   95.87 
 424  174.15   24.38     31.60    5.39    5.54     19.22    8.55   14.62     23.23    7.78    6.05     10.26   26.44   34.81   180.73  103.10   173.49   90.88   191.02   93.26 
 425  174.15   24.42     33.44    4.30    5.54     18.97    8.81   14.61     23.23    7.78    6.06     11.09   22.81   34.78   178.32  101.32   171.07   89.29   188.42   91.49 
 426  175.17   24.39     32.50    4.72    5.54     21.46    6.64   14.59     23.29    7.69    6.06     11.15   22.92   34.75   175.32   99.36   168.27   87.09   185.86   89.93 
 427  175.17   24.40     34.19    3.82    5.53     20.93    7.06   14.57     23.29    7.69    6.06     10.42   24.82   34.73   171.96   97.90   164.15   86.33   181.45   87.59 
 428  175.17   24.49     33.60    4.07    5.53     20.75    7.21   14.55     23.29    7.69    6.07     11.10   22.46   34.70   170.24   97.12   162.76   85.16   180.24   87.11 
 429  175.17   24.41     33.29    4.16    5.53     21.08    6.98   14.53     23.29    7.69    6.07     10.37   24.13   34.67   167.74   97.38   160.43   85.39   177.90   87.67 
 430  175.17   24.41     31.67    4.98    5.53     20.58    7.40   14.52     23.29    7.69    6.07     10.51   23.56   34.65   167.35   97.68   159.66   86.11   177.08   87.77 
 431  176.35   24.48     31.67    5.00    5.52     22.95    5.68   14.50     23.25    7.71    6.08     10.74   22.61   34.62   166.70  100.26   159.37   88.33   176.73   90.42 
 432  176.35   24.40     32.40    4.63    5.52     20.78    7.31   14.48     23.25    7.71    6.08     11.02   22.17   34.59   168.52  100.66   161.15   88.86   178.37   90.81 
 433  176.35   24.41     31.92    4.98    5.52     20.05    8.05   14.47     23.25    7.71    6.09     11.14   22.18   34.56   170.90  101.21   163.83   89.02   181.20   91.58 
 434  176.35   24.38     31.69    5.23    5.52     20.42    7.65   14.45     23.25    7.71    6.09     10.97   22.96   34.53   175.76   99.97   169.27   87.98   186.03   90.96 
 435  176.35   24.42     32.83    4.67    5.52     19.19    8.84   14.44     23.25    7.71    6.09     10.20   24.53   34.51   180.23  100.16   173.73   88.11   190.59   91.15 
 436  209.66   24.37     33.39    4.48    5.52     22.03    6.42   14.42     23.70    7.30    6.10     10.71   23.41   34.49   185.35  100.21   178.66   88.37   195.41   90.90 
 437  209.66   24.42     32.47    5.07    5.52     21.21    7.03   14.40     23.70    7.30    6.10     10.69   23.61   34.46   190.33   98.65   183.53   86.77   200.39   89.21 
 438  209.66   24.45     33.19    4.70    5.51     20.10    8.06   14.39     23.70    7.30    6.10     11.05   22.57   34.43   192.56   98.53   185.94   86.61   202.71   89.25 
 439  209.66   24.47     32.86    4.93    5.51     19.57    8.49   14.37     23.70    7.30    6.10     11.01   22.68   34.41   195.24   96.56   188.57   84.51   205.48   87.19 
 440  209.66   24.42     33.77    4.48    5.51     20.04    8.04   14.36     23.70    7.30    6.11     10.81   22.87   34.38   198.23   96.95   191.55   85.40   208.06   87.91 
 441  180.18   24.39     33.53    4.65    5.51     22.03    6.44   14.34     22.91    7.97    6.11     10.64   22.73   34.36   198.67   99.79   191.89   87.66   209.01   90.46 
 442  180.18   24.43     32.16    5.49    5.51     21.35    6.95   14.33     22.91    7.97    6.12      9.59   25.33   34.33   198.34  102.90   191.88   91.43   208.14   94.10 
 443  180.18   24.40     35.02    3.97    5.50     21.82    6.70   14.31     22.91    7.97    6.12      9.50   25.77   34.32   197.94  107.28   191.31   95.71   207.76   98.25 
 444  180.18   24.35     34.40    4.25    5.50     20.57    7.79   14.29     22.91    7.97    6.12      9.77   25.31   34.30   195.66  109.93   188.91   97.95   205.79  100.47 
 445  180.18   24.42     33.85    4.53    5.50     21.48    7.05   14.28     22.91    7.97    6.13      9.81   25.49   34.28   194.74  112.09   187.44  100.98   203.97  102.50 
 446  188.62   24.42     34.57    4.15    5.50     23.15    5.83   14.26     23.22    7.67    6.13     10.44   24.16   34.25   192.94  112.93   185.96  101.89   202.16  103.65 
 447  188.62   24.40     32.98    4.94    5.50     23.55    5.61   14.24     23.22    7.67    6.13     11.25   22.49   34.23   190.42  112.92   183.62  101.80   199.83  103.86 
 448  188.62   24.44     32.65    4.99    5.49     22.78    6.15   14.22     23.22    7.67    6.14     11.39   22.75   34.20   185.62  109.55   178.86   98.52   194.91  100.52 
 449  188.62   24.45     33.91    4.24    5.49     22.22    6.59   14.20     23.22    7.67    6.14     11.86   22.06   34.17   184.82  105.62   177.86   93.88   194.71   96.16 
 450  188.62   24.44     31.37    5.57    5.49     21.07    7.48   14.19     23.22    7.67    6.15     11.33   22.74   34.15   179.90  103.03   173.65   91.68   189.63   94.42 
 451  204.50   24.41     33.10    4.50    5.49     21.96    6.82   14.17     23.42    7.48    6.15     10.74   23.81   34.13   177.13  104.64   170.14   93.10   186.81   95.14 
 452  204.50   24.46     31.89    5.12    5.49     21.21    7.38   14.16     23.42    7.48    6.15      9.19   27.22   34.11   171.70  107.10   164.93   95.72   181.34   97.98 
 453  204.50   24.49     33.44    4.27    5.49     22.25    6.58   14.14     23.42    7.48    6.15     10.31   24.76   34.09   170.41  109.26   163.72   97.79   180.16  100.22 
 454  204.50   24.37     31.30    5.44    5.49     21.71    6.96   14.12     23.42    7.48    6.16     11.06   23.02   34.06   169.99  108.79   163.34   97.44   179.62   99.80 
 455  204.50   24.45     30.91    5.64    5.49     20.50    7.95   14.11     23.42    7.48    6.16     10.97   23.45   34.04   168.79  107.22   162.41   95.70   178.67   98.47 
 456  228.76   24.38     31.73    5.08    5.49     20.86    7.58   14.10     23.43    7.46    6.16     10.61   24.15   34.02   166.31  106.58   159.78   95.19   176.05   97.74 
 457  228.76   24.42     31.76    5.06    5.48     20.62    7.82   14.08     23.43    7.46    6.17     10.73   24.15   34.00   165.62  106.84   159.32   94.98   175.85   98.09 
 458  228.76   24.42     32.08    4.84    5.48     20.62    7.77   14.07     23.43    7.46    6.17     10.65   24.71   33.98   163.87  106.55   157.97   94.51   174.34   98.12 
 459  228.76   24.38     31.88    4.87    5.48     19.67    8.72   14.06     23.43    7.46    6.17     10.62   25.06   33.96   162.37  105.75   155.58   94.12   172.26   96.56 
 460  228.76   24.41     32.11    4.69    5.48     19.13    9.24   14.05     23.43    7.46    6.17     10.61   24.46   33.94   159.98  105.94   153.16   94.25   169.94   96.74 
 461  192.69   24.40     29.65    6.12    5.48     19.56    8.68   14.04     23.14    7.69    6.18     10.71   23.68   33.92   157.08  104.13   150.70   92.43   167.17   95.32 
 462  192.69   24.40     29.54    6.07    5.48     19.93    8.27   14.02     23.14    7.69    6.18     10.99   22.87   33.89   153.72  102.35   147.66   90.30   164.17   93.74 
