   6    1.55    6.57     44.57    0.90    1.47     20.68    7.81    8.19     48.75    0.28   25.57      8.47   31.57   30.78   125.82   97.40   110.50   76.53   143.00   78.76 
   7    1.55    6.67     44.47    0.91    1.39     19.84    8.80    8.28     48.75    0.28   21.96      9.51   28.85   30.51   124.70   96.67   109.47   75.16   142.49   78.02 
   8    1.55    6.46     39.06    1.69    1.43     18.29   10.87    8.60     48.75    0.28   19.25      9.36   29.99   30.44   124.39   97.33   109.05   75.84   142.20   78.68 
   9    1.55    6.51     42.44    1.16    1.40     16.60   13.83    9.18     48.75    0.28   17.14      8.49   33.72   30.81   123.19  102.79   107.86   81.93   140.41   84.30 
  10    1.55    6.58     44.26    0.96    1.35     14.77   17.78   10.04     48.75    0.28   15.45      7.71   37.81   31.51   122.44  109.51   107.47   88.67   139.68   91.34 
  11    1.59    6.89     41.15    1.39    1.36     21.06    8.80    9.93     35.01    1.49   14.18      8.00   37.83   32.08   119.91  114.73   104.43   93.79   137.09   95.95 
  12    1.59    6.85     39.25    1.74    1.39     20.07   10.16    9.95     35.01    1.49   13.13      8.20   38.05   32.58   116.19  118.16   101.08   97.70   133.08   99.97 
  13    1.59    6.97     39.92    1.58    1.40     19.53   10.90   10.02     35.01    1.49   12.23      7.93   39.71   33.13   111.14  119.74    96.09   99.50   127.79  101.65 
  14    1.59    6.78     34.72    2.75    1.50     17.96   12.94   10.23     35.01    1.49   11.46      7.71   40.93   33.69   105.38  118.50    90.50   98.13   122.14  100.49 
  15    1.59    6.77     37.27    1.98    1.53     19.50   10.82   10.27     35.01    1.49   10.80      7.88   40.31   34.13    98.72  116.63    83.54   96.53   115.19   98.44 
  16    1.78    6.72     36.49    2.06    1.56     22.70    7.48   10.10     29.21    3.13   10.32      7.73   41.88   34.61    93.41  112.20    78.21   91.83   110.11   93.94 
  17    1.78    6.89     36.29    2.08    1.59     20.89    9.45   10.06     29.21    3.13    9.90      8.84   37.88   34.80    92.51  108.31    77.92   88.05   109.23   90.65 
  18    1.78    6.68     36.55    1.98    1.62     17.57   13.94   10.27     29.21    3.13    9.52      8.60   39.47   35.06    94.32  104.38    79.35   84.23   110.94   86.40 
  19    1.78    7.01     37.54    1.79    1.62     17.63   13.97   10.47     29.21    3.13    9.18      8.57   39.24   35.28    96.67  103.49    81.83   83.51   113.05   85.69 
  20    1.78    6.78     36.44    2.06    1.65     15.93   17.20   10.81     29.21    3.13    8.88      8.21   41.24   35.58   100.25  103.75    85.05   83.87   116.49   85.66 
  21    1.92    6.78     39.39    1.54    1.64     20.07   10.93   10.81     26.73    4.34    8.67      7.97   41.99   35.89   105.45  108.17    90.35   88.36   121.59   90.05 
  22    1.92    6.71     40.22    1.44    1.63     20.16   11.04   10.82     26.73    4.34    8.47      8.17   42.13   36.17   107.84  111.17    92.54   91.86   123.50   92.98 
  23    1.92    6.72     42.21    1.16    1.61     18.01   14.44   10.98     26.73    4.34    8.29      8.49   41.89   36.42   109.39  113.61    93.82   94.50   124.81   95.20 
  24    1.92    6.72     36.56    2.30    1.64     16.85   17.03   11.23     26.73    4.34    8.13      7.93   46.31   36.83   113.27  115.03    97.46   96.29   128.30   96.46 
  25    1.92    6.76     34.49    3.01    1.70     15.23   21.11   11.63     26.73    4.34    7.97      7.73   48.56   37.30   117.02  117.06   101.62   98.12   132.30   98.84 
  26    2.22    6.90     35.61    2.70    1.73     21.55   10.47   11.58     25.90    5.02    7.86      7.73   50.30   37.80   121.62  117.55   106.36   98.56   136.91   99.41 
  27    2.22    6.86     35.30    2.83    1.77     18.74   14.87   11.70     25.90    5.02    7.76      7.25   56.08   38.48   126.61  114.32   111.18   95.21   141.96   95.98 
  28    2.22    6.81     34.06    3.29    1.83     16.68   19.29   11.97     25.90    5.02    7.66      7.10   59.23   39.22   131.03  109.54   115.18   90.48   146.27   90.82 
  29    2.22    6.80     27.72    6.77    2.00     15.28   23.30   12.36     25.90    5.02    7.57      6.47   65.19   40.11   136.22  102.64   120.57   83.36   151.65   84.00 
  30    2.22    6.78     33.72    3.48    2.05     14.37   26.15   12.82     25.90    5.02    7.48      5.96   68.00   41.04   144.29   94.71   128.91   75.28   159.91   76.32 
  31    3.63    6.67     33.64    3.63    2.10     18.64   16.23   12.93     25.29    5.72    7.42      6.88   61.05   41.69   153.38   91.11   137.53   71.88   168.67   72.27 
  32    3.63    6.73     32.84    4.10    2.16     16.68   20.58   13.17     25.29    5.72    7.37      7.52   56.82   42.16   161.70   91.19   145.72   72.04   176.83   72.21 
  33    3.63    6.64     38.45    2.23    2.16     15.06   24.91   13.53     25.29    5.72    7.32      7.75   55.22   42.56   165.50   95.71   150.29   75.79   181.59   77.35 
  34    3.63    6.67     38.62    2.22    2.17     14.48   26.66   13.92     25.29    5.72    7.27      8.46   51.90   42.83   167.37   99.24   151.79   79.46   183.26   80.55 
  35    3.63    6.74     35.10    3.38    2.20     13.47   30.33   14.38     25.29    5.72    7.23      8.50   52.45   43.11   170.21  102.00   153.74   83.08   185.14   82.63 
  36    3.85    6.84     37.55    2.56    2.21     20.03   14.33   14.38     23.93    7.05    7.22      9.17   49.48   43.28   171.52  102.73   155.24   83.41   186.91   83.48 
  37    3.85    6.68     35.54    3.28    2.24     19.11   16.06   14.43     23.93    7.05    7.22      8.89   50.65   43.48   173.99  105.11   156.68   86.51   188.40   84.95 
  38    3.85    6.99     37.22    2.70    2.25     18.06   17.98   14.52     23.93    7.05    7.22      9.20   49.48   43.64   173.81  105.60   156.72   86.68   188.63   85.65 
  39    3.85    6.86     37.03    2.75    2.26     15.88   23.07   14.74     23.93    7.05    7.21      9.09   50.45   43.82   173.55  104.26   156.65   85.45   188.25   84.48 
  40    3.85    6.77     36.82    2.83    2.28     15.41   23.92   14.97     23.93    7.05    7.21      8.81   51.28   44.00   175.20  102.17   158.05   83.23   189.88   82.02 
  41    3.33    6.92     37.61    2.58    2.29     18.86   15.89   14.99     22.91    8.26    7.23      9.17   48.61   44.11   175.89  100.35   158.97   81.14   190.90   80.38 
  42    3.33    6.43     36.80    2.82    2.30     17.09   19.35   15.10     22.91    8.26    7.26      9.04   49.64   44.25   173.95   97.34   156.89   78.51   188.64   77.34 
  43    3.33    6.74     38.93    2.21    2.30     15.52   23.16   15.28     22.91    8.26    7.28      9.05   48.08   44.34   175.79   97.68   158.45   79.05   190.18   77.46 
  44    3.33    6.51     33.96    3.94    2.33     14.85   24.96   15.50     22.91    8.26    7.30      8.92   48.39   44.43   174.92   98.87   157.93   80.60   189.09   79.04 
  45    3.33    6.88     36.26    3.02    2.35     14.44   26.05   15.74     22.91    8.26    7.32      9.11   47.24   44.49   175.21  100.17   158.12   82.02   189.23   80.24 
  46    3.48    6.85     37.03    2.77    2.36     19.87   13.80   15.70     22.94    8.42    7.35      9.11   46.49   44.53   175.45  102.07   158.55   83.83   189.56   82.31 
  47    3.48    6.66     35.91    3.14    2.37     18.41   16.05   15.70     22.94    8.42    7.37      9.25   45.86   44.56   173.94  102.35   157.37   83.35   188.86   82.77 
  48    3.48    6.74     34.99    3.51    2.40     17.02   18.71   15.77     22.94    8.42    7.39      9.09   46.08   44.59   174.02  102.86   157.57   83.87   188.90   83.36 
  49    3.48    6.66     38.07    2.46    2.40     15.85   21.23   15.88     22.94    8.42    7.41      9.14   45.36   44.61   174.09  102.77   157.95   83.54   189.32   83.54 
  50    3.48    6.87     36.12    3.11    2.41     14.64   24.17   16.04     22.94    8.42    7.43      9.11   45.75   44.63   175.89  101.11   160.17   81.67   191.41   82.25 
  51    6.71    6.82     34.88    3.59    2.44     18.58   15.26   16.03     22.39    9.09    7.47      8.90   47.21   44.68   177.62   97.36   161.80   78.29   192.66   78.47 
  52    6.71    6.99     38.17    2.46    2.44     17.52   16.81   16.04     22.39    9.09    7.50      8.77   47.33   44.73   181.04   92.38   165.34   73.21   196.36   73.57 
  53    6.71    6.77     37.32    2.77    2.44     16.56   18.37   16.09     22.39    9.09    7.53      8.35   47.75   44.79   185.98   89.44   169.74   70.77   200.75   70.25 
  54    6.71    7.00     36.38    3.13    2.46     15.52   20.33   16.17     22.39    9.09    7.56      8.78   44.07   44.78   189.40   88.78   173.51   69.93   204.43   69.92 
  55    6.71    6.73     36.63    3.11    2.47     13.83   24.86   16.32     22.39    9.09    7.59      7.86   46.17   44.80   190.29   95.71   175.33   76.22   206.11   77.62 
  56    4.28    6.80     34.98    3.81    2.49     18.79   13.75   16.28     21.86    9.71    7.62      7.92   44.95   44.80   190.42  102.77   175.21   83.46   205.95   84.44 
  57    4.28    6.89     33.71    4.46    2.53     16.38   17.75   16.30     21.86    9.71    7.66      7.96   44.31   44.80   188.21  109.09   172.68   89.83   203.68   90.49 
  58    4.28    6.74     34.45    4.11    2.55     15.23   20.04   16.37     21.86    9.71    7.70      8.46   41.72   44.74   187.93  113.41   172.69   94.41   203.17   95.12 
  59    4.28    6.75     33.69    4.50    2.59     13.81   23.38   16.49     21.86    9.71    7.73      8.89   39.89   44.66   186.03  115.66   171.28   96.22   201.78   97.77 
  60    4.28    6.84     33.77    4.34    2.62     13.20   24.64   16.62     21.86    9.71    7.76      8.50   43.09   44.63   182.98  111.65   168.48   91.89   199.04   93.91 
  61    4.26    6.87     33.31    4.50    2.65     17.69   14.44   16.59     20.99   10.70    7.81      8.39   44.28   44.63   181.57  104.95   167.00   85.21   197.62   87.14 
  62    4.26    6.92     33.40    4.49    2.68     18.34   13.30   16.53     20.99   10.70    7.86      9.01   40.09   44.56   185.85  100.40   171.10   81.16   201.36   82.52 
  63    4.26    6.99     34.66    3.94    2.70     16.60   15.95   16.52     20.99   10.70    7.90      8.94   39.08   44.47   191.78   96.91   176.61   77.89   207.03   78.69 
  64    4.26    6.87     33.18    4.78    2.73     16.14   16.67   16.53     20.99   10.70    7.95      8.88   37.20   44.36   195.51   98.21   180.71   79.56   210.51   80.46 
  65    4.26    6.97     31.50    5.82    2.78     15.02   19.05   16.57     20.99   10.70    7.99      9.31   35.52   44.22   193.99  101.76   179.04   83.09   208.99   83.84 
  66    6.39    6.98     35.11    3.85    2.79     17.64   14.09   16.53     21.33   10.21    8.02      9.03   36.17   44.10   195.38  104.75   180.89   86.50   209.93   87.30 
  67    6.39    6.86     33.81    4.42    2.82     16.77   15.83   16.52     21.33   10.21    8.05      9.43   35.65   43.97   190.00  108.13   175.42   89.96   204.46   90.60 
  68    6.39    6.79     33.24    4.59    2.84     16.35   16.57   16.52     21.33   10.21    8.09      9.04   37.92   43.88   182.46  109.11   167.74   91.35   196.53   91.56 
  69    6.39    6.87     35.58    3.42    2.85     14.97   19.48   16.56     21.33   10.21    8.12      9.42   37.03   43.78   177.58  108.94   162.66   91.37   191.40   91.19 
  70    6.39    6.86     33.08    4.44    2.87     14.94   19.53   16.60     21.33   10.21    8.15      9.53   36.64   43.68   170.78  108.06   156.56   89.97   185.26   90.90 
  71    4.56    6.79     33.08    4.21    2.89     17.93   13.77   16.56     20.89   10.68    8.18      9.16   39.70   43.63   161.92  103.77   147.27   85.85   176.09   86.18 
  72    4.56    6.76     34.12    3.62    2.90     17.45   14.49   16.54     20.89   10.68    8.22      9.86   36.20   43.52   158.20   99.68   143.16   82.34   171.83   81.90 
  73    4.56    6.68     35.35    3.07    2.91     18.63   12.77   16.48     20.89   10.68    8.25      9.53   38.05   43.45   156.93   94.16   142.13   77.25   170.09   76.68 
  74    4.56    6.79     34.75    3.32    2.91     17.73   14.11   16.45     20.89   10.68    8.28      9.40   36.58   43.35   159.76   92.87   144.69   75.93   172.92   75.10 
  75    4.56    6.34     34.68    3.39    2.92     19.11   12.04   16.39     20.89   10.68    8.32      9.77   34.29   43.23   160.97   94.41   146.76   76.98   174.88   77.43 
  76    5.87    6.76     33.10    4.08    2.93     20.38   10.35   16.31     20.82   10.71    8.35     10.06   33.07   43.10   159.51   96.33   145.00   79.00   173.29   79.12 
  77    5.87    6.66     34.86    3.36    2.94     21.44    9.30   16.22     20.82   10.71    8.38     10.27   32.50   42.96   160.27   99.69   145.75   82.56   173.80   82.45 
  78    5.87    6.63     34.51    3.52    2.95     20.75   10.04   16.14     20.82   10.71    8.41     10.01   33.43   42.84   160.82  101.89   146.29   84.65   174.39   84.60 
  79    5.87    6.69     34.06    3.69    2.96     20.83    9.93   16.06     20.82   10.71    8.44     10.46   32.28   42.71   158.65  102.51   144.55   84.90   172.65   85.56 
  80    5.87    6.70     35.65    3.04    2.96     20.54   10.32   15.99     20.82   10.71    8.47     10.26   32.99   42.58   156.79  103.41   142.40   86.25   170.34   86.29 
  81    6.36    6.78     34.01    3.64    2.96     22.41    8.35   15.90     20.86   10.61    8.49     10.52   32.48   42.46   154.28  104.48   139.55   87.40   167.70   87.10 
  82    6.36    6.68     33.51    3.77    2.97     23.23    7.63   15.80     20.86   10.61    8.52     10.92   32.06   42.33   151.09  101.54   136.78   84.47   164.70   84.55 
  83    6.36    5.92     34.60    3.33    2.98     23.50    7.39   15.70     20.86   10.61    8.54      9.62   36.87   42.27   154.69   98.03   140.01   81.18   168.04   80.73 
  84    6.36    6.01     33.85    3.69    2.99     21.58    9.23   15.62     20.86   10.61    8.57      9.77   35.93   42.19   157.64   95.63   142.86   79.03   170.52   78.21 
  85    6.36    6.71     35.69    3.03    2.99     20.21   10.92   15.56     20.86   10.61    8.59     10.12   34.36   42.10   162.43   95.24   147.51   78.67   175.54   77.82 
  86    8.56    6.62     31.95    4.94    3.01     18.83   12.72   15.53     21.00   10.42    8.61      7.50   42.26   42.10   170.35   99.24   155.06   82.50   183.48   81.37 
  87    8.56    6.78     33.42    4.29    3.03     18.39   13.72   15.51     21.00   10.42    8.63      9.04   37.56   42.05   175.95  103.21   160.56   86.80   188.77   85.31 
  88    8.56    6.69     36.80    2.98    3.02     15.98   18.25   15.54     21.00   10.42    8.65      9.28   37.48   42.00   182.49  102.43   167.65   85.47   195.76   84.95 
  89    8.56    6.71     32.82    4.86    3.05     14.35   22.16   15.62     21.00   10.42    8.67      8.35   41.51   41.99   188.61  100.91   174.11   83.61   202.26   83.68 
  90    8.56    5.83     32.89    4.89    3.07     13.21   25.39   15.72     21.00   10.42    8.69      8.66   41.11   41.98   192.77   98.52   178.29   81.48   206.19   81.36 
  91    7.14    6.61     32.77    5.00    3.09     16.28   17.86   15.75     20.61   10.88    8.72     10.22   35.42   41.91   195.60   96.18   181.29   78.90   209.23   79.13 
  92    7.14    6.46     32.00    5.52    3.11     15.15   20.69   15.80     20.61   10.88    8.74     10.30   35.88   41.84   197.33   95.61   183.16   78.59   210.83   78.75 
  93    7.14    6.65     32.72    5.10    3.13     14.52   22.63   15.87     20.61   10.88    8.76     10.07   37.41   41.80   198.97   95.13   185.51   77.50   213.15   78.79 
  94    7.14    6.64     34.16    4.28    3.15     14.17   23.63   15.96     20.61   10.88    8.79      9.90   40.39   41.78   199.15   90.13   185.90   72.74   213.13   74.03 
  95    7.14    6.74     33.56    4.58    3.16     12.99   27.36   16.08     20.61   10.88    8.81      9.69   40.54   41.77   199.98   87.58   186.75   70.08   214.00   71.44 
  96    5.83    6.99     32.41    5.22    3.18     18.04   15.32   16.07     19.92   11.79    8.84     10.77   35.68   41.71   199.89   85.45   186.10   68.76   213.12   68.96 
  97    5.83    6.82     33.47    4.60    3.20     17.22   17.13   16.08     19.92   11.79    8.87     10.79   36.39   41.65   199.25   84.74   186.20   67.55   213.03   68.85 
  98    5.83    6.50     32.36    5.24    3.22     17.86   15.74   16.08     19.92   11.79    8.90     10.54   36.38   41.60   198.10   86.18   185.43   69.19   211.91   70.70 
  99    5.83    6.86     32.35    5.36    3.24     17.21   16.85   16.08     19.92   11.79    8.93      9.30   37.52   41.56   200.36   93.06   188.06   75.90   214.35   77.89 
 100    5.83    6.19     32.51    5.27    3.26     18.06   15.31   16.08     19.92   11.79    8.96      8.95   42.47   41.56   197.71   99.47   185.47   82.82   211.29   84.48 
 101    7.26    6.99     33.51    4.66    3.27     17.92   15.80   16.07     19.71   12.11    8.99      9.64   41.15   41.56   194.56  103.96   182.77   87.11   208.41   89.33 
 102    7.26    6.82     33.22    4.74    3.29     18.61   14.70   16.06     19.71   12.11    9.02      9.79   42.73   41.57   190.26  106.42   176.67   90.68   202.62   90.31 
 103    7.26    6.82     34.84    3.81    3.29     17.06   17.51   16.07     19.71   12.11    9.05      9.84   44.57   41.60   184.24  106.12   170.74   90.35   196.64   90.08 
 104    7.26    6.91     34.78    3.71    3.30     15.48   20.37   16.12     19.71   12.11    9.08     10.36   41.56   41.60   178.31  102.32   164.80   86.88   190.43   86.37 
 105    7.26    7.00     37.87    2.57    3.29     15.82   19.84   16.15     19.71   12.11    9.11     11.21   33.96   41.53   179.17   98.26   164.61   83.24   190.58   81.31 
 106    9.59    6.62     37.06    2.85    3.29     15.86   19.68   16.18     20.42   11.19    9.13     10.48   35.44   41.47   183.81   92.87   169.35   78.08   195.15   76.12 
 107    9.59    6.71     37.13    2.84    3.28     14.36   23.52   16.25     20.42   11.19    9.15     10.54   35.60   41.42   185.93   91.91   170.95   77.90   196.43   74.80 
 108    9.59    6.35     39.16    2.27    3.27     14.14   23.92   16.32     20.42   11.19    9.17     10.18   36.34   41.37   189.00   93.25   174.41   79.21   199.62   76.55 
 109    9.59    6.60     39.13    2.29    3.26     14.50   23.28   16.39     20.42   11.19    9.18     10.34   35.69   41.32   189.84   98.15   174.64   84.69   199.79   80.96 
 110    9.59    6.79     40.90    1.89    3.25     14.23   23.68   16.45     20.42   11.19    9.20     10.36   35.96   41.27   189.04  101.51   173.89   88.10   198.90   84.37 
 111    9.08    6.88     35.03    3.74    3.26     15.06   21.59   16.50     19.80   12.04    9.23     10.76   35.09   41.21   190.19  102.57   175.86   89.11   200.30   86.24 
 112    9.08    6.82     38.57    2.48    3.25     14.54   23.74   16.57     19.80   12.04    9.25     10.66   36.17   41.17   191.01  106.22   175.56   93.69   200.00   88.94 
 113    9.08    6.85     38.20    2.61    3.24     13.70   26.08   16.65     19.80   12.04    9.28     10.26   37.99   41.14   191.04  108.26   175.51   96.10   199.65   91.00 
 114    9.08    6.85     33.28    4.62    3.26     13.20   27.74   16.75     19.80   12.04    9.30     10.23   38.45   41.12   193.61  109.41   178.51   97.24   202.26   92.57 
 115    9.08    6.65     37.24    2.95    3.25     13.39   26.93   16.84     19.80   12.04    9.33     10.26   38.90   41.10   193.85  109.73   178.65   98.00   202.07   92.88 
 116    8.26    6.67     39.89    2.18    3.24     17.35   16.76   16.84     18.99   13.26    9.36     11.10   36.15   41.05   194.80  105.18   179.99   92.38   204.08   88.48 
 117    8.26    6.47     36.47    3.18    3.24     16.59   18.27   16.85     18.99   13.26    9.39     11.87   32.94   40.98   194.65  101.27   179.90   89.01   203.48   84.76 
 118    8.26    6.60     36.85    3.08    3.24     16.66   17.75   16.85     18.99   13.26    9.43     11.37   33.26   40.92   197.00   99.89   182.67   87.26   206.32   83.71 
 119    8.26    6.46     40.60    2.04    3.23     15.80   19.58   16.88     18.99   13.26    9.46     10.25   35.51   40.87   198.63  104.24   184.36   91.43   208.18   88.08 
 120    8.26    6.56     40.29    2.12    3.22     15.24   20.70   16.91     18.99   13.26    9.49      9.98   35.70   40.83   198.18  108.92   184.07   95.87   207.97   92.85 
 121   10.82    6.73     41.73    1.79    3.21     17.36   16.08   16.90     19.23   12.92    9.52     10.74   33.48   40.77   195.05  111.43   181.79   98.63   204.80   96.28 
 122   10.82    6.68     36.82    3.11    3.21     17.66   15.79   16.89     19.23   12.92    9.55     11.09   33.08   40.71   192.11  114.11   178.85  101.71   201.50   99.00 
 123   10.82    6.55     39.87    2.16    3.20     17.83   15.49   16.88     19.23   12.92    9.57     11.38   32.94   40.64   188.00  113.95   174.62  101.66   197.26   98.79 
 124   10.82    6.87     41.88    1.69    3.19     16.85   17.32   16.89     19.23   12.92    9.60     11.46   33.03   40.58   184.73  112.91   171.35  100.69   193.94   97.76 
 125   10.82    6.88     37.95    2.64    3.18     17.45   16.28   16.88     19.23   12.92    9.63     11.61   32.46   40.52   184.38  112.02   171.18   99.51   193.91   96.97 
 126   13.06    6.77     37.48    2.73    3.18     19.27   12.92   16.85     19.33   12.78    9.65     11.53   32.80   40.46   180.93  107.96   167.87   96.04   189.87   93.16 
 127   13.06    6.50     36.77    2.90    3.18     19.35   12.79   16.82     19.33   12.78    9.68     11.53   32.27   40.39   177.65  106.05   164.56   94.05   186.73   91.22 
 128   13.06    6.70     33.18    4.25    3.19     16.92   17.03   16.82     19.33   12.78    9.70     11.31   33.25   40.34   173.15  104.53   159.85   93.17   181.58   89.61 
 129   13.06    6.77     34.29    3.69    3.19     16.49   17.70   16.83     19.33   12.78    9.72     11.51   32.27   40.27   170.69  102.39   157.97   90.60   179.60   87.92 
 130   13.06    6.85     34.03    3.70    3.20     17.11   16.55   16.82     19.33   12.78    9.75     12.06   31.55   40.21   166.99   98.20   153.37   86.88   175.25   82.98 
 131   12.17    6.77     34.77    3.32    3.20     17.92   15.03   16.81     19.26   12.89    9.77     11.62   33.37   40.15   165.76   91.19   152.47   80.23   173.72   76.30 
 132   12.17    6.65     33.73    3.71    3.20     18.26   14.52   16.79     19.26   12.89    9.80     12.31   29.13   40.07   164.60   90.82   150.85   79.90   172.47   75.56 
 133   12.17    6.52     36.35    2.75    3.20     17.58   15.95   16.79     19.26   12.89    9.82     10.89   32.92   40.02   161.34   95.23   147.43   84.55   168.92   79.83 
 134   12.17    5.66     33.47    3.84    3.20     16.71   17.94   16.80     19.26   12.89    9.84     11.61   31.26   39.95   162.08   98.02   147.53   87.56   169.28   82.04 
 135   12.17    5.62     35.93    2.89    3.20     16.14   19.44   16.81     19.26   12.89    9.86     11.73   31.76   39.89   160.89   98.78   146.97   88.26   168.32   83.36 
 136   14.41    6.06     36.34    2.77    3.20     16.62   18.77   16.83     18.96   13.34    9.89     10.93   34.37   39.85   158.87  102.25   145.17   91.50   166.66   87.06 
 137   14.41    6.66     34.40    3.45    3.20     15.52   21.64   16.86     18.96   13.34    9.92     11.09   35.00   39.81   156.77  104.25   143.07   93.41   164.57   89.03 
 138   14.41    6.99     35.84    2.92    3.20     14.97   23.43   16.91     18.96   13.34    9.94     11.15   35.61   39.78   155.15  105.27   142.41   93.43   164.02   90.75 
 139   14.41    6.69     36.32    2.73    3.19     14.44   24.95   16.97     18.96   13.34    9.96     11.18   36.11   39.76   153.18  105.09   140.07   93.60   161.70   90.26 
 140   14.41    6.65     32.08    4.50    3.20     14.46   25.16   17.03     18.96   13.34    9.99     11.04   36.98   39.74   157.00  103.77   144.25   91.55   166.25   89.20 
 141   10.90    6.67     33.36    3.98    3.21     16.31   20.47   17.05     18.40   14.30   10.02     10.48   38.59   39.73   163.36  103.44   151.10   91.68   172.29   89.35 
 142   10.90    6.72     33.59    4.01    3.21     16.10   21.06   17.08     18.40   14.30   10.05     10.48   38.79   39.72   169.48  104.65   156.59   92.85   178.49   90.08 
 143   10.90    6.58     34.19    3.86    3.22     15.91   21.50   17.11     18.40   14.30   10.08     10.61   38.06   39.71   177.16  104.36   163.88   93.61   184.92   89.49 
 144   10.90    6.82     36.28    3.11    3.22     15.29   23.41   17.16     18.40   14.30   10.11     10.74   38.36   39.70   181.95  104.28   168.89   93.37   189.94   89.62 
 145   10.90    6.70     34.28    3.97    3.22     14.94   24.52   17.21     18.40   14.30   10.14     10.68   39.58   39.70   186.03  104.14   172.79   92.92   194.32   89.33 
 146   13.63    6.48     33.78    4.24    3.23     17.82   17.59   17.21     18.43   14.32   10.17     10.78   39.02   39.70   187.34  105.19   174.56   94.18   195.39   90.72 
 147   13.63    6.78     34.40    3.96    3.23     17.13   19.10   17.22     18.43   14.32   10.19     10.81   38.81   39.69   186.14  107.89   173.00   96.74   194.40   93.21 
 148   13.63    6.54     34.69    3.82    3.24     16.64   20.44   17.24     18.43   14.32   10.22     11.02   39.14   39.69   186.37  107.39   173.36   96.49   194.56   92.88 
 149   13.63    6.75     34.94    3.75    3.24     15.94   21.97   17.28     18.43   14.32   10.25     10.17   44.56   39.72   190.02  104.39   177.67   92.55   198.98   90.21 
 150   13.63    6.76     35.06    3.68    3.24     15.36   23.47   17.32     18.43   14.32   10.28     10.89   40.12   39.72   188.69  103.47   176.26   91.78   197.47   89.24 
 151   17.31    6.84     35.48    3.48    3.25     15.60   22.88   17.35     18.56   14.18   10.30     10.56   41.68   39.73   186.96  102.64   174.71   91.12   195.56   88.56 
 152   17.31    6.81     32.16    4.94    3.26     14.13   27.71   17.42     18.56   14.18   10.33     10.84   43.63   39.76   180.72  100.21   168.27   89.11   189.21   86.22 
 153   17.31    6.83     30.92    5.49    3.27     12.42   33.52   17.53     18.56   14.18   10.35     10.03   47.78   39.81   174.90   96.34   162.74   85.25   183.46   82.64 
 154   17.31    6.64     28.79    7.00    3.30     11.67   36.25   17.65     18.56   14.18   10.38      9.58   48.01   39.87   175.08   96.01   163.45   84.72   183.94   82.77 
 155   17.31    6.52     26.23    9.31    3.33     10.52   41.03   17.80     18.56   14.18   10.40      9.05   47.78   39.92   173.78   98.43   162.20   87.15   182.67   85.27 
 156   13.30    6.73     26.67    8.82    3.37     16.21   22.11   17.83     18.18   14.90   10.43      9.61   45.29   39.95   171.50  101.18   160.42   89.53   180.81   88.43 
 157   13.30    6.74     26.00    9.51    3.41     13.62   30.33   17.91     18.18   14.90   10.46      9.31   48.36   40.01   171.11  103.11   159.51   92.48   179.38   90.05 
 158   13.30    6.71     25.11   10.57    3.45     12.21   35.94   18.02     18.18   14.90   10.49      9.34   50.01   40.07   169.93  103.28   159.30   91.43   179.50   90.94 
 159   13.30    6.62     24.12   12.08    3.51     11.33   40.01   18.16     18.18   14.90   10.52      8.49   61.01   40.20   176.19  105.31   165.86   93.30   186.00   93.26 
 160   13.30    6.63     23.19   13.59    3.57     11.11   40.73   18.30     18.18   14.90   10.54      8.46   59.63   40.32   178.80  106.35   169.02   94.12   188.91   94.77 
 161   24.99    6.78     24.29   12.13    3.62     14.84   27.58   18.36     17.83   15.62   10.57      9.93   49.74   40.38   179.13  106.91   169.50   94.65   189.31   95.46 
 162   24.99    6.44     25.06   11.18    3.67     14.55   28.59   18.42     17.83   15.62   10.61      9.94   49.44   40.44   180.07  108.66   170.52   96.87   189.79   97.37 
 163   24.99    6.57     24.64   11.86    3.72     13.73   29.15   18.49     17.83   15.62   10.64     10.05   50.84   40.50   183.11  107.40   173.76   95.75   192.75   96.34 
 164   24.99    6.71     24.81   11.59    3.77     14.06   28.03   18.54     17.83   15.62   10.67     10.68   43.10   40.52   181.66  106.54   172.51   94.97   191.22   95.65 
 165   24.99    6.57     24.80   11.66    3.82     14.07   27.78   18.60     17.83   15.62   10.70     10.52   44.73   40.54   182.80  107.04   173.81   95.26   192.67   96.33 
 166   13.26    6.80     25.60   10.60    3.86     17.49   19.03   18.60     17.94   15.51   10.73     10.97   40.49   40.54   181.40  107.61   171.89   95.93   191.05   96.38 
 167   13.26    6.76     25.80    9.98    3.89     14.48   25.99   18.65     17.94   15.51   10.75      9.62   41.91   40.55   172.62  105.11   163.38   93.43   182.26   94.13 
 168   13.26    6.57     26.30    9.14    3.93     14.19   26.57   18.69     17.94   15.51   10.78      9.61   41.87   40.56   166.02  103.64   157.79   91.54   176.34   93.62 
 169   13.26    6.76     27.56    7.75    3.95     12.56   31.77   18.77     17.94   15.51   10.81      9.45   41.45   40.56   159.39  102.30   151.00   90.36   169.54   92.17 
 170   13.26    6.70     22.70   13.48    4.00     10.60   34.38   18.86     17.94   15.51   10.84      9.26   43.65   40.58   163.12   99.60   155.05   87.39   173.58   89.71 
 171   13.87    7.06     22.65   13.23    4.06     10.10   36.21   18.97     17.91   15.62   10.87      8.47   43.85   40.60   160.28  100.13   152.78   88.31   170.50   90.93 
 172   13.87    6.58     22.54   13.43    4.11     10.13   36.28   19.07     17.91   15.62   10.89      8.53   43.56   40.62   160.29  101.16   152.91   89.24   170.59   92.02 
 173   13.87    7.05     18.74   20.65    4.21     11.57   34.98   19.16     17.91   15.62   10.92      8.85   42.68   40.63   166.39  114.10   159.17  102.36   176.59  105.19 
 174   13.87    6.02     18.20   21.98    4.31     12.16   33.60   19.24     17.91   15.62   10.95      9.37   42.20   40.64   166.86  116.60   159.25  105.22   176.63  107.36 
 175   13.87    6.20     23.60   11.78    4.35     11.60   32.52   19.32     17.91   15.62   10.98      9.86   41.75   40.64   160.00  100.94   153.30   89.23   170.25   92.50 
 176   15.15    6.23     18.43   21.58    4.45     13.68   26.74   19.36     16.93   17.50   11.01     10.20   39.86   40.64   171.20  112.32   163.20  100.95   180.90  102.73 
 177   15.15    6.91     17.72   23.57    4.56     14.11   26.24   19.40     16.93   17.50   11.05     10.52   39.68   40.63   174.85  112.59   166.69  101.12   184.61  102.82 
 178   15.15    6.25     17.32   24.90    4.67     12.63   30.77   19.46     16.93   17.50   11.09     10.31   40.02   40.63   178.56  112.07   170.11  100.55   188.33  102.02 
 179   15.15    7.00     17.69   24.28    4.78     12.36   31.16   19.53     16.93   17.50   11.12     10.27   39.54   40.62   181.45  112.18   173.14  100.53   191.36  102.22 
 180   15.15    6.55     16.84   26.81    4.91     11.94   32.83   19.60     16.93   17.50   11.16     10.13   39.92   40.62   182.91  114.55   174.87  102.98   192.80  104.87 
 181   16.75    6.58     17.04   26.19    5.02     13.92   25.62   19.63     17.07   17.25   11.19     10.63   37.92   40.61   181.92  115.23   173.57  103.31   192.13  105.25 
 182   16.75    6.79     16.58   27.21    5.14     13.38   27.74   19.68     17.07   17.25   11.22     10.13   40.12   40.60   178.64  117.51   170.05  105.87   188.54  107.32 
 183   16.75    6.66     19.38   19.56    5.22     12.31   28.74   19.73     17.07   17.25   11.26     10.37   39.26   40.60   172.62  109.57   164.70   98.00   182.50   99.99 
 184   16.75    6.72     18.64   21.24    5.31     12.21   28.71   19.78     17.07   17.25   11.29     10.32   37.85   40.58   173.84  109.54   165.82   97.49   184.30   99.91 
 185   16.75    6.84     19.47   19.37    5.39     12.22   28.75   19.83     17.07   17.25   11.32      9.90   38.16   40.57   172.99  108.24   164.88   95.62   183.97   98.43 
 186   18.23    6.75     19.09   20.15    5.47     13.15   25.87   19.86     16.61   18.19   11.36     10.42   36.01   40.54   173.37  107.46   165.52   95.02   184.19   97.92 
 187   18.23    6.99     19.32   19.81    5.54     13.14   26.01   19.89     16.61   18.19   11.39     10.54   35.78   40.52   174.96  106.90   167.65   94.82   185.47   97.85 
 188   18.23    6.13     16.68   26.77    5.66     13.80   25.84   19.92     16.61   18.19   11.43     11.04   34.84   40.49   177.54  114.31   168.73  102.19   187.83  103.81 
 189   18.23    6.40     16.80   26.79    5.77     13.86   25.99   19.95     16.61   18.19   11.47     11.71   33.20   40.45   179.95  113.44   171.56  100.84   190.79  103.26 
 190   18.23    6.62     17.88   23.78    5.86     14.16   25.25   19.98     16.61   18.19   11.50     12.24   32.30   40.41   182.56  107.75   173.97   95.30   193.23   97.42 
 191   15.16    6.79     18.83   21.43    5.94     14.66   24.35   20.01     16.64   18.12   11.54     12.29   33.10   40.37   181.18  106.30   172.43   93.99   191.68   95.83 
 192   15.16    6.60     17.53   24.01    6.04     13.72   28.05   20.05     16.64   18.12   11.57     11.44   38.40   40.36   176.55  105.12   167.88   91.96   188.01   94.71 
 193   15.16    6.80     18.02   22.58    6.12     13.32   28.89   20.09     16.64   18.12   11.60     11.68   35.88   40.33   175.20  103.89   165.62   91.70   185.38   92.57 
 194   15.16    6.60     17.77   23.17    6.21     13.62   28.23   20.14     16.64   18.12   11.64     11.56   35.88   40.31   173.04  106.76   163.23   95.10   182.67   95.36 
 195   15.16    6.65     18.32   21.39    6.29     13.32   28.57   20.18     16.64   18.12   11.67     11.32   37.60   40.30   167.18  107.03   157.42   94.68   177.43   95.48 
 196   18.54    6.51     17.76   22.78    6.37     14.66   24.89   20.20     16.63   18.18   11.70     11.84   34.27   40.27   167.09  109.92   157.68   97.49   177.46   98.66 
 197   18.54    6.47     17.54   22.92    6.46     14.59   25.84   20.23     16.63   18.18   11.74     12.01   35.97   40.25   164.01  109.58   153.88   97.40   174.05   97.71 
 198   18.54    6.60     17.28   23.90    6.55     14.59   26.00   20.26     16.63   18.18   11.77     11.93   33.99   40.21   167.83  109.98   158.42   97.66   178.14   98.77 
 199   18.54    6.85     17.72   22.90    6.63     14.87   25.02   20.28     16.63   18.18   11.80     12.27   33.73   40.18   168.60  108.81   158.46   96.38   178.85   96.86 
 200   18.54    6.52     27.40    7.70    6.63     13.86   23.16   20.30     16.63   18.18   11.83     11.67   34.66   40.15   166.61   92.31   157.37   79.99   176.92   81.32 
 201   15.05    6.75     32.72    4.22    6.62     13.51   22.32   20.31     16.59   18.31   11.87     12.21   29.98   40.10   163.73   79.81   154.21   68.14   173.53   68.78 
 202   15.05    6.09     34.86    3.34    6.60     13.47   22.63   20.32     16.59   18.31   11.90     11.96   30.18   40.05   166.69   78.66   157.32   66.75   176.75   67.75 
 203   15.05    6.84     34.53    3.56    6.59     13.15   23.02   20.33     16.59   18.31   11.93     10.94   31.64   40.01   172.47   78.81   162.49   67.24   182.07   67.31 
 204   15.05    6.71     33.42    4.16    6.58     13.54   22.52   20.34     16.59   18.31   11.96     10.76   31.21   39.97   176.79   82.14   166.90   69.98   187.00   70.66 
 205   15.05    6.73     34.48    3.72    6.56     13.43   22.93   20.36     16.59   18.31   11.99     11.09   29.81   39.92   178.49   83.74   168.95   71.36   189.04   72.63 
 206   14.83    6.34     35.04    3.58    6.55     16.44   16.01   20.34     16.55   18.34   12.02     11.64   28.81   39.87   183.76   83.76   174.14   71.58   194.09   72.59 
 207   14.83    6.76     32.74    4.70    6.54     16.18   16.48   20.32     16.55   18.34   12.05     11.97   27.13   39.80   186.33   82.33   177.08   70.08   196.61   71.40 
 208   14.83    5.91     35.94    3.22    6.52     16.10   16.60   20.30     16.55   18.34   12.08     12.57   25.85   39.74   186.42   78.59   176.62   66.45   196.66   67.23 
 209   14.83    6.79     35.66    3.31    6.51     15.72   17.13   20.28     16.55   18.34   12.11     12.32   26.57   39.67   187.08   74.64   176.98   63.09   196.72   63.10 
 210   14.83    6.46     35.16    3.55    6.50     15.84   16.90   20.27     16.55   18.34   12.14     11.81   27.91   39.62   189.92   72.75   180.90   60.62   200.20   62.11 
 211   16.55    6.60     36.41    3.14    6.48     16.82   15.17   20.24     16.65   18.06   12.17     11.06   29.17   39.57   193.84   74.17   184.02   62.44   203.45   62.74 
 212   16.55    6.69     36.15    3.21    6.46     17.33   14.37   20.22     16.65   18.06   12.20     11.23   27.22   39.51   190.96   77.17   181.57   65.06   201.03   66.06 
 213   16.55    6.59     33.61    4.34    6.45     16.86   15.28   20.19     16.65   18.06   12.23     10.52   29.09   39.46   190.52   83.15   180.85   71.45   200.32   71.98 
 214   16.55    6.81     36.53    3.08    6.44     16.37   16.14   20.17     16.65   18.06   12.25     10.81   28.38   39.41   187.43   87.59   178.49   75.90   197.38   77.16 
 215   16.55    6.58     34.40    3.83    6.43     15.74   17.27   20.16     16.65   18.06   12.28     10.19   30.41   39.37   179.97   90.09   170.33   78.92   189.03   78.89 
 216   17.10    6.66     36.12    3.07    6.41     17.21   14.67   20.14     16.51   18.30   12.31      9.85   31.68   39.33   173.42   92.81   163.43   81.30   182.85   81.29 
 217   17.10    6.84     35.26    3.29    6.40     18.42   12.89   20.10     16.51   18.30   12.34     10.89   29.33   39.29   166.49   93.49   157.04   81.75   176.38   82.53 
 218   17.10    6.69     35.34    3.13    6.38     16.27   16.73   20.09     16.51   18.30   12.36     10.64   32.62   39.26   160.00   91.14   150.37   79.56   169.71   80.04 
 219   17.10    6.61     36.82    2.63    6.36     16.78   15.72   20.07     16.51   18.30   12.39     11.31   29.08   39.21   159.05   92.19   149.79   80.39   169.06   81.43 
 220   17.10    6.75     32.18    4.43    6.36     16.95   15.31   20.04     16.51   18.30   12.42     12.13   28.36   39.16   155.74   89.20   146.67   77.87   165.24   78.60 
 221   17.94    6.53     30.73    5.16    6.35     18.03   13.58   20.02     16.76   17.75   12.44     12.22   28.35   39.11   154.15   85.07   145.17   73.16   164.26   74.52 
 222   17.94    6.73     32.65    4.19    6.34     17.82   14.10   19.99     16.76   17.75   12.47     11.00   30.14   39.07   158.04   86.35   149.07   74.66   167.89   75.83 
 223   17.94    6.54     32.48    4.35    6.33     17.05   15.69   19.97     16.76   17.75   12.49     11.15   30.05   39.03   160.65   88.46   151.41   76.59   170.68   77.67 
 224   17.94    6.60     32.03    4.69    6.32     16.49   16.82   19.96     16.76   17.75   12.51     11.07   30.78   38.99   163.78   88.98   155.10   77.06   173.90   78.71 
 225   17.94    6.24     32.67    4.45    6.32     15.94   18.41   19.95     16.76   17.75   12.54     10.79   31.67   38.96   168.13   91.54   159.16   78.89   178.89   80.82 
 226   16.55    6.70     31.73    5.05    6.31     17.06   16.40   19.93     16.71   17.82   12.56     11.17   30.78   38.92   170.71   94.89   161.32   82.79   181.01   83.93 
 227   16.55    5.86     30.98    5.63    6.31     16.32   17.88   19.92     16.71   17.82   12.58     10.95   31.94   38.89   172.26   98.40   163.09   86.33   182.41   87.57 
 228   16.55    6.79     29.43    6.96    6.31     15.73   19.34   19.92     16.71   17.82   12.61     10.47   34.00   38.87   176.26  101.37   167.04   88.66   187.21   90.52 
 229   16.55    5.90     30.59    6.15    6.31     15.36   20.19   19.92     16.71   17.82   12.63     10.87   33.27   38.85   179.24  102.66   170.18   89.93   190.25   91.99 
 230   16.55    6.94     32.56    4.92    6.30     15.85   19.24   19.92     16.71   17.82   12.65     12.03   30.15   38.81   182.60  100.78   173.22   87.60   193.68   89.49 
 231   18.11    6.27     31.35    5.77    6.30     13.47   24.12   19.94     16.71   17.79   12.67     10.95   34.79   38.79   191.75   94.43   181.96   82.56   201.61   83.05 
 232   18.11    5.71     30.43    6.37    6.30     13.57   24.34   19.96     16.71   17.79   12.70     11.58   31.61   38.76   189.11   92.38   178.94   79.98   199.28   80.44 
 233   18.11    5.76     31.13    5.74    6.30     13.32   25.16   19.98     16.71   17.79   12.72     11.53   34.23   38.74   187.87   85.53   178.06   72.72   198.72   74.04 
 234   18.11    6.08     30.28    6.24    6.30     13.44   24.88   20.00     16.71   17.79   12.74     11.65   32.93   38.72   186.65   80.24   176.36   67.51   197.35   68.29 
 235   18.11    5.77     30.90    5.76    6.30     13.68   24.25   20.02     16.71   17.79   12.76     12.10   30.78   38.68   186.73   75.98   176.54   62.93   197.73   64.06 
 236   19.01    5.81     29.68    6.44    6.30     13.40   24.84   20.04     16.58   18.04   12.78     11.91   32.27   38.66   183.40   70.12   172.76   58.60   192.70   57.90 
 237   19.01    5.73     31.04    5.46    6.29     13.36   25.54   20.06     16.58   18.04   12.80     10.89   33.38   38.63   180.71   72.72   169.97   60.36   190.75   60.19 
 238   19.01    6.00     29.76    6.21    6.29     12.74   26.35   20.09     16.58   18.04   12.83     10.43   34.00   38.61   182.15   77.98   171.81   66.43   191.68   66.14 
 239   19.01    6.32     32.59    4.39    6.28     11.86   30.58   20.13     16.58   18.04   12.85      8.98   37.80   38.61   170.51   79.54   159.75   66.64   181.23   67.06 
 240   19.01    6.57     31.46    4.92    6.28     11.88   30.62   20.18     16.58   18.04   12.87     10.29   35.01   38.60   167.07   78.38   156.58   66.85   176.42   66.37 
 241   15.19    5.75     30.59    5.43    6.28     12.81   27.80   20.21     16.09   19.08   12.90      9.79   40.70   38.60   166.83   78.99   156.41   67.16   176.44   66.90 
 242   15.19    5.86     31.35    4.97    6.27     12.81   27.77   20.24     16.09   19.08   12.92     10.39   37.28   38.60   166.08   79.27   155.81   67.82   175.38   67.50 
 243   15.19    6.61     32.48    4.35    6.26     12.93   27.53   20.27     16.09   19.08   12.95     10.33   37.11   38.59   165.68   80.58   155.19   69.21   174.91   68.55 
 244   15.19    6.56     30.84    5.21    6.26     12.97   27.16   20.30     16.09   19.08   12.97     10.41   37.13   38.59   163.30   80.15   153.15   69.35   172.03   68.62 
 245   15.19    6.82     32.86    4.07    6.25     12.79   27.97   20.33     16.09   19.08   13.00     10.61   37.45   38.58   161.93   79.31   151.59   68.68   170.46   67.63 
 246   25.13    6.50     31.88    4.59    6.24     14.61   22.63   20.34     16.17   18.91   13.02     11.00   36.37   38.57   163.31   76.86   153.39   66.14   171.99   65.56 
 247   25.13    6.61     31.97    4.59    6.24     14.47   22.67   20.35     16.17   18.91   13.04     10.42   37.16   38.57   166.65   77.88   156.49   67.87   174.67   66.47 
 248   25.13    6.38     32.54    4.36    6.23     14.80   21.82   20.35     16.17   18.91   13.07      9.96   37.86   38.57   166.86   81.61   157.14   71.42   175.14   70.64 
 249   25.13    6.60     31.14    5.22    6.22     15.60   19.79   20.35     16.17   18.91   13.09      9.83   37.88   38.56   169.10   85.66   159.37   75.55   177.34   74.72 
 250   25.13    6.62     31.69    4.98    6.22     15.48   19.85   20.35     16.17   18.91   13.12      9.72   37.67   38.56   169.39   90.88   159.69   80.68   177.63   79.87 
 251   18.43    6.55     32.59    4.51    6.21     15.84   18.84   20.34     16.20   18.84   13.14      9.86   37.09   38.55   169.20   93.97   159.26   84.05   177.19   82.83 
 252   18.43    6.37     32.91    4.40    6.20     15.60   19.27   20.34     16.20   18.84   13.16     10.13   36.29   38.54   169.51   97.81   159.57   87.67   177.61   86.54 
 253   18.43    6.63     33.73    3.94    6.20     15.67   19.06   20.33     16.20   18.84   13.18     10.90   34.18   38.53   167.24   96.47   157.37   86.18   175.48   85.26 
 254   18.43    6.19     31.40    5.13    6.19     15.68   18.79   20.33     16.20   18.84   13.21     11.67   33.10   38.51   167.82   90.62   158.38   80.36   176.14   79.85 
 255   18.43    5.63     32.22    4.62    6.19     14.64   20.77   20.33     16.20   18.84   13.23     11.61   33.71   38.49   170.93   81.46   161.16   71.29   179.16   70.42 
 256   21.32    6.51     31.53    5.03    6.18     14.13   21.47   20.33     16.02   19.20   13.25     10.96   34.49   38.47   175.65   75.71   166.46   65.13   184.36   65.14 
 257   21.32    6.56     30.88    5.51    6.18     15.35   19.00   20.33     16.02   19.20   13.27     10.57   32.57   38.45   176.74   79.10   167.77   68.38   185.63   68.72 
 258   21.32    6.46     31.53    5.20    6.17     15.82   17.93   20.32     16.02   19.20   13.30     10.44   32.21   38.42   179.11   83.66   170.01   72.76   188.08   73.09 
 259   21.32    6.00     33.07    4.42    6.17     15.26   19.03   20.31     16.02   19.20   13.32     10.02   32.69   38.40   179.42   88.79   170.14   77.99   188.26   78.07 
 260   21.32    6.48     32.93    4.49    6.16     14.98   19.22   20.31     16.02   19.20   13.34     10.78   30.83   38.37   178.05   89.95   169.50   78.94   187.20   79.89 
 261   17.29    6.25     30.88    5.67    6.16     15.63   17.67   20.30     16.13   18.95   13.36     10.94   29.91   38.34   175.78   91.20   167.19   80.31   184.81   81.14 
 262   17.29    6.46     33.20    4.33    6.15     15.92   17.01   20.29     16.13   18.95   13.39     11.42   28.29   38.30   175.34   92.68   166.77   81.74   184.48   82.61 
 263   17.29    6.47     33.31    4.26    6.15     15.91   16.95   20.27     16.13   18.95   13.41     11.21   28.55   38.26   174.04   93.89   165.68   82.56   183.55   83.97 
 264   17.29    6.36     32.17    4.84    6.14     16.11   16.37   20.26     16.13   18.95   13.43     11.98   27.18   38.22   173.90   91.20   166.06   79.93   183.42   81.78 
 265   17.29    6.27     32.38    4.75    6.14     15.86   16.79   20.25     16.13   18.95   13.45     11.43   28.05   38.18   175.65   91.06   166.97   80.06   184.82   80.92 
 266   20.41    6.72     33.70    4.09    6.13     16.49   15.82   20.23     16.31   18.51   13.47     10.83   29.48   38.15   175.15   91.82   166.67   79.99   185.19   81.79 
 267   20.41    6.13     30.53    5.76    6.13     16.89   14.93   20.21     16.31   18.51   13.49     10.78   29.59   38.12   169.06   89.66   161.31   77.47   179.58   80.28 
 268   20.41    6.37     32.63    4.44    6.12     16.68   15.23   20.19     16.31   18.51   13.50     10.20   30.79   38.09   165.47   90.71   157.20   79.07   175.27   80.84 
 269   20.41    6.13     33.48    3.97    6.11     16.35   15.77   20.17     16.31   18.51   13.52     10.10   30.94   38.07   162.54   91.59   154.73   79.64   172.71   82.06 
 270   20.41    6.27     31.94    4.63    6.11     16.44   15.35   20.16     16.31   18.51   13.54     10.44   29.86   38.04   157.36   90.70   149.30   79.16   167.10   81.01 
 271   22.33    6.77     31.82    4.54    6.10     16.41   15.26   20.14     16.21   18.68   13.56     10.05   30.79   38.01   151.37   89.70   143.84   77.79   161.55   80.45 
 272   22.33    6.53     32.38    4.15    6.09     15.79   16.25   20.12     16.21   18.68   13.58     10.23   30.31   37.98   147.22   88.71   139.54   76.96   157.24   79.35 
 273   22.33    6.10     31.92    4.26    6.09     15.64   16.35   20.11     16.21   18.68   13.60     10.14   30.05   37.95   142.51   87.73   134.67   76.26   152.22   78.27 
 274   22.33    5.68     31.41    4.40    6.08     14.15   19.01   20.11     16.21   18.68   13.62      9.81   30.93   37.93   137.95   87.70   129.82   76.22   147.64   77.98 
 275   22.33    6.36     34.50    3.13    6.07     14.57   18.09   20.10     16.21   18.68   13.64      9.47   31.54   37.90   141.85   87.96   133.19   76.61   151.35   77.80 
 276   19.88    6.91     32.29    4.04    6.06     16.61   14.16   20.08     16.29   18.45   13.65     10.30   29.21   37.87   143.51   85.51   134.63   74.38   152.77   75.18 
 277   19.88    6.71     32.57    3.89    6.05     15.53   15.72   20.06     16.29   18.45   13.67     10.13   30.01   37.84   144.58   80.56   135.97   69.48   153.81   70.51 
 278   19.88    6.91     33.10    3.75    6.05     15.20   16.46   20.05     16.29   18.45   13.69      9.47   30.64   37.82   149.23   82.15   139.80   71.29   158.17   71.35 
 279   19.88    6.24     32.50    4.14    6.04     15.47   15.83   20.03     16.29   18.45   13.70      8.48   32.91   37.80   152.89   86.07   143.84   75.07   162.01   75.62 
 280   19.88    6.58     32.14    4.42    6.03     15.19   16.27   20.02     16.29   18.45   13.72      8.26   33.41   37.78   153.54   92.25   144.29   80.71   163.17   81.52 
 281   20.11    6.69     33.00    4.13    6.03     15.44   15.76   20.01     16.22   18.53   13.74      7.77   35.15   37.77   157.59   97.47   149.73   85.58   167.69   87.98 
 282   20.11    5.95     30.80    5.53    6.03     14.87   16.51   19.99     16.22   18.53   13.76      8.33   33.52   37.76   162.60   98.12   154.94   85.97   172.95   88.77 
 283   20.11    6.29     31.18    5.41    6.02     14.05   17.69   19.99     16.22   18.53   13.77      7.78   35.45   37.75   169.68   95.12   161.82   83.24   179.76   85.61 
 284   20.11    5.77     33.24    4.33    6.02     13.38   18.81   19.98     16.22   18.53   13.79      8.27   33.52   37.74   175.84   91.29   167.20   79.46   185.78   81.06 
 285   20.11    5.72     35.03    3.52    6.01     11.35   22.64   19.99     16.22   18.53   13.81      7.84   34.07   37.72   179.39   86.33   172.08   74.31   189.64   77.28 
 286   21.89    6.02     34.24    3.90    6.00      9.89   25.41   20.01     16.16   18.59   13.82      7.05   34.92   37.71   182.12   83.68   173.72   71.78   192.19   73.68 
 287   21.89    6.45     36.83    2.91    5.99      9.59   26.16   20.03     16.16   18.59   13.84      6.85   35.53   37.71   186.09   81.07   178.03   69.14   196.22   71.37 
 288   21.89    6.65     34.81    3.70    5.98      9.26   26.87   20.05     16.16   18.59   13.86      6.57   35.88   37.70   187.38   79.91   179.28   67.91   197.57   70.16 
 289   21.89    6.04     34.39    3.90    5.98      9.39   26.51   20.08     16.16   18.59   13.87      6.50   35.88   37.69   187.14   81.21   178.68   69.04   197.37   71.06 
 290   21.89    5.62     34.55    3.82    5.97      9.40   26.47   20.10     16.16   18.59   13.89      6.64   35.38   37.68   186.95   82.17   178.57   69.85   197.31   72.07 
 291   23.70    5.75     33.85    4.15    5.96     12.14   19.10   20.10     16.27   18.26   13.90      7.71   30.80   37.66   186.33   83.52   178.04   70.99   196.90   73.47 
 292   23.70    5.78     33.83    4.17    5.96     12.11   19.10   20.09     16.27   18.26   13.92      7.60   30.97   37.64   186.09   86.08   177.29   74.36   195.79   75.64 
 293   23.70    5.74     33.34    4.36    5.95     12.32   18.85   20.09     16.27   18.26   13.93      7.92   30.43   37.61   182.31   88.63   173.18   76.94   192.00   77.89 
 294   23.70    6.02     33.16    4.43    5.94     13.00   18.01   20.08     16.27   18.26   13.95      9.03   28.21   37.58   179.96   89.50   171.46   77.74   189.74   79.37 
 295   23.70    5.97     33.60    4.20    5.94     12.56   18.96   20.08     16.27   18.26   13.96      9.13   27.98   37.55   179.78   89.76   171.35   78.32   189.41   79.74 
 296   25.58    6.03     32.11    4.91    5.94     14.11   16.05   20.06     16.08   18.58   13.98      9.61   27.60   37.52   175.36   88.67   167.85   76.88   185.50   79.51 
 297   25.58    6.26     32.28    4.78    5.93     15.90   13.61   20.04     16.08   18.58   13.99     10.43   25.83   37.48   175.17   86.10   167.27   73.67   185.81   76.50 
 298   25.58    6.38     32.07    4.87    5.93     15.51   14.52   20.02     16.08   18.58   14.01     10.45   26.12   37.44   175.17   84.46   166.92   71.95   185.77   74.46 
 299   25.58    6.29     31.34    5.32    5.93     15.37   14.93   20.01     16.08   18.58   14.02     10.38   26.36   37.40   174.62   84.29   166.73   71.75   185.37   74.68 
 300   25.58    6.13     32.38    4.72    5.92     15.22   15.43   19.99     16.08   18.58   14.04     10.25   26.79   37.37   175.29   85.40   167.62   72.63   186.33   75.97 
 301   22.79    6.22     32.94    4.43    5.92     15.87   14.57   19.97     16.17   18.30   14.05     10.78   25.75   37.33   174.48   86.70   166.77   73.69   185.65   77.13 
 302   22.79    6.52     33.06    4.37    5.91     15.84   14.69   19.96     16.17   18.30   14.07     10.63   26.28   37.29   174.81   87.63   166.80   74.75   185.78   77.78 
 303   22.79    6.52     32.77    4.57    5.91     15.72   14.95   19.94     16.17   18.30   14.08     10.84   25.94   37.25   178.32   88.52   170.04   75.76   189.11   78.42 
 304   22.79    6.62     32.19    4.94    5.90     15.55   15.35   19.92     16.17   18.30   14.10     10.51   26.92   37.22   180.21   89.31   172.42   76.37   191.39   79.73 
 305   22.79    6.51     31.75    5.21    5.90     15.51   15.56   19.91     16.17   18.30   14.11     10.86   26.17   37.18   180.51   89.60   172.31   76.58   191.66   79.58 
 306   19.34    6.58     32.89    4.57    5.90     16.59   13.80   19.89     15.99   18.63   14.12     10.72   26.35   37.15   179.49   90.77   171.56   77.80   190.67   81.07 
 307   19.34    6.00     33.17    4.46    5.89     16.00   14.86   19.87     15.99   18.63   14.14     10.55   27.02   37.11   181.25   92.63   173.04   79.82   192.11   82.59 
 308   19.34    6.48     33.99    4.07    5.89     16.84   13.51   19.85     15.99   18.63   14.15     10.62   26.54   37.08   180.29   94.72   172.18   82.61   190.39   84.91 
 309   19.34    5.86     34.90    3.63    5.88     16.28   14.65   19.84     15.99   18.63   14.17      9.36   29.61   37.06   175.57   99.70   167.25   87.47   186.11   89.87 
 310   19.34    6.19     31.96    5.15    5.88     16.26   14.57   19.82     15.99   18.63   14.18      9.93   28.50   37.03   174.96  103.26   167.12   91.31   185.28   93.94 
 311   19.50    6.22     33.66    4.29    5.87     16.92   13.68   19.80     16.00   18.56   14.20     10.49   27.41   37.00   176.81  107.28   168.67   95.17   187.00   97.43 
 312   19.50    5.69     34.63    3.86    5.87     16.79   13.89   19.78     16.00   18.56   14.21     10.40   27.53   36.97   176.71  110.84   168.81   98.76   186.99  101.27 
 313   19.50    6.20     33.95    4.17    5.86     16.23   14.83   19.76     16.00   18.56   14.22     10.70   26.97   36.94   174.33  112.59   166.36  100.54   184.62  102.98 
 314   19.50    5.98     34.13    4.01    5.85     16.55   14.32   19.75     16.00   18.56   14.24     11.42   25.91   36.90   170.35  111.47   162.43   99.43   180.57  101.85 
 315   19.50    5.73     33.00    4.55    5.85     16.51   14.29   19.73     16.00   18.56   14.25     11.83   25.38   36.86   170.90  108.63   163.07   96.71   181.02   99.13 
 316   30.46    5.59     32.12    5.04    5.85     16.72   14.10   19.71     15.92   18.69   14.27     11.36   27.02   36.83   172.63  107.41   164.75   95.51   182.81   97.91 
 317   30.46    6.70     30.75    5.84    5.85     16.61   14.36   19.69     15.92   18.69   14.28     10.58   31.63   36.82   168.97  105.28   161.84   92.64   179.83   96.24 
 318   30.46    5.84     30.75    5.83    5.85     16.81   13.86   19.68     15.92   18.69   14.29     11.34   27.49   36.79   170.90  100.87   163.55   88.38   181.74   91.87 
 319   30.46    6.81     32.01    5.05    5.85     16.48   14.35   19.66     15.92   18.69   14.31     11.22   26.84   36.76   174.12   99.76   166.10   87.60   184.44   90.03 
 320   30.46    6.13     32.38    4.91    5.84     16.39   14.60   19.64     15.92   18.69   14.32     11.11   26.78   36.72   176.03  100.69   168.33   88.62   186.46   91.46 
 321   24.17    6.24     32.35    5.00    5.84     18.18   11.77   19.62     16.06   18.34   14.33     10.84   27.55   36.70   179.97  100.72   172.46   88.77   190.08   91.42 
 322   24.17    6.13     34.20    4.09    5.83     18.19   11.91   19.60     16.06   18.34   14.35     10.81   27.77   36.67   183.92  101.74   176.42   89.89   193.96   92.51 
 323   24.17    6.68     32.57    5.00    5.83     17.57   12.80   19.57     16.06   18.34   14.36     11.22   27.03   36.64   184.99  101.40   177.66   89.37   195.18   92.25 
 324   24.17    5.75     32.22    5.27    5.83     17.88   12.52   19.55     16.06   18.34   14.37     11.11   27.57   36.61   186.87  102.14   180.14   89.84   197.66   93.80 
 325   24.17    6.20     33.88    4.38    5.83     17.97   12.49   19.53     16.06   18.34   14.38     11.61   26.79   36.58   190.35  100.53   183.80   88.43   200.97   92.37 
 326   26.53    6.00     31.69    5.59    5.82     17.94   12.61   19.51     16.07   18.28   14.39     11.79   27.63   36.55   188.91   96.30   182.41   84.13   199.61   88.18 
 327   26.53    6.34     31.68    5.57    5.82     17.26   13.77   19.49     16.07   18.28   14.41     11.83   27.31   36.52   188.62   94.00   182.40   81.47   199.65   86.07 
 328   26.53    6.64     31.20    5.80    5.82     17.16   14.10   19.48     16.07   18.28   14.42     11.19   30.23   36.50   186.10   92.27   179.28   80.37   196.43   83.85 
 329   26.53    6.62     33.23    4.46    5.82     16.85   14.84   19.46     16.07   18.28   14.43     11.24   31.05   36.49   182.37   89.83   175.67   78.04   192.58   81.52 
 330   26.53    6.68     33.51    4.25    5.81     16.84   14.86   19.45     16.07   18.28   14.44     10.78   30.45   36.47   179.32   90.70   172.37   79.19   189.28   82.23 
 331   29.26    6.65     32.27    4.82    5.81     17.25   14.29   19.43     16.12   18.14   14.45     10.35   30.31   36.45   172.56   94.14   165.50   82.21   182.90   85.52 
 332   29.26    5.85     31.61    5.11    5.81     16.65   15.29   19.42     16.12   18.14   14.46     10.66   29.23   36.43   166.99   95.92   159.88   83.88   177.44   87.26 
 333   29.26    6.56     32.12    4.73    5.81     16.85   15.09   19.41     16.12   18.14   14.48     11.03   28.40   36.41   162.65   98.39   155.14   86.54   172.83   89.38 
 334   29.26    5.85     32.93    4.27    5.80     16.55   15.65   19.40     16.12   18.14   14.49     11.03   28.51   36.38   160.29  100.14   152.70   88.47   170.30   91.04 
 335   29.26    6.57     30.41    5.61    5.80     16.67   15.45   19.38     16.12   18.14   14.50     11.08   28.62   36.36   154.03  101.03   146.54   89.07   164.33   92.00 
 336   22.92    6.11     31.59    4.80    5.80     17.24   14.46   19.37     16.09   18.17   14.51     11.21   28.64   36.34   151.30  101.11   143.87   90.00   160.85   92.31 
 337   22.92    6.83     32.29    4.41    5.79     17.23   14.65   19.35     16.09   18.17   14.52     11.72   27.29   36.31   150.38  101.82   143.27   90.10   160.56   93.24 
 338   22.92    6.25     31.91    4.53    5.79     17.21   14.80   19.34     16.09   18.17   14.53     12.18   26.82   36.28   147.24   99.50   139.63   87.49   157.57   90.34 
 339   22.92    6.82     32.40    4.22    5.79     16.80   15.45   19.33     16.09   18.17   14.54     11.85   28.18   36.26   148.12   94.33   141.00   82.48   158.39   85.66 
 340   22.92    5.86     32.06    4.45    5.78     16.85   15.54   19.32     16.09   18.17   14.55     11.56   28.43   36.23   151.29   93.37   144.01   81.51   161.60   84.62 
 341   19.23    6.25     32.38    4.33    5.78     19.11   12.10   19.30     16.21   17.90   14.56     11.51   28.30   36.21   152.82   94.83   145.37   82.99   163.10   85.95 
 342   19.23    5.81     31.74    4.77    5.77     18.93   12.50   19.28     16.21   17.90   14.57     10.58   30.85   36.19   154.93   99.06   147.25   87.86   164.50   90.00 
 343   19.23    6.82     30.87    5.44    5.77     17.92   14.26   19.26     16.21   17.90   14.58     10.28   32.27   36.18   158.52  102.87   151.06   92.08   167.77   94.12 
 344   19.23    5.51     31.37    5.34    5.77     16.97   16.26   19.25     16.21   17.90   14.59      9.50   34.75   36.18   163.64  108.56   156.39   97.18   173.46   99.84 
 345   19.23    6.82     31.07    5.68    5.77     15.27   19.73   19.26     16.21   17.90   14.60      9.82   34.56   36.17   168.26  110.79   161.28   99.22   178.32  102.32 
 346   19.49    6.14     33.27    4.50    5.77     15.99   18.38   19.25     16.03   18.28   14.61     10.23   34.00   36.17   174.06  110.97   167.36   99.56   183.98  102.76 
 347   19.49    6.66     32.62    4.91    5.77     15.77   18.84   19.25     16.03   18.28   14.62     10.92   32.82   36.16   177.33  108.74   170.83   97.19   187.41  100.70 
 348   19.49    5.99     33.60    4.46    5.76     16.13   18.07   19.25     16.03   18.28   14.63     10.50   33.45   36.15   183.79  105.85   177.54   94.27   193.96   98.06 
 349   19.49    6.75     39.13    2.41    5.75     15.72   18.90   19.25     16.03   18.28   14.64      9.93   35.05   36.15   192.08  105.32   185.50   93.79   202.12   97.19 
 350   19.49    6.39     33.54    4.69    5.75     16.57   16.81   19.24     16.03   18.28   14.65     10.78   31.81   36.14   194.16  105.14   187.69   93.73   204.17   97.20 
 351   19.74    6.67     35.01    4.03    5.74     16.70   16.42   19.23     16.09   18.15   14.66     10.26   32.72   36.13   198.83  107.58   191.89   96.36   208.48   99.17 
 352   19.74    6.34     35.11    4.03    5.74     17.17   15.36   19.22     16.09   18.15   14.67     10.02   32.95   36.12   200.24  112.03   193.90  101.09   209.77  104.27 
 353   19.74    5.75     34.60    4.32    5.74     17.73   14.25   19.21     16.09   18.15   14.68     10.40   31.84   36.10   200.64  114.60   194.08  103.56   210.22  106.58 
 354   19.74    5.70     34.96    4.11    5.73     17.61   14.40   19.19     16.09   18.15   14.69     10.59   31.47   36.09   198.34  115.60   191.50  104.73   207.77  107.42 
 355   19.74    5.75     34.62    4.21    5.73     17.75   14.06   19.18     16.09   18.15   14.70     11.16   29.72   36.07   194.71  114.79   187.74  103.75   204.27  106.45 
 356   20.23    6.05     34.91    3.98    5.72     18.00   13.52   19.16     16.11   18.10   14.71     10.80   30.68   36.06   190.18  112.68   182.96  101.66   199.65  104.08 
 357   20.23    6.67     34.62    4.06    5.72     17.95   13.57   19.15     16.11   18.10   14.72     11.13   29.71   36.04   188.69  109.93   181.86   99.07   198.13  101.77 
 358   20.23    6.21     33.93    4.37    5.71     17.67   13.95   19.13     16.11   18.10   14.73     10.83   29.99   36.02   186.02  109.89   179.68   98.83   195.64  102.04 
 359   20.23    6.79     34.52    4.04    5.71     17.85   13.69   19.12     16.11   18.10   14.74     10.55   30.62   36.01   182.97  110.79   176.27   99.76   192.56  102.62 
 360   20.23    6.42     33.97    4.25    5.70     17.48   14.08   19.10     16.11   18.10   14.75     11.05   29.19   35.99   182.34  109.13   175.82   98.54   191.56  101.30 
 361   31.44    6.55     34.76    3.89    5.70     17.05   14.74   19.09     16.29   17.71   14.76     11.31   28.28   35.97   184.15  109.12   176.90   99.02   192.76  100.63 
 362   31.44    6.53     33.37    4.54    5.70     16.38   15.77   19.08     16.29   17.71   14.76     11.14   28.57   35.95   180.09  108.96   173.37   97.79   189.82  100.77 
 363   31.44    6.10     34.74    3.86    5.69     16.76   15.40   19.07     16.29   17.71   14.77     10.90   29.35   35.93   180.06  110.41   173.16   99.84   189.19  102.21 
 364   31.44    6.17     33.77    4.27    5.69     16.09   16.59   19.07     16.29   17.71   14.78     10.67   30.71   35.92   177.48  110.51   170.58  100.02   186.55  102.33 
 365   31.44    5.93     31.19    5.70    5.69     15.91   16.66   19.06     16.29   17.71   14.79     10.70   31.51   35.90   172.73  110.51   165.74   99.49   182.24  102.03 
 366   21.45    5.84     32.61    4.81    5.69     15.78   16.90   19.05     15.97   18.36   14.80     11.10   29.68   35.89   172.75  110.17   166.21   99.26   182.36  102.33 
 367   21.45    6.48     31.64    5.37    5.68     15.49   16.94   19.05     15.97   18.36   14.81     11.07   29.37   35.87   171.09  109.73   164.84   98.67   180.72  101.97 
 368   21.45    6.65     31.81    5.26    5.68     15.59   16.84   19.04     15.97   18.36   14.82     11.16   29.02   35.85   170.85  109.98   164.41   99.08   180.30  102.05 
 369   21.45    6.11     33.18    4.47    5.68     15.51   17.16   19.04     15.97   18.36   14.83     11.33   28.88   35.83   171.28  108.55   165.10   97.37   181.05  100.82 
 370   21.45    5.98     31.56    5.41    5.68     15.20   17.31   19.03     15.97   18.36   14.84     11.37   28.35   35.81   172.53  105.98   166.51   94.72   182.39   98.39 
 371   26.23    6.37     31.93    5.22    5.68     14.75   18.56   19.03     16.18   17.88   14.85     11.12   28.40   35.79   174.63  105.94   168.67   94.41   184.69   98.31 
 372   26.23    6.38     32.62    4.88    5.68     14.62   18.71   19.03     16.18   17.88   14.85     11.06   28.15   35.77   178.56  104.62   172.48   93.44   188.32   96.95 
 373   26.23    6.48     32.25    5.23    5.67     14.41   19.13   19.03     16.18   17.88   14.86     10.31   29.23   35.75   183.86  106.45   177.61   95.22   193.63   98.60 
 374   26.23    5.98     30.76    6.38    5.68     14.43   18.76   19.03     16.18   17.88   14.87     10.26   28.87   35.73   188.44  108.72   182.44   97.26   198.46  101.05 
 375   26.23    5.93     31.07    6.29    5.68     14.07   19.51   19.03     16.18   17.88   14.88     10.52   28.01   35.71   191.76  112.22   185.23  101.04   201.52  104.28 
 376   29.84    5.46     31.43    6.12    5.68     15.06   17.30   19.03     16.15   17.91   14.89     10.72   27.12   35.69   195.46  114.92   189.21  103.36   205.56  107.06 
 377   29.84    5.59     32.22    5.64    5.68     14.84   17.54   19.02     16.15   17.91   14.89     11.22   26.08   35.67   197.22  116.48   190.87  104.87   207.31  108.46 
 378   29.84    6.54     32.44    5.54    5.68     14.88   17.80   19.02     16.15   17.91   14.90     11.26   26.69   35.64   199.30  117.19   192.62  105.39   209.53  108.85 
 379   29.84    5.90     30.67    6.83    5.68     14.09   18.29   19.02     16.15   17.91   14.91     11.46   25.97   35.62   200.12  114.03   194.01  102.62   210.07  106.28 
 380   29.84    5.95     30.19    7.23    5.69     14.04   17.97   19.01     16.15   17.91   14.92     11.02   27.89   35.60   201.31  110.97   194.74   99.74   211.15  103.04 
 381   29.46    5.73     30.32    7.08    5.69     14.49   16.85   19.01     16.14   17.89   14.93     10.77   28.89   35.58   201.06  109.55   195.30   98.76   210.47  102.23 
 382   29.46    6.52     30.81    6.68    5.69     14.82   16.36   19.00     16.14   17.89   14.93     10.96   27.37   35.56   201.60  108.98   195.47   98.18   211.03  101.40 
 383   29.46    6.26     29.57    7.68    5.70     14.92   16.29   18.99     16.14   17.89   14.94     10.98   27.42   35.54   199.01  108.62   192.18   97.18   209.02  100.38 
 384   29.46    6.03     31.41    6.21    5.70     15.81   15.06   18.98     16.14   17.89   14.95     11.63   24.86   35.51   200.27  109.45   194.62   97.36   211.03  102.10 
 385   29.46    6.09     31.21    6.33    5.70     15.61   15.66   18.98     16.14   17.89   14.96     11.76   24.53   35.48   200.95  106.69   194.52   94.41   211.65   98.48 
 386   29.41    6.53     30.39    7.01    5.70     15.90   14.20   18.96     16.03   18.09   14.96     10.87   27.05   35.46   205.07  100.28   198.04   89.22   214.75   91.95 
 387   29.41    6.36     30.69    6.86    5.71     15.81   14.27   18.95     16.03   18.09   14.97     10.79   25.88   35.43   208.26  101.39   201.48   89.89   218.38   93.22 
 388   29.41    6.01     30.43    7.11    5.71     15.38   15.07   18.94     16.03   18.09   14.98     10.49   25.99   35.41   208.73  104.23   202.13   93.25   218.38   96.31 
 389   29.41    6.55     32.06    5.93    5.71     13.14   19.97   18.94     16.03   18.09   14.99      9.59   29.21   35.39   209.92  107.86   202.72   96.29   220.03   99.28 
 390   29.41    5.77     31.94    6.09    5.71     12.93   21.01   18.95     16.03   18.09   15.00      9.61   30.13   35.38   216.61  110.57   208.27  100.28   225.37  101.09 
 391   36.99    5.85     30.30    7.39    5.72     12.93   20.31   18.95     15.76   18.62   15.01     10.58   26.15   35.36   209.75  112.68   202.59  100.54   220.29  103.86 
 392   36.99    6.56     30.17    7.44    5.72     13.06   19.63   18.95     15.76   18.62   15.01     10.95   25.14   35.33   208.36  111.61   201.23   99.74   218.62  102.93 
 393   36.99    6.00     27.81    9.70    5.73     13.04   19.16   18.95     15.76   18.62   15.02     10.88   25.25   35.30   202.84  112.56   196.05  102.00   212.04  104.49 
 394   36.99    6.09     27.69    9.69    5.74     13.06   19.22   18.96     15.76   18.62   15.03     10.63   26.95   35.28   200.24  110.15   193.27   99.51   209.48  101.89 
 395   36.99    6.03     27.67    9.57    5.75     12.94   19.78   18.96     15.76   18.62   15.04     10.90   27.16   35.26   197.53  108.90   191.07   99.05   206.09  101.26 
 396   35.96    6.55     31.36    6.11    5.75     13.79   18.94   18.96     15.79   18.51   15.05     10.63   29.15   35.25   196.28  110.19   190.80   99.11   206.27  103.44 
 397   35.96    5.58     30.21    6.93    5.75     13.90   18.80   18.96     15.79   18.51   15.06     10.92   27.90   35.23   193.46  109.83   187.49   98.81   203.20  102.45 
 398   35.96    6.55     31.34    6.09    5.76     13.74   18.52   18.96     15.79   18.51   15.07     11.00   27.03   35.21   193.53  109.95   187.77  100.14   202.16  103.01 
 399   35.96    5.58     30.91    6.38    5.76     13.71   19.49   18.96     15.79   18.51   15.08     10.90   28.85   35.19   193.80  110.26   188.02  100.52   202.36  103.31 
 400   35.96    6.54     30.44    6.70    5.76     14.36   20.30   18.96     15.79   18.51   15.09     11.75   28.64   35.17   191.91  110.42   186.05  100.71   200.31  103.21 
 401   50.77    6.25     31.70    5.77    5.76     14.49   20.48   18.96     15.72   18.61   15.09     12.13   27.72   35.16   193.62  112.98   186.97  103.51   201.84  105.28 
 402   50.77    6.38     30.05    6.84    5.76     13.88   18.77   18.96     15.72   18.61   15.10     11.93   25.46   35.13   194.84  106.23   187.96   97.34   202.26   98.14 
 403   50.77    6.23     31.77    5.48    5.76     13.73   18.22   18.96     15.72   18.61   15.11     10.49   28.08   35.11   187.95  103.14   181.02   93.97   195.84   95.21 
 404   50.77    6.36     33.51    4.44    5.76     13.64   17.87   18.96     15.72   18.61   15.12     11.25   25.54   35.09   187.64  100.45   180.78   91.13   195.68   92.56 
 405   50.77    6.12     32.24    5.09    5.76     13.23   18.15   18.96     15.72   18.61   15.13     11.42   24.40   35.06   187.28   97.53   180.45   88.54   195.02   89.74 
 406   33.93    6.51     33.59    4.28    5.75     13.98   16.41   18.95     15.91   18.17   15.14     11.00   24.46   35.04   182.76   95.73   176.03   86.21   190.81   87.68 
 407   33.93    5.94     31.50    5.56    5.75     14.20   15.92   18.94     15.91   18.17   15.14     11.17   26.97   35.02   188.58   94.89   181.82   86.21   195.83   86.92 
 408   33.93    6.47     32.01    5.32    5.75     14.12   16.01   18.94     15.91   18.17   15.15     11.06   25.09   34.99   192.59   96.35   185.76   87.27   200.20   88.27 
 409   33.93    6.52     31.87    5.55    5.75     13.78   16.68   18.93     15.91   18.17   15.16     10.71   25.85   34.97   195.94   99.41   189.26   90.65   203.29   91.52 
 410   33.93    5.94     33.44    4.73    5.75     13.00   17.83   18.93     15.91   18.17   15.17      9.93   27.54   34.95   200.77  102.16   193.85   93.12   208.30   93.98 
 411   45.32    6.23     33.36    4.81    5.75     13.43   16.66   18.92     15.75   18.46   15.17     10.47   25.50   34.93   201.10  102.83   194.49   94.57   208.11   95.31 
 412   45.32    6.61     33.50    4.80    5.74     13.35   16.97   18.92     15.75   18.46   15.18     10.73   25.81   34.91   205.10  103.41   197.84   94.38   212.82   95.16 
 413   45.32    5.78     32.97    5.16    5.74     12.74   17.74   18.92     15.75   18.46   15.19     10.56   25.41   34.89   205.57  102.60   199.15   93.85   212.99   94.98 
 414   45.32    6.34     33.10    5.04    5.74     12.63   17.64   18.91     15.75   18.46   15.20     10.40   24.79   34.86   206.01  101.96   199.69   92.96   213.69   94.41 
 415   45.32    6.03     32.13    5.58    5.74     12.81   17.33   18.91     15.75   18.46   15.21     10.51   24.21   34.84   202.41  101.98   195.91   93.25   209.76   94.29 
 416   50.43    5.78     34.18    4.34    5.74     13.87   15.74   18.90     15.86   18.16   15.21     10.69   24.82   34.81   201.17  100.46   194.28   90.73   209.47   92.32 
 417   50.43    5.81     35.12    3.87    5.73     13.14   17.28   18.90     15.86   18.16   15.22     10.78   24.09   34.79   200.96   98.88   193.27   89.14   209.31   90.12 
 418   50.43    5.85     31.52    5.83    5.73     13.72   16.45   18.89     15.86   18.16   15.23     10.57   23.44   34.76   197.94  100.31   190.83   90.07   206.88   92.07 
 419   50.43    6.45     33.70    4.51    5.73     13.86   16.05   18.88     15.86   18.16   15.23      9.64   25.11   34.74   194.06  101.72   187.72   90.86   203.55   93.95 
 420   50.43    5.79     35.59    3.63    5.72     13.86   15.78   18.88     15.86   18.16   15.24      9.33   25.60   34.71   193.60  103.22   185.68   92.82   202.55   94.09 
 421   40.46    6.39     32.42    5.22    5.72     14.89   13.95   18.86     15.78   18.27   15.25      9.38   25.73   34.69   190.84  107.91   184.60   97.65   199.91  100.51 
 422   40.46    6.78     31.95    5.49    5.72     14.82   14.23   18.85     15.78   18.27   15.26     10.53   23.78   34.67   188.49  109.58   182.13   99.22   197.52  101.91 
 423   40.46    6.02     32.09    5.27    5.72     14.98   13.71   18.84     15.78   18.27   15.26     10.39   25.99   34.65   184.48  107.50   177.85   97.56   193.09   99.68 
 424   40.46    6.86     34.65    3.79    5.72     14.91   14.21   18.83     15.78   18.27   15.27     10.28   26.86   34.63   177.52  106.34   170.94   95.85   186.63   98.42 
 425   40.46    6.28     35.60    3.35    5.71     14.92   14.31   18.82     15.78   18.27   15.28     10.83   24.00   34.60   176.26  104.20   168.81   93.67   185.39   95.54 
 426   32.34    6.39     33.20    4.35    5.71     16.82   11.42   18.80     15.65   18.50   15.28     11.06   23.54   34.58   171.65  101.86   164.65   91.26   180.97   93.69 
 427   32.34    6.41     33.45    4.16    5.70     16.01   12.36   18.79     15.65   18.50   15.29     10.83   23.67   34.55   170.08  100.60   162.62   91.07   178.12   91.91 
 428   32.34    6.57     33.73    4.00    5.70     16.17   12.15   18.77     15.65   18.50   15.30     11.25   22.33   34.52   167.89   99.18   161.05   89.04   176.66   91.11 
 429   32.34    5.70     31.92    4.87    5.70     16.45   12.02   18.76     15.65   18.50   15.31     10.93   22.92   34.50   164.80  100.25   157.46   89.96   173.72   91.71 
 430   32.34    5.75     32.68    4.43    5.70     15.93   12.63   18.74     15.65   18.50   15.31     10.85   23.09   34.47   164.82  100.87   157.72   91.03   173.27   92.60 
 431   25.25    6.29     31.19    5.28    5.69     16.90   11.28   18.72     15.73   18.27   15.32     11.52   21.15   34.44   165.07  103.11   158.62   93.35   173.49   95.42 
 432   25.25    6.23     33.25    4.20    5.69     16.53   11.82   18.71     15.73   18.27   15.33     11.47   21.51   34.41   165.74  103.45   159.41   93.59   174.27   95.85 
 433   25.25    6.10     32.20    4.83    5.69     16.48   11.85   18.69     15.73   18.27   15.33     11.35   22.11   34.38   168.82  102.50   162.63   92.64   177.60   95.25 
 434   25.25    6.41     33.19    4.40    5.69     16.86   11.37   18.68     15.73   18.27   15.34     11.01   23.22   34.35   174.06  102.98   167.66   93.56   182.17   95.43 
 435   25.25    5.94     33.44    4.36    5.68     16.65   11.74   18.66     15.73   18.27   15.35     10.55   24.05   34.33   178.82  103.26   172.47   93.55   187.25   95.74 
 436   28.74    5.98     33.50    4.43    5.68     15.99   12.73   18.65     15.46   18.80   15.36     10.25   25.06   34.31   182.76  102.88   175.82   93.34   191.14   94.95 
 437   28.74    5.60     32.82    4.87    5.68     15.53   13.36   18.63     15.46   18.80   15.36      9.84   26.27   34.29   187.48  101.54   181.01   91.93   195.77   93.88 
 438   28.74    5.72     34.86    3.88    5.67     15.20   13.99   18.62     15.46   18.80   15.37     10.35   24.58   34.27   189.93  101.08   183.32   91.29   198.30   93.21 
 439   28.74    6.00     33.16    4.76    5.67     15.10   13.80   18.61     15.46   18.80   15.38     10.08   25.40   34.25   191.88   98.25   185.60   89.23   199.67   90.88 
 440   28.74    5.44     34.09    4.32    5.67     15.02   13.90   18.60     15.46   18.80   15.39     10.31   24.50   34.23   194.91   99.23   188.60   90.21   202.68   91.81 
 441   44.02    5.70     32.65    5.15    5.67     16.15   12.33   18.59     15.58   18.48   15.39     10.70   23.20   34.20   195.70  102.07   189.83   92.91   203.62   95.02 
 442   44.02    6.34     31.79    5.73    5.67     15.84   12.71   18.57     15.58   18.48   15.40      9.90   25.30   34.18   196.02  104.87   190.35   96.27   203.52   98.18 
 443   44.02    5.77     32.11    5.54    5.67     16.15   12.33   18.56     15.58   18.48   15.41     10.02   25.10   34.16   195.08  108.14   189.35   99.72   202.40  101.42 
 444   44.02    5.66     31.83    5.71    5.67     15.38   13.61   18.55     15.58   18.48   15.41     10.20   24.88   34.14   193.13  110.34   187.43  102.01   200.36  103.65 
 445   44.02    5.87     30.99    6.30    5.67     15.20   14.06   18.54     15.58   18.48   15.42     10.24   25.01   34.12   189.47  113.43   184.09  105.47   196.35  107.05 
 446   44.07    5.87     31.73    5.76    5.67     16.24   12.58   18.53     15.64   18.30   15.43     10.58   24.39   34.10   188.32  114.05   182.42  105.73   195.53  107.18 
 447   44.07    6.05     30.62    6.48    5.67     17.04   11.47   18.51     15.64   18.30   15.43     11.31   22.74   34.07   185.98  114.12   180.00  106.08   192.90  107.21 
 448   44.07    5.69     30.58    6.33    5.67     17.33   11.02   18.49     15.64   18.30   15.44     11.56   22.75   34.05   182.00  110.74   176.65  102.65   189.04  104.42 
 449   44.07    6.08     32.45    5.02    5.67     16.74   11.80   18.48     15.64   18.30   15.45     11.19   24.05   34.02   181.63  106.28   176.20   98.07   188.82   99.90 
 450   44.07    5.90     30.87    5.90    5.67     17.20   11.11   18.46     15.64   18.30   15.45     11.70   22.10   34.00   176.61  104.26   171.19   96.69   183.10   97.91 
 451   38.83    6.68     31.92    5.16    5.67     16.89   11.59   18.45     15.64   18.25   15.46     10.77   24.06   33.98   174.74  105.25   168.80   97.08   181.81   98.36 
 452   38.83    5.89     31.06    5.64    5.67     17.35   11.11   18.43     15.64   18.25   15.47     10.16   25.20   33.96   168.49  108.55   162.91  100.13   175.85  101.97 
 453   38.83    5.78     31.82    5.15    5.67     16.53   12.28   18.42     15.64   18.25   15.47     10.48   24.68   33.94   166.40  110.31   160.70  101.53   174.10  103.57 
 454   38.83    6.32     31.81    5.13    5.67     16.27   12.44   18.40     15.64   18.25   15.48     10.72   24.07   33.91   166.51  110.24   160.96  102.02   173.67  103.73 
 455   38.83    5.81     30.54    5.89    5.67     16.12   12.51   18.39     15.64   18.25   15.48     10.72   24.28   33.89   164.60  107.80   159.25   99.43   171.91  101.43 
 456   39.80    5.71     30.07    6.16    5.67     17.19   11.01   18.37     15.62   18.25   15.49     10.90   23.40   33.87   162.30  107.93   156.80   99.45   169.68  101.40 
 457   39.80    6.28     30.34    5.95    5.67     16.98   11.29   18.36     15.62   18.25   15.50     10.82   23.56   33.85   161.64  107.87   156.26   99.01   169.43  101.40 
 458   39.80    5.81     30.53    5.79    5.67     17.33   10.78   18.34     15.62   18.25   15.50     10.94   23.27   33.82   160.47  107.39   154.89   98.68   168.09  100.75 
 459   39.80    6.05     30.91    5.44    5.67     17.48   10.73   18.33     15.62   18.25   15.51     10.85   23.72   33.80   157.53  106.83   151.78   97.99   165.29  100.04 
 460   39.80    6.09     30.06    5.94    5.67     16.75   11.55   18.31     15.62   18.25   15.51     10.70   23.82   33.78   154.57  106.19   148.74   97.82   161.85   99.38 
 461   32.32    6.10     29.66    6.12    5.67     17.32   10.77   18.30     15.56   18.34   15.52     11.10   22.65   33.76   153.11  105.87   147.63   96.95   160.98   99.31 
 462   32.32    5.71     31.70    4.74    5.67     17.39   10.64   18.28     15.56   18.34   15.53     11.30   22.20   33.73   149.69  104.19   144.06   95.28   157.50   97.48 
