   6    2.00   20.04     44.57    0.90    1.47     20.68    7.81    8.19     48.75    0.28   25.57      8.42   31.75   30.81   125.82   97.40   110.50   76.53   143.00   78.76 
   7    2.00   19.73     44.45    0.91    1.39     19.04    9.69    8.41     48.75    0.28   21.96      9.39   29.27   30.59   123.89   96.56   109.23   74.99   141.85   78.50 
   8    2.00   19.62     42.12    1.19    1.36     18.52   10.70    8.69     48.75    0.28   19.25      9.32   30.12   30.53   123.43   97.95   108.36   76.84   140.87   79.48 
   9    2.00   19.18     46.99    0.69    1.29     15.84   15.06    9.40     48.75    0.28   17.14      8.44   33.86   30.90   122.56  103.89   107.02   82.50   140.20   85.01 
  10    2.00   19.55     40.44    1.49    1.31     13.85   19.95   10.46     48.75    0.28   15.45      7.72   37.72   31.59   121.91  110.19   107.44   89.44   139.25   92.46 
  11    1.89   19.78     39.62    1.66    1.34     19.59   10.49   10.46     49.40    0.29   14.08      7.89   38.32   32.20   119.99  114.81   105.54   93.62   137.72   96.97 
  12    1.89   19.19     41.32    1.37    1.34     20.27    9.94   10.42     49.40    0.29   12.93      8.13   38.69   32.74   116.26  118.27   101.60   97.52   133.58  100.36 
  13    1.89   19.12     43.98    0.99    1.32     18.11   12.92   10.61     49.40    0.29   11.95      7.83   40.51   33.34   110.72  120.84    96.02  100.21   127.87  102.91 
  14    1.89   19.62     37.43    2.01    1.37     18.64   12.08   10.71     49.40    0.29   11.12      7.58   41.88   33.95   103.94  119.18    89.84   98.37   121.38  101.74 
  15    1.89   19.46     35.57    2.41    1.43     16.93   14.72   10.98     49.40    0.29   10.40      7.79   41.15   34.43    98.52  117.10    84.97   96.29   116.07  100.21 
  16    2.01   19.47     38.64    1.61    1.45     21.46    8.72   10.84     50.01    0.29    9.77      7.47   43.54   35.00    92.05  113.35    77.45   92.92   109.13   95.56 
  17    2.01   19.58     36.00    2.15    1.49     20.36   10.02   10.79     50.01    0.29    9.21      8.69   38.84   35.22    92.96  108.10    78.50   87.88   109.82   90.45 
  18    2.01   19.62     36.37    2.03    1.52     17.80   13.75   10.96     50.01    0.29    8.71      8.57   39.85   35.48    92.39  104.46    78.40   84.10   109.44   87.20 
  19    2.01   19.15     38.67    1.57    1.52     18.13   13.40   11.09     50.01    0.29    8.27      8.63   39.32   35.68    95.55  104.38    81.35   84.34   112.28   86.98 
  20    2.01   19.97     35.93    2.19    1.55     16.63   16.04   11.33     50.01    0.29    7.87      8.28   41.28   35.96   100.23  103.96    86.11   83.90   116.97   86.61 
  21    2.41   18.60     37.61    1.90    1.57     21.14    9.72   11.26     50.42    0.29    7.51      7.95   42.49   36.27   104.55  108.08    89.87   88.63   120.66   90.34 
  22    2.41   18.49     37.07    2.06    1.59     18.71   13.16   11.34     50.42    0.29    7.18      7.96   43.36   36.59   108.01  111.12    94.03   91.34   124.59   94.01 
  23    2.41   18.69     38.35    1.81    1.60     19.17   12.75   11.40     50.42    0.29    6.88      8.33   42.97   36.87   107.62  113.53    93.21   94.15   123.71   96.08 
  24    2.41   18.46     35.99    2.46    1.64     18.10   14.94   11.55     50.42    0.29    6.61      7.81   47.23   37.30   113.02  114.99    98.61   95.88   128.88   97.64 
  25    2.41   18.65     35.39    2.72    1.68     15.98   19.57   11.87     50.42    0.29    6.35      7.80   48.67   37.76   117.36  117.28   102.82   98.26   133.09   99.78 
  26    2.92   17.99     36.97    2.31    1.70     21.80   10.28   11.81     35.66    1.64    6.17      7.85   50.06   38.23   121.76  118.17   107.35   98.70   137.93  100.70 
  27    2.92   18.39     34.53    3.09    1.76     18.88   14.85   11.92     35.66    1.64    6.00      7.40   55.44   38.87   127.22  114.39   112.97   95.43   142.97   97.19 
  28    2.92   17.95     37.67    2.17    1.77     17.01   18.88   12.17     35.66    1.64    5.85      7.46   57.17   39.52   131.26  110.54   116.30   91.35   147.07   92.58 
  29    2.92   18.26     27.18    7.20    1.96     14.80   24.94   12.61     35.66    1.64    5.70      6.70   64.00   40.37   135.72  101.33   121.95   82.22   151.72   84.55 
  30    2.92   17.87     32.92    3.81    2.02     13.82   27.98   13.12     35.66    1.64    5.57      6.24   66.49   41.24   145.24   94.09   130.62   74.85   161.15   76.47 
  31    5.40   16.69     31.30    4.76    2.11     19.22   15.11   13.19     30.22    3.27    5.49      7.22   59.32   41.82   154.50   88.91   139.83   69.63   170.47   71.27 
  32    5.40   17.22     32.90    4.08    2.17     18.31   17.25   13.32     30.22    3.27    5.42      7.84   55.19   42.24   161.04   91.23   147.06   71.39   177.63   74.12 
  33    5.40   18.13     32.95    4.20    2.23     16.21   22.06   13.58     30.22    3.27    5.36      7.65   56.30   42.66   167.37   94.72   153.35   74.96   183.91   77.60 
  34    5.40   17.25     32.74    4.36    2.29     15.24   24.69   13.91     30.22    3.27    5.30      8.70   51.16   42.91   169.70   98.32   155.24   78.85   185.87   80.81 
  35    5.40   16.62     32.47    4.57    2.36     14.25   27.97   14.31     30.22    3.27    5.24      8.79   51.34   43.15   171.47  101.55   156.34   82.26   187.33   83.42 
  36    4.25   18.80     33.05    4.30    2.41     20.17   14.30   14.31     37.05    1.57    5.14      9.25   49.55   43.33   172.90  102.08   158.25   82.50   189.13   84.34 
  37    4.25   18.85     29.94    6.25    2.52     19.34   15.71   14.35     37.05    1.57    5.04      9.04   50.70   43.53   176.74  103.73   161.19   84.61   192.35   85.22 
  38    4.25   19.06     31.17    5.42    2.59     19.37   15.58   14.38     37.05    1.57    4.95      9.24   49.71   43.69   176.08  104.62   160.24   85.51   191.58   85.82 
  39    4.25   18.95     34.01    3.89    2.63     17.92   18.21   14.48     37.05    1.57    4.86      9.14   50.58   43.87   174.32  103.34   158.02   84.38   189.58   84.10 
  40    4.25   19.22     35.07    3.46    2.65     16.22   21.92   14.66     37.05    1.57    4.78      8.87   51.40   44.06   175.73  102.09   159.45   83.05   191.12   82.88 
  41   14.19   18.26     36.09    3.07    2.66     23.50    9.35   14.53     24.15    7.22    4.84      9.16   48.98   44.18   176.50  100.33   160.09   81.28   191.85   80.99 
  42   14.19   17.21     37.49    2.61    2.66     19.75   14.36   14.53     24.15    7.22    4.90      9.02   49.99   44.32   174.89   97.07   158.68   78.38   190.04   78.01 
  43   14.19   17.38     36.67    2.87    2.66     17.31   18.98   14.63     24.15    7.22    4.95      8.80   49.95   44.45   176.16   97.28   159.96   78.64   191.31   78.29 
  44   14.19   18.41     35.02    3.48    2.68     16.21   21.39   14.79     24.15    7.22    5.00      8.77   49.53   44.56   175.32   99.38   158.42   81.17   189.81   79.78 
  45   14.19   17.12     36.05    3.10    2.69     15.46   23.25   14.97     24.15    7.22    5.05      8.90   48.70   44.66   175.76  100.49   159.17   82.21   190.36   81.16 
  46   35.92   18.09     35.62    3.26    2.70     23.92    8.69   14.84     37.79    1.54    4.98      9.15   46.61   44.70   176.00  102.39   159.60   84.01   190.68   83.23 
  47   35.92   19.31     33.77    4.01    2.73     19.60   14.17   14.82     37.79    1.54    4.90      9.29   46.00   44.73   175.56  102.74   159.60   84.42   190.27   84.02 
  48   35.92   19.35     34.06    3.91    2.75     17.98   16.93   14.87     37.79    1.54    4.83      8.99   46.97   44.77   174.76  102.49   158.98   84.30   189.36   83.96 
  49   35.92   17.79     36.98    2.79    2.75     16.48   19.75   14.97     37.79    1.54    4.76      9.08   46.09   44.80   174.64  102.62   159.05   83.33   190.51   84.06 
  50   35.92   19.21     37.82    2.55    2.75     16.01   20.89   15.09     37.79    1.54    4.70      8.88   47.49   44.85   177.19  102.00   161.48   83.79   191.84   83.51 
  51   19.55   21.46     35.79    3.23    2.76     21.29   11.23   15.01     27.81    4.91    4.70      8.62   49.46   44.94   178.88   97.68   163.22   79.31   193.64   79.17 
  52   19.55   21.49     38.72    2.31    2.75     19.61   13.43   14.98     27.81    4.91    4.71      8.51   49.30   45.03   181.95   93.16   166.75   74.84   196.80   75.23 
  53   19.55   21.47     39.78    2.09    2.74     19.21   13.76   14.96     27.81    4.91    4.71      8.06   49.99   45.12   186.88   90.22   171.16   72.40   201.20   71.92 
  54   19.55   21.49     39.08    2.30    2.73     16.90   17.62   15.01     27.81    4.91    4.72      8.61   45.71   45.13   190.30   89.57   174.93   71.56   204.88   71.58 
  55   19.55   21.77     35.08    3.71    2.75     14.46   22.86   15.15     27.81    4.91    4.72      7.98   46.35   45.15   191.88   94.10   176.76   75.71   206.87   76.29 
  56   41.49   20.92     34.10    4.22    2.77     19.91   12.08   15.09     24.98    6.83    4.76      8.07   44.54   45.14   190.54  101.93   175.79   83.03   206.03   84.35 
  57   41.49   20.98     34.02    4.30    2.80     17.32   15.88   15.11     24.98    6.83    4.79      7.94   44.57   45.13   189.51  107.97   174.58   89.37   204.67   90.27 
  58   41.49   21.05     34.77    3.96    2.82     15.37   19.60   15.19     24.98    6.83    4.83      8.49   41.68   45.07   189.10  112.56   174.00   94.12   204.11   94.76 
  59   41.49   21.40     33.48    4.61    2.85     14.24   21.95   15.30     24.98    6.83    4.86      8.74   40.50   45.00   187.17  113.59   172.48   95.00   202.31   96.09 
  60   41.49   21.01     33.20    4.63    2.88     13.34   23.96   15.44     24.98    6.83    4.89      8.41   42.94   44.96   184.12  109.57   169.68   90.68   199.58   92.23 
  61   37.65   21.81     33.59    4.35    2.91     21.05    9.69   15.35     29.90    3.86    4.88      8.91   41.13   44.90   183.37  102.56   168.76   84.32   198.35   85.32 
  62   37.65   22.51     33.94    4.22    2.93     19.80   11.11   15.28     29.90    3.86    4.86      9.63   36.88   44.77   186.83   98.60   172.07   80.21   201.91   81.16 
  63   37.65   22.13     34.52    4.00    2.94     18.85   12.16   15.23     29.90    3.86    4.85      9.40   36.77   44.64   192.77   94.15   178.18   75.91   207.74   76.92 
  64   37.65   22.43     33.73    4.48    2.97     15.96   16.96   15.26     29.90    3.86    4.83      9.04   36.27   44.51   196.34   96.84   182.13   78.50   211.53   79.99 
  65   37.65   22.51     33.13    4.82    3.00     15.42   17.99   15.30     29.90    3.86    4.81      9.18   35.86   44.38   195.35   99.03   181.21   80.86   210.43   82.30 
  66   29.49   22.10     34.72    4.02    3.01     21.77    8.68   15.20     35.98    1.90    4.77      9.38   34.48   44.23   195.20  103.56   180.81   85.60   209.98   86.60 
  67   29.49   22.17     33.37    4.65    3.04     19.94   10.69   15.13     35.98    1.90    4.73      9.84   33.66   44.07   190.34  104.89   175.85   87.30   204.92   87.98 
  68   29.49   22.23     34.54    3.95    3.05     17.94   13.71   15.11     35.98    1.90    4.69      9.31   36.05   43.95   183.32  107.92   169.12   90.27   198.00   91.27 
  69   29.49   22.40     33.46    4.36    3.07     15.96   17.13   15.14     35.98    1.90    4.65      9.71   35.39   43.83   176.57  107.15   162.65   89.35   191.47   90.79 
  70   29.49   22.11     34.23    3.89    3.08     15.94   17.32   15.17     35.98    1.90    4.61      9.86   34.78   43.70   172.00  106.58   158.47   88.78   187.00   90.60 
  71  252.92   22.27     38.77    2.19    3.07     19.20   11.96   15.13     21.35   10.18    4.69      9.53   37.36   43.61   164.45  102.87   150.26   85.47   178.96   86.37 
  72  252.92   22.32     34.61    3.43    3.07     19.56   11.33   15.07     21.35   10.18    4.76     10.16   34.44   43.48   158.18   97.97   144.39   80.68   172.58   81.76 
  73  252.92   22.31     32.11    4.46    3.09     19.44   11.31   15.02     21.35   10.18    4.84      9.91   35.93   43.38   155.85   91.21   142.48   73.55   170.69   75.34 
  74  252.92   22.26     34.16    3.55    3.10     20.47   10.02   14.96     21.35   10.18    4.91      9.69   34.86   43.26   159.46   90.21   145.52   72.57   174.21   73.83 
  75  252.92   22.28     34.48    3.47    3.10     19.10   11.83   14.91     21.35   10.18    4.98     10.03   32.69   43.12   162.59   92.25   148.69   74.82   177.23   76.05 
  76   88.52   22.82     32.75    4.24    3.12     23.63    7.01   14.81     31.78    3.04    4.95     10.56   30.76   42.96   159.44   94.49   146.02   76.64   174.52   78.60 
  77   88.52   22.87     32.47    4.42    3.14     22.26    8.20   14.72     31.78    3.04    4.93     10.65   30.61   42.80   159.84   97.37   145.64   79.59   174.69   80.74 
  78   88.52   22.91     32.78    4.29    3.15     21.94    8.59   14.65     31.78    3.04    4.90     10.43   31.33   42.65   160.16  100.43   146.08   82.76   174.89   83.91 
  79   88.52   22.44     32.09    4.62    3.17     22.35    8.13   14.56     31.78    3.04    4.88     11.02   29.90   42.49   157.91  100.24   144.45   82.26   173.01   84.24 
  80   88.52   22.85     34.64    3.42    3.17     20.08   10.75   14.52     31.78    3.04    4.86     10.69   30.97   42.35   156.21  102.73   142.39   85.12   170.88   86.43 
  81  104.42   22.68     33.02    4.08    3.18     26.12    5.39   14.40     28.31    4.51    4.85     10.97   30.40   42.20   153.62  103.14   140.09   85.61   168.33   87.17 
  82  104.42   22.85     31.61    4.70    3.20     24.01    6.82   14.31     28.31    4.51    4.85     11.60   29.25   42.04   150.02   99.47   136.24   82.10   164.68   83.45 
  83  104.42   22.43     34.68    3.31    3.20     23.35    7.39   14.23     28.31    4.51    4.84     10.16   34.06   41.95   154.50   96.67   140.51   79.19   169.15   80.37 
  84  104.42   22.74     32.22    4.46    3.22     22.59    8.05   14.15     28.31    4.51    4.84     10.17   33.59   41.85   157.02   93.93   143.07   76.60   171.48   77.60 
  85  104.42   22.85     32.90    4.18    3.23     20.75   10.12   14.11     28.31    4.51    4.84     10.72   31.54   41.73   161.13   93.79   146.88   77.04   175.29   77.48 
  86  578.16   22.19     32.62    4.57    3.24     24.96    6.29   14.01     21.53    9.80    4.89      7.81   39.94   41.70   170.44   98.62   156.22   81.71   184.43   82.03 
  87  578.16   22.74     33.03    4.49    3.26     22.02    8.89   13.96     21.53    9.80    4.95      9.69   34.49   41.62   175.07  101.35   161.09   84.42   189.16   85.01 
  88  578.16   22.56     34.39    3.93    3.27     20.29   10.99   13.92     21.53    9.80    5.01      9.83   34.67   41.54   180.97  102.12   166.52   85.49   194.71   85.44 
  89  578.16   22.47     34.28    4.11    3.28     17.71   14.89   13.93     21.53    9.80    5.06      8.88   38.79   41.51   189.28   98.95   175.37   81.84   203.59   82.72 
  90  578.16   22.75     32.80    4.94    3.29     15.92   18.24   13.98     21.53    9.80    5.11      9.53   36.89   41.46   193.01   96.49   179.21   79.21   207.51   80.34 
  91  198.86   23.38     32.85    4.95    3.31     24.61    6.73   13.90     30.83    3.36    5.09     10.81   32.49   41.36   195.73   94.58   182.20   77.05   210.46   78.57 
  92  198.86   23.56     32.25    5.36    3.33     21.57    9.66   13.86     30.83    3.36    5.07     11.31   31.24   41.25   197.43   93.50   184.02   76.17   211.94   77.63 
  93  198.86   23.48     32.70    5.11    3.35     21.22   10.24   13.82     30.83    3.36    5.06     11.21   32.35   41.16   199.12   92.73   186.08   75.73   213.34   77.27 
  94  198.86   22.72     32.53    5.17    3.37     18.63   13.78   13.82     30.83    3.36    5.04     11.24   34.12   41.08   198.06   89.28   185.43   71.58   213.07   74.10 
  95  198.86   23.42     33.20    4.77    3.39     17.22   16.39   13.84     30.83    3.36    5.02     10.84   35.18   41.02   199.41   86.17   187.24   68.68   214.33   71.54 
  96  217.81   23.32     32.94    4.92    3.40     23.59    7.93   13.78     26.54    5.50    5.03     11.11   34.21   40.95   199.46   84.53   187.07   67.17   214.21   69.69 
  97  217.81   22.99     32.44    5.17    3.42     20.23   11.82   13.76     26.54    5.50    5.03     11.10   34.51   40.88   198.32   83.82   186.05   66.36   213.28   69.15 
  98  217.81   22.64     31.30    5.91    3.45     19.32   12.90   13.75     26.54    5.50    5.04     10.82   34.45   40.82   197.00   84.92   185.37   67.40   212.08   70.81 
  99  217.81   23.29     31.19    6.12    3.47     18.16   14.63   13.76     26.54    5.50    5.04      9.35   36.50   40.77   199.60   91.27   187.83   74.34   214.08   77.10 
 100  217.81   23.37     31.82    5.70    3.50     18.79   13.96   13.76     26.54    5.50    5.04      8.82   42.21   40.79   197.24   99.20   184.93   82.47   211.43   84.56 
 101  541.17   23.05     30.61    6.50    3.53     20.18   11.80   13.74     22.55    8.72    5.08      9.51   41.66   40.80   192.69  103.38   180.35   86.71   206.75   88.66 
 102  541.17   23.58     32.69    5.04    3.54     19.85   12.57   13.73     22.55    8.72    5.12      9.60   43.01   40.82   189.73  105.75   176.69   89.47   203.33   90.47 
 103  541.17   23.12     32.78    4.83    3.55     18.20   15.02   13.74     22.55    8.72    5.15      9.43   46.07   40.87   183.36  104.97   169.99   88.98   196.61   89.40 
 104  541.17   23.49     34.67    3.76    3.56     15.79   19.78   13.80     22.55    8.72    5.19     10.05   42.24   40.88   179.48  100.61   166.43   84.80   192.67   85.41 
 105  541.17   23.54     33.91    4.05    3.56     15.40   20.20   13.86     22.55    8.72    5.22     10.84   35.29   40.83   178.51   96.07   165.13   80.46   191.45   80.61 
 106 3645.84   23.27     31.84    5.20    3.58     13.29   25.12   13.97     17.06   16.43    5.32      9.81   37.89   40.80   182.30   89.52   168.85   74.40   194.73   74.02 
 107 3645.84   23.38     32.35    4.93    3.59     12.70   27.44   14.10     17.06   16.43    5.43      9.89   37.99   40.77   183.99   89.61   170.61   74.53   196.39   74.21 
 108 3645.84   22.61     36.93    2.94    3.58     12.77   28.29   14.23     17.06   16.43    5.53      9.48   39.12   40.76   189.95   93.20   176.07   79.00   201.48   77.48 
 109 3645.84   23.31     34.01    4.12    3.59     12.78   27.26   14.35     17.06   16.43    5.63      9.70   38.47   40.74   188.49   94.54   173.40   81.04   199.11   77.75 
 110 3645.84   23.20     38.19    2.58    3.58     12.88   27.83   14.47     17.06   16.43    5.73      9.55   38.69   40.72   188.95  101.11   174.77   87.61   199.80   85.25 
 111  363.95   23.55     35.65    3.48    3.58     19.38   13.25   14.46     25.72    6.07    5.73     11.54   32.02   40.64   190.27  103.11   175.93   89.80   200.89   87.07 
 112  363.95   24.05     33.57    4.41    3.58     16.84   17.57   14.49     25.72    6.07    5.73     11.32   33.11   40.57   189.51  102.43   175.01   89.31   199.96   86.33 
 113  363.95   24.04     32.48    5.04    3.60     15.49   20.64   14.54     25.72    6.07    5.74     10.75   35.22   40.53   190.41  104.67   176.17   91.96   200.52   88.90 
 114  363.95   23.83     34.00    4.25    3.60     14.92   22.06   14.61     25.72    6.07    5.74     10.76   35.23   40.48   189.83  106.43   175.71   93.88   199.78   90.79 
 115  363.95   24.09     33.10    4.76    3.61     15.17   21.25   14.66     25.72    6.07    5.74     10.65   36.38   40.44   192.74  106.19   179.23   93.56   202.88   91.14 
 116  323.28   23.56     35.66    3.54    3.61     19.12   13.38   14.65     24.85    6.72    5.75     11.26   34.76   40.40   194.40  102.64   180.42   90.01   204.44   87.12 
 117  323.28   23.89     32.80    4.86    3.62     17.76   15.43   14.66     24.85    6.72    5.76     12.10   31.31   40.32   193.80   98.03   180.36   84.97   204.29   82.95 
 118  323.28   23.19     33.50    4.53    3.63     16.48   17.63   14.69     24.85    6.72    5.77     11.20   33.13   40.26   195.78   97.42   182.27   84.67   206.02   82.34 
 119  323.28   23.81     38.11    2.71    3.62     15.86   19.27   14.72     24.85    6.72    5.78     10.13   35.39   40.22   198.79  102.72   185.34   90.47   208.58   87.80 
 120  323.28   23.99     38.26    2.68    3.62     15.59   19.52   14.76     24.85    6.72    5.78      9.96   35.09   40.17   197.24  105.96   184.16   94.07   206.73   91.45 
 121 5083.73   23.93     35.06    3.86    3.62     15.48   19.34   14.80     17.13   16.36    5.87      9.98   35.95   40.14   195.49  108.51   182.61   95.46   206.09   93.99 
 122 5083.73   24.02     36.53    3.21    3.61     15.94   18.61   14.83     17.13   16.36    5.96      9.89   36.65   40.11   190.75  110.94   177.92   97.98   201.42   96.56 
 123 5083.73   23.66     38.24    2.60    3.61     16.41   17.71   14.86     17.13   16.36    6.04     10.33   35.99   40.08   186.53  111.47   173.78   98.56   197.02   97.11 
 124 5083.73   24.09     35.14    3.67    3.61     15.85   18.65   14.89     17.13   16.36    6.13     10.58   35.52   40.04   184.68  109.52   171.98   97.66   194.21   95.41 
 125 5083.73   24.17     37.76    2.70    3.60     17.18   16.50   14.90     17.13   16.36    6.21     10.71   34.93   40.00   183.41  109.76   171.38   96.95   194.03   96.16 
 126  172.99   23.96     34.94    3.66    3.60     20.37   11.19   14.87     21.85    9.50    6.23     11.20   33.22   39.94   180.75  106.09   168.54   93.70   190.94   92.40 
 127  172.99   24.21     34.96    3.57    3.60     19.06   13.06   14.86     21.85    9.50    6.26     11.17   33.09   39.89   177.36  104.52   164.85   92.36   187.29   90.55 
 128  172.99   23.44     32.83    4.42    3.61     17.00   16.61   14.87     21.85    9.50    6.28     10.88   34.21   39.85   171.81  102.24   159.41   90.08   181.70   88.37 
 129  172.99   23.90     33.80    3.91    3.61     15.76   19.12   14.90     21.85    9.50    6.31     11.11   33.23   39.79   170.11  101.44   157.68   89.12   180.14   87.48 
 130  172.99   24.03     33.11    4.12    3.61     15.49   19.58   14.94     21.85    9.50    6.33     11.70   32.39   39.74   165.91   96.40   152.70   84.82   175.15   81.88 
 131  112.50   23.62     34.64    3.37    3.61     20.64   10.83   14.91     25.05    6.57    6.34     11.78   32.35   39.68   164.50   90.03   151.49   78.22   173.91   75.61 
 132  112.50   23.84     34.56    3.37    3.61     19.97   11.77   14.88     25.05    6.57    6.34     12.19   28.96   39.60   163.32   89.83   149.67   78.90   171.83   74.97 
 133  112.50   23.46     34.27    3.49    3.61     19.69   12.24   14.86     25.05    6.57    6.34     10.80   32.62   39.55   161.25   93.23   147.70   82.16   169.96   78.44 
 134  112.50   23.83     32.47    4.30    3.61     18.74   13.82   14.86     25.05    6.57    6.34     11.58   30.81   39.48   160.87   95.61   146.91   84.79   169.23   80.46 
 135  112.50   23.01     33.07    4.01    3.62     17.79   15.81   14.86     25.05    6.57    6.34     11.77   31.16   39.42   161.51   96.96   147.89   85.78   170.28   82.09 
 136   97.51   23.32     35.27    3.13    3.61     21.27   10.81   14.83     26.35    5.66    6.34     11.03   33.32   39.38   159.12  100.86   145.33   89.82   167.57   85.77 
 137   97.51   23.30     32.46    4.31    3.62     18.96   14.28   14.83     26.35    5.66    6.33     11.36   33.44   39.33   157.26  102.66   143.43   91.43   166.05   87.59 
 138   97.51   23.42     32.92    4.09    3.62     17.43   17.33   14.85     26.35    5.66    6.33     11.36   34.38   39.30   155.98  103.10   143.08   91.48   165.32   88.87 
 139   97.51   22.93     33.01    4.00    3.62     16.62   18.94   14.88     26.35    5.66    6.32     11.40   34.95   39.27   154.47  103.16   141.19   91.09   163.94   88.39 
 140   97.51   23.35     29.73    5.90    3.64     15.04   23.36   14.94     26.35    5.66    6.32     11.18   36.01   39.24   158.44  102.42   145.81   90.34   168.28   88.39 
 141  106.08   23.56     30.55    5.50    3.65     21.49   11.15   14.91     25.77    6.07    6.32     10.58   37.84   39.23   164.91  103.32   151.72   91.23   174.39   88.61 
 142  106.08   23.76     30.84    5.50    3.67     20.97   12.01   14.89     25.77    6.07    6.31     10.60   38.26   39.23   171.06  104.03   158.36   92.01   180.92   89.99 
 143  106.08   23.66     31.80    5.09    3.68     19.79   13.70   14.88     25.77    6.07    6.31     10.59   38.19   39.22   178.22  104.27   165.02   92.15   187.74   89.56 
 144  106.08   23.42     33.11    4.48    3.68     18.94   15.20   14.88     25.77    6.07    6.31     10.76   38.40   39.21   183.26  103.62   170.11   91.74   192.52   88.96 
 145  106.08   22.86     32.77    4.72    3.69     17.22   18.46   14.91     25.77    6.07    6.31     10.74   39.19   39.21   186.13  102.42   172.80   91.14   195.16   87.87 
 146   82.08   23.29     32.06    5.17    3.70     23.38    9.09   14.87     29.10    4.16    6.30     10.94   38.05   39.20   187.51  104.00   174.50   92.27   196.65   89.50 
 147   82.08   23.95     32.98    4.66    3.71     21.47   11.33   14.84     29.10    4.16    6.28     10.83   38.37   39.20   186.10  106.28   172.98   94.62   195.17   91.68 
 148   82.08   23.93     32.81    4.75    3.71     19.60   14.18   14.84     29.10    4.16    6.27     11.15   38.10   39.19   186.23  105.29   173.53   94.01   195.22   91.30 
 149   82.08   23.53     32.16    5.16    3.72     17.48   17.75   14.86     29.10    4.16    6.25     10.32   43.20   39.22   191.10  102.20   178.33   90.82   200.18   88.11 
 150   82.08   23.27     33.73    4.28    3.73     18.61   15.83   14.87     29.10    4.16    6.24     11.00   39.08   39.22   189.31  102.01   176.89   91.01   198.02   88.28 
 151   93.49   23.37     33.39    4.44    3.73     24.05    8.42   14.82     28.17    4.65    6.23     11.03   39.08   39.22   188.26  101.30   176.07   90.29   197.05   87.82 
 152   93.49   22.91     31.35    5.42    3.74     17.52   18.45   14.85     28.17    4.65    6.22     11.07   41.87   39.23   180.87   99.25   168.69   88.25   189.64   85.78 
 153   93.49   23.30     30.74    5.61    3.75     15.36   23.63   14.90     28.17    4.65    6.21     10.43   44.95   39.27   174.53   95.57   162.60   84.54   183.40   82.37 
 154   93.49   23.01     28.17    7.51    3.78     12.99   30.53   15.01     28.17    4.65    6.20     10.08   44.57   39.31   175.24   95.04   163.86   83.87   184.36   82.33 
 155   93.49   23.28     25.44   10.20    3.82     11.48   36.70   15.15     28.17    4.65    6.19      9.46   44.94   39.34   175.31   99.08   163.60   88.24   184.11   86.12 
 156   89.41   23.35     25.91    9.63    3.86     18.85   16.12   15.15     29.46    4.03    6.17     10.18   42.25   39.36   173.03  101.33   161.58   90.58   181.71   88.61 
 157   89.41   23.75     24.64   11.12    3.90     14.37   27.56   15.23     29.46    4.03    6.16      9.83   44.96   39.40   173.02  104.11   161.72   93.25   181.83   91.52 
 158   89.41   23.73     25.06   10.63    3.95     13.03   32.80   15.34     29.46    4.03    6.15      9.94   46.39   39.44   171.38  104.67   160.24   93.99   180.04   92.25 
 159   89.41   23.31     23.91   12.37    4.00     11.73   37.32   15.48     29.46    4.03    6.13      9.10   56.73   39.55   176.81  104.94   166.11   93.71   186.12   92.91 
 160   89.41   23.21     22.95   13.97    4.06     11.77   38.15   15.62     29.46    4.03    6.12      9.10   55.07   39.65   179.99  108.01   169.71   96.49   189.65   96.35 
 161   81.48   23.21     23.33   13.54    4.12     22.86   10.74   15.59     27.84    4.89    6.11     10.26   47.70   39.70   181.93  108.78   171.43   97.56   191.26   96.96 
 162   81.48   23.40     23.47   13.43    4.18     22.98   10.47   15.56     27.84    4.89    6.10     10.40   45.60   39.73   183.17  109.94   172.90   98.54   192.69   98.29 
 163   81.48   23.21     23.91   12.90    4.23     20.35   14.14   15.55     27.84    4.89    6.10     10.62   46.20   39.77   185.07  110.53   175.22   98.85   194.91   99.24 
 164   81.48   23.02     24.30   12.29    4.28     18.10   18.11   15.57     27.84    4.89    6.09     11.09   42.07   39.79   183.23  108.93   173.59   97.30   193.07   97.87 
 165   81.48   23.42     24.29   12.36    4.33     16.94   20.51   15.60     27.84    4.89    6.08     10.86   43.57   39.81   184.45  109.31   174.68   97.62   194.41   98.17 
 166   90.57   23.31     24.87   11.54    4.37     21.94   11.46   15.57     26.74    5.59    6.08     11.18   39.90   39.81   182.93  109.03   173.17   97.34   192.91   97.92 
 167   90.57   23.80     24.88   11.10    4.41     14.20   26.80   15.64     26.74    5.59    6.08      9.64   43.07   39.83   174.85  107.74   165.52   95.82   184.99   96.92 
 168   90.57   23.36     27.24    8.21    4.44     13.01   31.27   15.73     26.74    5.59    6.07      9.81   41.61   39.84   166.00  106.04   156.80   93.98   176.34   95.33 
 169   90.57   23.38     29.25    6.38    4.45     12.53   32.53   15.83     26.74    5.59    6.07      9.67   41.60   39.85   159.74  106.06   150.85   94.21   169.89   95.67 
 170   90.57   23.39     30.34    5.59    4.45     11.38   35.86   15.95     26.74    5.59    6.07      9.43   43.97   39.87   156.93  106.01   148.29   94.02   167.27   95.86 
 171   92.14   23.10     29.94    5.72    4.46     15.17   22.26   15.99     28.07    4.82    6.06      9.23   42.44   39.89   152.38  104.54   144.08   91.71   163.58   94.58 
 172   92.14   23.25     30.15    5.59    4.47     10.00   37.89   16.11     28.07    4.82    6.05      8.70   45.49   39.92   151.21  104.91   143.40   91.70   162.84   95.36 
 173   92.14   23.12     24.21   11.00    4.51     10.06   37.43   16.24     28.07    4.82    6.05      8.57   44.67   39.95   158.43  105.96   150.42   93.35   169.47   96.32 
 174   92.14   23.02     24.03   11.23    4.54     10.45   36.10   16.35     28.07    4.82    6.04      9.07   42.70   39.97   158.71  105.27   150.76   92.38   170.03   95.66 
 175   92.14   23.31     28.57    6.65    4.56     11.26   33.68   16.45     28.07    4.82    6.03      9.43   41.84   39.98   155.56  102.42   146.06   91.43   164.86   91.61 
 176   90.59   23.27     29.39    6.11    4.57     20.54   11.61   16.42     27.41    5.20    6.03     10.38   37.27   39.96   158.47  101.19   148.79   89.86   168.12   90.20 
 177   90.59   23.04     29.08    6.37    4.58     18.02   15.65   16.42     27.41    5.20    6.02     10.30   37.59   39.95   161.07  100.05   151.35   88.75   170.72   89.05 
 178   90.59   23.40     29.57    6.07    4.58     16.00   19.51   16.44     27.41    5.20    6.02     10.20   37.60   39.93   162.71   99.38   152.95   87.87   172.56   88.31 
 179   90.59   23.74     29.53    6.22    4.59     14.79   22.53   16.47     27.41    5.20    6.01     10.23   37.58   39.92   166.18   99.58   156.41   87.98   176.11   88.49 
 180   90.59   23.23     29.73    6.08    4.60     13.78   24.99   16.52     27.41    5.20    6.01     10.29   37.07   39.91   166.77   98.87   156.75   87.30   176.64   87.55 
 181   88.32   23.78     29.90    5.96    4.61     22.29    9.34   16.48     27.21    5.32    6.01     10.50   35.78   39.88   166.13   99.59   156.47   87.81   176.21   88.55 
 182   88.32   23.17     29.46    6.18    4.62     19.65   12.56   16.46     27.21    5.32    6.00     10.11   36.93   39.87   163.20  100.12   153.56   87.96   173.67   89.07 
 183   88.32   23.81     28.93    6.52    4.63     17.66   15.50   16.45     27.21    5.32    6.00     10.58   34.91   39.84   162.57   97.92   153.40   85.52   173.33   87.32 
 184   88.32   23.26     29.49    6.09    4.64     15.82   18.90   16.46     27.21    5.32    5.99     10.34   35.15   39.81   163.03   97.05   152.86   85.14   173.16   85.49 
 185   88.32   23.72     29.91    5.83    4.64     14.73   21.14   16.49     27.21    5.32    5.99     10.08   35.64   39.79   163.52   96.03   154.33   83.43   174.47   85.37 
 186   86.61   23.45     28.84    6.56    4.65     22.14    9.00   16.45     28.31    4.69    5.98     10.17   35.29   39.77   164.20   94.87   154.97   82.30   175.20   84.24 
 187   86.61   23.54     28.83    6.62    4.66     19.79   11.79   16.42     28.31    4.69    5.98     10.45   34.55   39.74   166.31   94.31   157.21   81.41   177.66   83.75 
 188   86.61   22.85     29.72    5.97    4.67     17.07   16.39   16.42     28.31    4.69    5.97     10.98   33.64   39.71   166.08   92.58   156.26   80.29   176.73   81.39 
 189   86.61   23.17     30.46    5.56    4.67     15.32   20.19   16.44     28.31    4.69    5.96     11.15   34.71   39.68   169.30   91.31   159.98   79.01   180.08   80.65 
 190   86.61   23.03     29.13    6.51    4.68     13.86   23.80   16.48     28.31    4.69    5.96     11.23   34.35   39.65   172.24   89.85   162.16   77.88   182.51   78.44 
 191   81.02   23.04     30.74    5.44    4.69     21.20   10.15   16.45     26.95    5.47    5.95     12.09   30.65   39.60   172.31   87.88   162.56   75.95   182.69   76.85 
 192   81.02   23.69     32.63    4.22    4.69     16.99   16.29   16.45     26.95    5.47    5.95     10.23   36.98   39.59   165.66   85.52   155.84   73.23   176.34   74.36 
 193   81.02   23.56     30.03    5.67    4.69     17.02   15.85   16.45     26.95    5.47    5.95     10.68   34.21   39.56   166.81   85.05   156.67   73.02   177.18   73.61 
 194   81.02   23.64     30.41    5.40    4.69     16.53   16.76   16.45     26.95    5.47    5.95     10.05   35.85   39.54   165.28   86.55   154.92   74.42   175.71   74.85 
 195   81.02   22.82     32.44    4.21    4.69     14.71   20.39   16.47     26.95    5.47    5.94      9.48   38.23   39.54   160.31   88.02   150.09   76.01   170.69   76.53 
 196   92.95   23.72     30.79    5.08    4.69     23.59    7.35   16.42     26.38    5.84    5.94     10.20   34.20   39.51   159.35   90.61   149.02   78.29   169.96   78.90 
 197   92.95   23.60     30.50    5.16    4.70     20.41   10.48   16.39     26.38    5.84    5.94     10.70   33.58   39.48   156.41   89.42   145.84   77.11   166.98   77.47 
 198   92.95   23.21     28.18    6.81    4.71     17.46   14.71   16.38     26.38    5.84    5.94     10.76   32.27   39.44   159.28   90.18   148.92   77.55   170.20   78.42 
 199   92.95   23.02     28.98    6.26    4.71     15.54   18.13   16.39     26.38    5.84    5.94     11.62   30.09   39.40   161.07   87.00   150.42   74.41   171.96   74.99 
 200   92.95   23.64     30.04    5.68    4.72     14.96   19.26   16.41     26.38    5.84    5.94     11.22   31.55   39.36   166.54   87.25   155.92   74.64   177.38   75.18 
 201   93.06   23.52     32.77    4.20    4.72     20.50   10.14   16.37     27.42    5.16    5.94     11.99   28.78   39.30   169.31   83.52   159.26   69.96   181.17   71.90 
 202   93.06   23.30     30.79    5.33    4.72     18.28   12.62   16.36     27.42    5.16    5.93     12.06   27.69   39.25   173.73   80.15   163.40   66.71   185.41   68.26 
 203   93.06   23.21     33.12    4.19    4.72     17.55   13.73   16.34     27.42    5.16    5.93     11.47   28.48   39.19   178.34   81.76   167.68   68.17   190.10   69.51 
 204   93.06   23.54     29.81    6.30    4.73     16.63   15.11   16.34     27.42    5.16    5.93     11.45   28.03   39.14   184.21   83.18   174.70   69.13   196.62   71.99 
 205   93.06   23.65     30.80    5.68    4.73     16.22   16.09   16.34     27.42    5.16    5.92     11.23   28.60   39.09   184.80   85.14   175.42   70.82   197.50   74.03 
 206   95.80   23.56     31.89    5.14    4.73     22.81    7.53   16.29     26.92    5.45    5.92     12.12   26.39   39.03   189.52   86.11   180.31   71.65   202.34   75.13 
 207   95.80   23.66     30.85    5.84    4.74     21.22    8.97   16.26     26.92    5.45    5.92     12.15   26.60   38.97   191.76   83.97   182.54   69.40   204.69   72.99 
 208   95.80   23.25     32.03    5.05    4.74     21.07    9.12   16.22     26.92    5.45    5.91     11.52   29.22   38.92   191.36   80.62   181.66   66.83   203.52   69.34 
 209   95.80   23.15     30.84    5.77    4.74     20.60    9.59   16.19     26.92    5.45    5.91     11.84   28.26   38.87   193.04   77.18   183.17   63.17   205.39   65.68 
 210   95.80   23.26     31.78    5.24    4.75     21.29    8.89   16.16     26.92    5.45    5.91     11.94   27.62   38.82   195.68   75.53   185.80   61.38   208.14   63.96 
 211   99.30   23.55     31.86    5.29    4.75     21.91    8.24   16.12     25.92    6.10    5.91     11.76   27.30   38.76   199.98   75.65   190.29   61.63   212.37   64.34 
 212   99.30   23.15     32.51    4.88    4.75     20.53    9.86   16.09     25.92    6.10    5.91     10.07   31.89   38.73   196.83   79.82   186.82   65.63   209.30   68.13 
 213   99.30   23.27     31.81    5.34    4.75     20.82    9.61   16.06     25.92    6.10    5.91      9.74   32.33   38.70   196.24   85.16   186.46   71.33   208.41   73.75 
 214   99.30   23.49     31.51    5.49    4.76     20.69    9.56   16.03     25.92    6.10    5.91      9.71   33.12   38.67   193.19   89.70   183.84   75.55   205.75   78.69 
 215   99.30   23.49     33.22    4.38    4.75     18.67   12.04   16.01     25.92    6.10    5.91      8.83   36.66   38.66   184.68   92.93   174.75   79.19   196.72   81.39 
 216  101.32   24.08     36.21    3.04    4.75     24.45    6.20   15.97     26.96    5.40    5.91      8.57   36.78   38.65   177.47   94.94   167.38   80.83   189.82   83.18 
 217  101.32   24.32     30.54    5.66    4.75     18.29   12.88   15.95     26.96    5.40    5.91      9.54   34.17   38.63   173.11   95.46   163.80   81.41   185.52   84.47 
 218  101.32   24.03     32.26    4.45    4.75     15.95   17.95   15.96     26.96    5.40    5.91      9.09   39.96   38.64   164.11   92.26   154.31   78.35   176.36   80.84 
 219  101.32   24.01     31.46    4.88    4.75     14.45   22.15   15.99     26.96    5.40    5.91     10.79   32.85   38.61   163.86   93.89   154.61   79.94   176.19   82.98 
 220  101.32   24.02     33.89    3.63    4.74     14.59   21.03   16.01     26.96    5.40    5.90     11.17   33.13   38.59   156.62   90.03   146.35   76.24   168.69   78.19 
 221  111.65   23.99     34.30    3.42    4.74     21.57    9.48   15.98     25.47    6.39    5.91     11.73   31.02   38.55   156.21   85.76   145.62   72.31   167.92   73.66 
 222  111.65   24.12     35.34    3.07    4.73     21.24   10.00   15.95     25.47    6.39    5.91     11.20   30.13   38.52   158.74   87.06   148.31   73.68   170.39   75.12 
 223  111.65   24.47     33.92    3.69    4.73     20.72   10.65   15.93     25.47    6.39    5.91     11.22   30.31   38.48   161.67   88.29   151.42   74.67   173.57   76.44 
 224  111.65   24.25     32.34    4.52    4.72     20.19   11.40   15.91     25.47    6.39    5.91     11.21   30.73   38.44   163.63   89.12   153.34   75.16   175.90   77.25 
 225  111.65   24.46     33.72    3.94    4.72     18.77   13.80   15.90     25.47    6.39    5.91     10.77   31.59   38.41   168.22   92.18   157.51   78.10   180.56   79.93 
 226  108.70   23.90     32.35    4.71    4.72     22.83    8.66   15.87     25.89    6.08    5.91     11.21   30.57   38.38   170.65   94.91   160.46   81.08   182.76   83.08 
 227  108.70   24.14     31.66    5.20    4.72     21.17   10.57   15.85     25.89    6.08    5.92     11.22   30.98   38.35   172.92   97.87   162.68   83.23   185.88   85.99 
 228  108.70   23.99     31.31    5.60    4.73     20.10   12.15   15.83     25.89    6.08    5.92     10.92   32.11   38.32   179.10  101.31   168.74   87.40   191.29   89.35 
 229  108.70   23.94     32.49    4.95    4.73     20.46   11.64   15.81     25.89    6.08    5.92     11.46   31.51   38.29   180.89  103.14   170.24   88.95   193.35   90.94 
 230  108.70   24.42     32.98    4.68    4.73     18.74   14.21   15.80     25.89    6.08    5.92     12.02   30.74   38.26   184.63  100.85   174.40   86.42   197.36   89.00 
 231   97.58   24.20     31.44    5.71    4.73     15.18   20.90   15.83     26.27    5.83    5.92     11.04   34.54   38.24   189.71   94.64   179.71   79.56   203.06   82.84 
 232   97.58   24.09     32.05    5.29    4.73     15.54   20.15   15.85     26.27    5.83    5.92     11.54   32.72   38.22   191.83   92.72   180.32   78.75   203.92   79.67 
 233   97.58   24.49     30.21    6.38    4.74     15.30   20.71   15.87     26.27    5.83    5.92     10.85   39.58   38.22   187.72   84.53   177.35   69.12   201.35   72.34 
 234   97.58   23.94     30.40    6.15    4.75     16.09   19.11   15.88     26.27    5.83    5.92     11.44   34.74   38.21   188.18   80.06   176.35   65.84   200.43   66.61 
 235   97.58   24.12     30.40    6.11    4.75     15.61   19.97   15.90     26.27    5.83    5.92     11.69   33.15   38.19   186.05   76.13   174.65   60.97   199.25   62.92 
 236  103.72   24.40     30.15    6.09    4.76     20.35   11.61   15.88     25.80    6.15    5.92     11.68   33.55   38.17   182.05   70.80   171.16   55.60   195.35   58.08 
 237  103.72   24.17     31.66    5.08    4.76     21.17   10.70   15.86     25.80    6.15    5.92     11.34   32.08   38.14   179.91   73.29   168.78   58.09   193.21   60.36 
 238  103.72   24.50     34.52    3.59    4.76     15.19   20.74   15.88     25.80    6.15    5.92     10.24   35.15   38.13   176.33   77.24   164.10   63.02   188.43   63.38 
 239  103.72   24.07     31.74    4.84    4.76     14.93   21.88   15.90     25.80    6.15    5.92      9.82   36.19   38.12   169.04   79.43   158.31   64.16   182.41   66.83 
 240  103.72   23.73     32.58    4.32    4.75     16.81   18.08   15.91     25.80    6.15    5.92     10.98   33.95   38.10   166.07   79.62   155.28   64.51   179.27   66.97 
 241  103.97   24.00     31.72    4.77    4.75     19.81   13.05   15.90     25.72    6.21    5.92     10.99   35.44   38.09   165.48   80.62   154.52   65.59   178.60   67.86 
 242  103.97   24.06     32.95    4.14    4.75     18.38   15.36   15.90     25.72    6.21    5.92     11.05   35.69   38.08   166.51   80.28   155.65   65.41   179.55   67.67 
 243  103.97   24.49     32.60    4.29    4.75     17.30   17.51   15.90     25.72    6.21    5.92     11.01   35.48   38.07   164.38   81.75   153.98   66.67   177.66   69.54 
 244  103.97   24.04     33.13    4.01    4.75     16.75   18.88   15.92     25.72    6.21    5.93     10.83   36.59   38.07   162.28   81.92   151.12   67.19   175.08   68.99 
 245  103.97   24.47     34.16    3.51    4.74     15.70   21.44   15.94     25.72    6.21    5.93     10.79   38.41   38.07   160.58   80.62   149.26   66.50   172.85   67.67 
 246  110.59   23.95     33.06    4.00    4.74     21.29   11.33   15.92     25.40    6.45    5.93     10.95   37.77   38.07   162.13   78.54   150.46   64.52   174.29   65.29 
 247  110.59   24.12     32.89    4.13    4.74     22.48    9.70   15.90     25.40    6.45    5.93     10.56   37.37   38.06   165.34   78.99   153.77   65.50   176.93   65.85 
 248  110.59   24.09     36.24    2.85    4.73     22.54    9.72   15.87     25.40    6.45    5.93     10.25   37.36   38.06   166.57   82.95   155.11   69.22   178.41   69.90 
 249  110.59   24.00     33.77    3.86    4.73     21.66   10.68   15.85     25.40    6.45    5.93     10.19   36.92   38.06   168.38   87.14   157.16   73.35   180.29   74.29 
 250  110.59   24.12     33.67    3.96    4.72     21.20   11.15   15.83     25.40    6.45    5.94      9.96   37.71   38.05   168.52   92.00   157.03   78.35   180.33   78.92 
 251  105.82   24.67     34.21    3.74    4.72     23.79    8.20   15.80     24.87    6.87    5.94     10.38   36.56   38.05   167.62   95.50   156.40   81.76   179.46   82.63 
 252  105.82   24.56     33.92    3.92    4.72     22.11    9.93   15.78     24.87    6.87    5.94     10.52   35.58   38.04   168.52   98.47   157.20   84.24   180.97   85.54 
 253  105.82   24.15     35.93    3.05    4.71     20.98   11.38   15.76     24.87    6.87    5.95     11.04   36.02   38.03   165.93   98.02   154.74   83.77   178.42   85.22 
 254  105.82   24.46     33.01    4.26    4.71     18.76   14.53   15.75     24.87    6.87    5.95     11.11   37.48   38.03   167.33   91.42   156.31   77.04   179.99   78.78 
 255  105.82   24.45     33.35    4.06    4.70     16.48   18.43   15.77     24.87    6.87    5.96     10.91   38.54   38.03   171.48   82.91   160.59   68.56   184.12   70.39 
 256  114.94   24.44     34.66    3.51    4.70     17.85   15.50   15.76     25.15    6.66    5.96     10.70   37.21   38.03   175.99   77.87   165.01   63.22   188.90   65.22 
 257  114.94   24.49     35.41    3.27    4.69     19.84   12.52   15.75     25.15    6.66    5.96     11.10   32.33   38.00   177.06   81.24   166.36   66.43   190.19   68.86 
 258  114.94   24.45     35.17    3.42    4.69     17.28   16.49   15.75     25.15    6.66    5.96     10.71   32.67   37.98   178.81   85.00   167.99   70.63   191.48   72.55 
 259  114.94   24.07     39.37    2.14    4.68     16.69   17.65   15.76     25.15    6.66    5.97     10.17   33.74   37.97   178.96   90.22   168.30   75.36   192.14   77.87 
 260  114.94   24.56     38.23    2.44    4.67     16.00   18.76   15.77     25.15    6.66    5.97     11.10   32.22   37.95   178.42   92.03   167.38   77.93   190.79   79.40 
 261  122.38   24.48     36.20    3.08    4.66     20.85   10.73   15.75     25.21    6.61    5.97     11.10   32.09   37.92   176.63   93.94   165.73   79.20   189.66   81.38 
 262  122.38   24.53     39.93    1.99    4.65     19.75   12.08   15.74     25.21    6.61    5.97     11.23   31.44   37.90   175.60   95.49   164.82   81.03   188.40   83.13 
 263  122.38   24.12     39.23    2.16    4.64     18.58   13.59   15.73     25.21    6.61    5.98     10.94   32.02   37.88   174.84   96.27   164.40   81.87   187.59   84.23 
 264  122.38   24.46     36.16    3.06    4.64     16.33   17.20   15.74     25.21    6.61    5.98     11.51   30.89   37.85   174.72   94.20   164.25   79.96   187.30   82.13 
 265  122.38   24.13     34.14    3.88    4.64     14.70   19.62   15.75     25.21    6.61    5.98     11.06   30.35   37.82   175.14   92.76   164.83   78.06   188.19   80.79 
 266  107.31   24.08     34.13    3.89    4.63     23.59    6.91   15.72     24.85    6.88    5.98     11.54   27.25   37.78   175.46   92.81   164.88   78.38   188.26   80.67 
 267  107.31   24.17     32.97    4.35    4.63     19.63   10.79   15.70     24.85    6.88    5.99     11.65   26.62   37.74   170.20   91.43   159.73   77.11   182.93   79.41 
 268  107.31   24.15     34.25    3.68    4.63     17.99   12.87   15.69     24.85    6.88    5.99     10.70   28.55   37.71   165.94   92.16   155.71   77.89   178.64   80.37 
 269  107.31   24.05     34.23    3.64    4.62     18.14   12.48   15.68     24.85    6.88    5.99     10.57   28.61   37.67   162.75   92.46   152.66   78.20   175.50   80.85 
 270  107.31   24.18     32.63    4.27    4.62     16.54   14.76   15.67     24.85    6.88    6.00     10.92   27.47   37.63   158.34   91.64   147.97   77.66   170.79   79.81 
 271  120.81   24.42     35.52    2.97    4.62     20.90    8.96   15.65     25.05    6.71    6.00     10.04   29.96   37.61   152.25   91.65   142.38   77.69   164.69   80.24 
 272  120.81   24.54     33.09    3.83    4.61     20.42    9.18   15.63     25.05    6.71    6.00     10.73   27.72   37.57   147.93   89.19   137.37   75.47   160.10   77.18 
 273  120.81   24.17     33.24    3.65    4.61     19.13   10.53   15.61     25.05    6.71    6.01     10.30   28.32   37.54   143.21   89.03   132.61   75.31   155.40   77.02 
 274  120.81   24.02     33.53    3.45    4.61     17.76   12.32   15.60     25.05    6.71    6.01     10.05   29.06   37.50   138.64   89.13   128.28   75.21   150.98   77.26 
 275  120.81   24.11     37.84    2.13    4.60     17.16   13.20   15.59     25.05    6.71    6.01      9.95   29.26   37.47   142.36   89.74   131.21   76.14   154.33   77.19 
 276  122.41   24.43     32.58    3.91    4.60     21.38    8.07   15.56     24.92    6.79    6.01     10.80   27.26   37.44   143.47   87.01   132.55   73.25   155.65   74.68 
 277  122.41   24.56     35.78    2.69    4.59     20.40    8.95   15.54     24.92    6.79    6.02     10.60   28.13   37.40   144.89   82.50   133.55   69.00   156.75   69.77 
 278  122.41   24.15     37.62    2.22    4.58     19.45    9.95   15.52     24.92    6.79    6.02      9.90   28.81   37.37   149.71   82.74   137.93   69.61   161.16   69.63 
 279  122.41   24.04     35.28    3.01    4.57     18.39   11.18   15.50     24.92    6.79    6.02      9.27   29.52   37.34   153.06   87.11   141.30   73.78   164.74   74.03 
 280  122.41   23.74     36.93    2.55    4.57     17.47   12.45   15.49     24.92    6.79    6.02      8.98   30.12   37.32   154.85   94.13   143.50   80.20   167.14   81.39 
 281  121.94   24.11     38.30    2.25    4.56     20.39    8.84   15.47     24.55    7.06    6.03      9.10   29.49   37.29   158.37   98.93   147.03   85.34   170.37   86.25 
 282  121.94   24.53     35.78    3.12    4.55     18.88   10.36   15.45     24.55    7.06    6.03      9.51   28.61   37.26   164.93  100.00   154.01   86.66   176.85   87.80 
 283  121.94   24.16     36.09    3.07    4.55     17.71   11.64   15.43     24.55    7.06    6.04      9.21   29.86   37.23   171.77   97.23   160.86   83.95   183.40   84.85 
 284  121.94   24.06     35.57    3.31    4.54     17.44   11.61   15.42     24.55    7.06    6.04      9.58   28.75   37.20   176.41   92.62   165.59   78.77   188.59   80.26 
 285  121.94   24.57     33.66    4.13    4.54     13.19   17.83   15.43     24.55    7.06    6.04      9.20   29.17   37.18   180.23   85.71   169.74   72.30   192.08   73.78 
 286  123.96   24.08     37.32    2.74    4.54     17.00   11.01   15.41     25.03    6.66    6.04     10.03   24.89   37.13   182.76   84.48   172.24   70.90   194.77   72.48 
 287  123.96   24.58     37.59    2.67    4.53     15.91   12.39   15.40     25.03    6.66    6.05      9.66   25.57   37.09   185.83   81.63   175.69   68.26   197.66   70.01 
 288  123.96   24.18     35.82    3.29    4.53     15.90   12.26   15.39     25.03    6.66    6.05      9.64   24.98   37.05   187.64   80.06   177.55   66.77   199.50   68.59 
 289  123.96   24.06     34.67    3.77    4.52     16.10   11.95   15.38     25.03    6.66    6.05      9.62   24.66   37.01   187.80   80.51   177.96   66.70   200.14   69.16 
 290  123.96   24.17     33.51    4.31    4.52     16.01   11.96   15.37     25.03    6.66    6.05      9.71   24.40   36.96   188.14   80.97   177.24   67.57   199.80   68.56 
 291  128.77   24.13     35.32    3.51    4.52     21.38    6.48   15.34     24.73    6.85    6.06      9.96   23.38   36.92   186.80   84.29   175.73   70.96   198.48   71.77 
 292  128.77   24.19     35.93    3.27    4.51     20.13    7.54   15.31     24.73    6.85    6.06     10.09   22.95   36.87   186.78   86.48   176.44   72.90   198.79   74.62 
 293  128.77   24.16     34.39    3.86    4.51     19.01    8.67   15.29     24.73    6.85    6.06      9.96   23.92   36.83   182.35   88.87   172.14   75.26   194.47   77.21 
 294  128.77   24.66     32.55    4.75    4.51     17.72   10.40   15.27     24.73    6.85    6.06     10.75   22.93   36.78   180.35   89.43   169.16   76.44   191.80   76.97 
 295  128.77   24.22     32.36    4.85    4.51     16.23   12.40   15.26     24.73    6.85    6.07     10.79   22.95   36.73   180.21   89.16   169.60   75.62   192.05   76.98 
 296  121.66   24.44     32.71    4.58    4.51     16.89   11.82   15.25     24.70    6.84    6.07     10.51   24.47   36.69   176.53   88.40   166.31   75.03   188.41   76.76 
 297  121.66   24.24     34.00    3.92    4.51     17.27   11.60   15.24     24.70    6.84    6.07     11.41   22.70   36.64   177.11   86.62   166.99   73.01   189.22   75.05 
 298  121.66   24.18     32.79    4.49    4.51     16.68   12.52   15.23     24.70    6.84    6.07     11.33   23.26   36.60   176.92   84.33   166.30   70.83   188.72   72.16 
 299  121.66   24.49     31.42    5.27    4.51     16.18   13.43   15.22     24.70    6.84    6.08     11.24   23.43   36.55   176.80   83.67   166.68   70.11   188.77   72.02 
 300  121.66   24.59     33.21    4.29    4.51     15.63   14.39   15.22     24.70    6.84    6.08     11.05   23.89   36.51   177.13   85.57   166.46   71.84   189.10   73.29 
 301  122.76   24.05     34.32    3.78    4.51     20.94    7.98   15.20     24.72    6.80    6.08     11.51   23.22   36.47   176.79   86.36   166.56   72.58   188.98   74.55 
 302  122.76   24.48     33.69    4.07    4.51     20.73    8.23   15.17     24.72    6.80    6.08     11.29   23.69   36.43   176.07   87.42   165.24   73.43   188.62   75.24 
 303  122.76   24.11     33.02    4.44    4.51     20.97    7.94   15.15     24.72    6.80    6.09     11.52   23.34   36.38   179.79   88.25   169.18   74.18   192.12   75.99 
 304  122.76   24.44     33.18    4.41    4.51     20.65    8.33   15.13     24.72    6.80    6.09     11.29   23.91   36.34   181.57   89.42   170.77   75.28   193.82   76.86 
 305  122.76   24.55     32.92    4.56    4.51     20.02    9.01   15.11     24.72    6.80    6.09     11.44   23.74   36.30   182.23   89.75   171.75   75.88   194.43   77.63 
 306  124.86   24.52     33.87    4.08    4.51     22.36    6.87   15.08     24.43    7.01    6.09     11.19   24.16   36.26   181.07   90.48   170.68   76.44   193.48   78.46 
 307  124.86   24.61     33.54    4.27    4.51     22.11    7.12   15.05     24.43    7.01    6.10     11.17   24.38   36.22   182.27   91.58   171.50   78.12   194.04   79.23 
 308  124.86   24.19     34.44    3.86    4.51     22.55    6.80   15.03     24.43    7.01    6.10     10.85   24.96   36.18   181.08   94.31   170.37   80.84   192.91   82.04 
 309  124.86   23.73     33.09    4.46    4.51     19.68    9.51   15.01     24.43    7.01    6.10      9.00   29.95   36.16   176.10   98.88   165.23   85.29   187.95   86.41 
 310  124.86   24.57     32.93    4.61    4.51     18.62   10.74   15.00     24.43    7.01    6.11     10.25   26.50   36.13   176.89  103.30   166.47   89.76   188.77   91.26 
 311  126.88   24.12     33.98    4.14    4.50     21.21    8.04   14.97     24.45    6.98    6.11     10.94   25.15   36.10   178.18  107.01   167.52   93.40   190.06   94.69 
 312  126.88   24.54     36.49    3.12    4.50     20.41    8.99   14.95     24.45    6.98    6.11     10.60   26.02   36.07   177.75  111.40   167.11   98.26   189.22   99.20 
 313  126.88   24.19     35.03    3.68    4.50     19.26   10.34   14.94     24.45    6.98    6.11     10.80   26.10   36.03   174.82  113.36   164.26  100.32   186.23  101.27 
 314  126.88   24.45     33.85    4.14    4.50     18.61   11.14   14.93     24.45    6.98    6.12     11.50   26.26   36.00   170.85  111.47   159.96   97.95   182.61   98.97 
 315  126.88   24.53     31.04    5.70    4.50     16.14   14.86   14.93     24.45    6.98    6.12     11.70   26.60   35.97   171.29  107.66   160.97   94.50   182.84   95.80 
 316  150.74   24.51     34.10    4.01    4.50     15.51   17.34   14.93     24.77    6.70    6.12     11.17   28.51   35.95   173.38  108.12   163.28   94.55   185.28   96.36 
 317  150.74   24.22     31.75    5.20    4.50     15.78   16.89   14.94     24.77    6.70    6.12     10.49   34.32   35.94   170.54  104.89   160.53   91.17   182.64   93.21 
 318  150.74   24.17     32.98    4.50    4.50     15.95   16.67   14.95     24.77    6.70    6.13     11.18   29.84   35.93   172.30  102.09   162.33   88.58   184.24   90.55 
 319  150.74   24.50     32.48    4.78    4.50     15.54   17.07   14.95     24.77    6.70    6.13     11.08   28.46   35.90   175.42   99.84   165.82   86.00   187.71   88.52 
 320  150.74   24.55     33.93    4.11    4.50     16.10   16.44   14.96     24.77    6.70    6.13     11.00   27.98   35.88   176.83  101.76   167.12   87.76   189.31   90.43 
 321  137.83   24.53     34.94    3.71    4.50     24.81    5.98   14.93     24.28    7.08    6.13     11.11   27.27   35.85   180.80  101.75   171.29   87.68   193.38   90.61 
 322  137.83   24.62     36.10    3.29    4.49     22.33    7.97   14.91     24.28    7.08    6.14     11.11   27.30   35.82   184.57  102.58   174.66   88.69   196.91   91.06 
 323  137.83   24.60     34.06    4.21    4.49     21.74    8.51   14.89     24.28    7.08    6.14     11.37   27.20   35.80   185.13  102.73   175.42   88.63   197.70   91.39 
 324  137.83   23.74     34.50    4.05    4.49     22.67    7.74   14.87     24.28    7.08    6.14     11.35   27.46   35.77   188.29  103.02   179.18   88.78   201.09   92.26 
 325  137.83   24.22     34.47    4.09    4.49     23.33    7.24   14.84     24.28    7.08    6.14     11.65   27.59   35.75   190.04  101.75   181.19   87.58   202.76   91.18 
 326  150.75   24.49     34.84    3.89    4.49     24.48    6.45   14.82     24.38    6.99    6.15     11.73   29.48   35.73   190.54   97.70   181.79   83.54   203.24   87.22 
 327  150.75   24.23     33.60    4.46    4.49     24.44    6.52   14.79     24.38    6.99    6.15     11.77   29.13   35.71   189.88   95.53   180.96   81.55   202.42   84.93 
 328  150.75   24.58     32.46    5.01    4.49     22.97    7.65   14.77     24.38    6.99    6.15     11.00   33.26   35.70   186.77   92.68   177.97   78.91   199.17   82.27 
 329  150.75   24.52     34.63    3.79    4.49     22.76    7.93   14.75     24.38    6.99    6.15     10.89   34.61   35.70   182.95   90.17   174.11   76.25   195.48   79.73 
 330  150.75   24.61     33.30    4.35    4.49     21.54    8.99   14.73     24.38    6.99    6.16     10.84   32.03   35.68   178.79   91.02   169.41   77.04   191.29   79.97 
 331  145.59   24.53     34.98    3.53    4.48     18.70   12.21   14.72     24.41    6.96    6.16     10.26   32.03   35.67   174.87   94.07   165.19   80.21   187.21   82.73 
 332  145.59   24.63     33.41    4.15    4.48     17.74   13.37   14.72     24.41    6.96    6.16     10.58   30.27   35.66   167.72   96.85   158.58   82.53   180.53   85.94 
 333  145.59   24.27     33.04    4.25    4.48     17.69   13.35   14.72     24.41    6.96    6.16     11.09   28.45   35.64   164.28   97.55   154.68   83.98   176.32   86.32 
 334  145.59   24.50     32.80    4.33    4.48     17.70   13.31   14.71     24.41    6.96    6.17     10.97   28.53   35.61   161.85   99.54   151.94   86.16   173.62   88.01 
 335  145.59   24.64     30.99    5.26    4.49     16.88   14.93   14.71     24.41    6.96    6.17     10.94   29.39   35.60   154.55  101.03   145.60   87.46   166.69   90.49 
 336  148.03   24.60     31.62    4.78    4.49     23.27    7.06   14.69     24.49    6.88    6.17     11.09   29.43   35.58   151.66  101.28   142.23   87.50   163.90   90.15 
 337  148.03   24.66     31.90    4.61    4.49     21.52    8.68   14.67     24.49    6.88    6.17     12.02   26.07   35.55   150.90  101.28   141.49   87.51   163.08   90.12 
 338  148.03   24.33     31.24    4.90    4.49     21.46    8.88   14.65     24.49    6.88    6.17     12.04   27.77   35.53   147.71   99.12   139.08   85.27   160.14   88.83 
 339  148.03   24.57     31.31    4.79    4.49     20.83    9.52   14.64     24.49    6.88    6.18     12.08   27.64   35.50   147.49   94.31   138.55   80.86   159.47   83.72 
 340  148.03   24.30     31.13    4.96    4.49     20.24   10.34   14.63     24.49    6.88    6.18     11.93   26.94   35.48   150.83   93.36   141.73   80.12   162.58   82.66 
 341  146.73   24.21     31.89    4.58    4.49     22.37    8.11   14.61     24.51    6.86    6.18     11.85   26.71   35.45   153.09   94.24   144.32   80.53   165.35   83.80 
 342  146.73   24.26     33.43    3.93    4.49     20.26   10.87   14.60     24.51    6.86    6.18     10.76   29.24   35.43   155.94   99.52   146.61   86.48   167.54   88.65 
 343  146.73   24.62     32.26    4.63    4.49     19.87   11.78   14.59     24.51    6.86    6.19     10.42   30.75   35.42   158.74  103.94   149.36   90.93   170.35   93.04 
 344  146.73   24.57     31.44    5.30    4.49     17.38   15.86   14.59     24.51    6.86    6.19     10.15   31.68   35.41   163.72  108.67   154.86   94.96   175.93   98.13 
 345  146.73   24.62     33.27    4.41    4.49     16.89   17.03   14.60     24.51    6.86    6.19     10.36   31.92   35.40   168.51  112.35   160.06   98.49   180.95  102.21 
 346  145.89   24.22     34.11    4.09    4.49     22.46    9.08   14.58     24.35    6.99    6.19     10.26   33.51   35.39   173.98  112.68   165.25   98.96   186.22  102.27 
 347  145.89   24.62     34.02    4.17    4.49     21.20   10.47   14.57     24.35    6.99    6.19     10.93   33.05   35.39   177.52  110.71   168.76   97.17   189.54  100.23 
 348  145.89   24.65     34.84    3.87    4.49     18.79   13.37   14.57     24.35    6.99    6.20     10.35   33.74   35.38   183.78  107.37   175.71   93.63   196.09   97.52 
 349  145.89   24.19     35.35    3.73    4.49     18.43   13.42   14.56     24.35    6.99    6.20      9.73   35.20   35.38   191.47  104.19   183.38   90.65   203.60   94.37 
 350  145.89   24.28     35.84    3.60    4.48     18.76   13.22   14.56     24.35    6.99    6.20     10.77   31.27   35.37   194.76  106.87   186.12   93.37   206.76   96.50 
 351  162.29   24.58     35.42    3.84    4.48     20.48   10.68   14.55     24.34    6.99    6.20     10.60   30.77   35.36   198.00  109.18   189.00   95.92   209.71   98.52 
 352  162.29   24.65     39.06    2.56    4.48     20.11   11.14   14.54     24.34    6.99    6.20     10.47   30.90   35.34   200.70  113.46   191.96  100.37   212.26  103.04 
 353  162.29   24.66     35.18    4.04    4.47     20.01   11.01   14.53     24.34    6.99    6.21     10.88   29.83   35.33   200.57  115.36   191.25  102.73   211.66  104.51 
 354  162.29   24.18     34.64    4.26    4.47     18.49   13.00   14.53     24.34    6.99    6.21     11.15   29.19   35.31   197.27  116.71   188.53  104.27   208.29  106.44 
 355  162.29   24.64     33.36    4.87    4.47     18.57   12.12   14.52     24.34    6.99    6.21     11.67   27.78   35.29   195.92  113.41   187.04  101.37   206.54  103.06 
 356  148.52   24.28     33.10    4.91    4.48     18.98   11.54   14.51     24.23    7.08    6.21     10.94   29.71   35.27   190.31  112.07   181.62   99.04   201.84  101.74 
 357  148.52   24.23     34.19    4.27    4.48     19.69   10.64   14.50     24.23    7.08    6.22     11.50   27.91   35.25   189.19  109.75   180.26   97.66   199.89   99.38 
 358  148.52   24.62     34.29    4.19    4.47     19.16   11.32   14.49     24.23    7.08    6.22     11.22   28.01   35.23   186.96  109.57   178.30   97.79   197.40   99.51 
 359  148.52   24.58     32.97    4.83    4.48     18.80   11.96   14.48     24.23    7.08    6.22     10.90   28.78   35.22   182.06  110.70   173.62   98.41   192.99  100.75 
 360  148.52   24.25     33.53    4.47    4.48     18.95   11.62   14.48     24.23    7.08    6.22     11.56   26.95   35.19   181.23  109.58   172.56   97.67   191.84   99.54 
 361  160.01   24.65     34.66    3.93    4.47     21.75    8.44   14.46     24.45    6.89    6.23     11.69   26.52   35.17   182.69  109.15   173.98   97.38   193.16   99.06 
 362  160.01   24.71     34.53    3.98    4.47     20.00   10.28   14.45     24.45    6.89    6.23     11.67   26.39   35.14   180.81  109.52   171.93   97.50   191.50   99.24 
 363  160.01   24.72     34.39    4.02    4.47     19.98   10.44   14.44     24.45    6.89    6.23     11.36   27.16   35.12   178.79  110.85   170.05   98.72   189.60  100.71 
 364  160.01   24.27     35.47    3.51    4.47     18.01   13.59   14.43     24.45    6.89    6.23     11.31   28.20   35.10   176.43  111.95   168.02   99.51   187.59  102.07 
 365  160.01   24.73     32.97    4.64    4.47     17.67   14.18   14.43     24.45    6.89    6.23     11.19   29.97   35.09   173.12  111.79   164.58   99.61   183.86  101.69 
 366  148.99   24.57     33.89    4.16    4.47     21.68    8.98   14.42     23.95    7.29    6.24     11.52   29.00   35.07   172.33  111.73   163.70   99.28   183.49  101.65 
 367  148.99   24.33     34.08    4.06    4.47     21.64    8.95   14.40     23.95    7.29    6.24     11.50   28.82   35.06   171.46  111.81   162.88   99.30   182.67  101.74 
 368  148.99   24.68     32.55    4.83    4.47     20.26   10.41   14.39     23.95    7.29    6.24     11.49   29.08   35.04   170.52  111.39   162.40   98.61   182.05  101.74 
 369  148.99   24.60     33.81    4.16    4.47     18.54   12.78   14.39     23.95    7.29    6.24     11.50   29.52   35.02   170.36  110.29   162.51   97.50   181.97  100.93 
 370  148.99   24.73     33.31    4.42    4.47     18.84   12.25   14.38     23.95    7.29    6.25     11.45   29.29   35.01   172.91  107.79   165.13   94.93   184.35   98.25 
 371  161.11   24.55     33.11    4.56    4.47     21.57    8.94   14.37     24.28    7.02    6.25     11.74   27.56   34.99   174.96  106.63   167.01   93.83   186.32   96.95 
 372  161.11   24.69     33.72    4.30    4.47     21.23    9.32   14.35     24.28    7.02    6.25     11.73   26.82   34.97   178.10  106.40   170.37   93.77   189.33   96.94 
 373  161.11   24.60     33.40    4.58    4.47     20.34   10.23   14.34     24.28    7.02    6.25     11.18   26.93   34.95   183.36  107.92   176.01   95.14   194.79   98.80 
 374  161.11   24.23     32.47    5.24    4.47     20.24   10.36   14.33     24.28    7.02    6.26     11.24   26.37   34.92   188.43  110.77   180.65   97.99   199.76  101.18 
 375  161.11   23.88     32.41    5.39    4.47     19.59   10.92   14.32     24.28    7.02    6.26     11.35   25.75   34.90   191.74  113.68   184.01  100.62   203.37  104.15 
 376  170.83   24.58     32.39    5.49    4.47     17.26   13.65   14.32     24.42    6.89    6.26     11.39   25.29   34.87   194.57  116.30   186.97  102.83   206.77  107.02 
 377  170.83   23.87     33.54    4.84    4.48     16.13   15.25   14.32     24.42    6.89    6.26     11.76   24.54   34.85   197.82  116.99   190.32  103.84   209.58  107.62 
 378  170.83   24.58     32.50    5.50    4.48     20.44    9.77   14.31     24.42    6.89    6.26     11.92   25.08   34.82   197.68  118.56   189.33  105.13   209.74  108.54 
 379  170.83   24.53     33.94    4.69    4.48     19.06   11.40   14.30     24.42    6.89    6.26     12.08   25.14   34.79   200.92  116.88   193.11  103.54   213.01  107.41 
 380  170.83   24.69     33.08    5.18    4.48     18.22   12.47   14.30     24.42    6.89    6.27     11.26   29.18   34.78   201.84  113.79   193.18  100.35   213.84  103.44 
 381  163.17   24.58     32.90    5.26    4.48     17.24   14.45   14.30     24.24    7.03    6.27     11.17   30.33   34.77   200.65  112.68   192.78   99.02   213.05  103.12 
 382  163.17   24.66     33.03    5.17    4.48     17.00   14.73   14.30     24.24    7.03    6.27     11.14   29.89   34.75   201.51  111.35   193.20   98.49   212.96  101.36 
 383  163.17   24.68     32.88    5.25    4.49     16.96   14.92   14.30     24.24    7.03    6.27     11.14   29.76   34.74   201.32  110.21   192.70   97.34   212.75   99.91 
 384  163.17   24.59     34.32    4.44    4.49     16.99   14.67   14.30     24.24    7.03    6.27     11.76   25.89   34.72   202.27  110.11   193.71   97.20   213.72   99.84 
 385  163.17   24.33     32.38    5.53    4.49     14.32   16.69   14.31     24.24    7.03    6.28     10.56   27.72   34.70   204.24  104.02   195.53   91.57   215.21   93.70 
 386  174.58   24.60     32.21    5.68    4.49     15.47   14.21   14.31     23.92    7.29    6.28     10.67   26.99   34.68   208.04  100.38   198.94   88.28   218.63   89.74 
 387  174.58   24.72     33.11    5.19    4.49     14.94   15.31   14.31     23.92    7.29    6.28     10.89   24.88   34.65   210.78  101.92   201.62   89.88   221.34   91.28 
 388  174.58   24.71     32.92    5.34    4.50     14.21   17.37   14.32     23.92    7.29    6.28     10.49   25.46   34.63   210.34  105.70   201.01   93.74   220.81   94.90 
 389  174.58   24.20     36.02    3.76    4.49     13.85   18.75   14.33     23.92    7.29    6.29      9.91   27.72   34.61   213.76  109.75   203.80   98.46   223.64   98.54 
 390  174.58   24.67     33.02    5.38    4.50     13.19   20.21   14.35     23.92    7.29    6.29     10.10   28.22   34.60   216.02  111.13   206.57   99.05   226.65  100.25 
 391  208.07   24.20     32.25    5.90    4.50     14.34   17.22   14.35     24.12    7.10    6.29     10.68   26.22   34.58   211.65  112.63   202.71  100.25   222.55  102.10 
 392  208.07   24.28     32.67    5.58    4.50     14.12   17.70   14.36     24.12    7.10    6.29     10.88   26.00   34.55   210.31  112.83   201.69  100.20   221.58  102.66 
 393  208.07   23.89     34.02    4.74    4.50     14.73   16.61   14.37     24.12    7.10    6.29     10.77   26.35   34.53   209.35  113.69   199.43  101.84   219.60  102.30 
 394  208.07   24.18     36.32    3.59    4.50     14.14   18.26   14.38     24.12    7.10    6.30     10.42   28.58   34.52   208.07  113.18   197.76  101.64   217.94  101.43 
 395  208.07   24.26     33.40    4.95    4.50     13.60   19.83   14.39     24.12    7.10    6.30     10.27   30.58   34.51   203.67  110.56   193.53   99.06   213.56   98.99 
 396  173.57   24.65     34.87    4.08    4.50     18.04   12.28   14.39     23.90    7.27    6.30     10.44   31.24   34.50   198.63  109.58   188.25   97.80   208.73   97.73 
 397  173.57   24.60     33.31    4.85    4.50     16.32   15.26   14.39     23.90    7.27    6.30     10.76   29.61   34.49   197.19  108.80   186.11   98.09   206.07   96.36 
 398  173.57   24.69     33.74    4.61    4.50     16.61   14.84   14.39     23.90    7.27    6.31     10.92   28.50   34.47   195.41  110.35   184.51   98.50   205.49   97.97 
 399  173.57   24.55     31.27    6.12    4.51     13.97   21.00   14.41     23.90    7.27    6.31     10.98   30.03   34.46   193.29  109.80   182.87   98.12   203.26   97.92 
 400  173.57   24.78     31.01    6.27    4.51     14.03   22.26   14.43     23.90    7.27    6.31     11.40   30.73   34.45   201.19  112.67   190.89  100.74   211.42  100.87 
 401  182.06   24.55     32.29    5.39    4.51     15.26   18.25   14.44     23.86    7.29    6.31     10.86   31.35   34.44   199.65  110.61   189.52   98.35   210.25   98.94 
 402  182.06   24.67     31.53    5.77    4.52     14.77   17.92   14.44     23.86    7.29    6.32     10.22   31.72   34.44   195.80  107.62   185.56   95.40   206.38   95.86 
 403  182.06   24.69     32.34    5.13    4.52     15.06   16.32   14.45     23.86    7.29    6.32     10.14   30.74   34.43   192.06  104.69   182.17   92.21   202.87   93.20 
 404  182.06   24.52     31.91    5.33    4.52     14.66   16.51   14.45     23.86    7.29    6.32     10.61   28.48   34.41   191.97  101.38   181.92   88.62   203.04   89.71 
 405  182.06   24.65     32.63    4.87    4.52     13.38   18.27   14.46     23.86    7.29    6.32     11.03   26.87   34.39   188.17   94.51   178.12   83.49   197.67   83.15 
 406  159.02   24.53     32.28    4.98    4.52     16.82   12.30   14.46     23.45    7.63    6.33     10.75   27.38   34.38   183.87   92.85   174.38   80.54   194.68   81.83 
 407  159.02   24.63     31.06    5.85    4.52     15.88   13.65   14.46     23.45    7.63    6.33     10.99   28.19   34.36   190.64   91.81   180.67   80.69   200.26   80.53 
 408  159.02   24.63     31.66    5.54    4.53     15.85   13.53   14.45     23.45    7.63    6.33     10.71   26.16   34.34   194.19   93.15   184.33   81.99   203.85   81.97 
 409  159.02   24.55     34.19    4.25    4.53     15.32   14.59   14.45     23.45    7.63    6.34     10.29   26.44   34.32   198.54   97.48   188.86   86.50   208.07   86.50 
 410  159.02   24.72     33.22    4.86    4.53     14.24   16.26   14.46     23.45    7.63    6.34      9.79   27.46   34.31   201.32   99.13   191.32   88.06   210.87   87.84 
 411  210.04   24.53     32.92    5.06    4.53     20.48    7.81   14.44     23.73    7.36    6.34     10.45   25.36   34.28   202.96  100.19   193.44   88.82   212.89   89.34 
 412  210.04   24.64     32.71    5.26    4.53     20.60    7.62   14.43     23.73    7.36    6.34     11.07   24.44   34.26   205.91  100.20   196.13   89.11   215.52   89.13 
 413  210.04   24.62     33.45    4.87    4.53     18.63    9.40   14.41     23.73    7.36    6.35     10.82   24.29   34.24   208.05  100.17   198.84   88.61   218.22   89.59 
 414  210.04   24.56     32.97    5.12    4.53     18.31    9.50   14.40     23.73    7.36    6.35     10.77   23.12   34.21   207.41   99.38   198.20   87.75   217.66   88.77 
 415  210.04   24.63     33.16    4.96    4.53     18.20    9.63   14.39     23.73    7.36    6.35     10.47   23.52   34.18   204.56   99.08   195.12   87.49   214.74   88.26 
 416  171.41   24.56     33.11    4.91    4.53     19.73    8.04   14.37     23.42    7.61    6.35     10.65   23.95   34.16   202.41   96.66   193.57   85.19   212.61   86.52 
 417  171.41   24.66     32.93    4.98    4.54     18.33    9.14   14.36     23.42    7.61    6.36     10.98   22.75   34.13   202.81   93.89   193.53   82.59   212.70   83.28 
 418  171.41   24.62     33.99    4.39    4.54     19.11    8.45   14.35     23.42    7.61    6.36     10.30   23.28   34.11   200.63   94.90   191.30   83.25   210.85   84.18 
 419  171.41   24.55     34.39    4.17    4.53     18.24    9.37   14.34     23.42    7.61    6.36      8.94   25.61   34.09   196.78   97.63   187.49   86.14   206.91   87.03 
 420  171.41   24.65     31.97    5.51    4.54     17.82    9.77   14.33     23.42    7.61    6.37      9.17   24.94   34.06   196.48  100.68   187.44   88.84   206.94   90.21 
 421  167.50   24.59     33.02    4.87    4.54     20.76    7.02   14.31     23.22    7.76    6.37      9.49   24.28   34.04   193.99  104.15   184.97   92.65   204.18   93.79 
 422  167.50   25.04     32.62    5.09    4.54     21.00    6.93   14.29     23.22    7.76    6.37     10.47   23.16   34.01   191.80  105.90   182.63   94.52   201.80   95.39 
 423  167.50   24.59     30.40    6.40    4.54     19.53    8.09   14.28     23.22    7.76    6.38     10.32   25.63   33.99   186.56  103.50   177.45   92.03   196.65   93.02 
 424  167.50   24.56     30.70    5.98    4.55     19.06    8.59   14.26     23.22    7.76    6.38     10.11   26.73   33.98   180.98  101.61   171.89   90.29   190.94   91.18 
 425  167.50   24.67     32.18    4.97    4.55     18.45    9.24   14.25     23.22    7.76    6.38     10.89   23.32   33.95   179.58  100.06   169.82   88.96   189.24   89.01 
 426  194.76   24.54     31.91    5.05    4.55     21.09    6.82   14.23     23.48    7.51    6.39     11.22   22.81   33.93   176.43   98.17   166.72   87.25   185.86   87.14 
 427  194.76   24.56     33.13    4.32    4.55     19.85    7.91   14.22     23.48    7.51    6.39     10.44   24.65   33.90   172.85   96.93   163.20   85.95   182.35   85.93 
 428  194.76   24.53     31.94    4.92    4.55     19.94    7.84   14.20     23.48    7.51    6.39     11.01   22.72   33.88   171.03   95.88   161.77   84.33   181.22   85.28 
 429  194.76   24.47     32.35    4.63    4.55     19.55    8.19   14.19     23.48    7.51    6.39     10.42   24.05   33.86   168.94   96.16   159.12   85.10   178.54   85.03 
 430  194.76   24.66     30.84    5.48    4.55     18.48    9.26   14.18     23.48    7.51    6.40     10.45   23.66   33.83   167.42   96.29   158.43   85.39   177.01   86.05 
 431  182.34   24.54     30.77    5.55    4.55     21.63    6.49   14.16     23.21    7.73    6.40     10.66   22.59   33.81   167.70   98.76   158.30   87.66   177.28   88.00 
 432  182.34   24.64     32.40    4.63    4.55     20.32    7.65   14.15     23.21    7.73    6.40     10.98   22.13   33.78   168.58   99.87   159.55   88.59   178.48   89.50 
 433  182.34   24.62     30.82    5.66    4.56     19.53    8.38   14.13     23.21    7.73    6.41     10.89   22.56   33.75   171.74   99.62   162.84   88.18   181.85   89.39 
 434  182.34   24.56     31.06    5.62    4.56     19.69    8.12   14.12     23.21    7.73    6.41     10.75   23.26   33.73   177.01   98.47   167.69   87.97   186.20   87.99 
 435  182.34   24.60     33.13    4.51    4.56     18.77    9.25   14.11     23.21    7.73    6.41     10.15   24.35   33.71   180.43   99.41   171.90   88.49   190.05   89.58 
 436  177.76   24.53     33.80    4.28    4.56     20.02    8.08   14.09     23.29    7.63    6.41     10.19   24.61   33.69   186.49   99.86   177.67   89.08   195.95   89.77 
 437  177.76   24.61     31.29    5.81    4.56     20.21    7.74   14.08     23.29    7.63    6.42     10.25   24.57   33.67   191.94   97.19   183.02   86.54   201.27   87.03 
 438  177.76   24.64     31.74    5.56    4.56     19.06    8.95   14.07     23.29    7.63    6.42     10.59   23.61   33.64   192.80   96.81   184.15   85.77   202.51   86.83 
 439  177.76   24.52     31.22    5.95    4.57     19.42    8.44   14.05     23.29    7.63    6.42     10.61   23.52   33.62   197.23   94.94   188.44   84.45   206.45   84.98 
 440  177.76   24.66     33.09    4.85    4.57     18.80    9.19   14.04     23.29    7.63    6.42     10.28   23.91   33.60   198.11   95.91   189.39   84.78   207.99   85.93 
 441  203.54   24.51     33.97    4.42    4.57     19.96    8.10   14.03     23.50    7.43    6.43     10.15   23.59   33.57   199.13   99.06   190.21   88.37   208.46   88.86 
 442  203.54   24.63     32.54    5.26    4.57     19.45    8.60   14.02     23.50    7.43    6.43      9.29   25.80   33.56   199.29  102.38   190.28   92.10   208.27   92.20 
 443  203.54   24.59     34.41    4.26    4.57     18.70    9.47   14.01     23.50    7.43    6.43      9.09   26.56   33.54   197.85  106.35   188.71   95.46   207.46   95.95 
 444  203.54   24.52     34.03    4.44    4.57     19.11    9.17   14.00     23.50    7.43    6.43      9.43   25.92   33.52   195.88  109.23   187.26   98.14   205.66   99.26 
 445  203.54   24.60     31.79    5.74    4.57     19.04    9.18   13.99     23.50    7.43    6.44      9.53   26.03   33.51   194.71  110.38   185.93  100.15   203.70  100.48 
 446  212.78   24.57     34.30    4.28    4.57     21.00    7.48   13.97     23.30    7.58    6.44     10.08   24.85   33.49   192.64  112.68   183.63  102.26   201.77  102.52 
 447  212.78   24.65     32.20    5.40    4.57     22.34    6.40   13.95     23.30    7.58    6.44     10.83   23.34   33.47   189.82  111.97   181.19  101.55   198.97  102.14 
 448  212.78   24.63     32.49    5.08    4.57     21.12    7.36   13.94     23.30    7.58    6.44     10.95   23.79   33.44   185.54  108.65   176.43   98.54   194.31   98.39 
 449  212.78   24.53     33.37    4.51    4.57     21.57    7.03   13.92     23.30    7.58    6.45     11.41   23.01   33.42   184.48  104.36   175.84   93.79   193.84   94.58 
 450  212.78   24.64     31.12    5.73    4.57     21.47    7.07   13.91     23.30    7.58    6.45     11.27   22.82   33.40   180.41  102.25   171.67   91.83   189.60   92.37 
 451  191.63   24.54     31.70    5.29    4.58     22.84    6.05   13.89     23.25    7.61    6.45     10.56   24.04   33.38   177.77  103.05   168.90   92.31   187.14   92.89 
 452  191.63   24.60     31.25    5.51    4.58     22.22    6.51   13.87     23.25    7.61    6.45      9.15   27.23   33.36   172.99  106.46   164.49   95.54   182.58   96.64 
 453  191.63   24.60     32.25    4.90    4.58     22.30    6.50   13.86     23.25    7.61    6.46     10.03   25.23   33.34   170.16  108.09   161.79   97.39   179.65   98.52 
 454  191.63   24.52     30.82    5.75    4.58     20.84    7.54   13.84     23.25    7.61    6.46     10.73   23.60   33.32   170.44  108.22   161.65   97.37   179.92   98.13 
 455  191.63   24.62     31.01    5.57    4.58     20.21    8.13   13.83     23.25    7.61    6.46     10.72   23.93   33.30   168.37  106.52   159.91   95.27   178.29   96.68 
 456  237.59   24.54     31.60    5.16    4.59     21.70    6.85   13.82     23.51    7.37    6.46     10.38   24.52   33.28   165.88  105.91   157.44   94.83   175.66   96.11 
 457  237.59   24.61     29.80    6.34    4.59     19.60    8.67   13.81     23.51    7.37    6.47     10.44   24.78   33.26   166.60  104.91   158.23   93.88   176.35   95.23 
 458  237.59   24.62     30.72    5.66    4.59     18.88    9.44   13.80     23.51    7.37    6.47     10.42   25.21   33.25   163.73  105.14   155.41   93.61   173.95   95.40 
 459  237.59   24.52     31.16    5.29    4.59     19.59    8.80   13.78     23.51    7.37    6.47     10.41   25.65   33.23   160.52  104.43   152.11   93.35   170.39   94.78 
 460  237.59   24.66     31.28    5.17    4.59     19.75    8.55   13.77     23.51    7.37    6.47     10.46   24.82   33.21   159.14  104.62   150.30   93.34   169.13   94.49 
 461  232.57   24.58     30.76    5.39    4.60     20.81    7.50   13.76     23.57    7.29    6.47     10.58   24.08   33.19   156.89  104.36   148.55   92.45   167.43   94.52 
 462  232.57   24.61     30.74    5.29    4.60     22.37    6.28   13.74     23.57    7.29    6.48     10.65   23.81   33.17   153.19  102.37   144.78   90.86   163.38   92.54 
