   6    1.77    8.39     43.49    1.02    1.49     20.55    7.91    8.21     48.75    0.28   25.57      8.46   31.60   30.79   125.51   97.94   110.40   76.40   143.38   79.47 
   7    1.77    8.43     41.19    1.32    1.46     19.83    8.81    8.30     48.75    0.28   21.96      9.49   28.92   30.52   124.92   95.96   110.20   74.40   142.91   77.88 
   8    1.77    8.35     40.40    1.45    1.46     18.69   10.48    8.57     48.75    0.28   19.25      9.37   29.93   30.45   124.11   97.66   109.38   76.31   141.95   79.51 
   9    1.77    8.31     40.29    1.49    1.47     16.45   14.05    9.18     48.75    0.28   17.14      8.44   33.90   30.83   123.55  102.68   108.38   81.44   140.99   84.13 
  10    1.77    8.36     41.52    1.32    1.45     14.62   18.04   10.06     48.75    0.28   15.45      7.68   37.90   31.54   121.94  109.79   106.06   89.40   138.58   90.80 
  11    5.73    8.67     38.93    1.80    1.48     20.22    9.74   10.03     37.68    1.10   14.15      7.93   38.10   32.13   119.63  114.11   104.76   93.38   136.76   95.99 
  12    5.73    8.65     38.42    1.91    1.52     20.59    9.49    9.99     37.68    1.10   13.06      8.23   37.96   32.62   116.31  117.98   100.73   97.44   133.17   99.24 
  13    5.73    8.69     37.34    2.12    1.56     18.46   12.22   10.16     37.68    1.10   12.14      7.94   39.63   33.16   109.95  120.10    94.06   99.57   126.71  101.05 
  14    5.73    8.68     40.03    1.49    1.56     17.22   14.09   10.44     37.68    1.10   11.35      7.59   41.35   33.74   103.05  119.20    87.61   98.55   120.02  100.59 
  15    5.73    8.70     36.60    2.14    1.60     18.12   12.52   10.58     37.68    1.10   10.67      7.89   40.26   34.18    98.31  116.50    82.71   95.87   115.27   97.69 
  16    3.47    8.74     36.54    2.05    1.63     22.30    7.71   10.40     28.83    3.26   10.21      7.42   43.21   34.74    92.73  111.81    77.13   91.04   109.88   93.03 
  17    3.47    8.59     35.11    2.38    1.67     20.48    9.79   10.36     28.83    3.26    9.80      8.49   39.21   35.01    92.94  108.06    78.17   87.37   110.05   90.03 
  18    3.47    8.55     35.01    2.37    1.71     18.51   12.37   10.48     28.83    3.26    9.43      8.37   40.22   35.30    93.89  103.94    78.53   83.55   110.75   85.49 
  19    3.47    8.57     37.01    1.90    1.72     16.84   15.27   10.73     28.83    3.26    9.11      8.40   39.64   35.52    95.51  104.26    80.15   83.92   112.31   85.80 
  20    3.47    8.60     34.58    2.56    1.76     15.49   17.91   11.09     28.83    3.26    8.82      7.97   41.91   35.84    99.51  103.77    83.96   83.53   116.17   85.17 
  21    3.47    8.59     36.32    2.20    1.78     21.61    9.02   10.99     26.29    4.55    8.61      7.71   42.71   36.17   104.54  108.05    88.54   88.38   120.61   89.13 
  22    3.47    8.54     39.12    1.63    1.77     19.18   12.27   11.05     26.29    4.55    8.43      7.82   43.17   36.49   107.66  111.57    92.00   91.88   123.81   92.99 
  23    3.47    8.49     40.11    1.48    1.76     18.06   14.16   11.18     26.29    4.55    8.26      8.31   42.37   36.74   107.86  113.76    91.97   94.11   123.95   94.96 
  24    3.47    8.56     36.72    2.26    1.78     16.79   17.05   11.43     26.29    4.55    8.11      7.76   46.69   37.16   112.46  115.41    96.60   96.10   128.21   96.72 
  25    3.47    8.56     35.13    2.80    1.82     14.91   21.64   11.84     26.29    4.55    7.96      7.57   48.83   37.63   116.75  117.70   100.44   98.52   132.32   98.59 
  26    3.45    8.65     36.70    2.39    1.84     20.16   12.17   11.85     25.44    5.26    7.86      7.60   50.34   38.11   120.89  118.24   104.99   98.95   136.64   99.54 
  27    3.45    8.69     35.23    2.85    1.88     17.26   17.35   12.05     25.44    5.26    7.76      7.21   55.88   38.77   125.66  114.47   109.46   95.17   141.39   95.50 
  28    3.45    8.76     33.00    3.71    1.95     15.94   20.65   12.36     25.44    5.26    7.67      7.05   58.54   39.48   130.28  109.82   113.69   90.45   145.98   90.42 
  29    3.45    8.83     26.34    7.93    2.15     14.18   25.55   12.81     25.44    5.26    7.59      6.46   64.35   40.34   136.17  101.13   119.26   82.00   151.60   81.50 
  30    3.45    8.80     30.35    5.13    2.25     13.01   29.77   13.38     25.44    5.26    7.51      6.17   65.54   41.18   144.77   92.99   129.04   73.29   160.95   74.38 
  31    3.98    8.73     32.25    4.27    2.32     17.24   18.83   13.56     24.20    6.42    7.48      6.86   60.44   41.80   153.37   89.95   137.54   70.72   169.13   71.36 
  32    3.98    8.72     31.08    5.03    2.40     15.77   22.54   13.84     24.20    6.42    7.44      7.37   57.15   42.28   161.68   90.03   145.73   70.89   177.30   71.29 
  33    3.98    9.29     35.26    3.21    2.43     14.39   26.59   14.22     24.20    6.42    7.41      7.39   56.75   42.72   165.49   94.55   150.30   74.63   182.05   76.45 
  34    3.98    9.95     35.63    3.13    2.45     13.69   28.87   14.65     24.20    6.42    7.38      8.09   53.59   43.04   167.36   98.07   151.80   78.30   183.73   79.65 
  35    3.98   10.53     30.67    5.62    2.54     12.58   33.07   15.18     24.20    6.42    7.36      8.03   54.67   43.37   171.92   99.93   155.95   80.41   187.93   81.14 
  36    5.82   10.46     31.20    5.32    2.62     20.28   13.72   15.14     22.68    8.06    7.38      8.72   51.40   43.59   174.02  101.49   157.95   81.72   190.33   82.60 
  37    5.82   10.63     30.68    5.74    2.70     20.52   13.49   15.09     22.68    8.06    7.39      8.73   51.55   43.81   176.06  103.57   159.66   84.05   192.09   84.42 
  38    5.82   10.55     30.29    6.00    2.79     19.26   15.48   15.10     22.68    8.06    7.41      8.77   51.56   44.01   176.17  103.71   159.69   84.20   192.19   84.50 
  39    5.82   10.31     32.55    4.61    2.83     17.17   19.48   15.22     22.68    8.06    7.43      8.65   52.43   44.23   174.42  102.43   157.47   83.09   190.18   82.76 
  40    5.82   10.60     30.63    5.76    2.91     16.09   21.56   15.38     22.68    8.06    7.44      8.65   51.72   44.41   176.68   99.44   159.68   79.84   192.74   79.69 
  41    7.09   10.12     30.88    5.61    2.97     19.30   14.79   15.36     22.41    8.65    7.47      8.93   49.11   44.53   178.16   98.10   160.75   79.05   193.49   78.02 
  42    7.09   10.27     30.04    6.15    3.05     17.43   18.10   15.43     22.41    8.65    7.50      8.75   50.16   44.66   177.14   94.28   160.03   74.99   192.80   74.47 
  43    7.09   10.66     30.83    5.62    3.11     17.13   18.68   15.50     22.41    8.65    7.53      8.76   48.70   44.76   177.38   94.82   160.31   75.24   193.34   75.00 
  44    7.09   10.49     28.98    6.98    3.20     15.09   23.43   15.68     22.41    8.65    7.55      8.40   49.99   44.88   176.07   96.09   159.18   76.30   192.34   76.45 
  45    7.09   10.57     29.90    6.29    3.27     14.65   24.51   15.88     22.41    8.65    7.58      8.56   48.86   44.96   176.36   97.40   159.36   77.73   192.49   77.64 
  46    7.72   10.69     31.92    4.98    3.30     16.29   20.20   15.97     21.91    9.35    7.62      8.69   47.34   45.02   176.19   99.74   159.37   80.22   192.23   80.21 
  47    7.72   10.62     30.85    5.62    3.35     15.45   22.05   16.10     21.91    9.35    7.65      8.75   47.13   45.06   175.74  100.09   159.37   80.61   191.82   81.01 
  48    7.72   10.61     30.67    5.78    3.40     14.85   23.39   16.25     21.91    9.35    7.69      8.63   47.33   45.11   175.82  100.60   159.57   81.13   191.85   81.60 
  49    7.72   10.67     31.94    4.99    3.43     14.30   24.76   16.43     21.91    9.35    7.72      8.72   46.42   45.13   175.90  100.50   159.96   80.80   192.26   81.80 
  50    7.72   10.39     31.04    5.57    3.48     13.44   27.00   16.64     21.91    9.35    7.75      8.74   46.71   45.17   177.98   98.73   162.20   78.94   194.46   80.14 
  51    7.37   10.28     31.03    5.59    3.52     13.86   25.58   16.81     21.76    9.62    7.79      8.61   47.79   45.22   178.60   94.97   162.55   75.68   194.60   76.27 
  52    7.37   10.31     32.58    4.68    3.54     13.69   25.51   16.98     21.76    9.62    7.83      8.37   48.55   45.28   182.86   90.35   167.10   70.81   199.09   71.87 
  53    7.37   10.47     32.82    4.65    3.56     13.26   26.27   17.16     21.76    9.62    7.86      7.99   48.98   45.35   186.83   87.12   170.86   67.76   202.86   68.47 
  54    7.37   10.37     30.93    5.87    3.60     13.57   24.64   17.29     21.76    9.62    7.89      8.48   44.75   45.34   189.54   85.90   173.28   66.54   205.55   67.00 
  55    7.37   10.86     30.90    6.01    3.65     12.89   26.28   17.46     21.76    9.62    7.92      7.42   47.39   45.38   192.22   92.02   175.85   72.90   208.05   73.09 
  56    7.09   10.42     30.62    6.30    3.70     16.08   17.85   17.47     21.44   10.01    7.96      7.36   46.50   45.40   191.90   99.20   175.41   80.05   207.68   80.13 
  57    7.09   10.41     30.67    6.32    3.74     15.93   17.97   17.47     21.44   10.01    8.00      7.35   46.13   45.41   189.91  105.48   174.02   86.30   205.86   86.97 
  58    7.09   10.36     31.60    5.71    3.78     14.63   20.68   17.53     21.44   10.01    8.03      7.72   44.19   45.39   189.24  110.55   173.75   91.01   205.60   92.35 
  59    7.09   10.15     32.55    5.13    3.80     10.57   32.57   17.78     21.44   10.01    8.07      8.07   42.53   45.34   188.31  112.58   172.57   93.43   204.28   94.29 
  60    7.09   10.06     32.55    4.99    3.82     11.04   30.70   18.00     21.44   10.01    8.10      7.88   44.58   45.33   184.50  108.87   169.20   89.91   200.40   91.00 
  61    8.22   10.41     33.00    4.66    3.83     14.54   20.16   18.04     20.09   11.64    8.16      7.69   46.44   45.35   183.46  102.40   167.80   83.70   198.99   84.18 
  62    8.22   10.07     31.45    5.62    3.86     15.09   18.80   18.05     20.09   11.64    8.21      8.31   42.26   45.30   186.09   97.46   170.79   78.51   201.97   79.58 
  63    8.22   10.00     31.62    5.59    3.89     14.36   20.00   18.08     20.09   11.64    8.27      8.25   41.17   45.23   191.35   93.54   175.86   74.60   207.25   75.58 
  64    8.22   10.60     33.23    4.75    3.90     13.98   20.96   18.12     20.09   11.64    8.32      8.02   39.92   45.15   196.44   96.74   181.03   77.91   212.25   78.86 
  65    8.22   10.60     31.30    5.95    3.93     13.24   22.42   18.19     20.09   11.64    8.37      8.30   38.94   45.05   195.58   97.33   179.90   79.17   210.63   79.22 
  66    8.76   10.67     33.18    4.81    3.95     14.38   19.93   18.22     20.07   11.58    8.42      8.10   39.09   44.96   194.97  102.71   179.33   84.92   209.81   84.81 
  67    8.76   10.44     34.10    4.28    3.95     13.78   21.57   18.27     20.07   11.58    8.47      8.85   37.13   44.85   190.77  105.84   174.92   88.16   205.52   87.77 
  68    8.76   10.45     34.46    3.99    3.95     13.65   22.23   18.32     20.07   11.58    8.51      8.48   39.40   44.77   183.66  107.90   168.58   90.22   198.51   90.59 
  69    8.76   10.68     33.49    4.35    3.96     12.88   24.14   18.41     20.07   11.58    8.56      8.78   38.99   44.68   176.90  107.14   162.12   89.28   191.99   90.11 
  70    8.76   10.67     33.97    4.01    3.96     13.33   23.16   18.48     20.07   11.58    8.60      8.97   38.34   44.59   172.33  106.57   157.94   88.69   187.53   89.93 
  71    8.72   10.22     34.66    3.51    3.95     17.53   14.12   18.41     19.86   11.79    8.64      8.76   40.65   44.54   163.97  101.44   148.75   84.31   178.34   84.14 
  72    8.72   10.42     35.57    3.07    3.94     16.90   15.16   18.37     19.86   11.79    8.69      9.37   37.58   44.44   159.35   98.26   144.05   80.90   173.96   80.86 
  73    8.72   10.39     33.40    3.84    3.94     16.70   15.43   18.33     19.86   11.79    8.73      9.19   38.74   44.36   156.69   92.26   142.32   74.18   171.89   75.48 
  74    8.72    9.89     34.61    3.37    3.93     16.71   15.35   18.29     19.86   11.79    8.77      8.97   37.41   44.27   160.27   90.20   145.98   72.21   175.41   73.52 
  75    8.72   10.41     31.87    4.68    3.94     18.59   12.30   18.21     19.86   11.79    8.81      9.24   35.35   44.15   161.13   91.31   146.44   74.08   175.48   74.36 
  76    9.41   10.53     34.07    3.65    3.94     20.86    9.55   18.10     19.71   11.92    8.85      9.59   33.95   44.01   161.05   94.34   146.35   76.87   175.65   77.37 
  77    9.41   10.71     33.81    3.79    3.94     20.51   10.00   17.99     19.71   11.92    8.89      9.85   33.26   43.87   161.26   97.58   146.04   80.15   175.63   80.03 
  78    9.41    9.16     33.40    4.00    3.94     20.54   10.00   17.89     19.71   11.92    8.93      9.57   34.29   43.75   161.45   99.66   147.00   82.13   176.11   82.93 
  79    9.41   10.25     34.39    3.55    3.93     20.64    9.89   17.79     19.71   11.92    8.97     10.10   32.91   43.61   159.89  100.22   145.67   82.62   174.78   83.78 
  80    9.41    9.98     33.89    3.72    3.93     19.90   10.75   17.70     19.71   11.92    9.01      9.91   33.59   43.49   156.85  101.42   142.29   83.72   171.62   84.53 
  81    7.73    9.20     33.42    3.90    3.93     23.32    7.33   17.57     19.65   11.95    9.04     10.16   33.04   43.36   154.61  102.19   140.13   84.94   169.13   85.56 
  82    7.73   10.67     33.76    3.67    3.93     21.91    8.61   17.46     19.65   11.95    9.08     10.61   32.42   43.23   151.82   99.73   136.92   82.23   166.39   82.56 
  83    7.73   10.50     35.95    2.86    3.91     21.97    8.62   17.35     19.65   11.95    9.11      9.45   36.73   43.15   155.52   96.19   140.57   79.23   169.67   79.14 
  84    7.73   10.31     33.06    4.05    3.91     19.35   11.64   17.29     19.65   11.95    9.15      9.53   36.04   43.06   157.93   93.75   143.28   76.80   172.14   77.00 
  85    7.73   10.54     31.81    4.74    3.92     19.31   11.72   17.22     19.65   11.95    9.18      9.80   34.90   42.97   161.59   92.62   146.56   75.90   175.56   75.56 
  86   15.33   10.24     30.82    5.63    3.94     17.49   14.40   17.19     20.10   11.31    9.20      7.26   42.50   42.96   171.28   95.50   156.88   78.30   185.75   78.93 
  87   15.33   10.46     31.59    5.30    3.96     17.46   14.68   17.16     20.10   11.31    9.23      8.40   39.11   42.92   175.55   99.59   160.38   82.95   189.39   82.37 
  88   15.33   10.01     34.06    4.08    3.96     16.08   17.61   17.16     20.10   11.31    9.25      8.61   39.26   42.88   182.05  100.52   167.56   83.37   196.47   83.86 
  89   15.33    9.99     34.12    4.18    3.96     14.35   21.71   17.22     20.10   11.31    9.28      8.00   42.76   42.88   190.29   97.31   175.95   80.19   204.66   80.79 
  90   15.33   10.23     32.19    5.30    3.98     12.83   25.82   17.31     20.10   11.31    9.30      8.23   42.72   42.87   193.38   95.54   178.99   78.41   207.82   79.00 
  91   13.12   10.37     32.15    5.36    3.99     14.18   22.14   17.36     19.58   11.98    9.33      8.47   42.38   42.87   196.05   93.20   181.90   76.00   210.65   76.89 
  92   13.12   10.19     33.34    4.73    4.00     13.49   24.71   17.44     19.58   11.98    9.36      8.46   43.31   42.87   198.99   92.44   185.08   75.26   213.60   76.36 
  93   13.12   10.22     33.15    4.85    4.01     12.97   26.51   17.54     19.58   11.98    9.38      8.24   45.55   42.90   199.67   92.49   186.95   74.40   215.17   77.35 
  94   13.12   10.76     31.91    5.55    4.03     12.36   27.99   17.65     19.58   11.98    9.41      8.09   49.13   42.97   198.37   87.90   186.08   69.63   214.11   73.16 
  95   13.12   10.62     33.27    4.73    4.03     11.84   30.29   17.79     19.58   11.98    9.44      7.98   48.50   43.03   200.58   84.20   187.85   66.55   215.71   69.15 
  96   13.58   10.74     33.79    4.46    4.04     17.78   15.55   17.76     19.34   12.34    9.47      9.86   38.83   42.98   201.23   82.47   188.00   65.30   215.89   67.02 
  97   13.58   10.67     32.09    5.38    4.05     15.98   18.90   17.77     19.34   12.34    9.50      9.85   40.08   42.95   198.55   82.13   186.17   64.30   213.90   67.40 
  98   13.58   10.72     34.31    4.18    4.05     15.77   20.08   17.80     19.34   12.34    9.53      9.57   39.90   42.92   199.71   84.47   186.93   67.12   214.68   69.50 
  99   13.58   11.07     31.92    5.63    4.07     15.32   20.56   17.83     19.34   12.34    9.56      7.93   43.28   42.92   201.14   90.46   188.66   73.09   216.21   75.80 
 100   13.58   11.01     31.59    5.86    4.09     15.33   20.63   17.85     19.34   12.34    9.58      7.43   50.52   43.00   198.11   97.48   185.72   80.10   213.13   82.85 
 101   16.20    9.91     32.46    5.26    4.10     18.46   14.77   17.82     19.32   12.39    9.61      8.41   47.78   43.05   195.03  102.27   182.47   85.21   209.77   87.55 
 102   16.20   10.25     31.82    5.57    4.11     17.80   15.71   17.80     19.32   12.39    9.64      8.59   49.13   43.11   190.11  104.05   177.13   87.13   204.60   88.91 
 103   16.20   10.71     30.80    6.07    4.13     15.17   21.02   17.83     19.32   12.39    9.67      8.58   51.68   43.19   184.36  102.29   171.26   85.72   198.51   87.10 
 104   16.20   10.39     31.34    5.52    4.15     14.80   21.91   17.87     19.32   12.39    9.69      9.21   47.09   43.23   180.02   98.45   166.13   82.42   193.51   82.55 
 105   16.20   10.40     33.01    4.50    4.15     15.46   20.12   17.89     19.32   12.39    9.72     10.36   37.69   43.18   178.78   95.69   164.43   79.90   192.00   79.39 
 106   20.17   10.45     34.76    3.71    4.14     13.51   25.54   17.97     19.37   12.36    9.74      9.79   37.95   43.13   184.38   90.54   170.92   75.10   197.37   75.14 
 107   20.17   10.09     31.81    5.25    4.16     12.23   29.07   18.07     19.37   12.36    9.77      9.75   38.18   43.08   184.99   88.50   171.30   73.63   197.47   73.00 
 108   20.17   10.68     32.25    5.04    4.16     12.45   28.30   18.16     19.37   12.36    9.79      9.61   37.90   43.03   188.02   90.57   173.71   75.71   200.14   74.34 
 109   20.17   10.27     36.81    2.99    4.15     13.65   25.33   18.23     19.37   12.36    9.81      9.78   37.09   42.98   189.57   96.31   174.42   83.18   200.22   79.67 
 110   20.17   10.59     32.93    4.72    4.16     13.33   25.48   18.30     19.37   12.36    9.84     10.15   36.25   42.92   189.45   97.77   173.96   84.92   199.75   80.83 
 111   14.53   10.72     32.44    5.03    4.17     15.36   20.54   18.32     19.08   12.81    9.86     10.71   34.68   42.84   189.71  100.70   174.71   87.61   200.33   84.22 
 112   14.53   10.56     35.00    3.74    4.16     14.54   23.17   18.36     19.08   12.81    9.89     10.53   35.96   42.78   190.29  103.13   174.76   91.00   199.96   86.31 
 113   14.53   10.14     31.38    5.72    4.18     13.70   25.57   18.42     19.08   12.81    9.92      9.94   38.33   42.74   192.74  104.86   176.87   93.27   201.81   87.77 
 114   14.53    9.77     31.16    5.90    4.19     13.24   26.86   18.50     19.08   12.81    9.94      9.87   39.02   42.71   193.30  106.32   177.73   94.72   202.42   89.52 
 115   14.53   10.65     32.55    5.07    4.20     13.17   27.25   18.57     19.08   12.81    9.97      9.83   39.93   42.68   195.10  107.53   179.86   95.36   204.82   90.98 
 116   13.23    9.23     35.09    3.78    4.19     16.03   19.41   18.58     18.38   13.93   10.00     10.73   37.16   42.64   196.15  103.69   180.89   91.47   206.04   87.15 
 117   13.23   10.60     32.01    5.32    4.20     15.04   21.49   18.61     18.38   13.93   10.03     11.43   34.46   42.57   195.83   98.95   180.84   86.74   205.63   82.64 
 118   13.23   10.14     32.75    4.94    4.21     15.38   20.73   18.62     18.38   13.93   10.07     10.90   34.85   42.50   199.11   99.53   184.25   87.33   208.73   83.19 
 119   13.23   10.38     33.69    4.51    4.21     14.58   22.71   18.66     18.38   13.93   10.10      9.86   36.72   42.45   201.45  103.93   187.01   91.21   211.60   87.92 
 120   13.23   10.09     35.20    3.81    4.21     13.15   25.61   18.72     18.38   13.93   10.13      9.39   37.62   42.41   198.48  106.02   184.48   93.36   208.87   90.59 
 121   13.96   10.17     36.31    3.34    4.20     16.38   17.71   18.71     18.29   14.09   10.16     10.22   35.02   42.35   196.61  110.51   182.56   97.70   206.92   94.85 
 122   13.96   10.51     35.41    3.66    4.20     17.00   16.77   18.69     18.29   14.09   10.20     10.43   35.13   42.29   192.48  112.70   178.68   99.81   202.96   97.30 
 123   13.96   10.31     36.84    3.06    4.19     15.85   19.65   18.70     18.29   14.09   10.23     10.81   34.62   42.23   188.27  114.47   174.99  101.04   199.60   99.68 
 124   13.96   10.63     37.30    2.87    4.18     15.12   21.21   18.72     18.29   14.09   10.26     10.97   34.67   42.17   184.96  112.68   171.86   99.01   196.55   98.03 
 125   13.96   10.49     32.93    4.71    4.18     16.40   18.33   18.72     18.29   14.09   10.29     11.09   34.25   42.11   186.02  111.43   173.06   97.96   197.42   96.96 
 126   19.87   10.39     32.79    4.68    4.19     14.33   22.86   18.75     18.21   14.25   10.32     10.88   35.02   42.05   182.17  108.16   169.57   94.45   193.87   94.02 
 127   19.87   10.36     34.67    3.69    4.18     14.21   23.00   18.78     18.21   14.25   10.35     10.87   34.78   41.99   178.13  106.13   164.56   93.42   188.43   90.93 
 128   19.87    9.01     31.15    5.36    4.19     13.14   26.14   18.84     18.21   14.25   10.38     10.70   35.91   41.94   172.99  103.65   160.34   90.49   184.14   89.54 
 129   19.87   10.61     30.20    5.91    4.21     13.46   24.94   18.89     18.21   14.25   10.41     10.82   34.99   41.89   172.91  102.45   159.32   90.62   182.71   87.64 
 130   19.87    9.27     30.23    5.73    4.22     14.49   22.45   18.92     18.21   14.25   10.44     11.26   34.92   41.84   168.06   98.33   154.88   85.49   178.82   83.74 
 131   21.17   10.25     30.37    5.51    4.23     16.67   17.53   18.90     18.51   13.77   10.47     10.99   36.11   41.79   167.80   91.81   154.06   80.34   177.19   76.88 
 132   21.17   10.07     31.16    4.99    4.23     17.58   15.74   18.88     18.51   13.77   10.49     11.83   30.92   41.71   165.44   91.16   151.27   79.37   175.13   75.77 
 133   21.17   10.17     32.62    4.22    4.23     17.02   17.00   18.87     18.51   13.77   10.52     10.57   34.24   41.66   162.92   95.21   148.53   83.68   172.29   79.65 
 134   21.17   10.25     30.82    5.21    4.24     15.74   20.03   18.88     18.51   13.77   10.54     11.22   32.57   41.59   162.96   97.78   148.35   86.59   172.01   82.05 
 135   21.17   10.09     32.05    4.51    4.24     15.11   21.50   18.89     18.51   13.77   10.57     11.22   33.47   41.53   162.58   97.94   147.44   87.27   171.03   81.74 
 136   22.88   10.37     32.80    4.16    4.24     14.99   22.43   18.92     17.86   14.86   10.60     10.14   36.97   41.49   160.39  101.10   146.80   89.79   169.72   86.38 
 137   22.88   10.47     30.94    5.13    4.25     13.92   25.36   18.97     17.86   14.86   10.63     10.33   37.58   41.47   157.87  101.79   144.37   90.55   167.19   87.21 
 138   22.88   10.29     32.29    4.39    4.25     13.36   27.24   19.03     17.86   14.86   10.66     10.39   38.18   41.44   155.59  102.28   142.20   90.98   164.99   87.82 
 139   22.88   10.62     33.14    3.94    4.25     13.28   27.96   19.09     17.86   14.86   10.69     10.54   38.28   41.42   154.31  102.76   141.30   91.16   163.94   88.56 
 140   22.88   10.21     29.59    5.99    4.26     13.44   27.65   19.15     17.86   14.86   10.72     10.17   40.28   41.41   157.90  101.13   144.88   89.55   167.56   86.86 
 141   24.94   10.16     32.59    4.35    4.26     14.17   25.61   19.20     17.36   15.80   10.75      9.70   41.61   41.41   163.16  101.92   150.06   90.47   172.66   87.65 
 142   24.94   10.02     31.98    4.83    4.26     13.85   26.76   19.25     17.36   15.80   10.79      9.53   42.64   41.42   170.08  103.17   156.54   91.62   179.59   88.44 
 143   24.94    9.80     32.79    4.54    4.27     13.70   26.96   19.31     17.36   15.80   10.83      9.68   41.60   41.42   176.27  101.53   163.65   89.89   186.00   87.61 
 144   24.94   10.41     33.16    4.46    4.27     13.54   27.85   19.37     17.36   15.80   10.86      9.87   41.57   41.42   182.50  101.80   169.58   90.74   191.61   87.64 
 145   24.94    9.82     32.42    4.92    4.27     13.32   28.83   19.43     17.36   15.80   10.89      9.83   42.91   41.43   186.21  101.86   173.09   91.02   195.08   87.57 
 146   22.34   10.21     31.33    5.62    4.28     17.38   17.91   19.42     17.30   15.99   10.93     10.20   40.93   41.43   187.76  103.11   174.28   92.22   196.61   88.49 
 147   22.34   10.26     32.69    4.82    4.28     17.18   18.48   19.41     17.30   15.99   10.96     10.18   40.94   41.43   186.08  105.63   172.85   94.64   195.22   91.39 
 148   22.34   10.39     31.28    5.66    4.29     17.25   18.36   19.41     17.30   15.99   11.00     10.44   41.09   41.42   187.13  104.57   174.38   93.70   195.97   90.55 
 149   22.34   10.38     34.16    4.10    4.29     16.25   20.69   19.42     17.30   15.99   11.03      9.71   45.95   41.45   190.13  102.52   177.20   91.98   198.61   88.37 
 150   22.34   10.30     33.80    4.25    4.29     16.30   20.42   19.42     17.30   15.99   11.06     10.31   41.98   41.46   188.28  100.89   175.93   89.77   197.64   87.35 
 151   25.77   10.53     34.53    3.89    4.29     16.26   20.93   19.43     18.13   14.61   11.09      9.92   43.85   41.47   187.48  101.97   175.07   91.00   196.69   88.39 
 152   25.77    8.96     32.80    4.59    4.29     14.83   25.40   19.47     18.13   14.61   11.11     10.14   47.03   41.51   179.46   99.46   168.08   87.94   189.33   86.83 
 153   25.77   10.27     28.35    7.39    4.31     11.76   34.59   19.57     18.13   14.61   11.13      9.47   50.36   41.57   175.22   93.73   164.10   82.09   185.26   81.36 
 154   25.77    9.22     26.78    8.82    4.34     11.28   36.90   19.68     18.13   14.61   11.16      9.19   48.36   41.61   176.56   94.95   165.68   83.40   186.54   82.80 
 155   25.77    9.21     26.37    9.16    4.37     10.36   41.06   19.82     18.13   14.61   11.18      8.62   48.74   41.66   173.01   97.53   162.18   86.37   182.63   85.48 
 156   22.15    8.48     25.01   10.68    4.41      9.85   43.51   19.97     17.63   15.55   11.21      8.49   50.65   41.72   172.95   99.25   162.65   87.71   182.99   87.67 
 157   22.15   10.31     19.53   20.02    4.51     10.02   44.01   20.13     17.63   15.55   11.23      7.91   53.76   41.79   182.05  106.62   171.82   95.39   191.79   95.14 
 158   22.15    9.20     18.39   22.91    4.63      8.35   42.11   20.26     17.63   15.55   11.26      7.67   53.23   41.87   179.92   93.69   169.63   82.67   189.50   82.25 
 159   22.15   10.16     18.87   22.10    4.74      8.68   40.71   20.39     17.63   15.55   11.29      6.36   59.50   41.98   184.52   96.90   174.03   86.09   193.83   85.22 
 160   22.15   10.18     18.85   22.41    4.85      8.84   39.59   20.51     17.63   15.55   11.31      6.41   57.20   42.07   186.05   98.21   175.70   87.34   195.44   86.66 
 161   18.89   10.65     18.93   22.47    4.96     13.02   23.61   20.53     17.37   16.04   11.34      8.16   46.55   42.10   188.20   98.18   177.75   87.56   197.34   86.57 
 162   18.89   10.54     19.30   21.69    5.06     12.52   24.76   20.56     17.37   16.04   11.37      7.50   48.52   42.14   189.07  100.35   178.84   89.66   198.33   88.97 
 163   18.89   10.19     20.11   19.98    5.15     11.61   27.08   20.60     17.37   16.04   11.40      7.83   46.85   42.17   190.54  101.32   179.98   91.39   198.99   89.69 
 164   18.89   10.65     20.19   19.71    5.24     10.68   29.69   20.65     17.37   16.04   11.43      7.88   44.97   42.18   188.70   99.73   178.35   89.83   197.16   88.33 
 165   18.89   10.65     19.98   20.30    5.33     10.28   30.16   20.71     17.37   16.04   11.46      7.86   45.71   42.21   189.79   98.97   179.46   89.10   198.23   87.60 
 166   21.67   10.74     20.02   20.15    5.42     12.60   23.39   20.73     16.99   16.69   11.49      8.96   38.79   42.19   189.01   99.52   178.91   88.95   198.07   88.23 
 167   21.67    9.46     20.36   18.69    5.50     12.17   25.49   20.76     16.99   16.69   11.52      8.41   40.27   42.17   179.77   98.38   169.66   87.69   188.94   87.06 
 168   21.67   10.95     20.05   18.77    5.58     13.43   21.58   20.76     16.99   16.69   11.55      9.24   37.07   42.14   174.84   96.33   164.64   86.63   183.18   85.15 
 169   21.67    9.53     19.82   18.89    5.66     12.45   24.33   20.78     16.99   16.69   11.58      8.88   38.23   42.12   170.84   95.60   160.62   85.62   179.40   84.34 
 170   21.67    9.31     19.37   19.78    5.74     12.41   24.64   20.80     16.99   16.69   11.61      8.55   40.27   42.11   169.53   95.52   159.49   85.42   178.22   84.43 
 171   23.94    9.55     18.85   20.49    5.83     11.91   26.59   20.84     16.87   16.87   11.64      8.79   39.44   42.09   166.70   94.59   157.09   84.25   175.58   83.80 
 172   23.94    9.60     18.61   21.12    5.92     10.97   30.05   20.89     16.87   16.87   11.67      8.63   40.90   42.09   166.98   94.89   157.17   84.70   175.71   83.96 
 173   23.94    9.67     19.78   18.32    5.99     10.93   31.00   20.95     16.87   16.87   11.70      8.62   41.56   42.08   167.85  102.52   157.53   93.51   175.52   91.32 
 174   23.94   10.12     21.28   15.42    6.04     11.01   31.15   21.01     16.87   16.87   11.73      9.13   39.95   42.07   164.29  100.11   154.73   91.17   172.04   89.71 
 175   23.94   10.39     20.67   16.50    6.10     10.91   31.11   21.07     16.87   16.87   11.76      9.40   40.12   42.06   165.63   96.39   156.07   87.53   173.31   86.00 
 176   24.98   10.53     20.43   17.16    6.17     11.91   27.55   21.10     16.78   16.99   11.79      9.72   38.83   42.04   170.06   96.65   160.77   87.69   177.85   86.50 
 177   24.98    9.10     20.67   16.80    6.23     12.13   26.86   21.14     16.78   16.99   11.82      9.74   38.56   42.02   172.11   95.66   162.84   87.00   179.59   85.58 
 178   24.98   10.79     20.81   16.65    6.28     11.82   27.28   21.17     16.78   16.99   11.85      9.50   38.87   42.00   173.30   93.65   164.42   84.83   180.97   83.90 
 179   24.98   10.23     21.26   16.10    6.34     11.36   29.09   21.22     16.78   16.99   11.88      9.57   38.28   41.98   176.19   94.30   167.78   84.87   184.53   84.95 
 180   24.98   10.35     21.95   14.88    6.39     11.13   29.98   21.26     16.78   16.99   11.91      9.41   38.17   41.96   175.94   94.22   167.43   85.04   183.99   84.80 
 181   23.11   10.06     21.36   15.92    6.44     12.41   25.85   21.29     16.37   17.79   11.94      9.07   39.11   41.95   176.61   96.09   167.80   86.45   185.11   86.32 
 182   23.11   10.92     22.26   14.16    6.48     12.21   26.55   21.32     16.37   17.79   11.97      8.45   41.98   41.95   171.75   96.39   162.92   86.82   180.18   86.63 
 183   23.11   10.32     20.50   17.19    6.54     11.45   27.27   21.35     16.37   17.79   12.00      9.37   37.84   41.92   173.95   93.24   165.43   83.94   182.15   83.80 
 184   23.11   10.64     21.23   15.76    6.59     11.65   27.87   21.39     16.37   17.79   12.04      9.22   37.64   41.90   173.31   96.19   165.22   87.31   181.08   87.21 
 185   23.11    9.50     21.52   15.30    6.64     11.84   27.32   21.42     16.37   17.79   12.07      9.37   36.81   41.87   173.84   95.85   166.12   86.80   181.88   87.25 
 186   18.05   10.48     20.34   17.45    6.70     12.17   25.35   21.44     16.41   17.65   12.10      9.99   34.73   41.84   175.70   91.60   167.36   81.81   184.42   82.28 
 187   18.05   10.06     21.07   16.19    6.75     12.17   25.93   21.46     16.41   17.65   12.13     10.16   34.38   41.80   176.49   91.69   168.06   81.68   185.37   82.22 
 188   18.05   10.20     21.89   14.69    6.79     12.75   25.50   21.48     16.41   17.65   12.16     10.33   34.20   41.76   175.00   93.26   167.69   84.21   183.03   85.02 
 189   18.05   10.00     21.86   14.95    6.83     12.43   26.22   21.51     16.41   17.65   12.18     10.57   33.73   41.71   179.17   91.30   171.84   82.41   187.02   83.05 
 190   18.05   10.37     24.20   11.48    6.86     12.89   25.57   21.53     16.41   17.65   12.21     10.81   33.36   41.67   177.04   90.32   170.07   81.49   184.86   82.43 
 191   19.22   10.05     25.13   10.37    6.87     13.44   23.89   21.54     16.13   18.21   12.24     10.67   34.14   41.63   177.30   88.78   170.50   79.96   185.16   81.07 
 192   19.22    9.81     26.86    8.20    6.88     12.42   26.03   21.57     16.13   18.21   12.28      9.63   39.06   41.62   169.97   84.85   162.49   76.01   177.78   76.47 
 193   19.22    8.30     24.66   10.51    6.90     12.55   25.74   21.59     16.13   18.21   12.31     10.27   34.37   41.58   171.14   85.76   164.52   77.12   178.80   78.21 
 194   19.22    8.96     24.37   10.84    6.92     12.82   24.64   21.60     16.13   18.21   12.34     10.13   34.30   41.54   170.04   86.67   163.39   78.19   177.54   79.12 
 195   19.22   10.18     27.94    7.07    6.92     12.29   25.49   21.62     16.13   18.21   12.37      9.70   35.92   41.51   149.86   85.05   142.83   76.08   157.91   77.14 
 196   18.50    9.20     28.46    6.64    6.92     12.99   23.47   21.63     16.14   18.16   12.40     10.07   33.22   41.47   148.74   87.94   141.82   79.01   156.80   80.17 
 197   18.50   10.26     26.69    8.00    6.93     12.98   23.41   21.64     16.14   18.16   12.43     10.73   31.42   41.42   144.38   86.25   137.25   77.59   152.11   78.28 
 198   18.50   10.69     28.09    6.89    6.93     13.05   23.15   21.65     16.14   18.16   12.45      9.99   33.47   41.38   147.56   86.69   140.17   77.57   155.69   78.40 
 199   18.50   10.66     25.89    8.95    6.94     12.93   23.43   21.66     16.14   18.16   12.48     11.06   30.66   41.32   147.64   84.25   140.10   74.99   155.89   75.79 
 200   18.50    9.28     26.72    8.33    6.94     13.15   22.92   21.67     16.14   18.16   12.51     10.24   35.00   41.29   154.61   83.55   146.92   74.38   162.80   74.97 
 201   23.62   10.25     27.51    7.70    6.95     14.44   19.67   21.66     16.24   17.90   12.54     10.73   33.83   41.26   158.92   79.88   151.57   70.36   167.47   71.59 
 202   23.62    9.75     27.06    8.19    6.95     14.24   19.77   21.65     16.24   17.90   12.57     10.83   30.99   41.21   161.83   75.56   155.21   66.14   170.37   68.02 
 203   23.62   10.42     28.72    6.94    6.95     13.83   20.70   21.64     16.24   17.90   12.59      9.47   34.17   41.17   168.89   76.80   161.70   67.39   177.36   68.67 
 204   23.62   10.36     25.63   10.19    6.97     13.79   21.03   21.64     16.24   17.90   12.62      9.05   35.07   41.14   170.63   78.70   163.51   69.12   179.30   70.64 
 205   23.62   10.30     28.08    7.76    6.97     13.94   20.79   21.63     16.24   17.90   12.64     10.00   31.73   41.09   174.93   80.11   167.46   70.20   183.86   71.68 
 206   21.01   10.42     25.91   10.23    6.99     15.71   16.82   21.61     16.00   18.34   12.67     10.64   29.79   41.04   176.71   80.46   170.05   70.49   185.84   72.82 
 207   21.01   10.12     27.20    8.89    7.00     15.80   16.67   21.59     16.00   18.34   12.70     11.03   29.07   40.98   181.53   79.88   174.88   69.91   190.68   72.26 
 208   21.01   10.24     26.58    9.46    7.01     15.99   16.20   21.56     16.00   18.34   12.73     11.87   27.36   40.92   179.24   75.91   172.63   65.84   188.46   68.30 
 209   21.01   10.26     27.15    8.83    7.02     15.82   16.44   21.54     16.00   18.34   12.75     11.62   27.79   40.85   180.42   72.65   173.79   62.49   189.73   65.03 
 210   21.01   10.31     27.72    8.37    7.02     15.94   16.26   21.51     16.00   18.34   12.78     10.98   29.57   40.80   184.32   70.55   177.21   60.67   193.30   62.45 
 211   21.28    9.90     27.67    8.58    7.03     17.99   12.80   21.47     16.17   17.96   12.80      9.86   32.07   40.76   188.07   71.27   181.29   61.55   196.88   63.53 
 212   21.28   10.37     28.72    7.55    7.03     18.25   12.48   21.43     16.17   17.96   12.83     10.42   29.34   40.70   186.63   74.75   179.64   65.03   195.46   66.83 
 213   21.28   10.16     27.47    8.80    7.04     18.10   12.83   21.39     16.17   17.96   12.85      9.43   32.36   40.67   185.12   80.52   178.45   70.51   194.26   72.88 
 214   21.28   10.47     27.75    8.46    7.05     18.14   12.73   21.35     16.17   17.96   12.88     10.13   30.55   40.62   181.27   85.00   174.76   74.95   190.53   77.50 
 215   21.28   10.14     29.05    7.09    7.05     17.55   13.70   21.31     16.17   17.96   12.90     10.43   30.01   40.57   175.70   88.32   169.29   78.17   185.06   80.91 
 216   22.81    9.56     28.23    7.60    7.05     19.72   10.67   21.26     16.22   17.80   12.92     10.95   28.40   40.51   168.39   90.71   161.67   80.91   177.35   83.02 
 217   22.81    9.85     26.84    8.66    7.06     19.25   11.22   21.22     16.22   17.80   12.94     11.59   27.06   40.45   160.82   90.11   154.51   80.14   169.99   82.77 
 218   22.81    9.80     27.12    8.05    7.06     18.46   12.39   21.18     16.22   17.80   12.97     11.49   28.27   40.39   154.03   88.93   147.07   78.77   163.31   80.92 
 219   22.81   10.25     28.04    7.23    7.06     18.38   12.53   21.14     16.22   17.80   12.99     11.06   28.57   40.34   154.08   89.52   147.68   79.73   163.06   82.10 
 220   22.81   10.31     26.24    8.77    7.07     19.42   11.16   21.09     16.22   17.80   13.01     12.34   25.60   40.27   150.66   87.17   144.18   77.22   159.83   79.71 
 221   20.61   10.50     25.90    9.00    7.08     19.80   10.81   21.04     16.27   17.67   13.03     12.04   27.05   40.21   150.11   83.50   143.15   73.62   159.12   75.53 
 222   20.61   10.46     26.34    8.65    7.09     18.98   11.90   21.00     16.27   17.67   13.05     10.98   29.12   40.16   152.71   84.23   146.39   74.55   161.59   76.90 
 223   20.61   10.40     25.92    9.26    7.10     16.81   15.58   20.98     16.27   17.67   13.07     10.83   29.91   40.12   154.94   86.09   148.32   75.96   164.17   78.34 
 224   20.61    9.00     25.26   10.22    7.11     16.02   17.21   20.96     16.27   17.67   13.09     10.61   31.04   40.08   157.92   85.88   151.63   75.83   167.21   78.61 
 225   20.61    9.24     24.59   11.27    7.13     15.06   19.50   20.96     16.27   17.67   13.11      9.83   33.64   40.05   160.51   87.98   154.11   77.87   169.84   80.59 
 226   21.09    9.74     25.76   10.05    7.14     14.75   20.67   20.95     16.36   17.45   13.13      9.91   34.13   40.02   164.66   92.58   158.15   82.36   174.09   85.04 
 227   21.09    9.90     26.56    9.36    7.15     14.42   21.75   20.96     16.36   17.45   13.15     10.64   32.46   39.99   168.31   96.49   161.60   86.66   177.32   88.82 
 228   21.09   10.33     26.19   10.09    7.17     13.98   23.16   20.97     16.36   17.45   13.17     10.46   33.72   39.96   173.32   99.45   166.49   89.63   182.33   91.66 
 229   21.09    9.98     26.78    9.54    7.18     13.56   24.36   20.98     16.36   17.45   13.19     10.83   33.04   39.93   176.12  102.63   169.10   93.81   184.03   94.67 
 230   21.09    8.47     27.33    8.98    7.18     15.21   20.36   20.98     16.36   17.45   13.21     11.54   31.40   39.89   177.38   99.45   170.65   89.39   186.65   91.76 
 231   23.92    9.91     25.12   11.82    7.20     14.03   22.97   20.99     16.27   17.64   13.23      9.92   40.01   39.90   183.17   91.44   176.78   80.93   192.90   84.03 
 232   23.92    9.80     25.90   10.73    7.22     13.63   23.73   21.00     16.27   17.64   13.25     10.84   33.79   39.87   184.11   90.63   176.67   81.61   192.24   82.29 
 233   23.92    9.96     27.85    8.37    7.22     12.96   24.53   21.02     16.27   17.64   13.27     10.64   35.78   39.85   188.05   82.05   180.42   73.00   196.19   73.51 
 234   23.92    9.86     25.58   10.71    7.24     13.52   24.19   21.03     16.27   17.64   13.28     10.82   34.06   39.83   180.86   77.82   173.28   67.88   189.92   69.30 
 235   23.92   10.56     25.67   10.53    7.25     13.89   23.12   21.04     16.27   17.64   13.30     11.17   32.43   39.79   181.14   73.07   173.65   63.47   189.81   64.60 
 236   26.17    9.04     25.32   10.63    7.27     13.23   24.49   21.05     16.26   17.67   13.32     10.83   34.07   39.77   179.04   66.09   171.79   57.25   187.02   57.96 
 237   26.17    9.36     26.82    8.88    7.27     13.19   24.98   21.07     16.26   17.67   13.34     10.30   34.43   39.75   177.53   70.21   169.65   61.16   185.67   61.48 
 238   26.17   10.36     27.90    7.69    7.28     13.33   25.07   21.09     16.26   17.67   13.36     10.20   34.52   39.73   172.07   74.26   164.26   64.68   180.78   65.58 
 239   26.17   10.31     22.22   14.49    7.31     11.68   25.58   21.10     16.26   17.67   13.38      9.50   35.49   39.71   184.49   76.57   177.93   67.90   192.39   69.19 
 240   26.17   10.15     16.26   28.30    7.39     12.17   25.97   21.12     16.26   17.67   13.39      9.60   33.10   39.68   194.83   84.62   188.13   75.82   202.84   77.09 
 241   29.21   10.28     25.46    9.81    7.40     11.51   30.22   21.16     16.16   17.85   13.41      9.43   44.24   39.70   173.21   75.30   165.94   66.89   180.78   67.25 
 242   29.21   10.07     25.02   10.30    7.42     11.54   29.83   21.20     16.16   17.85   13.43      9.72   36.61   39.69   174.24   74.97   167.07   66.69   181.73   67.05 
 243   29.21   10.03     26.69    8.49    7.42     11.82   29.52   21.23     16.16   17.85   13.45      9.74   36.11   39.67   169.96   75.42   163.17   67.25   177.39   67.90 
 244   29.21    9.03     27.63    7.55    7.42     11.89   28.87   21.26     16.16   17.85   13.47      9.70   36.42   39.66   164.04   76.86   157.07   69.14   170.95   69.15 
 245   29.21   10.39     27.27    7.75    7.42     11.97   28.76   21.29     16.16   17.85   13.48      9.97   36.78   39.65   165.96   75.21   159.10   67.35   173.09   67.66 
 246   25.60   10.29     27.63    7.47    7.42     13.47   24.20   21.31     16.01   18.16   13.50     10.38   35.89   39.63   160.97   74.22   153.97   66.43   168.00   66.51 
 247   25.60   10.24     28.09    7.18    7.42     13.45   24.04   21.32     16.01   18.16   13.52      9.84   37.82   39.62   163.88   75.24   156.71   67.44   170.94   67.41 
 248   25.60   10.30     28.42    7.01    7.42     13.56   23.69   21.33     16.01   18.16   13.54      9.45   39.03   39.62   164.89   79.15   157.79   71.46   171.80   71.37 
 249   25.60    8.93     28.08    7.42    7.42     14.01   22.26   21.33     16.01   18.16   13.56      9.26   39.82   39.62   167.87   83.59   160.74   75.95   174.72   75.77 
 250   25.60    9.37     27.74    7.85    7.42     13.77   22.68   21.34     16.01   18.16   13.58      9.25   39.08   39.62   167.63   87.65   160.36   80.38   174.14   79.76 
 251   26.21    9.14     28.31    7.39    7.42     14.94   20.24   21.33     15.93   18.31   13.60      9.87   35.99   39.61   165.64   92.70   158.21   84.55   172.88   84.45 
 252   26.21    8.99     28.65    7.18    7.42     14.11   21.42   21.33     15.93   18.31   13.62      9.77   37.06   39.60   167.97   94.30   161.17   86.58   174.97   86.82 
 253   26.21    9.11     28.51    7.18    7.42     14.60   20.55   21.33     15.93   18.31   13.63     10.78   32.53   39.57   163.90   93.67   157.12   85.70   171.11   86.18 
 254   26.21    8.29     26.97    8.53    7.42     15.04   19.62   21.32     15.93   18.31   13.65     10.25   37.18   39.56   164.87   87.17   158.05   79.50   171.84   79.71 
 255   26.21   10.14     27.86    7.63    7.42     15.05   19.25   21.31     15.93   18.31   13.67      9.94   39.33   39.56   167.97   78.42   161.21   70.65   175.04   70.99 
 256   28.58    9.87     28.32    7.28    7.42     13.23   22.34   21.32     15.85   18.47   13.69      9.93   37.97   39.55   177.18   73.47   170.06   66.22   183.69   65.72 
 257   28.58   10.36     26.77    8.84    7.43     13.82   20.60   21.32     15.85   18.47   13.71     10.53   31.09   39.52   180.18   74.86   173.24   67.93   186.37   67.31 
 258   28.58   10.11     26.82    8.95    7.43     14.79   18.70   21.31     15.85   18.47   13.73     10.09   31.59   39.49   183.81   80.90   177.08   73.98   190.03   73.57 
 259   28.58   10.42     27.88    8.03    7.44     14.30   19.47   21.30     15.85   18.47   13.75      9.24   33.48   39.46   184.04   84.94   177.24   78.12   190.13   77.54 
 260   28.58    9.23     27.91    8.00    7.44     14.04   20.16   21.29     15.85   18.47   13.76     10.25   30.42   39.43   183.83   87.59   176.79   80.94   189.72   79.95 
 261   38.44    9.54     27.40    8.46    7.44     13.30   21.86   21.30     15.58   19.01   13.78     10.21   30.52   39.40   182.30   89.61   175.18   83.18   187.98   81.92 
 262   38.44    9.81     25.31   10.74    7.46     13.83   21.01   21.29     15.58   19.01   13.80     10.64   29.48   39.36   186.22   91.95   178.94   85.30   192.09   84.07 
 263   38.44    9.10     24.67   11.53    7.47     13.71   21.01   21.29     15.58   19.01   13.82     10.20   30.89   39.33   185.72   92.26   178.78   85.68   191.55   84.74 
 264   38.44   10.07     25.15   10.86    7.48     14.09   20.16   21.29     15.58   19.01   13.84     11.04   29.66   39.29   184.86   89.69   177.71   82.99   190.74   81.90 
 265   38.44    8.77     26.24    9.64    7.49     13.46   21.14   21.29     15.58   19.01   13.86     10.81   29.32   39.25   169.94   88.31   163.37   80.06   177.46   81.00 
 266   26.62   10.17     27.29    8.54    7.50     13.81   20.71   21.29     15.29   19.63   13.88     10.89   28.54   39.21   184.06   89.23   177.02   83.31   189.21   81.66 
 267   26.62   10.50     25.99    9.72    7.50     14.47   18.87   21.28     15.29   19.63   13.91     11.15   27.71   39.17   181.24   88.01   173.25   81.84   186.67   79.55 
 268   26.62    8.92     28.01    7.55    7.50     13.62   20.74   21.28     15.29   19.63   13.93      9.76   31.12   39.14   173.71   87.46   166.58   81.75   178.65   79.82 
 269   26.62   10.17     26.48    8.88    7.51     13.37   21.37   21.28     15.29   19.63   13.95     10.07   30.26   39.11   173.81   89.71   166.14   83.06   179.62   81.45 
 270   26.62    9.92     26.15    9.02    7.52     14.10   19.75   21.27     15.29   19.63   13.97     10.41   29.23   39.07   169.38   89.81   161.66   83.75   174.72   81.61 
 271   28.88    9.61     26.77    8.13    7.52     14.16   19.37   21.26     15.22   19.73   13.99      9.75   30.92   39.04   160.52   86.73   153.59   81.11   165.37   79.29 
 272   28.88    9.91     26.90    7.80    7.52     13.86   20.05   21.26     15.22   19.73   14.01      9.98   30.65   39.01   157.56   87.95   149.29   81.58   163.21   79.22 
 273   28.88    9.72     25.87    8.54    7.52     14.34   18.86   21.25     15.22   19.73   14.03      9.95   29.99   38.97   152.48   85.82   144.99   79.39   158.13   77.78 
 274   28.88    9.68     26.44    7.80    7.52     13.68   20.18   21.25     15.22   19.73   14.05      9.40   31.63   38.95   146.29   86.06   139.56   81.00   150.59   78.86 
 275   28.88    9.52     26.43    7.92    7.52     14.15   18.84   21.24     15.22   19.73   14.07     10.54   28.22   38.91   149.91   83.90   142.66   78.96   154.03   76.21 
 276   23.78   10.09     26.30    8.06    7.53     15.19   16.48   21.22     15.21   19.71   14.09     11.26   26.41   38.86   150.76   81.76   143.82   77.05   154.68   74.40 
 277   23.78    8.65     26.01    8.29    7.53     14.95   16.81   21.20     15.21   19.71   14.11     11.35   26.53   38.82   152.49   77.28   145.59   72.64   156.34   69.96 
 278   23.78   10.17     24.84    9.69    7.54     14.80   17.28   21.19     15.21   19.71   14.13     10.12   28.26   38.78   158.29   77.57   151.42   72.79   162.29   70.28 
 279   23.78    8.70     26.10    8.65    7.54     15.36   15.88   21.17     15.21   19.71   14.15      8.44   32.20   38.76   159.83   82.39   152.65   77.74   163.70   74.80 
 280   23.78   10.40     25.00   10.06    7.55     15.36   16.01   21.15     15.21   19.71   14.17      7.89   33.62   38.74   164.05   88.26   156.89   83.65   167.85   80.70 
 281   26.30    8.93     26.33    8.91    7.56     14.88   16.30   21.14     15.22   19.65   14.19      7.75   34.26   38.72   165.37   93.56   159.21   88.33   169.89   86.92 
 282   26.30   10.39     26.40    9.17    7.56     14.41   16.98   21.12     15.22   19.65   14.21      9.24   29.65   38.69   171.95   95.05   165.90   89.61   176.71   88.48 
 283   26.30    8.34     26.14    9.67    7.57     13.82   17.64   21.11     15.22   19.65   14.23      9.86   28.27   38.65   179.35   91.80   172.85   87.04   183.41   84.87 
 284   26.30    8.89     27.98    7.93    7.57     13.45   18.45   21.10     15.22   19.65   14.25      9.77   28.70   38.62   183.92   88.82   176.80   83.47   188.51   81.24 
 285   26.30    8.96     22.26   15.32    7.60     11.91   21.72   21.10     15.22   19.65   14.27      9.29   29.52   38.59   168.43   87.33   161.52   82.23   172.79   79.97 
 286   34.42    9.26     26.64    9.35    7.60     11.57   20.77   21.10     15.28   19.44   14.29      8.78   29.24   38.55   191.23   80.23   184.79   75.21   195.51   73.31 
 287   34.42    9.83     21.86   16.31    7.63     11.13   19.96   21.10     15.28   19.44   14.31      8.59   29.73   38.52   172.72   78.80   166.70   73.91   176.97   72.34 
 288   34.42    9.35     21.67   16.79    7.67     10.87   20.35   21.09     15.28   19.44   14.32      7.53   31.89   38.50   174.72   77.55   168.93   72.86   178.78   71.33 
 289   34.42   10.05     21.93   16.37    7.70     11.07   20.06   21.09     15.28   19.44   14.34      6.86   32.70   38.48   175.78   79.11   169.67   74.41   179.82   72.58 
 290   34.42    9.42     16.63   30.08    7.77     13.27   20.30   21.09     15.28   19.44   14.36      7.76   30.91   38.45   185.24  109.15   177.57  104.41   189.13  101.08 
 291   32.70   10.02     22.84   14.75    7.80     12.49   18.00   21.08     15.27   19.36   14.38      8.07   31.81   38.43   176.96   84.11   171.41   79.76   180.70   78.16 
 292   32.70    9.33     22.91   14.65    7.82     12.52   18.17   21.07     15.27   19.36   14.39      8.41   29.93   38.40   176.79   86.69   171.14   82.43   180.42   80.66 
 293   32.70   10.30     22.78   14.70    7.84     13.35   16.51   21.05     15.27   19.36   14.41      8.44   29.60   38.37   173.05   88.43   167.62   84.27   176.60   82.59 
 294   32.70    9.92     21.40   17.15    7.88     13.21   17.25   21.04     15.27   19.36   14.43      8.89   28.38   38.34   167.68   88.67   162.39   84.78   170.99   83.02 
 295   32.70    9.34     27.50    8.48    7.88     13.69   16.48   21.02     15.27   19.36   14.44      8.66   29.55   38.31   186.39   88.30   181.10   84.35   189.75   82.63 
 296   31.83    9.50     20.74   18.19    7.91     14.46   15.84   21.00     15.36   19.08   14.46      9.80   27.82   38.27   162.89   85.00   157.44   80.21   167.13   79.14 
 297   31.83    8.89     21.25   17.02    7.94     14.77   15.58   20.99     15.36   19.08   14.48     10.25   26.76   38.23   163.68   83.09   158.19   78.34   167.85   77.18 
 298   31.83    9.00     20.24   19.04    7.98     14.47   16.33   20.97     15.36   19.08   14.49     10.26   27.08   38.20   161.42   80.51   156.17   75.56   165.82   74.82 
 299   31.83    8.44     20.57   18.39    8.01     14.64   16.03   20.95     15.36   19.08   14.51     10.00   27.09   38.16   162.65   80.32   157.35   75.49   166.94   74.61 
 300   31.83    8.43     19.60   20.55    8.06     15.28   16.15   20.94     15.36   19.08   14.52      9.79   27.48   38.12   160.19   83.54   155.19   79.42   163.77   78.15 
 301   38.79    8.44     19.46   20.90    8.10     15.79   15.46   20.92     15.18   19.41   14.54     10.42   26.51   38.09   159.37   83.72   154.25   79.45   163.05   78.19 
 302   38.79   10.59     19.53   20.75    8.14     15.52   15.86   20.90     15.18   19.41   14.55      9.89   27.78   38.05   159.67   84.19   154.57   79.79   163.47   78.64 
 303   38.79    9.53     19.52   21.00    8.18     16.58   14.46   20.88     15.18   19.41   14.57      9.44   29.39   38.02   161.13   86.28   156.52   81.59   165.27   81.19 
 304   38.79   10.30     20.06   19.97    8.22     16.54   14.50   20.86     15.18   19.41   14.59      8.78   31.78   38.00   164.39   86.91   159.62   81.97   168.78   81.67 
 305   38.79   10.02     19.86   20.52    8.26     16.44   14.65   20.84     15.18   19.41   14.60     10.21   28.18   37.97   164.84   86.07   160.36   81.56   168.84   81.16 
 306   28.96    9.83     19.74   20.78    8.30     17.26   13.59   20.82     15.29   19.13   14.62     10.38   27.43   37.94   163.88   87.77   159.23   83.33   167.81   82.70 
 307   28.96    8.63     20.36   19.48    8.34     16.51   14.75   20.80     15.29   19.13   14.63      9.27   30.74   37.91   166.46   88.89   162.04   84.29   170.55   84.02 
 308   28.96    9.62     20.33   19.61    8.38     16.71   14.37   20.78     15.29   19.13   14.65     10.47   26.99   37.88   165.41   91.27   160.54   86.67   169.45   85.95 
 309   28.96    9.53     20.76   18.47    8.41     16.28   14.98   20.76     15.29   19.13   14.66     10.01   27.66   37.84   161.30   95.72   156.56   90.86   165.61   90.50 
 310   28.96    9.05     20.93   18.34    8.44     16.05   15.70   20.74     15.29   19.13   14.67      8.78   31.17   37.82   162.04  101.88   156.69   96.60   166.69   96.03 
 311   50.26   10.13     21.03   18.36    8.47     16.19   15.47   20.72     15.21   19.29   14.69      8.69   32.04   37.80   162.89  104.83   157.48   99.62   167.45   98.93 
 312   50.26    9.16     20.88   18.83    8.51     16.17   15.33   20.71     15.21   19.29   14.70      9.01   30.94   37.78   162.41  107.45   157.25  102.50   166.77  101.82 
 313   50.26    8.89     20.59   19.42    8.54     16.19   15.51   20.69     15.21   19.29   14.72     10.63   27.01   37.75   159.44  109.72   154.36  104.63   163.92  104.15 
 314   50.26    8.60     20.53   19.19    8.58     16.37   15.37   20.67     15.21   19.29   14.73     12.40   23.60   37.70   156.11  108.57   151.30  103.40   160.73  103.25 
 315   50.26    8.50     20.64   18.89    8.61     16.37   15.02   20.66     15.21   19.29   14.75     11.50   26.58   37.67   156.64  105.35   151.82   99.92   161.57  100.07 
 316   42.25    9.16     20.59   19.01    8.64     16.52   14.89   20.64     15.11   19.48   14.76     10.67   28.91   37.64   158.32  103.94   153.57   98.77   162.93   98.68 
 317   42.25    8.41     27.50    8.49    8.64     16.40   14.30   20.62     15.11   19.48   14.78     12.28   24.56   37.60   176.64  105.05   172.01  100.17   180.97   99.93 
 318   42.25    8.75     27.44    8.53    8.64     16.26   14.38   20.60     15.11   19.48   14.79     11.20   27.93   37.57   178.48  100.92   173.89   96.01   182.84   95.82 
 319   42.25    9.32     27.81    8.19    8.64     16.09   14.59   20.58     15.11   19.48   14.81     10.06   30.02   37.54   179.42   99.08   174.78   94.13   183.80   93.91 
 320   42.25    8.52     28.25    7.90    8.64     16.45   14.07   20.56     15.11   19.48   14.82      9.68   30.76   37.52   183.75   99.66   179.06   94.67   188.16   94.45 
 321   37.42    8.89     27.21    9.03    8.64     16.79   13.63   20.54     15.31   18.99   14.83      9.94   29.68   37.50   187.14  101.30   182.19   96.24   191.63   95.85 
 322   37.42   10.46     27.34    9.02    8.64     16.65   13.84   20.52     15.31   18.99   14.85     10.16   29.02   37.47   190.88  101.50   186.40   96.65   195.20   96.53 
 323   37.42    9.61     28.59    7.90    8.64     16.74   13.77   20.50     15.31   18.99   14.86     10.98   26.96   37.44   191.64  101.63   186.88   96.47   196.25   96.37 
 324   37.42    8.26     28.44    8.15    8.63     16.53   14.28   20.48     15.31   18.99   14.87     11.64   25.44   37.40   194.31  102.05   189.78   97.17   198.67   97.03 
 325   37.42    8.88     20.60   20.20    8.67     16.62   15.04   20.46     15.31   18.99   14.89     11.93   25.42   37.37   175.18   96.48   170.60   92.19   179.00   91.53 
 326   40.58    9.33     20.45   20.38    8.71     16.90   14.55   20.44     15.25   19.08   14.90     11.81   27.01   37.33   175.59   91.13   171.37   87.26   178.96   86.51 
 327   40.58    9.79     20.50   20.18    8.74     16.72   14.91   20.42     15.25   19.08   14.91     11.98   26.12   37.30   175.20   88.99   171.04   85.26   178.42   84.45 
 328   40.58    9.67     19.70   21.78    8.78     16.97   14.49   20.41     15.25   19.08   14.92     11.84   26.83   37.27   171.64   86.55   167.61   83.01   174.74   82.19 
 329   40.58    9.59     20.42   19.46    8.81     17.06   14.54   20.39     15.25   19.08   14.94     12.22   26.10   37.23   168.07   84.75   163.89   80.33   172.05   80.18 
 330   40.58    9.68     19.72   20.78    8.85     16.86   14.76   20.37     15.25   19.08   14.95     11.55   26.27   37.20   163.34   84.70   159.20   81.16   166.40   80.20 
 331   29.13    9.87     19.57   20.80    8.89     16.93   14.72   20.35     15.24   19.09   14.96     10.29   29.68   37.18   158.36   87.80   154.27   84.33   161.38   83.37 
 332   29.13    9.28     19.16   21.43    8.92     16.29   15.78   20.34     15.24   19.09   14.97     10.39   29.35   37.15   152.49   90.29   148.30   86.77   155.53   85.75 
 333   29.13   10.05     19.26   20.78    8.96     16.57   15.70   20.33     15.24   19.09   14.99     10.71   28.83   37.13   148.13   92.50   143.95   89.12   151.04   87.98 
 334   29.13    9.65     19.30   20.50    8.99     16.07   16.87   20.32     15.24   19.09   15.00     10.33   29.90   37.11   144.87   95.36   140.52   91.70   148.02   90.64 
 335   29.13   10.04     19.19   20.43    9.03     16.41   15.67   20.30     15.24   19.09   15.01     10.80   28.67   37.08   140.73   95.76   136.30   91.81   144.15   90.92 
 336   30.02    9.35     18.73   21.10    9.06     16.29   16.32   20.29     15.31   18.92   15.02     10.74   29.20   37.06   135.12   96.73   130.86   93.30   138.07   92.14 
 337   30.02    9.46     19.02   20.31    9.10     16.38   16.17   20.28     15.31   18.92   15.03     10.91   28.68   37.03   135.29   96.67   131.16   93.34   138.19   92.23 
 338   30.02    9.06     19.02   19.99    9.13     17.70   13.71   20.26     15.31   18.92   15.05     12.10   26.54   37.00   133.13   93.77   128.92   90.48   135.92   89.24 
 339   30.02    9.90     19.18   19.35    9.16     17.06   14.77   20.24     15.31   18.92   15.06     11.48   29.18   36.98   133.95   89.78   129.76   86.10   137.15   85.23 
 340   30.02    9.45     18.91   20.24    9.19     16.35   16.03   20.23     15.31   18.92   15.07     10.25   30.89   36.96   136.36   88.63   131.66   84.82   139.64   83.55 
 341   36.82    9.94     19.25   19.62    9.22     16.58   15.71   20.22     15.30   18.93   15.08      9.26   32.40   36.95   138.43   89.97   134.01   86.30   141.58   85.18 
 342   36.82    9.45     19.55   19.43    9.25     17.09   14.72   20.20     15.30   18.93   15.09      6.98   37.54   36.95   141.03   94.67   136.01   90.89   144.28   89.30 
 343   36.82    9.45     19.97   19.07    9.28     16.21   16.15   20.19     15.30   18.93   15.10      6.28   39.78   36.96   145.33   97.99   140.68   94.13   148.61   92.93 
 344   36.82   10.12     21.12   17.39    9.30     16.51   15.89   20.18     15.30   18.93   15.11      4.68   44.31   36.98   153.22  104.12   147.95  100.52   156.28   98.52 
 345   36.82    8.76     20.38   19.43    9.33     15.56   17.76   20.17     15.30   18.93   15.12      6.43   40.29   36.99   155.32  106.25   151.20  102.73   158.38  101.79 
 346   38.91    8.39     21.66   17.13    9.36     15.41   18.01   20.16     15.36   18.79   15.14      7.36   39.28   37.00   162.45  106.34   157.69  102.59   165.65  101.22 
 347   38.91    8.31     20.72   19.29    9.39     16.19   18.05   20.16     15.36   18.79   15.15      9.07   36.29   36.99   162.94  107.32   159.07  103.80   166.03  103.10 
 348   38.91    8.37     20.92   19.23    9.41     16.19   17.98   20.15     15.36   18.79   15.16      7.72   39.23   37.00   169.44  104.46   165.68  100.93   172.57  100.37 
 349   38.91    8.41     21.36   18.65    9.44     14.77   18.63   20.15     15.36   18.79   15.17      6.61   42.41   37.02   177.07   97.94   173.32   94.00   180.60   93.79 
 350   38.91    9.29     21.10   19.66    9.47     16.33   17.42   20.14     15.36   18.79   15.18      7.65   38.07   37.02   180.43  102.67   176.57   99.09   183.59   98.47 
 351   38.78    8.30     21.17   19.83    9.50     15.92   16.03   20.13     15.20   19.13   15.19      6.71   39.82   37.03   184.09  101.68   180.20   98.09   187.23   97.43 
 352   38.78    8.36     21.82   18.62    9.52     17.32   14.02   20.11     15.20   19.13   15.20      7.31   37.31   37.03   186.33  106.79   182.59  103.08   189.62  102.68 
 353   38.78    8.62     21.76   18.94    9.55     17.72   13.45   20.09     15.20   19.13   15.21      8.50   33.61   37.02   186.79  110.33   182.97  106.23   190.44  106.08 
 354   38.78    8.28     21.28   19.85    9.58     16.54   14.86   20.08     15.20   19.13   15.22     10.04   30.66   37.00   183.43  110.48   179.74  106.86   186.65  106.43 
 355   38.78    8.55     21.57   18.93    9.61     18.16   12.73   20.06     15.20   19.13   15.23     11.46   28.15   36.98   180.68  110.60   176.92  106.82   184.04  106.44 
 356   35.88    8.99     20.89   20.02    9.64     17.15   13.56   20.04     15.31   18.87   15.24     11.29   28.75   36.95   174.82  107.18   171.18  103.54   178.03  103.17 
 357   35.88    8.30     21.37   18.66    9.66     17.12   13.99   20.02     15.31   18.87   15.25     11.29   28.55   36.93   174.16  105.46   170.24  101.67   177.47  101.13 
 358   35.88    9.23     21.13   19.07    9.69     17.73   13.03   20.00     15.31   18.87   15.26     11.13   27.76   36.90   172.08  106.33   167.68  102.04   175.87  101.49 
 359   35.88   10.22     21.21   18.68    9.71     17.56   13.57   19.98     15.31   18.87   15.27     11.06   27.78   36.88   169.44  107.59   165.02  103.47   172.99  102.71 
 360   35.88    9.78     22.45   16.01    9.73     18.16   13.12   19.96     15.31   18.87   15.28     11.65   26.17   36.85   169.74  109.00   165.94  105.37   172.92  104.83 
 361   39.04    8.61     22.30   16.33    9.75     18.73   11.93   19.94     15.39   18.69   15.29     11.11   27.56   36.82   170.98  107.70   167.59  104.50   173.77  103.97 
 362   39.04    9.78     21.94   16.96    9.77     18.17   12.68   19.92     15.39   18.69   15.30     11.87   25.12   36.79   169.12  108.42   165.42  104.88   172.22  104.35 
 363   39.04    9.45     22.08   16.57    9.79     18.59   12.34   19.90     15.39   18.69   15.31     11.51   26.19   36.76   166.99  110.53   163.13  106.80   170.26  106.27 
 364   39.04    9.14     21.96   16.64    9.81     18.98   11.47   19.88     15.39   18.69   15.32     11.57   26.26   36.73   165.93  111.23   162.30  108.38   168.35  107.31 
 365   39.04   10.21     21.55   17.29    9.83     18.88   11.72   19.86     15.39   18.69   15.33     11.89   25.78   36.70   162.72  111.73   159.36  107.92   166.10  107.94 
 366   54.38    8.53     21.57   17.18    9.85     18.30   12.43   19.84     15.43   18.59   15.34     12.25   24.61   36.67   161.00  110.96   157.50  107.10   164.42  107.05 
 367   54.38    9.15     22.00   16.29    9.86     18.04   12.58   19.82     15.43   18.59   15.35     12.34   24.08   36.63   161.34  111.36   157.76  107.68   164.58  107.40 
 368   54.38    9.70     21.51   17.23    9.88     17.96   12.86   19.80     15.43   18.59   15.36     12.07   24.78   36.60   159.57  111.11   156.09  106.70   163.57  107.17 
 369   54.38    8.76     21.75   16.68    9.90     18.04   12.42   19.78     15.43   18.59   15.37     12.56   24.01   36.57   160.19  108.82   156.97  105.03   163.57  105.20 
 370   54.38   10.11     21.84   16.57    9.92     18.63   11.81   19.75     15.43   18.59   15.37     12.38   24.40   36.54   161.80  107.93   158.62  103.95   165.33  104.28 
 371   38.12    9.18     21.45   17.46    9.94     18.38   11.87   19.73     15.38   18.67   15.38     12.48   24.10   36.50   164.10  106.11   160.90  102.36   167.42  102.49 
 372   38.12   10.60     21.58   17.39    9.96     18.98   11.05   19.71     15.38   18.67   15.39     12.08   24.78   36.47   167.36  106.00   164.31  102.28   170.67  102.52 
 373   38.12    8.79     21.45   18.13    9.98     18.76   11.47   19.69     15.38   18.67   15.40     10.65   27.40   36.45   171.91  108.06   168.78  104.41   175.16  104.53 
 374   38.12    9.17     22.54   16.43   10.00     17.83   11.75   19.67     15.38   18.67   15.41      9.53   29.88   36.43   179.70  108.94   175.64  105.28   182.91  104.52 
 375   38.12    9.40     21.51   18.91   10.02     18.79   11.42   19.64     15.38   18.67   15.42      9.79   28.75   36.41   179.98  113.00   176.97  109.11   183.47  109.54 
 376   51.62   10.17     21.48   19.25   10.05     19.02   11.07   19.62     15.29   18.83   15.43     10.10   27.93   36.39   182.14  115.16   179.14  111.06   185.86  111.72 
 377   51.62    9.66     21.41   19.58   10.07     18.90   11.56   19.60     15.29   18.83   15.44     11.37   25.24   36.36   183.33  117.72   180.52  113.30   187.36  114.40 
 378   51.62   10.04     21.49   19.53   10.10     18.99   11.19   19.58     15.29   18.83   15.45     11.87   24.69   36.32   186.01  117.56   183.37  113.43   189.77  114.43 
 379   51.62    9.75     22.20   18.11   10.12     18.91   11.15   19.56     15.29   18.83   15.45     12.46   23.99   36.29   188.56  115.91   185.54  111.44   192.60  112.35 
 380   51.62    9.65     21.11   20.57   10.15     18.79   11.52   19.54     15.29   18.83   15.46     12.65   23.39   36.26   188.00  113.28   185.19  108.94   191.93  109.94 
 381   47.57   10.07     21.59   19.33   10.17     19.12   11.06   19.51     15.23   18.96   15.47     13.23   21.72   36.22   189.02  112.03   186.45  107.92   192.78  108.98 
 382   47.57    8.60     21.67   19.11   10.19     19.35   10.88   19.49     15.23   18.96   15.48     13.16   21.87   36.18   188.76  110.85   186.34  106.40   192.86  107.87 
 383   47.57    8.90     21.52   19.40   10.22     18.71   11.83   19.47     15.23   18.96   15.49     13.16   21.59   36.14   188.14  110.93   185.61  106.71   192.01  107.90 
 384   47.57    8.27     22.15   18.03   10.24     19.41   10.91   19.45     15.23   18.96   15.50     12.89   22.76   36.11   189.61  110.11   187.01  105.85   193.57  107.11 
 385   47.57    8.28     21.37   19.67   10.26     19.27   11.27   19.43     15.23   18.96   15.51     13.15   23.87   36.08   189.09  105.65   186.76  101.31   193.13  102.84 
 386   35.58    9.60     22.69   16.99   10.28     19.01   11.22   19.41     15.36   18.66   15.52     11.78   29.53   36.06   196.07  103.99   193.30  100.12   199.65  100.88 
 387   35.58    8.34     22.16   18.32   10.30     19.08   11.01   19.38     15.36   18.66   15.52     11.54   27.22   36.04   197.88  104.22   195.19   99.78   201.92  100.97 
 388   35.58    8.65     22.06   18.64   10.32     18.29   11.79   19.36     15.36   18.66   15.53     11.37   24.71   36.01   197.91  108.30   194.91  103.73   202.15  104.88 
 389   35.58    8.34     22.38   18.06   10.34     17.42   13.14   19.35     15.36   18.66   15.54     10.52   30.23   35.99   199.46  110.20   196.39  106.90   202.45  106.84 
 390   35.58    8.35     24.91   13.68   10.35     13.56   20.11   19.35     15.36   18.66   15.55      9.04   37.43   36.00   205.90  110.35   203.00  106.37   209.57  107.08 
 391   35.87    8.28     21.45   20.45   10.38     16.42   14.74   19.34     15.39   18.56   15.56      8.23   32.36   35.99   200.97  119.21   198.19  115.39   204.48  116.06 
 392   35.87    8.31     22.02   19.03   10.40     15.90   15.80   19.33     15.39   18.56   15.56     12.27   23.81   35.96   198.32  116.27   196.49  112.60   201.75  114.02 
 393   35.87    8.28     21.66   19.67   10.42     16.34   14.22   19.32     15.39   18.56   15.57     12.35   23.52   35.93   194.68  114.42   192.97  111.01   197.87  112.33 
 394   35.87    8.24     20.89   21.17   10.45     16.87   13.59   19.30     15.39   18.56   15.58     11.95   23.70   35.89   190.41  113.70   188.86  110.37   193.54  111.79 
 395   35.87    8.29     21.11   20.35   10.48     17.14   12.95   19.29     15.39   18.56   15.59     11.73   24.81   35.87   187.78  112.10   186.20  108.58   191.10  110.14 
 396   57.41    8.46     21.95   18.07   10.49     16.96   12.84   19.27     15.40   18.52   15.59     12.00   24.31   35.84   184.71  109.71   181.87  105.63   188.39  106.40 
 397   57.41    8.31     21.64   18.59   10.52     17.27   12.34   19.25     15.40   18.52   15.60     11.85   24.89   35.81   182.30  108.50   179.45  104.36   186.12  105.25 
 398   57.41    8.61     21.38   19.16   10.54     18.64   11.31   19.23     15.40   18.52   15.61     11.56   25.28   35.78   181.30  111.40   179.51  107.76   184.71  109.21 
 399   57.41    8.52     21.36   19.16   10.56     18.99   11.47   19.21     15.40   18.52   15.62     11.99   25.64   35.76   181.02  110.77   178.43  107.05   184.39  107.75 
 400   57.41    8.36     24.33   13.55   10.57     15.98   15.98   19.20     15.40   18.52   15.62     11.28   33.19   35.75   186.43  107.21   184.80  103.92   189.52  105.22 
 401   37.59    8.56     24.89   12.64   10.57     15.24   16.07   19.20     15.41   18.46   15.63     11.85   29.30   35.74   202.74  108.62   200.99  105.51   205.64  106.53 
 402   37.59    8.22     26.11   10.77   10.57     17.17   14.15   19.18     15.41   18.46   15.64     11.54   25.23   35.71   188.47  105.06   186.86  101.44   191.87  103.05 
 403   37.59    8.11     25.60   11.14   10.57     16.75   14.35   19.17     15.41   18.46   15.64     11.48   25.37   35.68   185.01  102.54   183.39   99.30   188.05  100.57 
 404   37.59    8.55     25.42   11.25   10.57     18.67   12.17   19.15     15.41   18.46   15.65     12.02   24.41   35.66   186.10  102.34   184.48   99.08   189.16  100.37 
 405   37.59    8.11     24.55   12.34   10.58     19.53   10.88   19.13     15.41   18.46   15.66     12.04   23.94   35.63   185.47   99.97   183.93   97.03   188.23   98.13 
 406   36.41    8.15     24.95   11.57   10.58     19.37   10.90   19.11     15.42   18.43   15.67     11.01   25.24   35.60   181.11   97.63   179.58   94.71   183.86   95.80 
 407   36.41    8.31     24.64   12.24   10.59     18.77   11.91   19.10     15.42   18.43   15.67     11.99   26.90   35.58   186.88   96.98   185.18   94.11   189.53   94.97 
 408   36.41    8.30     21.90   17.05   10.60     18.70   11.32   19.08     15.42   18.43   15.68     11.50   27.05   35.56   178.27   94.85   176.81   92.23   180.71   93.11 
 409   36.41    9.38     21.94   17.40   10.62     18.17   11.91   19.06     15.42   18.43   15.69     11.02   29.14   35.54   182.67   97.62   181.17   94.89   185.22   95.83 
 410   36.41    9.32     22.14   17.39   10.63     18.54   11.56   19.04     15.42   18.43   15.69     10.61   31.37   35.53   186.18  101.58   184.96   98.81   188.81  100.08 
 411   36.79    8.62     21.99   17.81   10.65     19.31   10.51   19.02     15.45   18.35   15.70     10.69   32.08   35.52   186.37  101.22   185.14   98.72   188.73   99.74 
 412   36.79   10.71     22.00   18.04   10.67     18.26   11.50   19.00     15.45   18.35   15.71     11.28   33.10   35.52   190.06  101.59   188.56   99.05   192.44   99.84 
 413   36.79    9.10     21.38   19.57   10.69     18.64   11.18   18.98     15.45   18.35   15.71     11.10   31.83   35.51   190.40  100.01   189.27   97.53   192.75   98.63 
 414   36.79   10.32     22.15   17.79   10.71     18.13   12.34   18.97     15.45   18.35   15.72     10.83   29.81   35.50   192.44  103.45   191.19  100.74   195.01  101.93 
 415   36.79    9.45     25.17   12.43   10.71     18.25   11.81   18.95     15.45   18.35   15.72     11.42   26.35   35.47   201.19  103.24   199.95  100.76   203.54  101.75 
 416   40.22    9.51     25.43   11.87   10.72     19.13   10.63   18.93     15.49   18.24   15.73     11.35   26.76   35.45   198.49  100.72   197.19   98.46   200.60   99.18 
 417   40.22   10.19     25.62   11.56   10.72     18.38   11.41   18.91     15.49   18.24   15.74     11.17   26.63   35.43   197.85   97.93   196.48   95.76   199.87   96.34 
 418   40.22    9.42     20.14   21.62   10.74     19.90    9.82   18.89     15.49   18.24   15.74     10.48   26.98   35.41   180.47   95.13   179.40   92.26   183.22   93.78 
 419   40.22    9.91     20.47   20.69   10.77     19.94    9.46   18.87     15.49   18.24   15.75      8.38   31.33   35.40   177.80   97.74   176.39   94.36   181.01   95.96 
 420   40.22    8.16     21.35   18.70   10.79     19.32    9.99   18.85     15.49   18.24   15.75      7.72   33.14   35.40   178.35  102.20   176.90   98.98   181.40  100.41 
 421   45.94    9.90     20.40   20.81   10.81     18.86   10.39   18.83     15.47   18.26   15.76      8.18   31.70   35.39   174.64  104.34   173.51  101.60   177.24  102.90 
 422   45.94    8.79     21.01   19.35   10.83     18.60   11.22   18.81     15.47   18.26   15.77      9.81   28.11   35.37   175.51  109.14   174.40  106.36   178.15  107.73 
 423   45.94    8.14     20.42   20.18   10.85     18.39   11.12   18.79     15.47   18.26   15.77     11.33   24.57   35.35   168.12  105.86   166.39  102.91   170.87  103.82 
 424   45.94    8.14     20.64   19.04   10.87     18.07   12.44   18.78     15.47   18.26   15.78     11.64   23.83   35.32   162.37  106.03   161.07  103.14   165.10  104.42 
 425   45.94    8.47     21.12   17.76   10.89     19.14   10.57   18.76     15.47   18.26   15.78     11.14   26.05   35.30   162.57  104.22   161.16  101.41   165.21  102.50 
 426   46.70    8.79     20.63   18.52   10.91     17.08   11.72   18.74     15.73   17.70   15.79     12.79   21.25   35.26   158.55   98.79   157.20   96.18   160.99   97.16 
 427   46.70    8.83     19.52   20.67   10.93     18.49   11.92   18.72     15.73   17.70   15.79     12.07   22.58   35.23   154.25  101.28   152.75   98.85   156.50   99.52 
 428   46.70    9.07     20.36   18.67   10.95     17.35   11.68   18.71     15.73   17.70   15.80     11.84   23.28   35.21   153.86   97.04   152.18   94.11   156.59   95.06 
 429   46.70   10.37     20.01   19.17   10.97     18.19   10.62   18.69     15.73   17.70   15.80     11.90   22.48   35.18   150.90   97.33   149.29   94.21   153.82   95.38 
 430   46.70    9.93     25.38   10.28   10.96     17.87   11.50   18.67     15.73   17.70   15.81     11.09   24.29   35.15   166.27   98.93   164.82   96.25   168.78   97.20 
 431   38.04    9.88     21.03   17.01   10.98     19.52    9.00   18.65     15.58   17.97   15.81     10.52   25.53   35.13   151.92  100.60   150.23   97.84   154.48   98.62 
 432   38.04    8.99     20.23   18.78   11.00     20.75    8.24   18.63     15.58   17.97   15.82      9.72   27.46   35.11   150.53  101.86   149.17   99.21   153.00  100.21 
 433   38.04    8.58     20.36   18.87   11.01     20.80    8.09   18.60     15.58   17.97   15.82      9.48   29.08   35.10   154.29  101.24   152.99   98.64   156.72   99.65 
 434   38.04    9.63     20.93   18.04   11.03     19.24    9.52   18.58     15.58   17.97   15.83      8.75   31.86   35.09   159.41  100.42   157.46   96.94   162.68   98.13 
 435   38.04    8.60     20.20   20.01   11.05     19.71    9.45   18.56     15.58   17.97   15.83      7.80   33.06   35.08   162.95  101.21   161.45   99.21   164.76   99.48 
 436   57.83    8.60     20.83   19.04   11.07     19.61    9.52   18.54     15.41   18.29   15.84      8.38   32.06   35.08   169.17  101.59   167.59   99.44   171.11   99.77 
 437   57.83    8.97     20.93   19.15   11.09     20.14    8.92   18.52     15.41   18.29   15.84      7.87   34.13   35.08   173.98   99.85   172.36   97.87   175.75   98.02 
 438   57.83    9.02     20.96   19.21   11.11     20.85    8.17   18.49     15.41   18.29   15.85      9.32   29.20   35.06   175.10   98.62   173.75   96.44   177.12   97.06 
 439   57.83    8.59     23.97   13.71   11.11     20.58    8.77   18.47     15.41   18.29   15.85      8.85   30.49   35.05   185.95   99.38   184.59   97.58   187.58   97.82 
 440   57.83    8.61     21.11   19.25   11.13     19.67    9.33   18.45     15.41   18.29   15.86      9.09   29.25   35.04   180.63   97.88   178.99   95.78   182.51   96.00 
 441   58.66    8.84     21.90   17.75   11.15     21.25    7.74   18.43     15.68   17.69   15.86      8.49   29.53   35.03   184.06  101.26   182.36   99.21   185.90   99.34 
 442   58.66    8.56     23.54   14.83   11.15     21.20    8.18   18.40     15.68   17.69   15.87      7.42   31.70   35.02   189.13  106.42   187.63  104.60   190.74  104.70 
 443   58.66    9.46     21.42   19.00   11.17     21.65    7.55   18.38     15.68   17.69   15.87      8.38   29.50   35.01   182.16  108.29   180.73  106.07   184.18  106.60 
 444   58.66    8.52     21.63   18.49   11.19     20.80    8.18   18.35     15.68   17.69   15.88      9.50   26.89   34.99   180.89  110.87   179.30  108.92   182.62  109.04 
 445   58.66   10.10     21.66   18.43   11.21     20.63    8.43   18.33     15.68   17.69   15.88      9.08   28.18   34.97   178.43  113.17   176.99  111.35   180.06  111.51 
 446   53.69    9.00     21.14   19.49   11.22     21.75    7.72   18.31     15.69   17.65   15.88      9.85   26.78   34.95   175.92  114.67   174.50  112.93   177.47  113.04 
 447   53.69    8.56     24.06   13.80   11.23     22.82    6.81   18.28     15.69   17.65   15.89     11.58   23.34   34.93   181.85  115.54   180.72  113.93   183.30  114.23 
 448   53.69    9.10     23.42   14.43   11.24     22.43    7.11   18.26     15.69   17.65   15.89     12.69   21.60   34.90   176.55  111.94   175.38  110.40   177.93  110.60 
 449   53.69    8.49     25.43   11.26   11.24     21.34    8.27   18.24     15.69   17.65   15.90     12.38   22.83   34.87   189.07  106.35   187.89  104.66   190.63  104.98 
 450   53.69    8.49     23.63   13.59   11.24     22.71    6.84   18.21     15.69   17.65   15.90     12.83   20.98   34.84   170.95  106.03   169.33  104.44   172.35  104.24 
 451   51.26    8.56     24.04   12.78   11.25     21.46    7.77   18.19     15.74   17.53   15.90     12.03   22.20   34.81   169.60  106.25   168.03  104.61   171.06  104.51 
 452   51.26    9.72     23.32   13.75   11.25     22.89    6.80   18.16     15.74   17.53   15.91      9.50   26.72   34.79   163.13  110.23   161.92  108.34   164.85  108.80 
 453   51.26    8.90     26.10    9.93   11.25     21.20    8.43   18.14     15.74   17.53   15.91     10.30   25.53   34.77   173.69  109.19   172.38  107.71   175.01  107.73 
 454   51.26    8.58     23.47   13.40   11.25     21.38    8.08   18.12     15.74   17.53   15.91     11.22   23.92   34.75   160.45  112.34   158.83  110.42   162.13  110.48 
 455   51.26    9.62     23.14   13.80   11.26     21.94    7.59   18.10     15.74   17.53   15.92     11.97   22.70   34.72   159.21  109.68   157.98  108.27   160.46  108.29 
 456   53.99    8.45     22.58   14.57   11.27     23.11    6.57   18.07     15.74   17.51   15.92     11.46   23.35   34.70   156.59  109.40   155.28  107.54   158.25  107.86 
 457   53.99   10.55     22.69   14.37   11.27     22.17    7.28   18.05     15.74   17.51   15.92     11.75   22.75   34.67   155.90  109.60   153.95  107.57   157.72  107.46 
 458   53.99    9.99     22.50   14.59   11.28     23.47    6.31   18.02     15.74   17.51   15.93     11.59   23.02   34.65   154.54  108.92   153.72  107.31   156.03  107.90 
 459   53.99   10.58     22.44   14.44   11.29     23.32    6.38   18.00     15.74   17.51   15.93     12.14   22.14   34.62   151.25  108.23   149.51  106.22   153.04  106.26 
 460   53.99   10.03     22.34   14.46   11.29     22.50    7.07   17.97     15.74   17.51   15.93     11.97   22.10   34.59   148.64  107.87   147.26  106.12   150.18  106.28 
 461   54.02   10.00     22.07   14.65   11.30     22.64    6.91   17.95     15.78   17.40   15.94     12.01   22.29   34.57   147.10  107.43   145.40  105.63   148.72  105.56 
 462   54.02    9.10     22.50   13.67   11.31     22.94    6.68   17.92     15.78   17.40   15.94     12.62   21.01   34.54   143.14  105.75   141.35  103.95   144.74  103.78 
