   6    3.64    9.99     44.57    0.90    1.47     20.68    7.81    8.19     48.75    0.28   25.57      8.48   31.53   30.78   125.82   97.40   110.50   76.53   143.00   78.76 
   7    3.64   10.14     44.45    0.91    1.39     20.03    8.64    8.26     48.75    0.28   21.96      9.47   29.02   30.53   123.89   96.56   109.23   74.99   141.85   78.50 
   8    3.64   10.28     42.49    1.14    1.36     18.89   10.30    8.51     48.75    0.28   19.25      9.39   29.92   30.45   123.75   97.61   108.79   76.90   140.79   79.37 
   9    3.64   10.14     46.18    0.76    1.29     16.24   14.44    9.17     48.75    0.28   17.14      8.54   33.59   30.80   122.72  103.34   107.74   81.99   140.46   85.01 
  10    3.64    9.82     38.86    1.79    1.34     14.61   18.16   10.07     48.75    0.28   15.45      7.89   37.11   31.43   121.37  110.81   106.03   89.79   138.73   92.20 
  11    2.02   10.54     41.88    1.28    1.33     20.84    9.06    9.98     32.65    1.96   14.23      8.24   36.93   31.93   119.84  115.77   104.16   94.80   137.12   96.89 
  12    2.02   10.52     36.48    2.39    1.42     19.59   10.67   10.04     32.65    1.96   13.21      8.26   37.88   32.43   115.55  118.86    99.65   98.16   132.48   99.77 
  13    2.02   10.50     39.00    1.75    1.45     19.13   11.39   10.14     32.65    1.96   12.34      7.90   39.97   33.01   109.89  120.49    94.42   99.69   126.89  101.72 
  14    2.02   10.33     39.15    1.65    1.46     18.43   12.31   10.29     32.65    1.96   11.60      7.69   41.16   33.59   103.94  119.27    89.01   98.41   121.11  101.00 
  15    2.02   10.06     38.38    1.74    1.48     17.93   12.87   10.47     32.65    1.96   10.96      7.84   40.70   34.06    97.25  116.90    81.96   96.03   114.35   98.30 
  16   15.23   10.95     36.64    2.03    1.52     19.41   10.87   10.49     27.32    3.89   10.52      7.66   42.47   34.59    92.80  112.14    77.83   91.29   110.06   93.96 
  17   15.23   10.74     37.51    1.81    1.53     19.71   10.75   10.51     27.32    3.89   10.13      8.87   37.65   34.77    93.07  109.19    78.09   88.29   110.43   91.02 
  18   15.23   10.58     33.78    2.73    1.60     18.30   12.79   10.63     27.32    3.89    9.78      8.69   38.91   35.00    92.35  104.92    76.53   84.83   108.75   86.08 
  19   15.23   10.78     33.77    2.76    1.66     17.54   14.02   10.81     27.32    3.89    9.47      8.68   38.54   35.18    94.43  103.71    79.13   83.29   111.21   85.31 
  20   15.23   10.76     35.43    2.32    1.69     16.07   16.90   11.12     27.32    3.89    9.19      8.06   41.53   35.50    99.88  104.64    84.34   84.45   116.47   86.07 
  21   12.21   10.24     35.34    2.46    1.73     20.25   10.51   11.09     28.44    3.57    8.92      7.91   41.80   35.80   104.42  107.77    88.30   88.02   120.56   88.79 
  22   12.21   10.18     39.16    1.62    1.72     20.53   10.53   11.06     28.44    3.57    8.68      8.14   41.74   36.07   107.13  111.72    91.33   92.20   123.04   93.00 
  23   12.21   10.06     38.17    1.85    1.73     19.32   12.33   11.12     28.44    3.57    8.46      8.72   40.53   36.27   107.46  113.37    92.10   93.82   123.53   95.12 
  24   12.21   10.25     42.12    1.21    1.71     17.83   15.25   11.29     28.44    3.57    8.25      8.16   44.73   36.62   113.44  116.36    97.24   97.46   128.69   97.36 
  25   12.21   10.68     36.99    2.26    1.73     16.56   18.12   11.56     28.44    3.57    8.07      7.98   46.84   37.03   116.61  118.42   100.56   99.34   132.00   99.52 
  26  113.60   10.92     39.91    1.65    1.73     18.27   15.16   11.70     20.25    9.59    8.12      7.75   49.84   37.52   121.24  119.39   104.55  100.38   136.56   99.96 
  27  113.60   10.51     38.51    1.95    1.74     17.71   16.66   11.88     20.25    9.59    8.18      7.23   55.70   38.19   126.64  115.40   110.49   96.15   142.11   96.33 
  28  113.60   10.57     39.32    1.79    1.74     16.27   20.48   12.19     20.25    9.59    8.23      7.31   57.35   38.88   131.93  111.76   115.53   93.02   146.95   92.61 
  29  113.60   10.78     28.47    6.21    1.89     15.61   22.52   12.55     20.25    9.59    8.28      6.61   63.98   39.74   136.08  103.82   120.20   84.54   151.60   84.99 
  30  113.60   10.66     36.35    2.57    1.91     14.52   25.82   12.99     20.25    9.59    8.32      5.99   67.88   40.68   144.15   95.90   128.53   76.46   159.86   77.30 
  31    8.40   11.39     33.53    3.68    1.97     19.15   15.23   13.06     27.44    4.46    8.20      7.17   59.04   41.27   153.40   90.72   137.75   71.24   169.18   72.09 
  32    8.40   10.91     35.66    2.97    2.00     17.46   18.84   13.24     27.44    4.46    8.08      7.88   54.49   41.69   160.09   92.22   144.58   72.48   176.17   73.69 
  33    8.40   11.02     37.66    2.44    2.02     16.08   22.39   13.52     27.44    4.46    7.97      7.89   54.36   42.07   167.10   97.25   151.63   77.73   183.00   78.81 
  34    8.40   11.20     38.17    2.33    2.03     15.23   24.52   13.84     27.44    4.46    7.87      9.03   49.12   42.28   167.94   99.48   152.51   79.77   183.95   81.00 
  35    8.40   10.99     35.83    3.10    2.06     14.16   27.99   14.25     27.44    4.46    7.77      8.87   50.48   42.51   169.80  102.18   153.36   83.21   185.04   82.94 
  36    7.56   10.88     37.84    2.48    2.07     20.93   12.85   14.21     27.58    4.64    7.68      9.27   49.00   42.69   171.31  102.66   154.48   83.79   186.42   83.07 
  37    7.56   10.79     34.71    3.61    2.11     18.52   17.10   14.29     27.58    4.64    7.60      8.84   50.98   42.92   174.25  104.64   156.93   86.15   188.91   84.64 
  38    7.56   11.17     36.69    2.87    2.13     18.60   16.92   14.36     27.58    4.64    7.52      9.33   48.82   43.07   174.03  105.75   157.16   86.72   189.25   86.08 
  39    7.56   10.85     39.83    1.99    2.13     16.84   20.62   14.52     27.58    4.64    7.45      9.32   49.16   43.23   172.96  105.16   155.72   86.31   187.95   85.21 
  40    7.56   11.03     37.73    2.54    2.14     15.65   23.32   14.74     27.58    4.64    7.38      8.87   50.98   43.42   175.55  103.14   158.07   84.36   190.40   82.91 
  41    8.88   11.20     39.28    2.13    2.14     22.29   10.76   14.64     25.93    5.83    7.34      9.28   48.27   43.54   176.44  101.37   159.11   82.60   191.37   81.37 
  42    8.88   11.48     39.90    1.97    2.13     19.58   14.50   14.64     25.93    5.83    7.30      9.32   48.15   43.65   174.68   98.27   157.09   79.51   189.64   77.95 
  43    8.88   11.19     41.19    1.70    2.12     16.95   19.59   14.75     25.93    5.83    7.27      9.20   47.42   43.74   176.52   98.62   158.66   80.06   191.18   78.06 
  44    8.88   10.88     35.16    3.43    2.15     15.99   21.87   14.91     25.93    5.83    7.24      9.05   47.65   43.83   175.41   99.39   158.13   81.20   189.82   79.56 
  45    8.88   11.18     38.07    2.45    2.16     15.18   23.81   15.11     25.93    5.83    7.21      9.25   46.48   43.88   175.14  100.86   157.71   82.44   189.78   80.74 
  46    8.48   10.72     39.09    2.18    2.16     18.94   15.19   15.11     25.55    6.24    7.18      9.09   46.54   43.94   173.92  102.51   156.59   83.45   189.11   82.33 
  47    8.48   11.13     36.97    2.78    2.17     19.94   13.48   15.08     25.55    6.24    7.16      9.27   45.74   43.98   174.11  102.99   157.35   84.19   189.23   83.56 
  48    8.48   10.65     36.34    3.01    2.19     17.69   17.22   15.12     25.55    6.24    7.14      9.08   46.09   44.02   174.29  103.65   157.85   84.25   190.02   84.30 
  49    8.48   10.89     40.01    1.97    2.19     16.69   19.26   15.21     25.55    6.24    7.13      9.08   45.61   44.06   174.61  103.39   158.20   84.47   189.88   84.25 
  50    8.48   10.65     39.55    2.09    2.18     15.13   22.94   15.36     25.55    6.24    7.11      9.01   46.34   44.10   176.99  102.80   160.76   83.91   192.28   83.85 
  51    9.16   11.32     37.12    2.77    2.19     20.58   12.11   15.30     26.97    5.36    7.07      8.91   47.32   44.17   178.81   98.44   162.86   79.38   194.24   79.70 
  52    9.16   11.36     40.34    1.92    2.19     18.90   14.37   15.28     26.97    5.36    7.04      8.71   47.98   44.24   181.68   93.15   165.47   74.54   196.69   74.26 
  53    9.16   10.82     41.02    1.81    2.18     18.60   14.63   15.27     26.97    5.36    7.01      8.27   48.40   44.32   186.50   90.77   170.30   72.15   201.49   71.89 
  54    9.16   10.90     40.28    2.00    2.18     16.08   19.14   15.34     26.97    5.36    6.98      8.88   43.96   44.31   189.83   90.09   173.12   72.04   204.24   70.84 
  55    9.16   11.26     39.01    2.36    2.18     14.58   22.71   15.47     26.97    5.36    6.95      8.34   44.10   44.31   191.09   96.30   175.14   77.49   206.31   77.70 
  56   11.87   11.15     35.98    3.40    2.20     20.40   11.33   15.40     26.41    5.75    6.93      8.26   43.33   44.29   191.19  102.66   175.29   84.16   206.15   84.08 
  57   11.87   10.90     34.14    4.24    2.24     17.90   14.92   15.39     26.41    5.75    6.91      8.19   43.15   44.27   188.20  109.78   171.91   90.80   203.53   90.78 
  58   11.87   11.17     35.45    3.66    2.26     17.07   16.30   15.41     26.41    5.75    6.89      8.96   39.67   44.19   188.16  114.53   172.85   95.43   203.86   96.45 
  59   11.87   10.89     36.89    3.11    2.28     15.57   19.02   15.47     26.41    5.75    6.87      9.12   38.85   44.10   187.78  115.87   173.04   96.84   203.45   98.29 
  60   11.87   10.85     33.48    4.49    2.32     14.42   21.62   15.57     26.41    5.75    6.85      8.36   43.73   44.09   182.50  113.27   167.14   94.33   198.07   95.20 
  61    9.98   10.87     32.62    4.87    2.36     19.37   12.01   15.51     25.88    6.09    6.84      8.44   44.60   44.10   181.13  106.58   165.53   87.89   196.28   88.22 
  62    9.98   10.42     33.82    4.28    2.39     19.40   11.89   15.45     25.88    6.09    6.82      9.08   39.97   44.04   186.33  101.88   171.10   83.43   201.36   83.98 
  63    9.98   10.47     34.95    3.81    2.41     17.57   14.25   15.44     25.88    6.09    6.81      8.91   39.58   43.96   191.99   96.61   176.35   78.73   206.46   78.39 
  64    9.98   10.94     33.74    4.48    2.44     16.16   16.80   15.46     25.88    6.09    6.80      8.90   37.41   43.86   195.97   99.45   180.80   81.63   210.36   81.71 
  65    9.98   10.47     33.18    4.79    2.48     15.48   18.03   15.50     25.88    6.09    6.79      9.04   36.80   43.75   195.35  100.73   179.96   83.26   209.30   82.83 
  66   13.79   10.70     34.28    4.24    2.51     20.15   10.56   15.42     24.27    7.28    6.80      9.24   35.40   43.63   195.20  105.26   179.57   88.02   208.83   87.14 
  67   13.79   10.44     33.08    4.81    2.54     17.77   14.09   15.40     24.27    7.28    6.81      9.66   34.69   43.49   190.29  108.02   174.36   91.41   203.28   89.74 
  68   13.79   10.79     34.02    4.20    2.56     17.13   15.02   15.40     24.27    7.28    6.81      9.23   36.93   43.40   183.29  108.58   167.76   91.56   196.74   90.60 
  69   13.79   10.23     36.66    3.02    2.57     15.69   17.89   15.43     24.27    7.28    6.82      9.50   36.45   43.30   178.18  108.61   162.93   91.51   191.76   90.90 
  70   13.79   11.04     33.98    4.00    2.59     15.86   17.65   15.46     24.27    7.28    6.83      9.63   36.04   43.19   171.69  108.36   156.33   91.58   184.96   90.61 
  71   15.33   10.25     34.22    3.69    2.61     21.64    8.98   15.37     24.20    7.29    6.83      9.47   38.06   43.12   163.00  103.42   147.66   86.34   176.61   85.63 
  72   15.33   10.64     36.40    2.79    2.61     19.78   11.13   15.31     24.20    7.29    6.84     10.16   34.71   43.00   159.15   99.79   143.91   82.74   172.75   82.10 
  73   15.33   10.53     35.56    3.00    2.62     20.43   10.27   15.24     24.20    7.29    6.84      9.83   36.59   42.92   157.41   93.93   141.73   77.47   170.36   75.90 
  74   15.33   10.93     37.71    2.36    2.61     20.79    9.84   15.17     24.20    7.29    6.85      9.39   36.41   42.83   160.99   91.86   145.39   75.49   173.89   73.95 
  75   15.33   11.06     34.03    3.65    2.63     19.62   11.27   15.12     24.20    7.29    6.86      9.84   33.78   42.71   161.13   94.31   145.34   78.12   173.79   76.24 
  76   11.98   10.97     36.16    2.87    2.63     21.63    9.00   15.04     23.33    8.02    6.87     10.39   31.64   42.56   161.32   96.93   145.88   80.33   174.55   79.14 
  77   11.98   10.42     37.27    2.54    2.63     21.51    9.17   14.96     23.33    8.02    6.89     10.64   31.01   42.41   161.66   99.05   146.46   82.39   174.87   81.47 
  78   11.98   10.64     36.34    2.85    2.63     20.98    9.79   14.90     23.33    8.02    6.90     10.37   31.89   42.28   161.74  101.90   146.49   85.51   174.67   84.34 
  79   11.98   10.91     33.86    3.77    2.64     21.99    8.68   14.82     23.33    8.02    6.92     10.80   30.97   42.13   159.29  102.85   143.67   86.32   172.26   84.86 
  80   11.98   10.67     34.40    3.51    2.66     21.56    9.15   14.75     23.33    8.02    6.93     10.72   31.22   42.00   156.65  103.29   141.25   87.03   169.57   85.65 
  81   15.65   11.03     33.91    3.68    2.67     25.76    5.68   14.63     24.19    7.23    6.93     10.91   30.87   41.86   154.38  104.29   139.05   87.89   167.25   86.59 
  82   15.65   11.10     33.30    3.87    2.68     24.91    6.29   14.53     24.19    7.23    6.94     11.58   29.55   41.71   151.59  101.81   135.84   85.75   164.08   83.76 
  83   15.65   10.91     33.99    3.58    2.69     23.42    7.45   14.45     24.19    7.23    6.94     10.15   34.63   41.62   155.19   98.28   139.09   82.48   167.40   79.95 
  84   15.65   11.16     35.83    2.94    2.70     20.44   10.54   14.40     24.19    7.23    6.94     10.20   34.18   41.54   158.48   95.85   143.43   79.32   171.53   78.36 
  85   15.65   11.21     34.32    3.55    2.71     21.56    9.28   14.34     24.19    7.23    6.95     10.64   32.44   41.43   162.15   94.69   146.29   78.76   174.59   76.58 
  86   14.86   11.14     33.33    4.21    2.72     20.23   10.93   14.30     24.23    7.18    6.95      7.80   41.02   41.42   171.22   99.25   155.75   83.11   183.86   81.50 
  87   14.86   10.69     33.36    4.33    2.74     18.53   13.41   14.29     24.23    7.18    6.95      9.41   36.13   41.36   175.84  102.00   160.62   85.81   188.60   84.48 
  88   14.86   10.77     34.99    3.67    2.75     16.78   16.53   14.32     24.23    7.18    6.96      9.49   36.61   41.31   182.06  101.75   166.28   85.86   194.36   83.73 
  89   14.86   10.66     34.46    4.02    2.77     15.41   19.71   14.38     24.23    7.18    6.96      8.66   40.30   41.30   189.67   99.75   174.66   83.46   202.54   82.39 
  90   14.86   10.92     33.81    4.40    2.79     13.58   24.14   14.49     24.23    7.18    6.96      9.08   39.24   41.28   193.92   96.33   179.68   79.55   207.44   79.65 
  91   17.44   11.06     34.34    4.17    2.80     19.05   13.12   14.47     24.17    7.22    6.96     10.78   33.23   41.19   196.53   95.62   182.18   79.24   209.67   78.91 
  92   17.44   11.24     33.05    4.89    2.82     17.74   15.29   14.48     24.17    7.22    6.97     11.04   32.86   41.10   198.09   94.08   184.05   77.02   211.87   77.50 
  93   17.44   11.01     33.66    4.58    2.84     17.10   16.80   14.50     24.17    7.22    6.97     10.80   34.28   41.02   199.83   93.54   186.05   76.83   213.31   77.28 
  94   17.44   11.18     32.26    5.33    2.87     15.74   19.31   14.56     24.17    7.22    6.97     10.53   37.53   40.99   198.67   88.61   185.00   71.89   212.11   72.41 
  95   17.44    9.78     33.69    4.51    2.89     15.17   20.82   14.62     24.17    7.22    6.97     10.37   37.41   40.95   199.96   85.52   187.29   68.31   214.05   70.20 
  96   16.27   10.72     34.45    4.13    2.90     21.36   10.49   14.58     23.68    7.65    6.98     11.15   34.03   40.88   201.18   83.99   187.42   67.56   214.33   67.78 
  97   16.27   10.97     33.49    4.59    2.92     19.63   12.73   14.56     23.68    7.65    6.99     11.07   34.91   40.81   199.09   83.30   186.67   66.24   213.10   68.26 
  98   16.27   10.78     32.78    4.99    2.94     18.62   14.29   14.56     23.68    7.65    6.99     10.85   34.55   40.75   198.79   84.83   185.65   68.00   212.43   69.11 
  99   16.27   10.78     34.16    4.35    2.95     17.43   16.60   14.58     23.68    7.65    7.00      9.46   36.29   40.71   202.53   91.16   189.51   74.73   215.78   75.63 
 100   16.27   10.92     33.30    4.81    2.97     16.89   17.86   14.61     23.68    7.65    7.01      8.85   42.52   40.72   198.35  100.22   185.45   83.48   211.89   84.73 
 101   27.98   11.11     33.14    4.86    2.99     19.65   12.97   14.59     23.95    7.43    7.01      9.63   41.30   40.73   194.96  103.35   182.35   86.42   208.76   88.09 
 102   27.98   10.94     33.50    4.59    3.00     19.70   12.98   14.58     23.95    7.43    7.02      9.78   43.19   40.75   190.49  106.06   176.93   89.87   203.44   90.08 
 103   27.98   10.51     33.79    4.30    3.02     17.92   15.74   14.59     23.95    7.43    7.02      9.75   45.07   40.80   184.13  105.28   170.23   89.40   196.71   89.01 
 104   27.98   10.76     33.85    4.13    3.03     16.65   17.88   14.62     23.95    7.43    7.02     10.42   41.05   40.80   179.74   99.85   165.72   84.75   191.58   83.67 
 105   27.98   10.68     36.95    2.86    3.03     16.73   17.80   14.65     23.95    7.43    7.03     11.68   32.52   40.72   179.42   97.14   165.08   82.34   190.88   80.66 
 106   20.38   11.27     34.91    3.65    3.03     16.49   17.94   14.68     23.54    7.81    7.03     11.23   32.62   40.64   183.07   91.78   168.98   76.77   194.79   75.51 
 107   20.38    9.32     36.71    2.99    3.03     15.79   19.92   14.73     23.54    7.81    7.04     11.21   32.87   40.57   186.19   91.15   171.98   76.37   197.64   74.80 
 108   20.38   10.16     38.33    2.50    3.03     15.50   20.40   14.78     23.54    7.81    7.05     10.78   33.69   40.51   188.03   93.34   173.73   78.89   199.12   76.95 
 109   20.38    9.08     36.50    3.09    3.03     15.66   19.77   14.83     23.54    7.81    7.06     10.81   33.44   40.44   186.82   96.37   172.52   82.26   197.54   80.03 
 110   20.38    9.09     37.51    2.79    3.03     15.26   20.93   14.88     23.54    7.81    7.06     10.65   34.15   40.38   189.01  100.59   174.55   86.68   199.55   84.11 
 111   21.77    9.67     34.69    3.89    3.03     16.84   17.42   14.91     23.24    8.10    7.07     10.91   34.02   40.33   188.82  102.39   174.32   88.55   199.30   85.93 
 112   21.77   11.23     36.35    3.20    3.03     15.38   21.00   14.96     23.24    8.10    7.08     10.89   34.71   40.28   189.05  103.95   174.70   90.20   199.64   87.77 
 113   21.77   10.85     35.70    3.48    3.04     14.22   24.13   15.04     23.24    8.10    7.09     10.37   37.02   40.25   190.11  106.46   175.24   93.49   199.61   89.78 
 114   21.77   10.50     35.75    3.47    3.04     13.61   25.89   15.14     23.24    8.10    7.10     10.31   37.45   40.22   190.35  107.77   176.17   94.63   200.27   91.72 
 115   21.77   11.26     37.25    2.95    3.04     13.82   25.17   15.23     23.24    8.10    7.11     10.34   38.05   40.20   191.67  107.97   177.59   95.25   201.19   92.09 
 116   18.73   10.81     36.89    3.08    3.04     21.41   10.30   15.18     22.87    8.46    7.12     11.15   35.53   40.16   194.08  103.18   180.54   90.10   204.09   87.77 
 117   18.73   10.56     37.45    2.84    3.04     19.44   12.96   15.16     22.87    8.46    7.13     11.99   31.79   40.09   193.16  100.02   179.39   87.33   202.75   84.46 
 118   18.73   10.71     36.62    3.16    3.04     18.27   14.63   15.16     22.87    8.46    7.14     11.48   32.31   40.03   195.72   99.39   182.07   85.85   205.90   83.74 
 119   18.73   11.00     37.47    2.92    3.04     16.30   18.13   15.18     22.87    8.46    7.15     10.40   34.36   39.98   198.49  102.28   184.98   89.54   208.20   86.98 
 120   18.73   11.05     40.06    2.18    3.03     16.09   18.65   15.21     22.87    8.46    7.16     10.23   34.34   39.93   195.96  107.39   182.84   93.67   206.42   92.23 
 121   24.52   10.85     41.45    1.85    3.02     19.98   11.88   15.19     22.76    8.58    7.18     10.84   32.66   39.87   193.81  110.59   181.39   97.00   204.30   96.14 
 122   24.52   10.89     38.57    2.54    3.02     20.29   11.35   15.15     22.76    8.58    7.19     11.07   32.45   39.81   190.25  111.63   177.76   98.01   200.76   97.11 
 123   24.52   11.08     41.24    1.84    3.01     20.69   10.93   15.12     22.76    8.58    7.20     11.32   32.46   39.75   185.95  112.47   173.29   99.08   196.25   97.87 
 124   24.52   10.83     42.09    1.65    3.00     19.31   12.93   15.10     22.76    8.58    7.21     11.43   32.39   39.69   183.97  112.09   171.17   99.06   193.90   97.42 
 125   24.52   11.09     40.79    1.90    2.99     19.92   12.12   15.08     22.76    8.58    7.22     11.50   32.25   39.63   182.64  110.65   170.93   97.19   193.18   96.93 
 126   20.14   11.14     37.02    2.88    2.99     20.79   10.86   15.05     22.36    8.98    7.23     11.52   32.30   39.57   180.38  107.79   168.32   94.30   190.92   93.73 
 127   20.14   10.76     36.84    2.87    2.99     19.63   12.41   15.02     22.36    8.98    7.25     11.58   31.88   39.51   176.94  105.73   164.68   92.98   186.71   91.61 
 128   20.14   10.87     34.59    3.61    2.99     17.50   15.86   15.03     22.36    8.98    7.26     11.31   32.94   39.46   170.94  102.93   158.75   90.11   180.84   88.88 
 129   20.14   10.79     38.46    2.29    2.99     16.52   17.81   15.05     22.36    8.98    7.28     11.55   31.68   39.40   167.88  101.72   155.65   89.09   177.59   87.67 
 130   20.14   10.79     33.87    3.77    2.99     16.75   17.04   15.07     22.36    8.98    7.29     12.02   31.31   39.34   165.37   96.62   152.79   84.54   174.42   82.37 
 131   19.14   10.82     35.51    3.05    2.99     19.71   12.12   15.05     22.38    8.96    7.30     11.59   33.16   39.29   164.43   90.52   151.61   78.49   173.47   76.03 
 132   19.14   10.72     35.11    3.17    3.00     18.74   13.68   15.03     22.38    8.96    7.31     12.51   28.09   39.21   162.99   90.52   149.98   78.81   171.72   75.91 
 133   19.14   10.99     36.88    2.58    2.99     18.24   14.73   15.03     22.38    8.96    7.33     11.22   31.13   39.15   160.81   94.71   147.74   82.95   169.55   80.03 
 134   19.14   11.15     32.07    4.51    3.00     16.99   16.84   15.05     22.38    8.96    7.34     11.77   30.24   39.08   160.71   95.51   147.03   84.06   169.08   80.31 
 135   19.14   10.72     34.43    3.43    3.01     17.00   17.23   15.06     22.38    8.96    7.35     11.90   30.61   39.02   160.78   96.85   147.24   85.29   169.22   81.75 
 136   27.24   11.14     36.02    2.87    3.01     18.25   15.40   15.06     22.56    8.79    7.36     11.15   32.97   38.97   158.65  100.91   145.64   89.22   167.33   86.32 
 137   27.24   11.07     33.02    4.04    3.01     16.96   18.09   15.09     22.56    8.79    7.37     11.23   34.06   38.94   157.14  103.10   143.80   91.16   165.93   88.14 
 138   27.24   10.78     33.45    3.84    3.02     16.24   19.85   15.12     22.56    8.79    7.38     11.24   34.85   38.91   155.68  103.57   142.80   91.38   164.82   89.00 
 139   27.24   10.76     34.12    3.52    3.02     15.66   21.40   15.17     22.56    8.79    7.39     11.23   35.51   38.88   154.01  103.96   141.22   91.26   163.63   89.39 
 140   27.24   10.65     31.55    4.78    3.04     14.84   23.48   15.23     22.56    8.79    7.40     11.11   36.07   38.86   155.83  101.95   142.79   89.50   165.10   87.17 
 141   23.02   10.79     33.25    4.03    3.04     20.70   12.07   15.20     22.01    9.40    7.42     10.49   37.86   38.86   162.28  101.91   150.02   89.28   171.82   87.73 
 142   23.02   10.73     33.41    4.10    3.05     19.19   14.44   15.20     22.01    9.40    7.43     10.41   38.40   38.85   169.04  103.06   155.77   91.33   177.64   88.19 
 143   23.02   10.87     35.15    3.46    3.05     18.40   15.88   15.20     22.01    9.40    7.44     10.52   37.86   38.85   175.51  103.21   162.48   91.42   184.33   88.62 
 144   23.02   10.85     36.46    3.05    3.05     16.94   19.12   15.23     22.01    9.40    7.46     10.54   38.40   38.84   181.19  103.38   168.40   91.65   190.04   89.04 
 145   23.02   10.46     34.50    3.86    3.06     16.73   19.74   15.26     22.01    9.40    7.47     10.51   39.67   38.85   184.70  102.86   172.41   90.30   194.20   88.69 
 146   34.58   10.90     34.24    4.02    3.07     21.26   11.71   15.24     22.14    9.29    7.48     10.73   38.65   38.85   186.20  104.37   173.78   92.31   195.20   90.17 
 147   34.58   10.47     35.01    3.69    3.07     19.89   13.73   15.23     22.14    9.29    7.50     10.76   38.52   38.85   184.69  106.47   172.19   94.60   193.46   92.23 
 148   34.58   11.06     33.01    4.64    3.08     18.18   16.70   15.24     22.14    9.29    7.51     10.93   39.03   38.85   186.48  105.71   173.69   94.20   194.86   91.26 
 149   34.58   10.91     36.35    3.19    3.08     17.18   18.90   15.26     22.14    9.29    7.52     10.08   44.37   38.88   188.86  103.51   176.80   91.12   198.20   89.58 
 150   34.58   11.06     35.54    3.48    3.08     17.32   18.41   15.28     22.14    9.29    7.53     10.85   39.70   38.89   187.28  101.64   175.40   89.41   196.50   87.91 
 151   30.59   10.74     36.21    3.21    3.08     18.46   16.27   15.29     22.41    9.05    7.54     10.73   40.29   38.90   185.36  101.35   174.19   88.72   195.08   88.21 
 152   30.59   11.09     31.40    5.39    3.10     15.47   23.45   15.34     22.41    9.05    7.55     10.91   42.13   38.92   180.03   99.27   168.97   86.63   189.78   86.22 
 153   30.59   11.28     31.09    5.39    3.11     13.28   30.18   15.44     22.41    9.05    7.56     10.12   46.59   38.97   173.29   95.57   162.66   82.89   183.20   82.93 
 154   30.59   11.08     27.89    7.76    3.14     12.15   34.29   15.56     22.41    9.05    7.57      9.90   45.90   39.01   175.71   96.41   165.30   83.86   185.55   84.00 
 155   30.59   11.31     24.91   10.84    3.19     10.83   39.08   15.71     22.41    9.05    7.58      9.48   45.30   39.05   175.17   98.32   164.79   85.82   184.93   85.91 
 156   27.67   10.40     25.37   10.25    3.24     18.07   17.32   15.72     21.70    9.88    7.60     10.21   42.26   39.08   172.78  100.27   162.27   87.94   182.34   87.78 
 157   27.67   10.78     25.09   10.56    3.29     14.28   27.83   15.80     21.70    9.88    7.61      9.72   45.10   39.11   171.41  103.56   161.67   91.04   181.44   91.85 
 158   27.67   10.20     25.57   10.02    3.33     12.72   34.19   15.92     21.70    9.88    7.62      9.92   46.76   39.16   169.45  103.78   159.43   91.66   179.07   91.90 
 159   27.67   10.61     24.47   11.59    3.38     11.89   37.98   16.06     21.70    9.88    7.64      8.89   58.44   39.28   175.71  105.81   166.00   93.55   185.56   94.22 
 160   27.67   10.68     23.37   13.31    3.44     11.66   37.73   16.19     21.70    9.88    7.65      8.92   55.86   39.39   178.96  106.48   169.56   94.68   188.30   95.21 
 161   37.71   10.78     23.95   12.60    3.50     22.39   11.17   16.16     21.58   10.09    7.67     10.46   46.59   39.43   180.00  106.86   171.09   94.70   189.77   95.95 
 162   37.71   10.86     24.33   12.16    3.55     21.69   11.96   16.13     21.58   10.09    7.68     10.36   45.76   39.47   181.21  108.08   172.17   96.30   190.59   97.13 
 163   37.71   10.69     25.10   11.25    3.60     21.08   12.79   16.11     21.58   10.09    7.70     10.56   46.36   39.51   183.11  108.81   174.26   97.26   192.30   98.09 
 164   37.71   10.59     24.90   11.46    3.65     19.14   15.91   16.11     21.58   10.09    7.71     11.24   40.78   39.52   182.03  107.96   173.50   96.14   191.57   97.50 
 165   37.71   10.56     24.99   11.41    3.70     17.40   19.08   16.13     21.58   10.09    7.73     10.92   42.77   39.54   182.75  107.44   174.15   95.52   192.36   96.91 
 166   27.82   10.78     25.14   11.18    3.74     17.82   18.02   16.14     21.14   10.68    7.74     10.75   41.96   39.56   182.40  108.03   173.81   96.29   191.84   97.53 
 167   27.82   10.51     25.86    9.91    3.78     14.00   27.53   16.21     21.14   10.68    7.76      9.30   43.44   39.58   173.16  106.21   164.41   94.43   182.69   95.58 
 168   27.82   10.65     25.19   10.39    3.82     12.89   29.32   16.29     21.14   10.68    7.78      9.62   41.47   39.59   167.98  103.73   160.02   92.00   177.62   93.86 
 169   27.82   10.20     27.61    7.71    3.84     11.87   33.04   16.39     21.14   10.68    7.80      9.36   41.70   39.60   160.86  103.12   152.16   91.78   169.94   92.59 
 170   27.82   10.61     28.66    6.78    3.86     10.91   35.78   16.50     21.14   10.68    7.81      9.12   43.71   39.63   158.76  104.82   150.67   93.52   167.96   94.93 
 171   32.49   10.72     29.83    5.79    3.87     13.23   26.70   16.56     20.48   11.56    7.84      9.15   42.41   39.64   153.33  103.34   145.43   91.76   162.82   93.53 
 172   32.49   10.90     22.27   13.85    3.93     10.55   34.57   16.67     20.48   11.56    7.86      8.40   45.92   39.68   161.97  102.24   153.59   91.06   171.11   92.15 
 173   32.49   10.71     23.23   12.32    3.97     10.75   34.05   16.77     20.48   11.56    7.88      8.84   42.53   39.70   160.12  100.86   151.55   89.92   169.04   90.67 
 174   32.49   11.32     22.90   12.80    4.03     11.12   32.94   16.86     20.48   11.56    7.90      8.88   42.95   39.71   160.29   99.81   152.02   88.63   169.34   89.76 
 175   32.49   10.84     22.53   13.32    4.08     11.28   32.57   16.95     20.48   11.56    7.92      9.31   41.77   39.73   161.68   98.40   153.52   87.09   170.87   88.42 
 176   29.92   10.75     22.42   13.64    4.13     17.72   15.33   16.94     20.47   11.56    7.94      9.76   39.85   39.73   165.07   96.24   156.90   85.03   174.17   86.27 
 177   29.92   10.81     22.45   13.67    4.19     16.64   17.23   16.94     20.47   11.56    7.96      9.64   39.99   39.73   167.39   95.64   159.55   84.00   176.94   85.93 
 178   29.92   10.94     22.16   14.26    4.24     15.33   19.69   16.96     20.47   11.56    7.98      9.06   42.16   39.74   169.60   94.54   161.77   82.59   179.46   84.79 
 179   29.92   10.82     34.38    3.55    4.24     11.88   31.24   17.04     20.47   11.56    8.00      8.96   42.59   39.76   160.91   98.37   152.84   86.55   170.62   88.44 
 180   29.92   10.97     35.06    3.29    4.23     11.68   31.57   17.12     20.47   11.56    8.02      9.59   39.90   39.76   161.00   98.09   153.11   86.56   170.48   88.39 
 181   31.82   10.33     37.03    2.62    4.23     18.92   13.76   17.10     20.39   11.66    8.04     10.25   36.74   39.74   161.34   99.33   152.77   88.03   170.48   89.04 
 182   31.82   10.99     36.96    2.61    4.22     18.48   14.34   17.08     20.39   11.66    8.06     10.62   35.56   39.72   157.65   99.00   149.56   87.35   167.20   89.10 
 183   31.82   10.54     36.75    2.65    4.21     17.15   16.38   17.08     20.39   11.66    8.08     10.10   36.80   39.70   157.83   97.55   149.01   86.02   167.14   86.97 
 184   31.82   10.64     37.13    2.53    4.20     15.38   19.79   17.09     20.39   11.66    8.10      9.76   37.48   39.69   157.79   96.37   149.60   84.64   167.42   86.37 
 185   31.82   10.43     38.08    2.27    4.19     14.21   22.58   17.12     20.39   11.66    8.12      9.29   38.84   39.69   159.41   95.59   150.74   84.31   168.50   85.18 
 186   33.45   11.03     39.29    1.97    4.18     16.13   17.92   17.13     20.33   11.73    8.14      9.86   36.61   39.67   159.27   94.83   150.91   83.01   168.97   84.66 
 187   33.45   10.08     39.05    2.04    4.16     16.42   17.55   17.13     20.33   11.73    8.16     10.15   36.20   39.65   161.66   93.84   152.84   82.10   171.15   83.25 
 188   33.45   10.83     40.56    1.71    4.15     15.38   20.44   17.15     20.33   11.73    8.18     10.87   34.88   39.63   161.62   93.03   152.02   82.15   170.18   81.87 
 189   33.45   10.81     40.59    1.73    4.14     13.73   25.03   17.19     20.33   11.73    8.20     10.83   36.93   39.61   165.66   91.21   156.59   79.75   174.80   80.41 
 190   33.45   10.19     34.11    3.67    4.14     12.34   28.91   17.25     20.33   11.73    8.22     11.16   34.89   39.59   169.26   89.54   160.39   78.41   178.18   79.02 
 191   40.89   10.93     37.14    2.60    4.13     17.67   15.63   17.24     20.21   11.89    8.23     11.93   31.54   39.54   169.26   88.58   160.24   77.38   178.31   77.92 
 192   40.89   10.48     41.85    1.46    4.11     15.83   18.86   17.25     20.21   11.89    8.25     10.70   34.33   39.52   162.68   85.53   153.56   75.03   170.97   74.89 
 193   40.89   10.76     39.10    2.00    4.10     15.26   19.60   17.26     20.21   11.89    8.27     11.08   32.31   39.48   163.28   84.36   154.02   74.02   171.40   73.62 
 194   40.89   10.54     38.92    2.03    4.09     15.58   19.09   17.27     20.21   11.89    8.29     10.64   32.74   39.45   161.47   86.48   152.49   75.62   170.24   75.94 
 195   40.89   10.97     39.13    1.95    4.08     14.98   20.13   17.29     20.21   11.89    8.31     10.03   34.62   39.42   156.04   86.97   147.13   76.30   164.56   76.52 
 196   36.80   10.68     35.88    2.83    4.08     18.44   13.40   17.27     20.18   11.91    8.33     10.43   32.38   39.38   156.53   89.87   147.61   78.63   165.49   79.23 
 197   36.80   10.75     36.24    2.66    4.07     17.20   15.22   17.26     20.18   11.91    8.35     11.11   30.99   39.34   152.95   88.33   143.71   77.03   161.92   77.39 
 198   36.80   10.57     34.13    3.44    4.07     17.16   15.30   17.25     20.18   11.91    8.36     10.86   31.18   39.30   155.74   89.92   146.61   78.67   164.66   79.07 
 199   36.80   10.64     37.08    2.46    4.06     16.67   16.08   17.24     20.18   11.91    8.38     12.14   27.91   39.24   157.23   87.91   148.08   76.18   166.68   76.99 
 200   36.80   10.97     35.68    2.97    4.05     16.58   16.35   17.24     20.18   11.91    8.40     11.19   31.99   39.21   161.90   87.42   152.11   76.48   170.46   76.05 
 201   30.19   10.34     36.76    2.65    4.04     19.08   11.84   17.21     19.72   12.53    8.42     12.37   28.00   39.15   166.93   81.68   158.12   69.90   176.47   71.07 
 202   30.19   10.62     38.83    2.11    4.04     18.15   13.19   17.19     19.72   12.53    8.44     12.61   25.86   39.09   170.46   80.30   161.21   68.24   180.19   69.21 
 203   30.19   10.76     36.99    2.68    4.03     17.26   14.37   17.18     19.72   12.53    8.46     11.62   27.96   39.03   175.57   79.83   166.59   67.89   185.20   69.01 
 204   30.19   10.84     33.78    3.99    4.03     17.20   14.57   17.16     19.72   12.53    8.48     11.38   28.23   38.98   180.28   82.07   171.47   69.88   190.19   71.39 
 205   30.19   10.45     34.11    3.88    4.03     16.77   15.73   17.16     19.72   12.53    8.50     11.67   27.27   38.92   181.57   85.33   173.16   72.45   192.25   74.86 
 206   28.26   10.51     35.30    3.47    4.02     19.25   11.49   17.13     19.84   12.33    8.52     11.96   26.97   38.86   187.57   84.78   179.00   72.40   197.65   74.26 
 207   28.26   10.56     33.56    4.28    4.03     19.78   10.97   17.10     19.84   12.33    8.54     12.61   25.18   38.80   188.30   83.73   179.71   71.17   198.55   73.13 
 208   28.26   10.69     35.74    3.29    4.02     19.90   10.64   17.07     19.84   12.33    8.56     12.58   25.67   38.73   188.35   78.83   179.43   66.27   198.59   67.95 
 209   28.26   10.56     36.45    3.03    4.02     19.35   11.32   17.04     19.84   12.33    8.57     12.67   25.54   38.67   189.56   75.71   180.50   63.19   199.71   64.64 
 210   28.26   10.96     37.74    2.64    4.01     19.64   11.03   17.01     19.84   12.33    8.59     12.29   26.47   38.61   192.17   74.80   183.31   62.46   202.29   64.08 
 211   43.92   10.44     38.82    2.38    4.00     21.21    9.24   16.98     20.33   11.62    8.61     11.63   27.67   38.56   195.67   75.41   186.80   62.54   206.29   64.55 
 212   43.92   11.02     37.69    2.69    4.00     21.54    8.85   16.94     20.33   11.62    8.62     10.36   30.47   38.52   193.57   78.10   184.70   65.91   203.47   67.33 
 213   43.92   10.70     34.15    4.07    4.00     21.53    8.96   16.90     20.33   11.62    8.63     10.08   31.05   38.49   193.24   84.57   185.20   72.14   203.56   74.59 
 214   43.92   10.41     37.36    2.80    3.99     20.50   10.03   16.87     20.33   11.62    8.65      9.80   32.25   38.46   190.00   89.05   181.69   76.42   200.42   78.73 
 215   43.92   11.10     35.07    3.54    3.99     19.25   11.56   16.84     20.33   11.62    8.66      9.17   34.43   38.44   182.94   91.28   174.61   78.94   193.00   80.93 
 216   51.17   10.71     37.10    2.74    3.98     20.07   10.59   16.81     20.07   11.93    8.68      9.07   34.60   38.42   176.36   94.03   168.36   81.83   186.37   84.01 
 217   51.17   10.37     37.68    2.49    3.98     20.50   10.24   16.78     20.07   11.93    8.69     10.36   31.44   38.39   168.77   94.18   160.68   81.82   178.92   84.05 
 218   51.17   10.29     35.12    3.20    3.97     17.27   15.06   16.78     20.07   11.93    8.71     10.38   34.26   38.37   161.11   91.94   153.06   79.46   171.40   81.87 
 219   51.17   10.22     36.04    2.88    3.97     17.24   15.04   16.77     20.07   11.93    8.72     11.44   28.99   38.33   160.15   92.89   152.42   80.14   170.73   83.04 
 220   51.17   10.57     34.56    3.36    3.97     16.89   15.81   16.76     20.07   11.93    8.74     11.92   29.71   38.29   157.98   90.68   150.22   78.48   167.99   80.87 
 221   35.38   10.48     33.91    3.58    3.96     18.23   13.55   16.75     19.91   12.14    8.75     12.13   29.18   38.25   156.12   86.46   148.22   74.06   166.37   76.53 
 222   35.38   10.68     33.33    3.87    3.96     17.68   14.53   16.74     19.91   12.14    8.77     11.54   28.85   38.20   158.93   87.28   151.37   74.53   169.55   77.58 
 223   35.38   10.69     32.15    4.52    3.97     17.00   15.84   16.74     19.91   12.14    8.78     11.44   29.33   38.17   162.20   88.89   155.14   76.00   173.06   79.67 
 224   35.38   10.68     33.66    3.89    3.97     16.41   17.14   16.74     19.91   12.14    8.80     11.56   29.43   38.13   165.85   89.86   158.46   77.55   176.11   80.43 
 225   35.38   11.02     32.40    4.59    3.97     15.94   18.30   16.74     19.91   12.14    8.81     11.37   29.98   38.09   169.36   91.92   162.12   78.94   180.25   82.48 
 226   35.85   10.36     31.70    5.07    3.97     18.18   14.44   16.73     19.80   12.27    8.83     11.58   29.61   38.05   171.75   95.71   163.94   82.91   182.42   85.82 
 227   35.85   10.46     31.36    5.39    3.98     16.94   16.69   16.73     19.80   12.27    8.84     11.56   30.13   38.02   174.78   98.17   167.62   85.04   185.86   88.78 
 228   35.85   10.78     30.72    5.99    3.99     16.54   17.51   16.74     19.80   12.27    8.86     11.27   31.41   37.99   179.09  101.76   172.02   88.82   189.99   92.53 
 229   35.85   10.77     32.49    4.94    3.99     16.59   17.70   16.74     19.80   12.27    8.87     11.65   30.76   37.96   182.31  104.05   174.80   90.63   193.55   94.24 
 230   35.85   10.08     32.12    5.17    4.00     16.45   17.75   16.75     19.80   12.27    8.89     12.49   28.70   37.92   184.89  102.01   178.32   88.37   196.55   93.08 
 231   50.14   11.02     30.76    6.17    4.01     15.94   18.41   16.75     20.04   11.94    8.90     11.73   31.99   37.89   189.85   95.38   182.25   81.70   201.27   85.40 
 232   50.14   10.69     30.92    6.02    4.02     16.04   18.02   16.76     20.04   11.94    8.91     12.11   29.49   37.85   191.57   93.49   184.11   79.83   203.04   83.69 
 233   50.14   11.34     30.83    5.94    4.02     16.38   17.41   16.76     20.04   11.94    8.93     11.49   34.54   37.84   188.40   85.79   180.39   72.23   199.66   75.51 
 234   50.14    9.67     30.52    6.07    4.03     15.95   18.34   16.77     20.04   11.94    8.94     11.88   31.58   37.81   188.62   81.16   180.31   67.65   199.78   70.59 
 235   50.14    9.79     31.27    5.52    4.04     15.97   18.39   16.77     20.04   11.94    8.95     12.21   30.10   37.78   188.61   77.08   180.10   63.59   199.71   66.31 
 236   34.95   10.08     29.51    6.56    4.05     17.43   15.67   16.77     19.76   12.31    8.97     11.85   32.11   37.76   184.34   71.51   176.13   57.39   195.98   60.82 
 237   34.95   10.03     30.11    6.08    4.06     16.49   17.49   16.77     19.76   12.31    8.98     11.43   31.28   37.73   181.34   74.19   173.62   60.54   192.74   64.12 
 238   34.95   10.06     31.52    5.07    4.06     16.24   18.18   16.78     19.76   12.31    8.99     10.66   32.88   37.71   175.91   77.54   168.38   63.66   187.55   67.59 
 239   34.95   10.02     31.22    5.14    4.07     15.14   20.82   16.80     19.76   12.31    9.01     10.02   35.26   37.70   171.30   79.75   163.01   66.12   182.41   69.08 
 240   34.95   10.04     30.52    5.48    4.07     14.72   21.85   16.82     19.76   12.31    9.02     10.81   34.03   37.68   168.36   79.28   160.86   65.60   179.88   69.46 
 241   38.27   10.13     29.53    6.13    4.08     16.29   18.25   16.82     19.51   12.66    9.04     10.91   34.83   37.67   167.92   80.36   160.45   66.98   179.16   70.62 
 242   38.27   10.27     30.37    5.56    4.09     15.99   19.03   16.83     19.51   12.66    9.05     10.91   34.87   37.66   167.81   80.24   160.51   66.66   179.26   70.63 
 243   38.27   10.40     31.62    4.81    4.09     15.80   19.73   16.84     19.51   12.66    9.07     11.01   34.06   37.65   165.75   81.47   158.05   68.03   176.97   71.50 
 244   38.27   10.24     31.14    5.04    4.09     15.79   19.76   16.86     19.51   12.66    9.08     10.85   35.23   37.64   163.81   81.79   156.73   68.44   175.08   72.42 
 245   38.27   10.18     32.35    4.32    4.10     15.85   19.79   16.87     19.51   12.66    9.10     10.98   35.98   37.63   162.07   81.33   154.46   68.63   172.60   71.60 
 246   36.52   10.40     32.02    4.51    4.10     17.55   16.15   16.86     19.55   12.61    9.11     11.32   34.92   37.62   164.86   78.68   157.12   66.36   175.01   68.91 
 247   36.52   11.17     31.69    4.74    4.10     17.56   16.10   16.86     19.55   12.61    9.12     10.91   35.40   37.61   166.80   79.70   158.95   67.54   176.74   69.83 
 248   36.52   10.43     32.58    4.34    4.10     17.73   15.78   16.86     19.55   12.61    9.14     10.38   36.27   37.60   168.61   82.89   160.83   70.55   178.76   73.05 
 249   36.52   10.93     30.54    5.59    4.11     18.00   15.16   16.85     19.55   12.61    9.15     10.25   36.28   37.60   169.69   87.24   162.47   74.78   180.07   77.92 
 250   36.52    9.68     31.81    4.91    4.11     17.65   15.54   16.85     19.55   12.61    9.17     10.06   36.52   37.59   169.96   92.08   162.79   79.74   180.22   82.84 
 251   47.32   10.95     33.04    4.29    4.11     19.41   12.79   16.83     19.59   12.56    9.18     10.53   34.64   37.58   169.13   95.93   161.77   83.18   179.73   86.42 
 252   47.32   10.81     33.29    4.21    4.11     18.81   13.48   16.82     19.59   12.56    9.19     10.73   34.01   37.57   170.73   98.49   163.16   86.00   181.09   88.85 
 253   47.32   10.22     33.42    4.08    4.11     18.26   14.36   16.81     19.59   12.56    9.21     11.30   33.14   37.55   167.11   98.12   159.89   85.62   177.59   88.85 
 254   47.32   11.03     32.41    4.56    4.11     17.36   15.68   16.80     19.59   12.56    9.22     11.87   32.68   37.53   168.80   90.92   161.59   78.48   179.19   81.63 
 255   47.32   10.31     33.18    4.14    4.11     17.19   15.77   16.80     19.59   12.56    9.23     11.66   33.92   37.52   171.35   83.17   164.11   70.64   181.68   73.71 
 256   44.22   11.07     32.05    4.74    4.12     16.65   16.48   16.80     19.63   12.50    9.25     11.05   34.70   37.51   176.11   78.14   169.02   65.35   186.71   68.77 
 257   44.22   10.56     29.47    6.48    4.12     16.46   16.81   16.80     19.63   12.50    9.26     11.43   30.27   37.48   179.31   80.15   172.60   67.31   190.01   71.09 
 258   44.22   11.06     30.74    5.70    4.13     17.16   15.68   16.79     19.63   12.50    9.27     10.84   31.08   37.45   180.54   85.03   173.76   72.02   191.39   75.87 
 259   44.22    9.41     32.18    4.90    4.13     16.39   16.98   16.79     19.63   12.50    9.28     10.33   32.18   37.43   181.90   89.79   174.78   77.04   192.43   80.41 
 260   44.22   11.07     33.87    4.03    4.13     16.41   16.89   16.79     19.63   12.50    9.30     11.13   30.35   37.41   179.73   92.01   172.66   79.30   190.38   82.83 
 261   39.59   10.79     32.57    4.67    4.14     17.62   14.59   16.78     19.56   12.58    9.31     11.15   30.19   37.38   177.96   93.23   170.68   80.40   188.58   83.72 
 262   39.59   11.08     33.42    4.22    4.14     17.92   14.04   16.77     19.56   12.58    9.32     11.51   28.88   37.35   176.92   94.80   170.30   81.80   187.78   85.77 
 263   39.59   11.10     34.58    3.68    4.13     17.34   14.71   16.77     19.56   12.58    9.33     11.23   29.43   37.32   175.78   95.52   168.69   83.18   185.96   86.25 
 264   39.59   10.52     33.17    4.31    4.13     16.82   15.43   16.76     19.56   12.58    9.35     11.98   27.91   37.28   176.56   93.02   169.13   80.76   186.69   83.55 
 265   39.59   11.16     31.75    5.11    4.14     16.41   16.08   16.76     19.56   12.58    9.36     11.52   28.31   37.25   177.99   92.74   171.64   80.33   188.46   84.26 
 266   61.48   10.64     34.55    3.71    4.14     16.74   15.43   16.75     19.63   12.46    9.37     11.79   26.82   37.21   177.00   92.66   169.93   80.38   187.12   83.43 
 267   61.48   10.64     33.41    4.13    4.14     17.07   14.79   16.75     19.63   12.46    9.38     11.47   27.57   37.17   172.05   91.38   165.20   78.56   182.75   82.31 
 268   61.48   10.67     35.84    3.07    4.13     16.70   15.36   16.74     19.63   12.46    9.39     10.48   29.95   37.14   167.15   91.66   160.94   79.28   177.47   83.19 
 269   61.48   10.82     35.73    3.06    4.13     16.38   15.84   16.74     19.63   12.46    9.40     10.64   29.39   37.11   164.01   92.47   157.57   80.16   174.22   83.79 
 270   61.48   10.88     34.28    3.53    4.13     16.51   15.48   16.73     19.63   12.46    9.42     10.54   29.71   37.09   160.45   91.56   154.10   79.37   170.71   83.10 
 271   45.48    9.29     34.76    3.24    4.12     19.03   11.51   16.71     19.32   12.88    9.43      9.68   32.35   37.07   154.62   91.40   147.95   79.70   164.29   82.68 
 272   45.48    9.42     33.60    3.61    4.12     17.77   13.07   16.70     19.32   12.88    9.44     10.05   31.19   37.05   149.08   89.36   143.05   77.21   159.24   81.15 
 273   45.48    9.71     32.82    3.84    4.12     17.86   12.86   16.69     19.32   12.88    9.45      9.86   31.21   37.03   145.05   88.48   138.79   76.58   154.93   80.13 
 274   45.48    9.39     31.56    4.33    4.12     16.16   15.40   16.68     19.32   12.88    9.47      9.59   31.99   37.01   141.13   88.57   134.70   76.73   150.91   80.06 
 275   45.48   10.30     33.76    3.41    4.12     15.79   16.05   16.68     19.32   12.88    9.48     10.27   29.34   36.98   143.77   89.01   137.56   76.61   154.17   80.56 
 276   37.19   10.07     30.81    4.80    4.12     17.40   13.13   16.67     19.43   12.69    9.49     11.21   26.81   36.94   146.00   85.81   138.69   73.76   155.93   76.52 
 277   37.19   10.70     34.58    3.09    4.12     17.15   13.45   16.66     19.43   12.69    9.50     10.97   27.77   36.91   146.89   82.09   139.73   70.09   156.65   72.77 
 278   37.19    9.79     32.95    3.81    4.12     17.06   13.51   16.64     19.43   12.69    9.51     10.42   28.07   36.88   150.61   82.33   143.18   70.11   160.70   72.90 
 279   37.19    9.77     33.08    3.87    4.12     16.88   13.79   16.63     19.43   12.69    9.52      9.41   30.24   36.85   152.83   87.58   145.22   75.34   162.88   77.96 
 280   37.19    9.49     32.74    4.12    4.12     16.59   14.14   16.62     19.43   12.69    9.54      9.05   31.12   36.83   154.77   93.19   147.70   80.23   165.51   83.83 
 281   47.16   11.05     33.56    3.87    4.11     18.00   12.02   16.61     19.58   12.44    9.55      8.98   31.34   36.81   159.00   98.99   152.17   85.72   170.09   89.79 
 282   47.16   10.51     32.78    4.40    4.12     15.42   15.66   16.61     19.58   12.44    9.56      9.50   29.85   36.79   166.64   98.86   159.52   85.87   177.38   89.42 
 283   47.16   11.10     33.53    4.13    4.12     15.40   15.55   16.60     19.58   12.44    9.57      9.11   31.14   36.77   173.16   96.90   166.89   83.28   184.67   88.14 
 284   47.16   10.73     36.17    3.09    4.11     14.52   16.81   16.60     19.58   12.44    9.58      9.42   30.15   36.75   178.22   93.06   171.72   79.49   189.66   84.14 
 285   47.16   10.91     32.27    4.84    4.11     12.12   21.43   16.62     19.58   12.44    9.59      8.52   32.19   36.73   180.04   91.48   174.25   77.75   191.74   83.16 
 286   65.04    9.64     32.76    4.62    4.12     17.18   11.29   16.60     19.58   12.39    9.60      9.71   26.50   36.70   183.36   87.77   177.79   74.12   195.12   79.75 
 287   65.04   10.68     35.52    3.39    4.11     16.01   12.73   16.59     19.58   12.39    9.61      9.64   26.69   36.66   186.15   84.13   180.16   70.64   197.62   75.73 
 288   65.04   10.02     32.52    4.81    4.12     15.19   13.88   16.58     19.58   12.39    9.62      9.42   26.78   36.63   187.48   83.71   181.77   70.33   198.90   75.59 
 289   65.04   10.62     32.93    4.61    4.12     15.84   12.96   16.56     19.58   12.39    9.63      9.41   26.68   36.59   188.67   84.95   182.67   71.51   200.04   76.50 
 290   65.04    9.72     32.23    4.99    4.12     15.40   13.61   16.55     19.58   12.39    9.63      9.57   26.21   36.56   188.13   86.05   182.20   72.42   199.73   77.65 
 291   69.73   10.83     33.46    4.34    4.12     16.83   11.41   16.54     19.11   13.02    9.65     10.56   23.03   36.51   187.46   87.27   181.18   73.90   198.82   78.64 
 292   69.73   10.38     32.93    4.62    4.12     16.37   12.09   16.52     19.11   13.02    9.66     10.64   22.71   36.46   187.62   89.59   181.36   75.92   199.21   80.92 
 293   69.73   10.60     32.69    4.70    4.13     17.17   11.16   16.50     19.11   13.02    9.67     10.51   23.60   36.42   183.68   92.35   176.89   78.78   195.04   83.15 
 294   69.73   10.13     35.73    3.29    4.12     16.14   12.86   16.49     19.11   13.02    9.68     11.14   22.97   36.37   180.51   93.01   173.41   79.78   191.60   83.66 
 295   69.73    9.73     33.61    4.20    4.12     15.10   14.48   16.48     19.11   13.02    9.69     11.27   22.63   36.33   180.49   93.82   174.73   80.48   191.86   85.61 
 296   53.47   10.52     32.82    4.53    4.12     14.82   15.41   16.48     19.22   12.79    9.70     10.65   25.11   36.29   177.47   92.48   171.77   79.06   188.94   84.31 
 297   53.47   10.05     32.39    4.72    4.13     15.78   14.17   16.47     19.22   12.79    9.71     11.63   22.95   36.24   177.69   90.27   172.33   76.56   189.45   82.26 
 298   53.47   10.89     32.92    4.42    4.13     15.11   15.57   16.47     19.22   12.79    9.72     11.54   23.57   36.20   177.64   88.00   171.56   74.15   189.40   79.45 
 299   53.47    9.08     36.30    3.01    4.12     15.22   15.63   16.47     19.22   12.79    9.73     11.51   23.73   36.16   177.45   87.90   170.93   73.91   189.25   78.84 
 300   53.47   10.79     34.96    3.51    4.12     15.17   15.83   16.46     19.22   12.79    9.74     11.22   24.42   36.12   177.81   88.44   171.03   74.67   189.40   79.19 
 301   53.67   10.42     35.23    3.40    4.12     15.79   14.96   16.46     19.25   12.70    9.75     11.46   24.21   36.08   176.28   88.53   169.69   74.81   187.87   79.51 
 302   53.67   10.63     33.80    4.01    4.12     16.55   13.91   16.45     19.25   12.70    9.76     11.32   24.67   36.04   176.88   91.41   170.73   77.13   188.97   82.55 
 303   53.67   10.84     32.72    4.59    4.12     16.70   13.70   16.44     19.25   12.70    9.77     11.63   24.10   36.00   179.27   91.99   172.94   77.78   191.35   83.09 
 304   53.67    9.45     31.14    5.57    4.12     16.00   14.92   16.44     19.25   12.70    9.78     11.49   24.54   35.97   182.00   93.36   176.02   79.36   193.83   84.70 
 305   53.67   10.74     30.94    5.73    4.13     16.06   14.86   16.43     19.25   12.70    9.79     11.45   24.83   35.93   182.75   92.93   177.01   78.78   194.85   84.54 
 306   60.72   10.53     32.03    5.05    4.13     18.59   11.13   16.41     19.28   12.63    9.80     11.24   25.20   35.89   181.62   93.93   175.85   80.31   193.31   85.76 
 307   60.72   10.77     31.27    5.54    4.14     18.08   11.80   16.40     19.28   12.63    9.81     11.44   24.91   35.86   183.79   94.98   177.53   81.42   195.34   86.36 
 308   60.72   10.93     34.94    3.65    4.14     18.04   11.94   16.39     19.28   12.63    9.82     11.26   25.13   35.82   181.75   96.82   175.32   83.35   193.11   87.96 
 309   60.72   10.76     34.35    3.86    4.14     17.38   13.19   16.38     19.28   12.63    9.83      9.56   29.45   35.80   176.10  102.87   170.16   89.29   187.70   94.48 
 310   60.72   11.21     33.27    4.43    4.14     17.50   12.96   16.36     19.28   12.63    9.84     10.68   26.76   35.77   177.20  107.24   171.15   94.03   188.39   98.82 
 311   74.64    9.95     33.78    4.23    4.14     18.25   11.97   16.35     19.19   12.72    9.85     11.83   24.00   35.74   178.19  110.05   172.38   96.51   189.75  101.79 
 312   74.64   10.79     35.56    3.47    4.13     18.40   11.77   16.34     19.19   12.72    9.86     11.67   24.32   35.70   177.95  113.52   171.49  100.32   189.03  104.68 
 313   74.64    9.43     35.95    3.31    4.13     17.77   12.62   16.32     19.19   12.72    9.87     11.55   24.87   35.66   176.13  115.71   169.57  102.64   187.07  106.79 
 314   74.64   10.82     36.53    3.04    4.13     17.54   12.99   16.31     19.19   12.72    9.87     12.19   24.23   35.63   172.59  114.27   166.01  101.01   183.66  105.27 
 315   74.64    9.44     36.32    3.11    4.13     17.56   13.05   16.30     19.19   12.72    9.88     12.55   24.03   35.59   172.32  111.99   165.99   98.73   183.49  103.27 
 316   53.66    9.68     31.65    5.32    4.13     15.53   16.46   16.30     18.95   13.06    9.89     11.53   27.41   35.57   172.43  109.52   166.76   95.98   184.01  101.35 
 317   53.66   10.65     31.88    5.12    4.13     15.39   16.77   16.30     18.95   13.06    9.90     11.14   30.53   35.55   169.45  106.88   163.95   93.12   181.25   98.83 
 318   53.66   11.41     32.56    4.73    4.13     16.19   15.05   16.30     18.95   13.06    9.91     11.64   26.87   35.52   172.58  102.72   167.78   89.30   184.23   95.41 
 319   53.66   10.50     31.64    5.27    4.14     15.97   15.41   16.30     18.95   13.06    9.92     11.57   26.11   35.49   175.55  101.74   170.48   88.46   187.03   94.21 
 320   53.66    9.05     33.32    4.40    4.14     16.03   15.45   16.30     18.95   13.06    9.93     11.54   26.01   35.46   178.04  102.69   173.19   89.47   189.50   95.36 
 321   45.11    9.39     31.73    5.36    4.14     17.59   12.85   16.28     19.00   12.95    9.94     11.78   25.25   35.43   182.02  102.68   177.35   89.45   193.54   95.52 
 322   45.11    9.96     32.94    4.73    4.14     17.37   13.41   16.28     19.00   12.95    9.95     11.73   25.48   35.40   185.36  103.65   180.19   90.46   196.70   96.02 
 323   45.11   10.13     34.16    4.16    4.14     17.38   13.47   16.27     19.00   12.95    9.96     11.90   25.41   35.37   185.46  104.23   180.54   90.72   197.20   96.81 
 324   45.11    9.69     34.44    4.08    4.14     17.32   13.51   16.26     19.00   12.95    9.97     11.97   25.35   35.34   188.98  103.55   184.00   90.69   200.07   96.16 
 325   45.11    9.07     35.31    3.72    4.14     17.57   13.34   16.25     19.00   12.95    9.98     12.24   25.35   35.31   190.60  102.56   185.53   89.50   201.86   95.11 
 326   61.54   10.14     33.64    4.47    4.14     20.21    9.95   16.23     19.27   12.52    9.99     12.29   26.47   35.28   190.97   98.10   186.52   84.52   202.85   91.02 
 327   61.54   10.33     34.62    3.97    4.14     19.85   10.45   16.21     19.27   12.52   10.00     12.38   26.09   35.25   190.04   96.76   185.99   83.51   201.74   90.25 
 328   61.54    9.52     32.50    4.99    4.15     19.57   10.90   16.20     19.27   12.52   10.00     11.55   29.86   35.24   186.28   94.36   182.02   80.80   198.17   87.45 
 329   61.54   10.45     33.26    4.44    4.15     19.25   11.40   16.18     19.27   12.52   10.01     11.40   31.28   35.22   182.77   91.77   178.43   78.84   194.09   84.98 
 330   61.54   10.22     33.33    4.34    4.15     19.31   11.38   16.17     19.27   12.52   10.02     11.35   28.98   35.20   177.99   92.68   172.98   79.39   189.47   85.19 
 331   49.98    9.69     32.91    4.48    4.15     21.28    9.10   16.15     19.02   12.88   10.03     10.75   29.32   35.19   173.62   95.84   168.98   82.44   185.31   88.74 
 332   49.98    9.16     33.52    4.10    4.15     20.40   10.06   16.13     19.02   12.88   10.04     11.03   28.35   35.17   169.47   98.43   164.69   85.52   180.69   91.28 
 333   49.98   10.89     32.80    4.37    4.15     20.51   10.00   16.11     19.02   12.88   10.04     11.45   27.41   35.14   164.56   99.87   159.39   86.88   175.72   92.29 
 334   49.98    9.53     32.77    4.35    4.15     20.04   10.57   16.09     19.02   12.88   10.05     11.26   27.98   35.12   161.02  101.55   156.40   88.79   172.08   94.55 
 335   49.98    9.74     32.88    4.22    4.15     19.83   10.89   16.08     19.02   12.88   10.06     11.36   27.94   35.10   155.41  103.14   150.37   90.36   166.38   95.71 
 336   60.37    9.26     32.08    4.54    4.15     20.40   10.25   16.06     19.35   12.38   10.07     11.31   28.63   35.08   151.21  103.44   146.97   90.41   162.59   96.74 
 337   60.37   10.66     31.85    4.64    4.15     20.22   10.52   16.04     19.35   12.38   10.07     12.38   25.55   35.05   150.97  103.46   146.51   90.29   162.42   96.38 
 338   60.37    9.57     31.97    4.50    4.15     20.09   10.69   16.03     19.35   12.38   10.08     12.37   26.41   35.03   147.32  100.16   143.14   87.34   158.53   93.59 
 339   60.37   10.63     32.49    4.18    4.15     19.80   11.11   16.01     19.35   12.38   10.09     12.29   26.97   35.00   147.98   96.45   143.62   83.41   159.33   89.60 
 340   60.37   10.04     32.08    4.44    4.15     18.78   12.61   16.00     19.35   12.38   10.10     12.26   26.60   34.98   150.80   94.90   146.00   81.83   162.18   87.66 
 341   52.62   10.44     32.00    4.52    4.15     17.98   13.90   16.00     19.05   12.80   10.10     12.21   26.50   34.95   153.61   95.84   148.91   83.57   164.21   88.94 
 342   52.62    9.52     31.89    4.69    4.16     17.04   15.63   16.00     19.05   12.80   10.11     11.46   28.33   34.93   156.15   99.48   151.40   86.93   166.96   92.44 
 343   52.62    9.65     33.12    4.19    4.16     16.83   16.59   16.00     19.05   12.80   10.12     11.20   29.51   34.92   159.26  105.78   153.99   93.18   169.99   98.15 
 344   52.62   10.63     33.14    4.36    4.16     17.00   16.35   16.00     19.05   12.80   10.13     10.95   30.35   34.91   164.06  110.31   159.29   97.70   174.97  103.27 
 345   52.62   10.36     31.94    5.14    4.16     16.76   16.92   16.00     19.05   12.80   10.13     11.06   30.87   34.89   170.17  112.91   165.67  100.95   180.52  106.26 
 346   72.63   10.63     34.36    3.97    4.16     19.86   11.87   15.99     19.19   12.60   10.14     11.19   31.30   34.88   175.88  112.70   171.79  100.90   186.16  106.45 
 347   72.63    9.94     34.64    3.89    4.16     19.08   12.96   15.98     19.19   12.60   10.15     11.47   31.43   34.87   178.28  110.49   174.25   98.71   188.53  104.30 
 348   72.63   10.65     35.97    3.40    4.16     19.64   12.13   15.97     19.19   12.60   10.16     11.36   31.02   34.86   185.15  107.93   181.12   96.19   195.34  101.74 
 349   72.63    9.05     35.29    3.75    4.16     18.11   14.21   15.96     19.19   12.60   10.16     10.82   32.42   34.86   192.83  104.76   188.78   93.20   202.86   98.58 
 350   72.63   10.64     35.92    3.57    4.15     18.46   13.57   15.96     19.19   12.60   10.17     11.39   30.05   34.84   196.57  106.08   191.96   94.66   206.34   99.40 
 351   85.86    9.94     35.32    3.89    4.15     20.39   10.68   15.94     19.49   12.18   10.18     11.10   30.23   34.83   199.71  108.43   195.15   97.24   209.31  101.86 
 352   85.86   10.68     34.39    4.38    4.15     20.77   10.16   15.93     19.49   12.18   10.18     11.12   29.88   34.81   201.52  112.93   196.98  101.63   211.22  106.38 
 353   85.86    9.04     34.39    4.43    4.15     20.06   10.90   15.91     19.49   12.18   10.19     11.19   29.62   34.80   201.20  115.60   196.96  104.10   211.18  109.34 
 354   85.86    9.10     34.53    4.32    4.15     19.51   11.59   15.90     19.49   12.18   10.19     11.21   29.88   34.79   199.99  116.39   195.44  105.42   209.39  109.91 
 355   85.86   10.63     34.73    4.16    4.15     20.31   10.60   15.88     19.49   12.18   10.20     11.41   29.39   34.77   195.70  115.87   191.12  104.31   205.66  109.27 
 356   82.63   10.07     35.68    3.64    4.15     22.04    8.63   15.86     19.23   12.54   10.20     10.87   30.96   34.76   190.79  113.83   186.19  102.29   200.72  107.18 
 357   82.63    9.69     34.50    4.12    4.15     20.93    9.74   15.85     19.23   12.54   10.21     11.41   29.19   34.74   189.02  111.14   184.33   99.94   198.62  104.48 
 358   82.63    9.53     34.82    3.94    4.15     20.67    9.99   15.83     19.23   12.54   10.22     11.30   28.94   34.73   187.54  110.91   182.85   99.61   197.23  104.22 
 359   82.63    9.77     35.29    3.70    4.15     19.16   11.85   15.82     19.23   12.54   10.22     10.98   29.74   34.71   184.01  111.07   179.13   99.60   193.81  104.16 
 360   82.63   10.87     34.61    3.95    4.15     19.09   11.91   15.81     19.23   12.54   10.23     11.45   28.40   34.70   183.07  111.21   178.35   99.98   192.67  104.50 
 361   46.26   10.11     33.11    4.70    4.15     19.80   10.94   15.80     19.03   12.82   10.24     11.86   27.02   34.68   183.51  110.43   178.76   99.05   193.27  103.65 
 362   46.26    9.55     34.76    3.88    4.15     18.78   12.27   15.79     19.03   12.82   10.24     11.51   27.96   34.66   182.23  110.69   177.56   99.40   191.92  104.02 
 363   46.26   10.16     33.61    4.39    4.15     18.66   12.48   15.78     19.03   12.82   10.25     11.39   28.47   34.64   179.85  111.75   175.15  100.41   189.56  105.02 
 364   46.26   10.04     32.60    4.89    4.15     17.46   14.14   15.77     19.03   12.82   10.26     11.19   29.73   34.63   177.44  111.43   173.04   99.94   187.37  104.93 
 365   46.26   10.17     31.78    5.33    4.16     17.57   14.01   15.77     19.03   12.82   10.27     11.03   31.34   34.62   174.98  111.81   170.51  100.54   184.69  105.34 
 366   65.03    9.92     33.21    4.50    4.16     18.10   13.20   15.76     19.28   12.43   10.27     11.41   29.42   34.60   173.86  111.98   169.32  100.35   183.91  105.34 
 367   65.03    9.06     33.65    4.26    4.16     17.16   14.71   15.76     19.28   12.43   10.28     11.51   28.96   34.59   172.86  112.62   168.18  100.76   183.06  105.81 
 368   65.03   11.20     33.57    4.30    4.16     16.97   15.10   15.76     19.28   12.43   10.28     11.47   29.03   34.57   172.88  112.28   168.47  100.26   183.29  105.66 
 369   65.03    9.86     32.89    4.63    4.16     16.31   15.84   15.76     19.28   12.43   10.29     11.57   29.10   34.56   173.28  109.69   169.96   98.07   183.55  104.23 
 370   65.03    9.76     32.56    4.82    4.16     16.06   15.93   15.76     19.28   12.43   10.30     11.66   28.24   34.54   174.83  107.09   171.22   95.89   184.59  101.37 
 371   61.89   10.07     32.53    4.88    4.16     17.52   13.67   15.75     18.88   13.02   10.30     11.89   26.78   34.52   177.15  106.96   173.65   95.66   187.03  101.34 
 372   61.89    9.08     32.82    4.77    4.17     17.64   13.53   15.74     18.88   13.02   10.31     12.12   25.69   34.50   179.88  106.58   176.24   95.07   189.94  100.76 
 373   61.89   10.12     32.13    5.30    4.17     16.65   15.53   15.74     18.88   13.02   10.32     11.87   25.31   34.47   185.90  109.12   182.25   97.65   195.90  103.31 
 374   61.89    9.07     31.04    6.18    4.17     17.07   14.18   15.74     18.88   13.02   10.32     12.01   24.57   34.44   189.89  110.70   186.56   98.95   200.25  105.15 
 375   61.89    9.07     32.13    5.57    4.18     16.70   14.97   15.74     18.88   13.02   10.33     11.99   24.44   34.42   193.79  114.37   190.25  102.49   204.22  108.59 
 376   58.95    9.21     31.40    6.15    4.18     17.77   12.98   15.73     18.93   12.93   10.34     11.60   25.26   34.39   196.22  116.49   192.50  104.50   206.70  110.52 
 377   58.95    9.46     31.75    5.95    4.19     17.33   13.49   15.72     18.93   12.93   10.35     11.93   24.52   34.37   197.93  118.20   194.28  106.04   208.63  112.28 
 378   58.95    9.70     31.60    6.10    4.19     16.95   14.09   15.72     18.93   12.93   10.35     11.84   25.45   34.34   200.63  118.16   196.30  106.45   210.74  111.67 
 379   58.95    9.06     31.72    6.05    4.20     16.50   14.26   15.72     18.93   12.93   10.36     11.84   25.47   34.32   203.46  115.23   199.65  103.91   213.37  109.34 
 380   58.95    9.06     32.17    5.75    4.20     16.11   14.58   15.71     18.93   12.93   10.37     10.66   30.51   34.31   203.34  113.83   199.91  101.75   213.99  108.12 
 381   79.72    9.39     31.82    5.96    4.21     16.10   14.45   15.71     19.02   12.76   10.37     10.74   30.80   34.30   202.48  112.47   198.61  100.49   212.93  106.33 
 382   79.72    9.39     31.45    6.20    4.21     16.38   14.09   15.71     19.02   12.76   10.38     11.09   28.38   34.29   202.88  111.81   199.78   99.56   213.76  106.41 
 383   79.72    9.55     31.30    6.30    4.22     16.14   14.46   15.70     19.02   12.76   10.38     11.06   28.45   34.27   201.13  111.08   197.59   98.91   211.87  105.28 
 384   79.72   11.05     31.68    6.02    4.22     16.66   13.70   15.70     19.02   12.76   10.39     12.21   23.84   34.24   203.03  110.48   199.54   98.28   213.77  104.72 
 385   79.72   10.74     31.56    6.08    4.23     16.40   13.97   15.69     19.02   12.76   10.40     11.73   24.72   34.22   203.65  105.92   199.88   93.29   214.75   99.73 
 386   71.73   10.03     31.44    6.20    4.23     16.08   14.14   15.69     19.32   12.30   10.40     11.60   24.90   34.19   207.68  102.97   203.74   91.21   217.94   96.79 
 387   71.73   10.35     31.63    6.16    4.24     15.59   14.92   15.69     19.32   12.30   10.41     11.67   23.77   34.17   210.51  104.17   206.15   92.42   220.62   97.63 
 388   71.73   10.08     31.24    6.48    4.24     14.50   16.92   15.69     19.32   12.30   10.41     11.09   24.63   34.14   213.03  106.00   208.24   95.41   222.05   99.30 
 389   71.73   10.36     31.07    6.64    4.25     12.98   20.92   15.70     19.32   12.30   10.42     10.39   27.33   34.13   214.73  110.23   209.87   98.64   224.65  103.31 
 390   71.73    9.08     30.16    7.48    4.26     12.80   21.41   15.72     19.32   12.30   10.42     10.15   28.69   34.11   216.91  111.27   212.03   99.51   227.00  104.29 
 391   67.40    9.40     31.68    6.30    4.26     13.72   18.99   15.73     18.89   12.90   10.43     10.86   26.04   34.09   214.23  113.52   209.60  101.70   224.36  106.71 
 392   67.40   10.17     31.09    6.70    4.27     14.54   16.86   15.73     18.89   12.90   10.43     11.27   25.00   34.07   209.24  113.67   205.00  101.72   219.63  107.26 
 393   67.40   10.29     32.25    5.82    4.27     15.19   15.54   15.73     18.89   12.90   10.44     11.34   24.69   34.04   209.62  114.44   204.94  103.25   219.24  107.71 
 394   67.40    9.42     31.28    6.41    4.28     15.07   15.96   15.73     18.89   12.90   10.45     11.25   25.94   34.02   206.81  113.31   202.36  102.06   216.39  106.75 
 395   67.40    9.63     30.93    6.58    4.28     15.75   15.04   15.73     18.89   12.90   10.45     11.59   25.83   34.00   202.47  112.22   197.99  100.82   212.21  105.63 
 396   98.22    9.10     31.48    6.03    4.29     16.44   14.07   15.72     19.05   12.63   10.46     11.74   26.33   33.98   197.55  110.64   193.10   99.34   207.28  104.10 
 397   98.22    9.06     31.08    6.27    4.29     16.09   14.85   15.72     19.05   12.63   10.46     11.79   25.79   33.96   195.39  110.73   190.06   99.46   204.85  103.40 
 398   98.22    9.50     33.39    4.81    4.29     16.15   14.41   15.72     19.05   12.63   10.47     11.97   24.43   33.94   196.28  110.78   191.19   99.85   205.47  103.73 
 399   98.22   10.17     32.13    5.54    4.30     15.77   16.15   15.72     19.05   12.63   10.47     11.96   25.82   33.92   195.53  112.16   190.30  100.66   205.29  104.86 
 400   98.22    9.07     30.97    6.30    4.30     15.44   17.93   15.72     19.05   12.63   10.48     12.50   26.50   33.90   193.43  110.24   188.22   99.47   202.44  103.03 
 401  101.70    9.17     31.40    5.97    4.31     15.27   18.03   15.73     18.70   13.14   10.49     12.40   26.48   33.88   197.05  108.60   191.03   97.80   205.95  100.77 
 402  101.70   10.92     30.31    6.64    4.31     14.74   17.32   15.73     18.70   13.14   10.49     11.83   25.02   33.86   193.83  106.07   187.62   95.79   202.24   98.18 
 403  101.70    9.81     30.15    6.60    4.32     14.93   15.84   15.73     18.70   13.14   10.50     10.96   26.19   33.84   190.97  102.29   184.80   91.96   199.42   94.43 
 404  101.70    9.97     31.53    5.57    4.32     14.64   15.81   15.73     18.70   13.14   10.51     11.53   24.03   33.82   189.05   98.34   183.09   87.70   197.86   90.61 
 405  101.70    9.81     31.95    5.26    4.32     14.53   15.80   15.73     18.70   13.14   10.51     11.76   22.97   33.79   188.11   96.72   182.11   85.72   197.19   88.84 
 406   78.39    9.92     32.88    4.64    4.32     15.99   13.05   15.73     18.57   13.30   10.52     11.25   23.56   33.76   184.59   94.39   178.22   83.56   193.46   86.21 
 407   78.39    9.06     31.38    5.63    4.33     16.12   12.81   15.72     18.57   13.30   10.53     11.35   25.75   33.74   190.70   93.66   183.59   83.49   198.87   85.00 
 408   78.39   10.31     31.51    5.64    4.33     16.03   12.85   15.71     18.57   13.30   10.53     11.13   24.24   33.72   193.73   95.06   187.17   84.62   202.18   86.80 
 409   78.39   10.10     32.32    5.27    4.33     16.02   12.92   15.71     18.57   13.30   10.54     10.64   25.42   33.70   198.08   99.02   191.50   88.51   206.55   90.60 
 410   78.39    9.74     32.67    5.17    4.34     15.15   14.15   15.70     18.57   13.30   10.55      9.92   26.89   33.68   201.85  102.87   195.53   92.33   210.47   94.81 
 411   62.39    9.52     34.08    4.43    4.34     14.96   14.44   15.70     18.53   13.33   10.55     10.43   25.30   33.66   202.67  103.28   196.14   92.51   211.46   95.00 
 412   62.39    9.94     33.14    5.00    4.34     15.00   14.18   15.70     18.53   13.33   10.56     10.81   25.04   33.64   206.11  102.59   199.38   91.74   214.98   94.11 
 413   62.39    9.70     33.77    4.70    4.34     13.86   15.61   15.70     18.53   13.33   10.57     10.56   24.90   33.62   207.82  102.01   201.56   91.56   216.42   94.05 
 414   62.39    9.86     33.64    4.74    4.34     14.09   15.26   15.70     18.53   13.33   10.57     10.44   24.29   33.60   206.82  101.44   200.44   90.41   215.84   93.22 
 415   62.39    9.69     33.01    5.04    4.34     14.11   15.14   15.69     18.53   13.33   10.58     10.41   24.33   33.58   204.26  101.05   198.31   90.18   213.34   93.32 
 416   74.01    9.16     33.62    4.63    4.34     18.84    8.76   15.68     18.59   13.19   10.59     10.92   23.94   33.55   201.93   98.35   195.73   87.74   210.64   90.40 
 417   74.01    9.22     34.39    4.21    4.34     17.62   10.05   15.66     18.59   13.19   10.59     11.39   21.91   33.53   202.23   96.74   195.80   85.79   211.16   88.46 
 418   74.01    9.37     33.09    4.87    4.34     17.83    9.71   15.65     18.59   13.19   10.60     10.76   22.29   33.50   200.10   96.97   194.12   86.04   209.16   89.17 
 419   74.01    9.14     34.45    4.14    4.34     17.93    9.58   15.64     18.59   13.19   10.60      9.66   24.14   33.48   196.63   98.70   190.54   87.88   205.44   90.71 
 420   74.01    9.17     34.15    4.28    4.34     18.16    9.43   15.62     18.59   13.19   10.61      9.61   24.11   33.45   195.67  102.81   189.30   91.86   204.73   94.70 
 421   84.81    9.50     32.81    4.99    4.34     18.87    8.75   15.60     19.03   12.51   10.62     10.28   22.78   33.43   194.30  106.30   187.90   95.48   203.03   97.98 
 422   84.81    9.40     32.35    5.24    4.35     18.80    8.90   15.59     19.03   12.51   10.62     11.30   21.38   33.40   190.83  108.44   185.00   97.63   199.67  100.68 
 423   84.81    9.62     31.08    5.92    4.35     18.97    8.68   15.57     19.03   12.51   10.62     11.07   23.81   33.38   186.44  106.62   180.79   95.75   195.48   99.12 
 424   84.81    9.39     32.61    4.80    4.35     18.82    8.85   15.56     19.03   12.51   10.63     10.86   24.79   33.36   180.20  104.19   174.35   93.42   189.09   96.52 
 425   84.81    9.38     34.30    3.90    4.35     18.26    9.44   15.54     19.03   12.51   10.63     11.51   21.90   33.33   178.25  102.06   171.39   91.75   186.55   93.59 
 426   84.05    9.87     32.60    4.67    4.35     20.42    7.41   15.52     18.34   13.50   10.64     11.48   22.14   33.30   175.92  100.31   169.32   89.73   184.53   92.02 
 427   84.05    9.73     33.18    4.29    4.35     18.71    9.00   15.51     18.34   13.50   10.65     11.15   22.77   33.28   171.79   98.11   165.45   87.57   180.44   90.13 
 428   84.05    9.91     32.79    4.46    4.35     19.47    8.29   15.49     18.34   13.50   10.65     11.65   21.15   33.25   172.06   97.98   165.70   87.54   180.63   89.99 
 429   84.05    9.21     31.83    4.92    4.35     18.82    8.92   15.47     18.34   13.50   10.66     11.27   21.97   33.22   168.10   97.70   162.28   87.19   176.66   90.00 
 430   84.05    9.06     32.09    4.75    4.35     19.23    8.61   15.46     18.34   13.50   10.67     11.29   21.82   33.20   166.54   99.50   160.31   88.92   175.27   91.55 
 431   82.96    9.05     30.76    5.55    4.35     18.92    8.87   15.44     18.57   13.10   10.67     11.41   21.23   33.17   167.14  100.63   160.73   90.97   174.97   92.73 
 432   82.96    9.89     31.90    4.90    4.36     18.79    9.11   15.43     18.57   13.10   10.68     11.43   21.42   33.14   168.98  101.80   162.89   91.65   177.30   94.10 
 433   82.96    9.02     30.84    5.64    4.36     18.71    9.20   15.41     18.57   13.10   10.68     11.55   21.32   33.12   172.29  101.43   166.29   91.19   180.74   93.81 
 434   82.96    9.07     32.05    5.01    4.36     18.31    9.66   15.40     18.57   13.10   10.69     11.33   22.07   33.09   176.17  100.57   170.45   90.39   184.62   93.22 
 435   82.96    9.08     33.31    4.42    4.36     18.26    9.77   15.39     18.57   13.10   10.69     10.80   23.16   33.07   180.83  101.93   174.98   91.66   189.33   94.43 
 436  115.63    9.41     33.95    4.20    4.36     18.32    9.67   15.38     19.00   12.43   10.70     11.08   22.63   33.04   185.44  101.94   179.79   91.76   193.88   94.61 
 437  115.63   10.74     32.41    5.11    4.36     18.25    9.75   15.36     19.00   12.43   10.70     10.80   23.44   33.02   191.10   99.50   185.35   89.44   199.44   92.16 
 438  115.63   10.10     33.86    4.35    4.36     17.47   10.65   15.35     19.00   12.43   10.71     11.27   22.16   33.00   192.19   99.34   186.71   89.20   200.64   92.18 
 439  115.63    9.32     33.53    4.56    4.36     17.50   10.52   15.34     19.00   12.43   10.71     11.31   22.07   32.97   195.81   97.46   190.34   87.40   204.18   90.33 
 440  115.63   11.35     33.90    4.41    4.36     17.24   10.86   15.33     19.00   12.43   10.71     11.13   22.22   32.95   198.81   97.71   192.90   88.02   206.74   90.24 
 441   61.79    9.60     34.00    4.41    4.36     19.66    8.31   15.31     18.59   13.00   10.72     11.13   21.91   32.92   199.58  100.96   193.31   91.12   207.68   93.18 
 442   61.79   10.27     32.34    5.39    4.36     19.25    8.74   15.30     18.59   13.00   10.72     10.20   24.15   32.90   199.48  104.32   193.98   94.40   207.69   97.22 
 443   61.79   10.36     33.84    4.54    4.37     19.21    8.82   15.29     18.59   13.00   10.73     10.29   24.08   32.88   198.85  107.82   193.16   98.01   206.88  100.49 
 444   61.79   10.56     33.40    4.77    4.37     18.34    9.88   15.27     18.59   13.00   10.73     10.32   24.25   32.86   196.66  110.26   190.86  100.49   204.68  102.92 
 445   61.79   10.71     34.02    4.44    4.37     17.91   10.38   15.26     18.59   13.00   10.74     10.47   24.09   32.84   194.28  112.58   189.11  102.85   202.42  105.83 
 446   65.71   11.29     35.69    3.65    4.36     18.94    9.31   15.25     18.80   12.66   10.74     10.99   23.10   32.82   192.78  114.12   187.04  104.47   200.66  106.80 
 447   65.71   10.25     33.12    4.86    4.37     19.45    8.79   15.23     18.80   12.66   10.75     11.61   21.82   32.80   189.94  113.62   184.25  104.27   197.60  106.48 
 448   65.71    9.08     32.63    5.00    4.37     18.72    9.62   15.22     18.80   12.66   10.75     11.99   21.51   32.77   185.72  110.97   179.87  101.41   193.47  103.54 
 449   65.71    9.09     33.21    4.60    4.37     19.04    9.24   15.21     18.80   12.66   10.76     11.98   21.93   32.75   185.02  105.80   179.36   96.46   192.71   98.70 
 450   65.71    9.24     31.81    5.29    4.37     18.45    9.89   15.20     18.80   12.66   10.76     12.05   21.23   32.72   181.35  104.05   175.55   94.91   188.73   96.75 
 451   78.21    9.08     31.85    5.20    4.37     19.35    8.88   15.18     18.65   12.84   10.77     11.41   22.31   32.70   177.52  104.72   172.00   95.49   185.13   97.78 
 452   78.21    9.96     32.69    4.68    4.37     19.49    8.88   15.17     18.65   12.84   10.77     10.19   24.76   32.68   173.11  108.27   166.70   98.84   180.73  100.48 
 453   78.21   10.43     33.89    4.05    4.37     18.56    9.81   15.16     18.65   12.84   10.78     10.89   23.48   32.66   170.37  110.24   164.83  100.77   178.19  103.21 
 454   78.21   10.93     32.06    4.99    4.37     18.61    9.75   15.14     18.65   12.84   10.78     11.50   22.07   32.64   170.71  110.13   164.91  100.84   178.31  102.90 
 455   78.21    9.44     30.86    5.67    4.38     18.41    9.84   15.13     18.65   12.84   10.78     11.35   22.61   32.62   169.54  107.27   163.76   98.06   177.03  100.06 
 456   92.85   10.07     31.68    5.11    4.38     20.51    7.81   15.12     18.86   12.51   10.79     10.89   23.50   32.60   167.15  107.82   161.64   97.62   175.69  100.62 
 457   92.85    9.08     31.79    5.04    4.38     19.99    8.17   15.10     18.86   12.51   10.79     10.94   23.53   32.58   165.88  107.16   160.23   97.55   173.84  100.01 
 458   92.85    9.03     32.73    4.49    4.38     21.06    7.25   15.08     18.86   12.51   10.80     11.04   23.39   32.56   163.85  107.60   158.58   97.24   172.61  100.65 
 459   92.85    9.95     32.63    4.47    4.38     20.86    7.52   15.07     18.86   12.51   10.80     11.02   23.77   32.54   161.79  106.64   156.20   96.29   170.47   99.33 
 460   92.85   10.17     31.79    4.87    4.38     19.42    8.70   15.05     18.86   12.51   10.80     10.84   23.76   32.52   160.22  106.28   154.76   96.43   168.44   99.22 
 461   76.86   10.11     29.84    5.99    4.38     20.43    7.73   15.04     18.94   12.36   10.81     10.72   23.67   32.50   157.64  105.79   151.81   95.83   165.96   98.44 
 462   76.86   10.00     31.02    5.12    4.39     21.27    7.00   15.02     18.94   12.36   10.81     11.06   22.84   32.48   153.78  103.93   148.33   93.45   162.61   96.73 
