   6    0.41    4.68     44.57    0.90    1.47     22.03    6.69    8.01    314.58    0.00   25.52      8.80   30.38   30.59   125.82   97.40   110.50   76.53   143.00   78.76 
   7    0.41    4.40     39.35    1.63    1.49     20.85    7.89    7.99    314.58    0.00   21.88      9.78   27.96   30.21   124.02   96.12   108.54   75.79   140.70   77.51 
   8    0.41    4.37     41.43    1.28    1.47     21.78    7.35    7.91    314.58    0.00   19.14      9.68   28.95   30.05   123.31   97.86   107.84   77.04   140.41   79.18 
   9    0.41    4.43     47.90    0.62    1.37     19.60    9.84    8.12    314.58    0.00   17.02      8.86   32.41   30.32   123.23  103.80   107.79   82.88   140.41   85.11 
  10    0.41    4.37     36.72    2.29    1.46     17.35   13.28    8.64    314.58    0.00   15.31      8.18   35.98   30.88   121.31  110.80   105.42   90.58   137.88   91.86 
  11    0.00    4.38     40.08    1.58    1.47     21.40    8.46    8.62    315.33    0.00   13.92      8.42   36.19   31.36   119.42  114.83   103.56   94.12   136.37   95.74 
  12    0.00    4.41     36.88    2.28    1.54     22.83    7.38    8.52    315.33    0.00   12.76      8.62   36.37   31.78   115.80  118.79    99.99   98.47   132.49   99.92 
  13    0.00    4.41     39.53    1.65    1.55     20.26   10.01    8.63    315.33    0.00   11.78      8.66   36.76   32.16   110.51  120.40    94.70  100.35   126.98  101.57 
  14    0.00    4.41     36.99    2.12    1.59     19.49   10.87    8.79    315.33    0.00   10.94      8.43   37.84   32.57   102.87  119.07    86.74   99.35   118.92  100.01 
  15    0.00    4.39     39.50    1.53    1.59     19.89   10.41    8.90    315.33    0.00   10.21      8.54   37.50   32.90    97.92  118.01    81.67   98.57   113.70   98.92 
  16    0.00    4.43     42.02    1.09    1.56     25.16    5.66    8.70    316.42    0.00    9.57      8.31   39.28   33.30    92.34  113.33    76.09   93.75   108.31   94.24 
  17    0.00    4.40     36.81    1.96    1.58     22.92    7.51    8.63    316.42    0.00    9.01      9.42   35.43   33.42    92.90  109.58    77.05   90.15   108.69   90.86 
  18    0.00    4.42     35.06    2.35    1.62     20.13   10.47    8.73    316.42    0.00    8.51      9.35   36.19   33.58    93.49  105.46    77.49   86.24   109.19   86.71 
  19    0.00    4.42     38.93    1.52    1.62     18.87   12.14    8.91    316.42    0.00    8.06      9.39   35.78   33.69    96.51  104.13    81.08   84.49   112.72   85.82 
  20    0.00    4.41     37.22    1.89    1.63     17.66   14.10    9.17    316.42    0.00    7.66      8.92   37.98   33.91   101.20  103.85    84.91   85.15   116.38   84.93 
  21    0.01    4.41     37.45    1.93    1.64     20.47   10.32    9.23    307.73    0.00    7.29      8.76   38.31   34.12   106.55  107.03    91.26   87.73   122.38   88.93 
  22    0.01    4.42     38.66    1.72    1.65     21.07    9.86    9.25    307.73    0.00    6.96      8.86   38.71   34.33   107.58  111.15    91.00   92.61   122.52   91.95 
  23    0.01    4.44     41.83    1.21    1.63     20.70   10.50    9.31    307.73    0.00    6.66      9.35   37.79   34.48   109.21  113.00    92.66   94.86   123.74   93.93 
  24    0.01    4.40     37.75    2.01    1.64     19.51   12.57    9.44    307.73    0.00    6.38      9.02   40.61   34.73   113.17  115.56    96.32   97.93   127.16   96.25 
  25    0.01    4.41     33.92    3.22    1.71     18.17   15.04    9.67    307.73    0.00    6.13      8.92   42.22   35.03   117.06  117.47   100.28   99.90   131.00   98.25 
  26    0.01    4.42     34.81    2.96    1.76     24.65    7.30    9.58    311.58    0.00    5.89      9.57   40.53   35.24   121.30  117.67   104.52  100.18   135.20   98.50 
  27    0.01    4.41     37.01    2.32    1.78     22.61    9.53    9.58    311.58    0.00    5.67      9.13   44.76   35.60   126.37  115.17   109.35   97.56   140.30   95.69 
  28    0.01    4.44     33.94    3.33    1.83     19.92   13.35    9.71    311.58    0.00    5.47      9.06   46.75   35.99   130.85  109.51   114.45   91.64   145.17   90.66 
  29    0.01    4.44     27.19    7.20    2.02     18.62   15.85    9.92    311.58    0.00    5.28      8.24   52.80   36.57   135.94  102.06   119.22   84.51   149.95   82.97 
  30    0.01    4.43     31.85    4.31    2.09     16.76   19.90   10.25    311.58    0.00    5.10      7.77   54.74   37.18   144.00   94.14   127.54   76.42   158.22   75.27 
  31    0.01    4.41     30.09    5.47    2.20     21.55   11.54   10.30    310.74    0.00    4.94      8.64   49.41   37.57   153.26   88.96   136.75   71.20   167.53   70.07 
  32    0.01    4.42     32.00    4.52    2.28     19.50   14.87   10.44    310.74    0.00    4.79      9.25   46.36   37.85   160.49   90.26   143.68   72.66   174.51   71.07 
  33    0.01    4.42     38.31    2.26    2.27     18.62   16.72   10.63    310.74    0.00    4.64      9.23   46.62   38.11   165.90   96.58   148.65   79.37   179.46   77.01 
  34    0.01    4.39     36.83    2.72    2.29     17.25   19.50   10.89    310.74    0.00    4.50     10.34   42.18   38.23   166.98  100.10   149.30   83.01   180.37   80.17 
  35    0.01    4.40     34.39    3.66    2.33     16.11   22.54   11.22    310.74    0.00    4.38     10.32   42.65   38.36   170.23  101.99   152.68   85.03   183.51   82.22 
  36    0.03    4.39     37.29    2.64    2.34     22.39   10.99   11.22     46.08    0.55    4.27     10.84   40.80   38.43   171.33  103.10   153.90   85.77   184.98   83.33 
  37    0.03    4.43     34.02    3.91    2.38     23.22   10.12   11.19     46.08    0.55    4.17     10.46   42.36   38.53   174.78  105.09   156.57   88.75   187.29   84.74 
  38    0.03    4.40     37.28    2.68    2.39     22.03   11.49   11.20     46.08    0.55    4.07     10.89   40.90   38.60   174.32  105.60   156.24   88.85   187.25   85.30 
  39    0.03    4.44     35.17    3.41    2.41     19.01   16.01   11.32     46.08    0.55    3.98     10.68   42.11   38.69   172.68  104.03   153.92   87.70   185.10   83.17 
  40    0.03    4.42     36.50    2.93    2.43     17.86   18.16   11.49     46.08    0.55    3.90     10.30   42.99   38.79   175.06  102.64   156.78   85.99   187.84   82.16 
  41    0.01    4.44     39.05    2.19    2.42     25.75    7.27   11.39     40.38    1.11    3.83     10.94   39.74   38.82   175.77  101.09   157.34   85.03   187.94   80.56 
  42    0.01    4.44     36.66    2.87    2.43     22.84   10.10   11.36     40.38    1.11    3.76     10.89   40.09   38.85   174.09   98.02   156.04   81.48   186.74   77.77 
  43    0.01    4.42     36.65    2.87    2.44     19.87   14.10   11.42     40.38    1.11    3.70     10.88   39.17   38.86   176.13   96.99   157.59   81.07   188.05   76.42 
  44    0.01    4.42     34.46    3.71    2.47     19.15   15.39   11.51     40.38    1.11    3.64     10.72   39.57   38.87   174.85  100.03   156.17   84.75   186.31   79.45 
  45    0.01    4.43     36.74    2.86    2.48     18.82   15.92   11.61     40.38    1.11    3.59     10.95   38.46   38.86   175.23  100.31   156.90   85.03   186.79   80.09 
  46    0.02    4.42     36.48    2.95    2.49     25.55    7.27   11.51     37.60    1.56    3.54     10.90   38.09   38.85   175.47  102.22   157.32   86.83   187.13   82.15 
  47    0.02    4.43     35.00    3.49    2.51     21.86   11.03   11.50     37.60    1.56    3.50     10.86   38.41   38.84   175.01  102.59   157.29   87.19   186.75   82.94 
  48    0.02    4.44     34.70    3.63    2.53     20.52   12.74   11.53     37.60    1.56    3.46     10.65   38.94   38.84   174.71  103.37   156.94   87.89   186.57   83.68 
  49    0.02    4.46     37.16    2.74    2.54     19.66   13.92   11.58     37.60    1.56    3.42     10.80   37.95   38.82   174.43  102.79   156.97   86.74   186.86   83.28 
  50    0.02    4.42     37.81    2.56    2.54     17.80   17.15   11.69     37.60    1.56    3.39     10.60   38.77   38.82   177.20  101.67   160.41   85.34   189.96   82.72 
  51    0.02    4.47     34.73    3.65    2.56     22.41    9.96   11.66     36.13    1.88    3.36     10.55   39.17   38.83   178.95   96.91   162.05   81.13   191.17   77.98 
  52    0.02    4.44     37.09    2.78    2.56     22.13   10.11   11.63     36.13    1.88    3.33     10.33   39.70   38.84   181.66   92.51   165.17   76.31   194.39   73.92 
  53    0.02    4.44     37.43    2.74    2.57     22.03    9.99   11.60     36.13    1.88    3.30     10.08   39.23   38.85   187.20   89.49   170.39   73.82   199.43   70.71 
  54    0.02    4.42     38.35    2.49    2.57     19.70   12.79   11.62     36.13    1.88    3.27     10.89   34.96   38.78   190.50   89.19   173.88   73.08   203.25   70.59 
  55    0.02    4.41     35.64    3.48    2.58     18.76   14.10   11.66     36.13    1.88    3.25     10.43   34.94   38.71   192.08   94.67   175.53   78.79   204.52   76.05 
  56    0.02    4.41     34.28    4.13    2.61     22.87    8.68   11.61     34.58    2.26    3.23     10.20   34.83   38.64   190.76  102.48   174.30   86.51   203.32   83.94 
  57    0.02    4.46     33.01    4.83    2.65     21.93    9.43   11.57     34.58    2.26    3.21     10.20   34.46   38.57   189.24  107.94   172.85   91.80   201.97   89.42 
  58    0.02    4.44     34.01    4.32    2.68     19.41   12.35   11.58     34.58    2.26    3.20     10.94   31.57   38.45   189.26  111.70   173.14   95.46   202.16   93.43 
  59    0.02    4.40     34.22    4.23    2.70     18.53   13.47   11.62     34.58    2.26    3.18     11.38   29.90   38.30   188.81  113.15   172.95   97.31   201.38   95.25 
  60    0.02    4.44     35.55    3.54    2.72     18.27   13.76   11.65     34.58    2.26    3.17     10.69   32.74   38.21   184.92  110.69   168.88   95.02   197.26   92.62 
  61    0.03    4.48     35.31    3.57    2.73     21.22    9.67   11.62     33.60    2.52    3.16     10.45   34.11   38.14   183.47  103.91   168.22   87.57   196.64   86.50 
  62    0.03    4.47     37.38    2.84    2.73     20.33   10.52   11.60     33.60    2.52    3.15     11.19   30.85   38.02   188.63   99.71   172.67   83.85   201.21   81.68 
  63    0.03    4.42     38.24    2.61    2.73     20.31   10.46   11.58     33.60    2.52    3.14     11.00   30.74   37.91   193.91   96.39   178.00   81.08   206.05   78.57 
  64    0.03    4.45     37.89    2.78    2.73     18.56   12.59   11.60     33.60    2.52    3.13     10.96   29.56   37.78   198.58   96.88   182.56   81.88   210.48   79.05 
  65    0.03    4.46     36.68    3.20    2.74     17.13   14.74   11.65     33.60    2.52    3.12     11.23   28.41   37.63   198.02   98.70   182.19   83.60   210.08   81.04 
  66    0.03    4.43     38.23    2.69    2.74     22.50    7.91   11.59     32.66    2.79    3.11     11.05   28.60   37.50   197.67  102.64   181.49   87.80   209.25   84.63 
  67    0.03    4.44     36.93    3.09    2.74     22.53    8.02   11.54     32.66    2.79    3.11     11.14   28.87   37.37   192.32  105.74   176.95   90.44   204.60   88.46 
  68    0.03    4.45     36.91    3.01    2.75     20.56   10.08   11.52     32.66    2.79    3.10     10.40   31.73   37.28   185.31  107.06   169.55   92.11   197.18   89.46 
  69    0.03    4.46     34.35    3.94    2.77     19.12   11.91   11.52     32.66    2.79    3.10     10.87   30.75   37.19   178.24  106.11   163.08   90.63   190.73   89.02 
  70    0.03    4.44     33.45    4.26    2.79     18.75   12.48   11.54     32.66    2.79    3.09     11.15   29.78   37.08   172.05  105.86   157.02   90.25   184.75   88.90 
  71    0.04    4.42     33.30    4.10    2.81     25.77    5.55   11.45     32.03    2.97    3.09     10.57   32.83   37.02   163.20  100.82   148.06   85.42   175.62   83.77 
  72    0.04    4.45     35.48    3.10    2.81     24.79    6.23   11.38     32.03    2.97    3.09     11.88   27.95   36.90   159.46   97.51   144.31   82.18   171.82   80.48 
  73    0.04    4.42     35.86    2.89    2.81     25.30    5.85   11.30     32.03    2.97    3.09     11.76   28.83   36.79   158.23   91.05   143.50   75.87   170.56   74.47 
  74    0.04    4.41     35.79    2.95    2.81     24.73    6.21   11.23     32.03    2.97    3.09     12.06   26.75   36.65   161.29   88.87   146.24   73.95   173.26   71.99 
  75    0.04    4.44     35.87    2.95    2.81     24.09    6.70   11.17     32.03    2.97    3.08     12.14   25.81   36.51   162.45   91.96   147.19   76.77   174.74   74.85 
  76    0.04    4.44     36.55    2.74    2.81     24.90    6.10   11.11     31.64    3.09    3.08     12.10   25.98   36.37   162.28   94.24   146.78   78.99   174.57   76.87 
  77    0.04    4.45     33.73    3.82    2.83     26.00    5.44   11.03     31.64    3.09    3.09     12.25   25.68   36.23   161.48   96.36   146.17   81.55   173.37   79.30 
  78    0.04    4.45     36.15    2.91    2.83     24.93    6.20   10.97     31.64    3.09    3.09     12.07   26.21   36.10   161.99   99.31   147.70   84.02   174.40   83.07 
  79    0.04    4.47     37.79    2.40    2.82     26.50    5.18   10.90     31.64    3.09    3.09     12.51   25.39   35.97   161.23  100.00   146.40   85.30   172.87   83.29 
  80    0.04    4.45     36.60    2.73    2.82     26.79    4.99   10.82     31.64    3.09    3.09     12.05   26.66   35.85   157.96  101.11   142.96   85.94   170.31   84.26 
  81    0.05    4.42     36.90    2.61    2.82     27.96    4.40   10.74     31.38    3.17    3.09     12.54   25.49   35.72   156.28  101.44   141.57   86.75   168.03   84.91 
  82    0.05    4.39     35.34    3.06    2.82     28.95    3.94   10.66     31.38    3.17    3.09     13.26   24.18   35.58   152.43   98.79   137.54   83.88   164.36   82.06 
  83    0.05    4.40     36.59    2.65    2.82     27.35    4.73   10.59     31.38    3.17    3.09     12.64   25.94   35.46   155.95   95.00   140.73   80.66   167.35   78.08 
  84    0.05    4.38     34.32    3.50    2.83     27.30    4.78   10.52     31.38    3.17    3.09     12.61   25.81   35.35   158.92   93.21   144.07   78.40   170.80   76.52 
  85    0.05    4.41     33.95    3.70    2.84     25.68    5.77   10.47     31.38    3.17    3.09     13.19   24.21   35.22   162.82   92.23   147.37   77.78   174.24   75.05 
  86    0.05    4.43     36.75    2.84    2.84     24.19    6.93   10.42     31.27    3.20    3.09     10.63   29.54   35.15   173.35   97.12   158.39   82.03   185.50   80.33 
  87    0.05    4.42     32.01    5.05    2.86     26.25    5.46   10.37     31.27    3.20    3.09     12.04   26.69   35.06   176.32   99.38   160.65   84.85   187.77   81.98 
  88    0.05    4.40     36.60    3.05    2.87     23.76    7.41   10.33     31.27    3.20    3.09     12.37   26.17   34.95   183.21  100.09   168.26   85.26   195.15   83.38 
  89    0.05    4.39     34.01    4.23    2.88     22.49    8.60   10.31     31.27    3.20    3.10     11.36   29.52   34.89   190.30   97.03   175.18   82.15   202.12   80.04 
  90    0.05    4.44     34.60    4.02    2.89     20.65   10.76   10.32     31.27    3.20    3.10     12.01   28.02   34.82   194.73   95.57   179.93   80.52   206.80   78.86 
  91    0.06    4.45     34.88    3.92    2.90     27.08    5.16   10.26     31.07    3.27    3.10     12.75   26.37   34.72   197.69   93.41   182.59   78.44   209.67   76.45 
  92    0.06    4.41     32.41    5.26    2.93     24.73    6.80   10.22     31.07    3.27    3.10     13.46   25.06   34.62   198.67   92.50   183.85   77.30   210.93   75.83 
  93    0.06    4.42     33.56    4.63    2.95     25.34    6.47   10.18     31.07    3.27    3.10     13.18   26.25   34.53   200.64   91.73   186.42   76.27   213.28   75.59 
  94    0.06    4.41     34.31    4.21    2.96     22.91    8.63   10.17     31.07    3.27    3.10     13.28   27.38   34.45   200.89   87.49   186.70   72.25   213.34   71.42 
  95    0.06    4.46     33.28    4.73    2.98     21.27   10.29   10.17     31.07    3.27    3.11     12.87   28.36   34.39   200.53   84.18   186.56   68.93   213.08   68.32 
  96    0.07    4.45     32.89    4.95    3.00     25.39    6.44   10.13     30.82    3.37    3.11     12.82   28.33   34.33   201.03   81.99   187.17   66.76   213.54   66.25 
  97    0.07    4.44     33.66    4.50    3.02     23.71    7.94   10.11     30.82    3.37    3.11     12.79   28.40   34.26   200.01   81.97   186.08   66.84   212.33   66.14 
  98    0.07    4.44     32.03    5.44    3.04     22.10    9.50   10.10     30.82    3.37    3.11     12.54   28.29   34.20   199.04   83.65   185.17   68.64   211.31   67.91 
  99    0.07    4.43     32.71    5.14    3.06     20.30   11.84   10.12     30.82    3.37    3.12     11.01   30.32   34.16   202.37   90.45   188.10   75.77   214.29   74.43 
 100    0.07    4.40     31.78    5.73    3.09     21.11   10.76   10.13     30.82    3.37    3.12     10.49   34.99   34.17   198.47   97.89   184.65   83.53   210.13   82.29 
 101    0.08    4.43     32.37    5.31    3.11     26.02    6.23   10.09     30.53    3.49    3.12     11.52   32.99   34.16   195.90  101.40   181.65   87.51   207.02   85.47 
 102    0.08    4.44     33.08    4.82    3.13     22.65    9.18   10.08     30.53    3.49    3.13     12.00   32.88   34.15   191.60  103.37   177.52   89.44   202.84   87.63 
 103    0.08    4.42     33.13    4.65    3.14     21.07   10.97   10.09     30.53    3.49    3.13     11.97   34.77   34.15   184.73  103.81   169.58   90.13   195.54   87.09 
 104    0.08    4.45     36.19    3.16    3.14     19.69   12.97   10.11     30.53    3.49    3.13     12.66   31.84   34.13   180.70  100.44   165.72   87.26   190.97   83.90 
 105    0.08    4.48     35.94    3.21    3.14     19.36   13.35   10.15     30.53    3.49    3.14     13.55   26.86   34.06   181.27   95.43   166.35   82.40   191.51   79.00 
 106    0.09    4.43     37.45    2.72    3.14     23.65    8.09   10.13     30.14    3.66    3.14     12.81   27.43   34.00   185.34   90.96   170.23   78.07   195.39   74.36 
 107    0.09    4.44     35.02    3.62    3.14     21.39   10.48   10.13     30.14    3.66    3.15     13.25   26.31   33.93   187.82   89.52   172.75   76.44   198.02   72.91 
 108    0.09    4.46     36.31    3.16    3.14     20.85   10.90   10.14     30.14    3.66    3.15     12.87   26.49   33.86   188.66   91.81   173.10   80.07   197.60   74.96 
 109    0.09    4.44     36.34    3.15    3.14     21.14   10.51   10.14     30.14    3.66    3.16     12.89   26.19   33.79   188.39   95.06   172.97   83.72   196.88   78.41 
 110    0.09    4.43     35.65    3.45    3.15     19.89   12.15   10.16     30.14    3.66    3.16     12.76   26.66   33.72   189.71   98.60   174.14   87.06   198.48   81.81 
 111    0.10    4.42     34.10    4.16    3.16     22.73    8.85   10.15     29.78    3.82    3.17     13.15   26.19   33.66   190.49  100.81   175.48   89.40   198.95   84.49 
 112    0.10    4.40     36.30    3.22    3.16     19.78   12.56   10.17     29.78    3.82    3.17     13.09   26.87   33.60   189.53  102.86   174.54   91.43   198.00   86.55 
 113    0.10    4.41     35.41    3.60    3.16     17.61   16.27   10.22     29.78    3.82    3.18     12.40   28.86   33.55   189.99  105.85   175.03   94.24   198.61   89.52 
 114    0.10    4.41     34.04    4.23    3.17     16.89   17.59   10.29     29.78    3.82    3.18     12.39   29.17   33.52   191.11  106.65   176.56   95.27   199.67   90.79 
 115    0.10    4.42     35.06    3.80    3.18     16.67   17.89   10.35     29.78    3.82    3.19     12.54   29.25   33.48   191.64  106.88   176.67   95.89   199.73   90.66 
 116    0.10    4.44     36.44    3.24    3.18     25.27    6.57   10.32     29.30    4.05    3.20     12.83   29.21   33.44   193.38  102.87   178.91   91.27   202.00   87.00 
 117    0.10    4.45     35.43    3.58    3.18     21.79    9.70   10.31     29.30    4.05    3.20     13.84   25.66   33.38   192.62   98.80   178.10   87.18   201.25   82.88 
 118    0.10    4.42     37.12    2.98    3.18     19.73   12.33   10.33     29.30    4.05    3.21     12.78   27.58   33.33   196.45   98.90   182.30   87.30   205.14   83.34 
 119    0.10    4.41     37.05    3.06    3.18     18.13   14.65   10.37     29.30    4.05    3.22     11.80   28.94   33.29   199.18  101.94   185.10   90.81   207.67   86.61 
 120    0.10    4.42     37.27    3.00    3.17     18.08   14.41   10.40     29.30    4.05    3.22     11.86   28.06   33.25   196.28  105.48   182.26   94.44   204.70   90.23 
 121    0.11    4.44     37.97    2.76    3.17     23.07    8.07   10.38     29.02    4.18    3.23     12.39   26.88   33.19   194.32  108.96   180.36   98.36   202.28   93.82 
 122    0.11    4.44     36.09    3.38    3.17     23.33    7.90   10.36     29.02    4.18    3.24     12.50   27.08   33.14   191.43  110.76   177.97   99.51   200.07   95.99 
 123    0.11    4.43     38.53    2.52    3.17     24.13    7.23   10.34     29.02    4.18    3.25     12.79   27.01   33.09   186.54  111.42   172.89  100.55   194.75   96.53 
 124    0.11    4.46     38.49    2.50    3.16     23.47    7.83   10.32     29.02    4.18    3.26     13.05   26.67   33.04   183.95  110.56   170.48   99.52   192.34   95.82 
 125    0.11    4.42     36.44    3.14    3.16     22.66    8.54   10.30     29.02    4.18    3.26     13.28   25.99   32.98   182.58  108.63   169.21   97.78   190.81   94.03 
 126    0.12    4.42     37.17    2.83    3.16     25.82    5.96   10.27     28.89    4.24    3.27     13.04   26.79   32.94   179.94  106.44   166.76   95.50   188.27   92.01 
 127    0.12    4.42     37.46    2.68    3.16     21.86    9.40   10.26     28.89    4.24    3.28     13.21   26.08   32.88   176.41  104.16   163.35   92.98   185.01   89.80 
 128    0.12    4.40     33.82    3.95    3.16     18.70   13.64   10.29     28.89    4.24    3.29     12.80   27.40   32.84   172.04  102.39   159.39   91.41   180.51   88.40 
 129    0.12    4.41     35.04    3.39    3.16     18.06   14.47   10.32     28.89    4.24    3.29     13.12   26.17   32.79   169.71  100.49   156.72   89.78   177.85   86.27 
 130    0.12    4.40     33.65    3.87    3.17     18.77   13.29   10.34     28.89    4.24    3.30     13.98   24.91   32.73   165.27   95.61   151.80   85.17   173.14   80.99 
 131    0.22    4.41     34.70    3.34    3.17     22.62    8.57   10.33     28.61    4.38    3.31     13.62   26.25   32.68   165.20   89.35   151.65   79.36   172.47   74.65 
 132    0.22    4.44     33.95    3.62    3.17     21.30   10.12   10.33     28.61    4.38    3.32     14.03   23.28   32.61   164.39   89.55   150.63   79.84   171.59   74.80 
 133    0.22    4.44     35.00    3.21    3.17     20.63   11.01   10.33     28.61    4.38    3.32     12.39   26.85   32.56   161.05   93.31   147.31   82.88   168.68   78.34 
 134    0.22    4.43     32.99    4.06    3.18     19.71   12.35   10.35     28.61    4.38    3.33     13.01   25.87   32.51   161.51   95.27   147.29   86.06   168.12   80.12 
 135    0.22    4.47     33.65    3.75    3.19     19.51   13.02   10.37     28.61    4.38    3.34     13.29   25.92   32.46   161.77   96.76   148.08   86.83   169.19   82.03 
 136    0.14    4.39     35.15    3.17    3.18     21.77   10.31   10.37     28.33    4.52    3.35     12.47   28.20   32.43   159.36  100.71   145.87   90.81   166.73   86.14 
 137    0.14    4.38     31.74    4.68    3.20     19.26   13.87   10.39     28.33    4.52    3.36     12.58   29.11   32.41   158.10  102.36   144.24   92.49   165.38   87.46 
 138    0.14    4.38     32.82    4.14    3.20     18.22   15.93   10.43     28.33    4.52    3.37     12.61   29.75   32.39   157.22  103.55   143.68   93.33   164.86   88.90 
 139    0.14    4.37     34.19    3.49    3.20     17.51   17.29   10.48     28.33    4.52    3.37     12.59   30.44   32.38   154.34  103.32   140.83   92.52   162.49   88.60 
 140    0.14    4.37     31.23    4.96    3.22     17.31   17.91   10.54     28.33    4.52    3.38     12.74   30.06   32.36   157.36  102.15   144.17   90.97   165.93   87.67 
 141    0.14    4.44     32.71    4.30    3.22     23.91    8.44   10.52     28.08    4.67    3.39     11.99   32.12   32.36   163.83  102.94   150.65   91.70   172.47   88.44 
 142    0.14    4.45     32.85    4.36    3.23     22.24   10.21   10.52     28.08    4.67    3.40     11.91   32.66   32.36   169.74  103.17   156.27   91.91   178.35   88.39 
 143    0.14    4.45     34.88    3.57    3.24     20.36   12.71   10.53     28.08    4.67    3.41     11.98   32.05   32.36   176.04  103.28   162.80   91.97   184.66   88.72 
 144    0.14    4.42     35.62    3.36    3.24     19.96   13.49   10.55     28.08    4.67    3.42     12.22   31.94   32.35   181.90  103.27   168.49   92.33   190.14   88.62 
 145    0.14    4.44     35.87    3.30    3.24     18.25   16.61   10.60     28.08    4.67    3.43     12.28   32.55   32.36   184.76  103.18   171.48   92.06   193.18   88.63 
 146    0.16    4.42     35.21    3.59    3.24     24.20    8.42   10.58     27.91    4.78    3.44     12.30   32.33   32.36   186.13  105.13   172.88   93.82   194.77   90.60 
 147    0.16    4.42     35.39    3.53    3.24     23.39    9.22   10.57     27.91    4.78    3.45     12.31   32.37   32.36   184.88  106.94   171.69   95.88   193.25   92.51 
 148    0.16    4.46     34.21    4.04    3.25     21.00   12.14   10.58     27.91    4.78    3.45     12.85   31.43   32.35   185.88  105.89   172.74   94.86   194.24   91.51 
 149    0.16    4.44     34.77    3.82    3.25     19.23   14.90   10.61     27.91    4.78    3.46     12.08   35.35   32.37   190.35  103.61   177.41   93.07   198.32   89.45 
 150    0.16    4.46     35.41    3.53    3.25     19.78   13.83   10.63     27.91    4.78    3.47     12.62   32.52   32.37   187.61  101.55   174.88   91.07   195.56   87.56 
 151    0.17    4.43     34.89    3.73    3.26     23.02    9.48   10.62     27.72    4.92    3.48     12.41   33.34   32.38   186.57  100.83   174.06   90.35   194.61   87.09 
 152    0.17    4.48     32.43    4.79    3.27     18.70   16.30   10.66     27.72    4.92    3.49     13.21   32.39   32.38   180.60   99.91   168.26   89.29   188.76   86.30 
 153    0.17    4.44     30.63    5.68    3.28     15.55   22.99   10.74     27.72    4.92    3.50     12.21   36.89   32.41   174.48   95.22   162.39   84.44   182.86   81.85 
 154    0.17    4.45     28.68    7.08    3.31     14.07   27.01   10.85     27.72    4.92    3.51     11.67   37.47   32.44   174.66   94.89   163.08   83.91   183.33   81.98 
 155    0.17    4.49     26.81    8.71    3.34     12.75   31.88   10.98     27.72    4.92    3.52     10.87   38.47   32.48   173.78   98.57   161.77   88.52   181.45   85.36 
 156    0.19    4.42     27.29    8.22    3.37     17.03   20.20   11.04     27.30    5.18    3.53     11.68   35.49   32.50   171.38  100.50   159.28   90.65   178.86   87.24 
 157    0.19    4.45     25.99    9.51    3.41     14.80   26.73   11.14     27.30    5.18    3.54     11.39   37.65   32.53   171.59  103.91   159.91   93.75   179.40   90.98 
 158    0.19    4.42     26.30    9.21    3.45     13.72   31.72   11.27     27.30    5.18    3.55     11.69   38.46   32.57   169.81  105.78   158.86   94.88   178.58   93.52 
 159    0.19    4.42     23.05   13.66    3.51     12.46   32.83   11.41     27.30    5.18    3.56     11.16   45.21   32.65   178.07  103.83   166.91   92.73   187.05   91.37 
 160    0.19    4.44     22.80   14.23    3.58     12.52   33.07   11.54     27.30    5.18    3.57     10.74   43.90   32.72   179.98  105.42   169.26   94.34   188.96   93.40 
 161    0.19    4.43     22.79   14.42    3.65     23.49    9.17   11.53     26.82    5.52    3.58     12.02   36.10   32.74   182.44  105.73   171.93   94.84   191.30   93.94 
 162    0.19    4.47     23.61   13.22    3.71     23.31    9.50   11.52     26.82    5.52    3.59     12.15   35.04   32.75   182.60  107.09   172.09   96.32   191.36   95.32 
 163    0.19    4.45     24.05   12.69    3.76     21.96   10.93   11.51     26.82    5.52    3.61     12.88   33.99   32.76   184.52  107.20   174.06   96.28   193.36   95.42 
 164    0.19    4.45     23.86   12.91    3.82     20.30   13.13   11.52     26.82    5.52    3.62     13.34   30.51   32.75   183.87  106.91   173.72   95.94   192.89   95.45 
 165    0.19    4.49     24.02   12.76    3.87     18.67   15.54   11.55     26.82    5.52    3.63     13.22   31.37   32.74   184.69  106.73   174.59   95.80   193.64   95.32 
 166    0.21    4.41     24.20   12.45    3.92     21.76   10.84   11.54     26.67    5.64    3.64     13.27   29.84   32.72   183.98  107.04   173.82   96.17   192.86   95.58 
 167    0.21    4.37     24.32   11.83    3.97     16.93   18.43   11.58     26.67    5.64    3.65     11.65   32.17   32.72   175.67  105.76   166.00   94.57   184.86   94.69 
 168    0.21    4.40     23.45   12.69    4.02     15.82   19.30   11.63     26.67    5.64    3.67     11.92   30.87   32.71   170.55  102.53   161.14   91.37   179.74   91.71 
 169    0.21    4.39     24.02   11.65    4.07     13.99   23.39   11.70     26.67    5.64    3.68     11.20   32.01   32.70   165.83  102.23   155.96   91.58   174.57   91.11 
 170    0.21    4.42     22.02   14.58    4.13     12.76   25.88   11.78     26.67    5.64    3.69     10.92   32.88   32.70   167.15  102.19   157.11   91.52   175.91   90.93 
 171    0.22    4.42     21.54   15.03    4.19     21.42    9.70   11.77     26.29    5.89    3.70     11.57   30.08   32.69   163.47  100.66   153.75   89.64   172.47   89.55 
 172    0.22    4.41     21.05   15.95    4.26     19.45   12.03   11.77     26.29    5.89    3.71     11.85   29.22   32.67   164.11  100.83   154.36   90.02   172.91   89.73 
 173    0.22    4.39     21.89   14.37    4.32     18.33   13.95   11.79     26.29    5.89    3.73     11.83   29.64   32.65   161.84   99.60   152.11   88.36   171.09   88.48 
 174    0.22    4.44     21.84   14.46    4.38     16.38   17.66   11.82     26.29    5.89    3.74     11.65   30.84   32.64   162.01   99.27   152.33   88.11   171.17   88.19 
 175    0.22    4.39     20.92   16.03    4.44     16.03   18.22   11.86     26.29    5.89    3.75     12.22   29.52   32.62   164.48   97.83   154.90   86.28   174.02   86.79 
 176    0.24    4.39     21.11   15.87    4.51     21.33    9.77   11.84     26.07    6.03    3.76     12.26   29.56   32.60   167.70   96.36   158.07   84.96   177.09   85.32 
 177    0.24    4.38     21.44   15.36    4.57     19.25   12.43   11.85     26.07    6.03    3.78     12.09   29.86   32.59   169.21   94.68   159.42   83.19   178.65   83.43 
 178    0.24    4.38     21.27   15.79    4.63     16.21   17.53   11.88     26.07    6.03    3.79     11.51   31.64   32.58   171.63   94.69   162.26   82.80   181.51   83.82 
 179    0.24    4.41     21.73   15.25    4.69     14.52   20.98   11.93     26.07    6.03    3.80     11.42   31.90   32.58   174.22   93.46   164.94   81.96   183.69   82.73 
 180    0.24    4.41     22.23   14.42    4.75     13.84   22.79   11.99     26.07    6.03    3.81     11.09   32.63   32.58   174.26   94.55   165.49   82.29   184.60   84.20 
 181    0.25    4.42     22.04   14.72    4.80     20.68   10.25   11.98     25.80    6.21    3.83     10.95   32.98   32.58   173.92   94.89   165.11   82.67   184.13   84.47 
 182    0.25    4.44     21.61   15.26    4.86     17.72   14.19   11.99     25.80    6.21    3.84      9.82   37.36   32.61   171.07   94.26   162.32   81.96   181.37   83.89 
 183    0.25    4.43     21.11   16.04    4.92     17.61   14.32   12.01     25.80    6.21    3.85     10.89   32.63   32.61   171.45   93.75   163.06   81.06   182.18   83.64 
 184    0.25    4.42     21.10   16.00    4.98     15.91   17.28   12.03     25.80    6.21    3.87     10.83   32.27   32.61   171.62   92.75   163.54   79.84   182.63   82.91 
 185    0.25    4.40     21.76   14.88    5.03     15.98   16.98   12.06     25.80    6.21    3.88     10.95   31.64   32.60   171.57   91.46   163.58   78.40   182.74   81.67 
 186    0.27    4.42     21.04   16.09    5.09     19.17   11.77   12.06     25.61    6.33    3.89     11.40   29.95   32.59   172.89   91.01   165.00   78.06   183.98   81.36 
 187    0.27    4.41     21.31   15.75    5.15     17.59   14.27   12.07     25.61    6.33    3.91     11.38   30.26   32.58   174.43   89.91   166.32   76.88   185.56   80.02 
 188    0.27    4.46     21.57   15.25    5.20     16.74   16.23   12.09     25.61    6.33    3.92     11.52   30.48   32.56   173.97   89.33   166.23   76.09   185.36   79.78 
 189    0.27    4.43     21.77   15.11    5.26     14.98   20.11   12.14     25.61    6.33    3.93     12.02   29.07   32.55   176.93   87.09   170.12   73.48   188.77   78.30 
 190    0.27    4.44     21.48   15.70    5.31     14.66   21.29   12.18     25.61    6.33    3.94     12.56   27.95   32.52   179.42   86.07   171.87   72.64   191.03   76.65 
 191    0.28    4.43     22.15   14.62    5.36     21.25   10.10   12.17     25.40    6.47    3.96     13.73   24.94   32.48   179.47   84.64   172.37   71.08   191.22   75.58 
 192    0.28    4.41     21.82   14.65    5.41     17.11   15.83   12.19     25.40    6.47    3.97     11.85   31.59   32.48   173.94   80.77   167.24   67.47   185.50   72.14 
 193    0.28    4.44     21.38   15.34    5.46     16.40   17.09   12.22     25.40    6.47    3.98     11.66   30.64   32.47   173.98   80.33   167.45   67.06   185.54   71.88 
 194    0.28    4.41     21.26   15.50    5.51     16.28   17.40   12.24     25.40    6.47    4.00     11.42   31.94   32.46   172.70   81.85   166.42   68.50   184.35   73.59 
 195    0.28    4.41     21.59   14.68    5.56     14.95   20.01   12.28     25.40    6.47    4.01     11.18   33.45   32.47   168.41   82.95   161.69   69.81   179.83   74.37 
 196    0.30    4.37     20.65   16.33    5.61     20.63   10.46   12.27     25.25    6.57    4.02     11.24   31.86   32.47   167.73   85.11   161.12   71.34   179.83   76.62 
 197    0.30    4.43     20.62   16.08    5.67     18.85   12.76   12.28     25.25    6.57    4.03     11.68   30.90   32.46   164.35   84.06   157.65   70.25   176.47   75.48 
 198    0.30    4.45     19.67   18.15    5.73     18.13   14.01   12.29     25.25    6.57    4.05     11.42   29.51   32.44   167.96   84.70   160.79   70.81   180.08   75.68 
 199    0.30    4.44     20.29   17.04    5.79     16.32   16.86   12.31     25.25    6.57    4.06     12.19   27.75   32.42   168.72   81.53   162.40   67.84   180.81   73.34 
 200    0.30    4.43     27.14    7.93    5.80     15.07   17.74   12.34     25.25    6.57    4.07     12.41   25.54   32.39   158.65   80.84   151.26   66.95   170.71   71.59 
 201    0.32    4.43     29.01    6.47    5.80     19.12   11.20   12.33     25.04    6.72    4.09     13.84   23.07   32.34   162.56   77.47   155.16   63.72   174.52   68.26 
 202    0.32    4.43     28.09    7.27    5.81     18.99   11.17   12.32     25.04    6.72    4.10     13.23   23.16   32.29   165.24   74.48   157.88   60.55   177.42   65.35 
 203    0.32    4.42     28.60    7.05    5.81     18.00   12.39   12.32     25.04    6.72    4.11     12.13   24.78   32.26   170.43   74.72   163.31   60.67   182.73   65.78 
 204    0.32    4.44     28.49    7.34    5.82     17.66   13.04   12.33     25.04    6.72    4.12     11.95   24.75   32.22   175.80   76.87   168.59   62.77   188.14   67.81 
 205    0.32    4.39     28.71    7.22    5.83     17.43   13.45   12.33     25.04    6.72    4.14     12.54   23.21   32.18   177.13   78.64   169.54   64.52   189.45   69.26 
 206    0.33    4.39     28.31    7.76    5.84     25.64    5.23   12.30     25.01    6.72    4.15     12.62   23.57   32.13   181.04   79.55   173.58   65.27   193.47   70.18 
 207    0.33    4.37     28.16    7.97    5.85     25.89    5.10   12.26     25.01    6.72    4.16     13.22   22.41   32.09   184.41   78.36   177.08   64.12   196.87   69.15 
 208    0.33    4.44     28.42    7.65    5.86     25.58    5.26   12.23     25.01    6.72    4.17     14.30   20.54   32.03   183.82   73.94   176.90   59.49   196.51   65.07 
 209    0.33    4.39     28.85    7.25    5.86     23.90    6.32   12.20     25.01    6.72    4.19     13.74   21.75   31.98   184.61   70.36   177.28   56.29   196.96   61.21 
 210    0.33    4.42     28.93    7.28    5.87     25.02    5.58   12.17     25.01    6.72    4.20     13.04   23.12   31.94   188.00   69.12   180.71   54.99   200.27   59.88 
 211    0.36    4.42     29.41    7.02    5.88     27.21    4.32   12.13     25.03    6.68    4.21     12.08   24.60   31.91   191.78   69.40   184.75   55.06   204.40   60.46 
 212    0.36    4.40     29.42    6.96    5.88     26.16    4.88   12.10     25.03    6.68    4.22     12.33   22.76   31.86   188.71   72.52   181.94   58.41   201.05   63.79 
 213    0.36    4.43     29.20    7.21    5.89     24.48    6.06   12.07     25.03    6.68    4.23     11.61   24.10   31.83   189.12   79.03   182.44   64.91   201.60   70.50 
 214    0.36    4.37     29.37    7.02    5.89     24.04    6.35   12.04     25.03    6.68    4.25     11.98   23.53   31.79   186.22   83.57   179.31   69.28   198.83   74.80 
 215    0.36    4.39     29.04    7.09    5.90     23.50    6.78   12.02     25.03    6.68    4.26     11.96   23.91   31.75   178.83   86.62   172.39   72.44   191.29   78.22 
 216    0.40    4.43     29.64    6.46    5.90     21.23    8.80   12.01     25.04    6.65    4.27     12.03   23.84   31.71   172.43   88.84   165.46   74.38   185.13   79.90 
 217    0.40    4.43     29.20    6.61    5.90     23.24    7.01   11.98     25.04    6.65    4.28     12.82   22.63   31.67   165.43   89.11   159.19   75.18   177.68   80.92 
 218    0.40    4.42     27.24    7.94    5.91     20.57    9.40   11.97     25.04    6.65    4.29     12.62   25.01   31.64   156.54   86.48   150.23   71.86   169.44   78.11 
 219    0.40    4.44     28.44    6.90    5.92     21.37    8.74   11.96     25.04    6.65    4.30     12.68   23.37   31.60   156.45   87.85   150.15   74.07   168.55   79.62 
 220    0.40    4.42     27.46    7.62    5.93     23.03    7.29   11.93     25.04    6.65    4.31     13.93   21.53   31.56   154.78   85.38   148.40   71.47   166.98   77.06 
 221    0.39    4.41     26.83    8.09    5.94     24.02    6.48   11.91     24.98    6.67    4.32     13.92   22.08   31.52   152.73   80.93   146.28   66.81   165.28   72.57 
 222    0.39    4.41     28.42    6.81    5.94     22.84    7.58   11.89     24.98    6.67    4.33     12.89   22.90   31.48   156.67   82.44   150.02   68.58   168.92   73.92 
 223    0.39    4.38     27.42    7.79    5.95     22.16    8.26   11.87     24.98    6.67    4.34     12.75   23.44   31.44   159.13   84.05   153.00   69.62   171.97   75.93 
 224    0.39    4.40     27.71    7.71    5.96     22.46    8.11   11.86     24.98    6.67    4.35     13.04   23.19   31.40   162.58   84.95   155.72   70.80   175.12   76.23 
 225    0.39    4.37     27.65    7.92    5.96     21.90    8.74   11.84     24.98    6.67    4.36     12.68   23.99   31.37   166.22   87.37   159.72   72.91   179.04   78.91 
 226    0.44    4.41     27.26    8.45    5.98     25.30    6.03   11.82     24.98    6.66    4.37     12.77   24.13   31.34   169.00   90.58   162.02   76.24   181.55   81.66 
 227    0.44    4.37     27.46    8.44    5.99     22.77    8.21   11.80     24.98    6.66    4.38     12.61   24.89   31.31   170.83   94.33   163.94   79.92   183.55   85.50 
 228    0.44    4.42     25.99   10.33    6.00     21.48    9.50   11.79     24.98    6.66    4.39     12.38   25.91   31.29   174.96   97.12   168.10   82.03   188.28   88.19 
 229    0.44    4.37     26.83    9.49    6.02     20.56   10.72   11.79     24.98    6.66    4.40     12.76   25.66   31.26   178.25   98.20   171.65   83.64   191.11   89.58 
 230    0.44    4.43     27.81    8.49    6.03     21.88    9.30   11.78     24.98    6.66    4.41     14.09   22.89   31.23   181.14   96.81   174.80   81.71   194.56   88.36 
 231    0.44    4.41     26.11   10.53    6.05     17.15   16.06   11.79     24.95    6.68    4.42     13.02   26.60   31.21   187.45   89.00   181.38   73.84   200.92   80.81 
 232    0.44    4.39     26.37   10.17    6.07     17.23   16.00   11.81     24.95    6.68    4.43     13.11   25.80   31.18   187.71   87.92   180.25   73.02   200.69   78.37 
 233    0.44    4.45     26.19   10.14    6.09     16.61   17.25   11.84     24.95    6.68    4.44     13.43   25.81   31.16   184.42   80.72   177.36   65.96   197.37   71.58 
 234    0.44    4.41     25.35   11.00    6.11     16.41   17.42   11.86     24.95    6.68    4.45     13.52   25.45   31.13   184.56   74.79   177.54   59.88   197.67   65.73 
 235    0.44    4.41     25.19   11.12    6.13     16.40   17.40   11.88     24.95    6.68    4.46     14.05   24.25   31.11   184.42   70.07   177.59   55.00   197.75   61.24 
 236    0.47    4.41     24.98   11.05    6.15     22.02    9.21   11.87     24.83    6.77    4.47     14.05   25.69   31.08   179.51   65.11   172.90   49.96   192.88   56.39 
 237    0.47    4.37     26.31    9.42    6.16     20.99   10.56   11.87     24.83    6.77    4.48     12.51   26.78   31.06   177.79   68.12   170.97   53.01   191.06   59.18 
 238    0.47    4.39     26.48    9.05    6.17     19.78   12.07   11.87     24.83    6.77    4.49     12.09   27.07   31.05   173.51   71.24   166.76   56.09   186.83   62.40 
 239    0.47    4.39     27.10    8.26    6.18     18.11   14.82   11.88     24.83    6.77    4.50     11.61   28.85   31.04   168.28   74.24   161.48   59.35   181.33   65.35 
 240    0.47    4.40     26.50    8.71    6.19     17.65   15.87   11.90     24.83    6.77    4.51     12.05   28.78   31.03   164.32   74.05   157.92   58.85   177.75   65.52 
 241    0.50    4.38     25.76    9.48    6.21     21.45   10.24   11.89     24.73    6.84    4.52     12.21   29.12   31.02   164.35   74.67   158.02   59.76   177.55   66.29 
 242    0.50    4.41     26.32    8.87    6.22     19.06   13.63   11.90     24.73    6.84    4.53     12.21   29.30   31.01   163.68   75.00   157.18   60.03   176.90   66.44 
 243    0.50    4.37     26.56    8.62    6.23     18.94   13.72   11.90     24.73    6.84    4.54     12.30   28.35   31.00   162.85   76.06   156.56   61.50   175.71   67.79 
 244    0.50    4.39     27.02    8.09    6.24     18.37   14.68   11.92     24.73    6.84    4.55     12.16   29.05   31.00   160.95   76.60   154.34   62.21   173.57   68.04 
 245    0.50    4.39     27.14    7.87    6.24     17.10   16.73   11.94     24.73    6.84    4.56     12.34   29.19   30.99   159.85   75.38   153.55   60.80   172.70   67.09 
 246    0.51    4.38     26.78    8.24    6.25     21.31   10.30   11.93     24.64    6.92    4.57     12.63   28.65   30.98   161.38   73.36   155.07   58.76   174.24   65.03 
 247    0.51    4.40     26.23    8.88    6.26     19.45   12.56   11.93     24.64    6.92    4.58     12.07   29.40   30.97   164.59   73.80   157.96   59.73   176.89   65.24 
 248    0.51    4.43     28.46    6.98    6.26     20.53   11.20   11.93     24.64    6.92    4.59     11.61   29.69   30.97   165.87   78.18   159.16   64.28   178.00   69.58 
 249    0.51    4.40     27.42    8.01    6.27     20.66   10.96   11.92     24.64    6.92    4.60     11.65   29.24   30.96   167.71   82.36   161.21   68.47   179.84   73.95 
 250    0.51    4.42     27.84    7.76    6.28     20.31   11.35   11.92     24.64    6.92    4.60     11.49   29.34   30.95   167.61   87.45   161.29   73.29   180.01   79.15 
 251    0.55    4.43     28.05    7.62    6.28     22.96    8.28   11.91     24.61    6.95    4.61     12.03   27.62   30.94   166.71   90.53   160.11   76.51   178.92   82.00 
 252    0.55    4.42     28.29    7.49    6.29     21.83    9.40   11.90     24.61    6.95    4.62     12.06   27.83   30.93   168.12   94.03   161.71   79.93   180.47   85.68 
 253    0.55    4.43     28.53    7.16    6.29     20.58   10.98   11.89     24.61    6.95    4.63     13.12   25.45   30.91   164.38   93.35   158.18   78.88   177.05   85.09 
 254    0.55    4.40     27.24    8.28    6.30     19.52   12.41   11.90     24.61    6.95    4.64     13.83   25.01   30.88   165.15   86.59   159.03   72.30   177.73   78.51 
 255    0.55    4.42     26.59    8.83    6.31     19.42   12.15   11.90     24.61    6.95    4.65     13.80   25.24   30.86   169.41   77.57   163.44   62.91   182.26   69.46 
 256    0.58    4.41     27.08    8.40    6.32     18.47   13.37   11.90     24.54    7.00    4.66     12.49   28.07   30.85   172.31   72.06   166.37   57.89   184.76   64.14 
 257    0.58    4.39     27.94    7.72    6.32     19.34   12.12   11.90     24.54    7.00    4.67     12.63   24.94   30.83   175.41   76.08   169.30   61.99   187.79   68.02 
 258    0.58    4.43     28.08    7.74    6.33     19.16   12.14   11.90     24.54    7.00    4.68     12.40   24.54   30.80   177.35   80.21   171.72   65.89   190.04   72.58 
 259    0.58    4.43     29.89    6.37    6.33     18.59   12.88   11.91     24.54    7.00    4.69     11.98   24.88   30.78   177.48   85.52   171.32   70.72   190.48   77.29 
 260    0.58    4.42     28.99    7.06    6.33     17.78   13.89   11.92     24.54    7.00    4.70     12.95   23.06   30.75   174.92   87.12   168.52   72.43   187.74   78.66 
 261    0.59    4.44     28.08    7.83    6.34     20.56    9.98   11.91     24.48    7.04    4.70     12.98   22.78   30.72   173.13   88.90   167.07   74.52   185.77   80.84 
 262    0.59    4.42     28.94    7.07    6.34     20.34   10.08   11.90     24.48    7.04    4.71     13.49   21.59   30.68   172.76   90.04   166.22   75.88   185.02   81.44 
 263    0.59    4.43     29.68    6.48    6.34     20.18   10.18   11.90     24.48    7.04    4.72     13.16   22.01   30.65   172.16   91.25   166.28   76.79   184.89   83.33 
 264    0.59    4.40     27.71    8.08    6.35     20.32    9.94   11.89     24.48    7.04    4.73     14.11   20.70   30.61   171.79   88.51   165.87   73.98   184.64   80.59 
 265    0.59    4.39     28.29    7.61    6.35     19.55   10.79   11.88     24.48    7.04    4.74     13.37   21.63   30.58   173.86   88.51   167.61   73.97   186.62   80.24 
 266    0.63    4.39     29.04    6.99    6.35     22.54    7.63   11.87     24.44    7.06    4.75     13.52   20.82   30.54   174.80   88.60   168.63   74.58   187.02   80.39 
 267    0.63    4.38     28.27    7.47    6.36     22.24    7.90   11.85     24.44    7.06    4.76     13.50   21.02   30.51   169.75   87.19   163.54   73.54   181.69   79.07 
 268    0.63    4.37     28.61    7.04    6.36     22.74    7.36   11.84     24.44    7.06    4.77     12.56   22.53   30.48   164.53   87.47   158.07   73.79   176.42   79.12 
 269    0.63    4.40     29.36    6.38    6.36     20.89    9.03   11.83     24.44    7.06    4.77     12.82   21.77   30.45   162.67   88.03   156.54   74.24   174.67   79.90 
 270    0.63    4.39     28.27    7.06    6.36     21.65    8.20   11.81     24.44    7.06    4.78     13.17   21.04   30.41   157.60   87.77   151.27   73.96   169.58   79.45 
 271    0.67    4.40     29.06    6.25    6.36     22.14    7.72   11.80     24.42    7.06    4.79     12.61   22.11   30.38   151.89   87.38   145.05   73.65   163.83   78.71 
 272    0.67    4.38     27.69    7.12    6.37     21.82    7.78   11.78     24.42    7.06    4.80     12.87   21.61   30.35   146.53   85.03   140.33   71.22   158.66   76.95 
 273    0.67    4.42     27.80    6.84    6.37     22.04    7.61   11.77     24.42    7.06    4.81     12.84   21.20   30.31   142.41   84.85   135.91   71.34   154.24   76.56 
 274    0.67    4.40     27.35    7.03    6.37     20.16    9.26   11.76     24.42    7.06    4.82     12.40   22.09   30.28   136.88   84.95   130.27   71.36   148.78   76.57 
 275    0.67    4.41     28.86    5.98    6.37     20.76    8.58   11.75     24.42    7.06    4.82     12.96   20.32   30.25   140.79   84.31   134.04   70.86   152.56   75.84 
 276    0.70    4.38     26.32    8.04    6.37     22.50    6.95   11.73     24.39    7.06    4.83     13.61   19.35   30.21   141.92   81.90   135.21   68.34   153.74   73.40 
 277    0.70    4.38     27.76    6.77    6.38     21.73    7.46   11.71     24.39    7.06    4.84     13.48   19.77   30.17   143.11   76.76   136.59   63.28   154.90   68.43 
 278    0.70    4.38     28.49    6.36    6.38     21.32    7.85   11.70     24.39    7.06    4.85     12.88   19.81   30.13   147.69   78.08   140.74   64.34   159.53   69.20 
 279    0.70    4.38     27.15    7.67    6.38     19.53    9.54   11.69     24.39    7.06    4.86     11.77   21.07   30.10   151.20   81.42   144.49   67.87   163.08   72.99 
 280    0.70    4.39     27.18    7.83    6.39     19.79    9.19   11.68     24.39    7.06    4.86     11.38   21.69   30.07   152.10   87.84   146.13   74.02   164.27   79.97 
 281    0.72    4.39     27.91    7.42    6.39     21.39    7.63   11.67     24.36    7.06    4.87     11.29   21.84   30.04   157.36   92.64   151.58   78.73   169.66   84.95 
 282    0.72    4.40     26.91    8.65    6.40     21.74    7.19   11.65     24.36    7.06    4.88     12.52   19.63   30.00   162.75   93.50   157.13   79.81   174.86   85.97 
 283    0.72    4.41     27.64    8.13    6.40     21.32    7.38   11.64     24.36    7.06    4.89     12.29   20.11   29.97   169.90   90.44   164.28   76.78   182.06   83.05 
 284    0.72    4.40     29.48    6.68    6.40     20.36    8.20   11.63     24.36    7.06    4.90     12.54   19.65   29.93   175.17   87.70   169.60   73.76   187.51   80.19 
 285    0.72    4.39     28.83    7.19    6.41     20.37    7.72   11.61     24.36    7.06    4.90     12.25   19.84   29.90   177.98   81.76   172.53   67.84   190.33   74.36 
 286    0.75    4.38     28.15    7.86    6.41     21.36    6.51   11.59     24.33    7.05    4.91     11.96   19.18   29.86   180.94   78.31   176.20   64.53   193.24   71.56 
 287    0.75    4.38     27.85    8.18    6.42     19.75    7.65   11.58     24.33    7.05    4.92     11.69   19.59   29.82   183.39   75.49   178.40   61.23   196.11   68.43 
 288    0.75    4.39     27.75    8.34    6.43     18.93    8.30   11.57     24.33    7.05    4.93     11.42   19.69   29.79   185.11   74.16   179.82   60.09   197.67   66.92 
 289    0.75    4.38     27.87    8.26    6.43     19.76    7.56   11.55     24.33    7.05    4.93     11.26   19.64   29.75   185.87   75.45   180.17   61.45   198.31   67.86 
 290    0.75    4.41     27.97    8.16    6.44     19.62    7.68   11.54     24.33    7.05    4.94     11.36   19.47   29.72   184.39   76.87   178.35   62.88   196.77   68.96 
 291    0.78    4.43     27.96    8.19    6.44     22.01    5.82   11.52     24.31    7.04    4.95     11.26   19.35   29.68   184.83   78.75   179.04   64.76   197.22   71.03 
 292    0.78    4.41     27.58    8.56    6.45     20.79    6.60   11.50     24.31    7.04    4.95     11.19   19.29   29.65   183.51   80.80   177.42   66.73   195.92   72.78 
 293    0.78    4.42     27.47    8.56    6.46     19.95    7.38   11.49     24.31    7.04    4.96     11.40   19.14   29.61   179.40   83.45   173.50   69.43   191.84   75.67 
 294    0.78    4.40     27.30    8.70    6.47     18.19    9.53   11.48     24.31    7.04    4.97     12.04   18.93   29.58   177.40   84.86   171.53   71.42   189.13   77.03 
 295    0.78    4.43     27.69    8.30    6.47     16.86   11.24   11.48     24.31    7.04    4.98     12.16   18.95   29.54   178.00   85.07   171.99   71.05   190.40   77.17 
 296    0.81    4.42     27.97    7.91    6.48     17.50   10.60   11.48     24.25    7.05    4.98     12.24   19.53   29.51   174.99   84.32   169.18   70.91   186.80   76.65 
 297    0.81    4.39     27.98    7.84    6.48     18.88    9.38   11.47     24.25    7.05    4.99     13.29   17.96   29.47   174.65   82.08   168.84   67.98   187.21   74.41 
 298    0.81    4.38     27.48    8.26    6.49     18.10   10.52   11.47     24.25    7.05    5.00     13.11   18.68   29.43   174.61   80.00   169.57   66.01   187.17   73.09 
 299    0.81    4.37     26.63    9.15    6.50     17.30   11.52   11.47     24.25    7.05    5.00     13.12   18.60   29.39   173.82   79.37   168.00   65.08   186.46   71.57 
 300    0.81    4.38     26.83    8.94    6.50     17.27   11.77   11.47     24.25    7.05    5.01     12.81   19.10   29.36   173.65   80.35   168.87   65.99   186.49   73.48 
 301    0.85    4.38     27.37    8.40    6.51     21.50    7.37   11.46     24.18    7.08    5.02     13.12   18.89   29.33   173.62   81.43   168.65   67.14   186.48   74.54 
 302    0.85    4.40     27.99    7.83    6.51     21.10    7.77   11.45     24.18    7.08    5.02     13.09   19.01   29.29   173.31   82.95   167.79   68.42   186.31   75.52 
 303    0.85    4.40     27.33    8.54    6.52     21.66    7.32   11.43     24.18    7.08    5.03     13.39   18.57   29.26   175.86   83.66   170.66   69.15   188.90   76.54 
 304    0.85    4.39     27.68    8.31    6.53     21.95    7.13   11.42     24.18    7.08    5.04     13.14   19.05   29.22   178.91   85.00   173.57   70.44   191.98   77.73 
 305    0.85    4.42     26.90    9.12    6.54     21.26    7.73   11.41     24.18    7.08    5.04     13.34   18.94   29.19   178.42   84.85   173.06   70.06   191.68   77.52 
 306    0.88    4.44     27.73    8.29    6.54     24.05    5.61   11.39     24.18    7.06    5.05     13.21   19.00   29.16   177.90   86.00   172.41   71.13   191.22   78.51 
 307    0.88    4.39     28.62    7.53    6.54     22.72    6.60   11.37     24.18    7.06    5.06     13.04   19.34   29.12   179.73   87.60   174.57   73.34   192.38   80.36 
 308    0.88    4.43     28.07    8.05    6.55     24.19    5.58   11.35     24.18    7.06    5.06     13.32   18.58   29.09   177.65   89.60   171.96   75.19   190.52   82.02 
 309    0.88    4.38     28.14    7.90    6.55     22.73    6.62   11.34     24.18    7.06    5.07     11.95   20.86   29.06   173.55   94.40   167.74   80.05   186.34   86.71 
 310    0.88    4.38     27.89    8.23    6.56     22.36    6.94   11.32     24.18    7.06    5.08     12.53   19.87   29.03   173.48   99.16   167.61   84.86   186.22   91.41 
 311    0.91    4.41     28.25    7.99    6.56     24.59    5.46   11.30     24.18    7.04    5.08     12.93   19.45   29.00   174.65  102.96   168.99   88.94   187.00   95.26 
 312    0.91    4.40     29.05    7.35    6.57     23.71    6.03   11.29     24.18    7.04    5.09     12.84   19.57   28.97   174.63  106.58   168.79   92.22   187.46   98.89 
 313    0.91    4.40     28.82    7.53    6.57     21.69    7.66   11.28     24.18    7.04    5.10     13.04   19.62   28.94   172.52  109.01   166.92   94.32   185.70  101.47 
 314    0.91    4.44     28.81    7.39    6.57     22.19    7.26   11.26     24.18    7.04    5.10     13.73   19.02   28.91   168.18  107.17   162.92   93.13   180.82  100.13 
 315    0.91    4.43     27.50    8.57    6.58     22.31    7.08   11.25     24.18    7.04    5.11     14.38   18.04   28.88   168.98  104.22   163.84   89.99   181.75   97.19 
 316    1.00    4.41     27.63    8.45    6.58     23.48    6.19   11.23     24.17    7.02    5.11     14.13   18.58   28.84   171.68  103.20   166.08   88.70   184.49   95.47 
 317    1.00    4.41     27.42    8.56    6.59     23.81    5.99   11.22     24.17    7.02    5.12     13.77   20.55   28.82   168.74  100.69   162.83   86.41   181.41   92.84 
 318    1.00    4.39     27.18    8.79    6.60     23.02    6.56   11.20     24.17    7.02    5.13     14.36   18.58   28.78   169.21   97.30   163.19   82.89   182.07   89.40 
 319    1.00    4.40     28.15    7.87    6.60     22.17    7.25   11.19     24.17    7.02    5.13     13.93   18.74   28.75   173.01   96.64   166.75   82.49   185.57   88.62 
 320    1.00    4.39     27.63    8.49    6.61     24.01    5.83   11.17     24.17    7.02    5.14     13.72   18.84   28.72   175.20   96.34   169.34   81.75   188.22   88.53 
 321    1.00    4.38     28.68    7.62    6.61     25.01    5.24   11.15     24.17    7.01    5.14     13.55   19.15   28.69   179.03   97.14   173.38   83.01   191.73   89.74 
 322    1.00    4.40     29.43    7.09    6.61     23.64    6.18   11.14     24.17    7.01    5.15     13.31   19.68   28.66   183.14   98.07   177.34   84.16   195.60   90.56 
 323    1.00    4.39     28.52    7.97    6.62     25.01    5.26   11.12     24.17    7.01    5.15     13.72   19.13   28.64   183.76   97.86   178.07   83.51   196.72   90.49 
 324    1.00    4.41     29.01    7.63    6.62     25.32    5.12   11.10     24.17    7.01    5.16     13.73   19.30   28.61   186.91   98.37   181.44   83.80   200.12   91.19 
 325    1.00    4.39     29.25    7.47    6.62     25.10    5.31   11.08     24.17    7.01    5.17     14.23   18.89   28.58   189.22   97.24   183.96   82.62   202.40   90.13 
 326    1.05    4.37     28.93    7.68    6.63     26.28    4.70   11.06     24.18    6.98    5.17     14.52   19.40   28.55   189.02   93.16   184.04   78.57   202.21   86.34 
 327    1.05    4.37     28.29    8.23    6.63     26.50    4.61   11.05     24.18    6.98    5.18     14.33   19.64   28.52   188.39   91.08   183.23   76.62   201.43   84.07 
 328    1.05    4.39     28.76    7.67    6.63     25.05    5.51   11.03     24.18    6.98    5.18     13.79   21.52   28.50   185.55   89.18   180.50   74.81   198.54   82.33 
 329    1.05    4.40     29.21    7.08    6.63     25.07    5.55   11.01     24.18    6.98    5.19     13.63   22.66   28.48   181.28   86.46   175.99   71.88   194.45   79.34 
 330    1.05    4.39     27.96    8.05    6.64     25.00    5.59   11.00     24.18    6.98    5.19     13.49   21.12   28.46   177.01   86.37   171.87   72.48   189.56   79.50 
 331    1.10    4.38     28.50    7.44    6.64     24.37    6.06   10.98     24.20    6.95    5.20     12.63   22.02   28.44   171.70   90.07   165.52   75.96   184.31   82.20 
 332    1.10    4.42     28.81    7.06    6.64     24.67    5.87   10.96     24.20    6.95    5.20     12.75   21.90   28.42   166.62   92.64   161.29   78.11   179.88   85.67 
 333    1.10    4.41     28.57    7.11    6.64     25.46    5.42   10.95     24.20    6.95    5.21     13.13   21.30   28.40   162.01   94.42   156.16   80.27   174.68   86.86 
 334    1.10    4.42     27.72    7.77    6.65     23.67    6.65   10.94     24.20    6.95    5.21     12.96   21.76   28.38   158.13   95.83   152.37   81.70   170.92   88.48 
 335    1.10    4.38     27.55    7.80    6.65     22.90    7.26   10.92     24.20    6.95    5.22     13.27   21.28   28.36   154.79   97.01   149.09   82.81   167.64   89.69 
 336    1.16    4.39     27.01    8.13    6.66     23.36    6.92   10.91     24.21    6.93    5.22     13.01   22.26   28.34   148.98   97.60   143.92   83.13   162.22   90.92 
 337    1.16    4.38     27.64    7.53    6.66     23.72    6.65   10.90     24.21    6.93    5.23     13.87   20.32   28.32   149.33   97.85   143.95   83.34   162.51   90.81 
 338    1.16    4.38     26.41    8.54    6.66     23.87    6.56   10.89     24.21    6.93    5.24     14.39   19.95   28.29   146.39   94.85   141.30   80.57   159.33   88.07 
 339    1.16    4.41     27.67    7.28    6.67     24.19    6.33   10.87     24.21    6.93    5.24     14.58   19.86   28.27   146.96   90.73   141.46   76.60   159.66   83.49 
 340    1.16    4.39     26.94    8.04    6.67     23.12    7.25   10.86     24.21    6.93    5.25     13.98   20.59   28.24   149.32   89.66   143.82   75.68   161.97   82.58 
 341    1.21    4.41     27.88    7.27    6.67     24.96    5.89   10.85     24.21    6.92    5.25     13.69   20.77   28.22   151.82   90.91   146.06   76.96   164.31   83.46 
 342    1.21    4.42     27.96    7.38    6.67     25.40    5.69   10.83     24.21    6.92    5.25     12.87   21.99   28.20   153.97   95.36   148.43   81.73   166.25   88.29 
 343    1.21    4.42     27.31    8.19    6.68     24.57    6.35   10.82     24.21    6.92    5.26     12.64   22.86   28.19   157.69   99.21   152.56   85.76   169.82   92.50 
 344    1.21    4.43     27.61    8.23    6.68     21.09    9.44   10.82     24.21    6.92    5.26     12.12   23.87   28.18   162.89  104.59   157.44   90.43   175.62   97.40 
 345    1.21    4.43     28.44    7.68    6.69     21.11    9.67   10.81     24.21    6.92    5.27     12.43   24.19   28.16   168.70  107.82   162.75   94.79   180.35  100.39 
 346    1.27    4.41     29.25    7.15    6.69     22.34    8.38   10.81     24.22    6.92    5.27     12.73   24.32   28.15   173.46  108.21   168.14   94.23   186.07  101.27 
 347    1.27    4.38     28.88    7.55    6.69     24.87    6.34   10.79     24.22    6.92    5.28     13.15   24.30   28.14   176.86  105.79   172.03   92.60   188.76   99.37 
 348    1.27    4.41     29.58    7.09    6.69     23.68    7.23   10.78     24.22    6.92    5.28     13.18   23.66   28.13   183.23  102.94   178.21   89.57   195.25   96.29 
 349    1.27    4.40     30.14    6.79    6.69     22.68    8.03   10.77     24.22    6.92    5.29     12.41   25.28   28.12   190.62  100.29   186.03   87.03   202.69   94.15 
 350    1.27    4.41     30.19    6.90    6.69     22.61    8.11   10.77     24.22    6.92    5.29     12.77   23.93   28.11   194.41  101.77   189.62   88.77   206.13   95.40 
 351    1.32    4.39     29.49    7.61    6.69     23.77    6.86   10.76     24.22    6.91    5.30     12.46   23.87   28.10   196.29  103.75   191.33   90.34   208.38   97.16 
 352    1.32    4.40     30.10    7.18    6.70     24.17    6.50   10.74     24.22    6.91    5.30     12.38   23.65   28.08   198.95  107.89   194.11   94.57   210.94  101.41 
 353    1.32    4.37     31.19    6.40    6.69     23.97    6.68   10.73     24.22    6.91    5.31     12.75   22.90   28.07   200.06  111.43   195.05   98.79   211.45  104.96 
 354    1.32    4.37     30.17    7.14    6.70     22.73    7.57   10.72     24.22    6.91    5.31     12.82   23.19   28.06   196.99  111.62   191.87   98.94   208.43  105.01 
 355    1.32    4.39     30.14    7.05    6.70     23.64    6.84   10.71     24.22    6.91    5.32     13.40   22.16   28.04   193.95  111.05   189.07   98.28   205.53  104.68 
 356    1.38    4.38     30.31    6.76    6.70     25.75    5.36   10.70     24.23    6.90    5.32     13.10   22.79   28.02   189.26  109.33   183.82   96.79   200.49  102.41 
 357    1.38    4.38     30.00    6.91    6.70     24.34    6.25   10.69     24.23    6.90    5.32     13.48   21.91   28.01   187.51  106.67   182.35   93.96   198.93   99.97 
 358    1.38    4.41     30.14    6.76    6.70     23.74    6.65   10.67     24.23    6.90    5.33     13.30   21.68   27.99   185.35  106.46   180.12   93.88   196.67   99.77 
 359    1.38    4.41     29.68    7.05    6.70     22.04    8.05   10.67     24.23    6.90    5.33     13.07   21.97   27.97   181.92  106.66   177.47   93.98   193.49  100.74 
 360    1.38    4.39     29.75    6.91    6.70     21.41    8.62   10.66     24.23    6.90    5.34     13.55   21.06   27.95   181.00  106.35   176.30   93.79   192.30  100.07 
 361    1.43    4.40     29.48    7.14    6.70     21.47    8.52   10.65     24.23    6.89    5.34     13.74   20.48   27.93   181.13  105.68   176.14   93.09   192.48   99.19 
 362    1.43    4.40     31.09    5.91    6.70     21.47    8.49   10.65     24.23    6.89    5.35     13.52   20.79   27.91   180.47  106.31   175.24   93.67   191.75   99.48 
 363    1.43    4.40     29.71    6.88    6.70     21.00    8.97   10.64     24.23    6.89    5.35     13.31   21.20   27.89   178.93  106.83   173.82   94.44   190.00  100.21 
 364    1.43    4.39     30.58    6.17    6.70     20.75    9.25   10.64     24.23    6.89    5.35     13.21   21.91   27.88   175.85  108.04   170.61   95.58   187.01  101.29 
 365    1.43    4.37     29.36    7.04    6.70     19.92   10.08   10.64     24.23    6.89    5.36     13.16   22.79   27.86   172.45  107.66   167.14   94.94   183.87  100.81 
 366    1.49    4.41     29.83    6.63    6.70     23.39    6.72   10.63     24.21    6.90    5.36     13.49   21.56   27.85   172.28  107.60   167.46   94.63   183.98  101.14 
 367    1.49    4.40     30.19    6.35    6.70     22.82    7.15   10.62     24.21    6.90    5.37     13.60   21.13   27.83   171.43  107.91   166.26   95.26   182.83  101.24 
 368    1.49    4.37     29.66    6.74    6.70     21.84    7.95   10.61     24.21    6.90    5.37     13.64   21.10   27.81   171.52  107.13   166.52   94.49   182.85  100.56 
 369    1.49    4.41     29.79    6.61    6.70     20.81    8.90   10.61     24.21    6.90    5.38     13.94   20.60   27.79   171.80  105.23   167.32   92.85   182.97   99.22 
 370    1.49    4.41     29.39    6.95    6.70     20.82    8.82   10.60     24.21    6.90    5.38     14.15   20.00   27.77   173.14  103.70   168.72   91.18   184.46   97.72 
 371    1.57    4.38     29.32    7.06    6.70     22.17    7.46   10.59     24.20    6.89    5.38     14.09   19.47   27.75   174.86  102.42   170.68   89.23   186.88   96.60 
 372    1.57    4.44     30.34    6.34    6.70     22.14    7.59   10.59     24.20    6.89    5.39     14.28   18.55   27.72   177.80  102.63   173.40   89.61   189.63   96.60 
 373    1.57    4.40     29.55    7.13    6.70     21.14    8.39   10.58     24.20    6.89    5.39     13.85   18.47   27.70   182.75  103.98   178.56   90.98   194.60   98.18 
 374    1.57    4.44     29.37    7.49    6.70     21.87    7.80   10.57     24.20    6.89    5.40     13.76   18.23   27.67   188.82  106.42   183.87   93.05   201.02   99.90 
 375    1.57    4.41     29.99    7.12    6.70     21.43    8.22   10.57     24.20    6.89    5.40     13.55   18.47   27.65   193.03  109.98   188.62   96.75   205.08  103.95 
 376    1.63    4.40     29.09    8.02    6.71     22.90    6.79   10.56     24.18    6.89    5.40     13.77   18.08   27.62   194.62  112.28   190.34   99.17   206.58  106.40 
 377    1.63    4.39     30.40    6.96    6.71     20.65    8.75   10.55     24.18    6.89    5.41     14.19   17.60   27.60   197.83  114.20   193.19  100.81   210.01  107.97 
 378    1.63    4.39     29.95    7.37    6.71     21.19    8.13   10.54     24.18    6.89    5.41     14.14   18.22   27.57   197.99  114.15   193.48  100.51   210.42  107.87 
 379    1.63    4.40     30.13    7.27    6.71     20.77    8.52   10.54     24.18    6.89    5.42     14.57   17.32   27.54   201.51  112.76   196.79   99.48   213.57  106.36 
 380    1.63    4.37     30.14    7.27    6.71     20.57    8.49   10.53     24.18    6.89    5.42     13.90   19.36   27.52   202.28  109.77   196.92   96.58   214.17  102.77 
 381    1.67    4.39     29.88    7.44    6.71     20.95    8.05   10.53     24.16    6.90    5.42     13.62   20.16   27.50   201.71  108.13   197.13   94.40   214.19  101.75 
 382    1.67    4.38     29.59    7.68    6.72     20.20    8.66   10.52     24.16    6.90    5.43     13.74   19.38   27.48   201.60  107.13   196.99   93.75   213.74  100.79 
 383    1.67    4.40     29.15    8.06    6.72     20.19    8.68   10.52     24.16    6.90    5.43     13.66   19.60   27.46   200.43  106.44   195.38   93.05   212.49   99.63 
 384    1.67    4.36     28.63    8.55    6.72     20.07    8.71   10.51     24.16    6.90    5.43     14.42   17.26   27.43   202.02  104.58   196.52   91.55   213.74   97.57 
 385    1.67    4.38     28.73    8.42    6.73     19.55    9.35   10.51     24.16    6.90    5.44     13.93   18.40   27.41   201.67  101.29   195.98   87.71   213.89   94.05 
 386    1.77    4.40     29.16    8.07    6.73     18.83   10.03   10.51     24.12    6.92    5.44     13.81   18.72   27.39   205.36   98.66   200.08   84.81   217.87   91.66 
 387    1.77    4.39     29.86    7.55    6.73     19.06    9.59   10.51     24.12    6.92    5.45     13.12   19.14   27.37   209.29   99.16   203.89   86.05   221.12   92.24 
 388    1.77    4.39     29.62    7.81    6.74     18.60   10.13   10.51     24.12    6.92    5.45     12.84   18.91   27.35   208.96  102.34   203.21   89.56   220.35   94.97 
 389    1.77    4.41     28.36    9.08    6.74     14.91   15.42   10.52     24.12    6.92    5.45     12.13   21.20   27.33   209.88  102.81   205.27   90.67   220.85   96.76 
 390    1.77    4.40     29.64    7.93    6.75     14.02   17.99   10.54     24.12    6.92    5.46     10.88   24.11   27.32   213.71  108.20   207.90   95.48   225.11  100.90 
 391    1.91    4.36     30.31    7.37    6.75     16.04   14.00   10.55     23.99    7.00    5.46     11.69   21.53   27.31   211.72  110.03   206.19   97.05   223.33  102.86 
 392    1.91    4.40     29.48    8.06    6.75     17.04   12.32   10.55     23.99    7.00    5.47     12.65   20.68   27.29   209.63  109.61   204.11   96.39   221.50  102.45 
 393    1.91    4.37     30.12    7.43    6.75     17.90   11.23   10.55     23.99    7.00    5.47     12.80   20.46   27.27   208.45  110.07   202.29   97.66   219.51  102.49 
 394    1.91    4.41     29.91    7.50    6.75     17.54   11.95   10.56     23.99    7.00    5.47     12.44   22.17   27.26   205.68  108.48   199.50   95.81   216.95  100.81 
 395    1.91    4.39     28.67    8.53    6.76     16.59   13.77   10.56     23.99    7.00    5.48     12.67   22.73   27.25   202.64  106.24   196.41   93.61   213.85   98.52 
 396    1.96    4.43     28.92    8.09    6.76     18.09   11.85   10.57     23.90    7.06    5.48     12.57   24.10   27.24   196.69  104.75   190.29   92.35   207.70   96.91 
 397    1.96    4.40     28.50    8.43    6.77     17.66   12.68   10.57     23.90    7.06    5.49     12.60   23.74   27.23   195.31  104.56   188.82   92.11   206.35   96.66 
 398    1.96    4.39     29.65    7.39    6.77     18.36   11.63   10.58     23.90    7.06    5.49     12.28   23.87   27.22   194.67  105.91   188.50   93.31   205.84   98.20 
 399    1.96    4.39     29.69    7.34    6.77     18.20   12.50   10.58     23.90    7.06    5.49     12.80   23.68   27.21   193.61  106.77   186.78   94.27   204.60   98.46 
 400    1.96    4.37     27.34    9.57    6.78     18.45   13.11   10.59     23.90    7.06    5.50     13.46   23.54   27.20   191.58  105.02   184.94   93.19   202.04   97.12 
 401    1.88    4.39     28.33    8.51    6.78     19.21   12.11   10.59     23.84    7.10    5.50     14.12   21.75   27.19   191.04  104.66   184.56   92.65   201.69   96.82 
 402    1.88    4.41     27.80    8.86    6.79     18.84   11.86   10.59     23.84    7.10    5.50     14.04   19.96   27.17   186.81  102.35   179.79   89.90   197.77   93.91 
 403    1.88    4.40     28.94    7.59    6.79     18.39   11.47   10.60     23.84    7.10    5.51     13.79   19.76   27.15   184.37   98.96   177.47   86.69   195.22   90.70 
 404    1.88    4.40     27.72    8.64    6.79     18.28   11.12   10.60     23.84    7.10    5.51     13.94   19.32   27.14   182.74   94.01   176.41   81.44   193.93   86.23 
 405    1.88    4.37     27.70    8.59    6.80     18.02   11.00   10.60     23.84    7.10    5.52     14.42   17.77   27.11   182.54   91.12   176.86   78.49   193.83   83.93 
 406    2.04    4.38     28.48    7.71    6.80     18.34   10.37   10.60     23.78    7.14    5.52     13.64   18.15   27.09   179.73   90.01   173.13   77.25   191.03   81.95 
 407    2.04    4.41     28.33    8.00    6.80     18.58   10.34   10.60     23.78    7.14    5.52     13.96   19.61   27.07   184.50   89.46   178.47   76.90   195.73   81.98 
 408    2.04    4.36     28.75    7.75    6.80     17.65   11.13   10.60     23.78    7.14    5.53     13.30   19.64   27.05   189.03   90.51   182.98   78.04   200.07   82.95 
 409    2.04    4.40     28.02    8.64    6.81     17.30   12.05   10.60     23.78    7.14    5.53     12.95   19.67   27.04   190.87   93.06   185.55   80.27   202.33   86.17 
 410    2.04    4.43     29.45    7.49    6.81     16.52   12.50   10.61     23.78    7.14    5.54     12.17   20.77   27.02   197.34   96.65   191.13   84.15   208.50   89.01 
 411    2.24    4.40     29.20    7.76    6.81     21.53    6.85   10.60     23.74    7.16    5.54     12.99   18.48   27.00   198.59   97.14   193.17   84.65   209.73   90.17 
 412    2.24    4.40     28.67    8.38    6.82     22.61    6.03   10.59     23.74    7.16    5.54     13.55   18.24   26.98   201.29   97.13   195.72   84.88   212.31   90.16 
 413    2.24    4.40     28.89    8.24    6.82     20.40    7.55   10.58     23.74    7.16    5.55     13.21   18.08   26.96   204.42   96.82   198.01   83.81   216.13   89.00 
 414    2.24    4.39     29.08    8.01    6.82     22.07    6.15   10.57     23.74    7.16    5.55     13.45   16.55   26.93   202.71   96.34   197.08   84.09   213.72   89.29 
 415    2.24    4.42     28.96    8.04    6.83     21.96    6.12   10.56     23.74    7.16    5.56     13.54   16.05   26.91   200.16   95.71   194.31   83.34   211.12   88.31 
 416    2.20    4.42     29.44    7.49    6.83     23.26    5.32   10.54     23.73    7.14    5.56     13.82   16.09   26.88   197.21   93.74   191.30   81.46   208.13   86.38 
 417    2.20    4.38     29.26    7.60    6.83     22.65    5.47   10.53     23.73    7.14    5.56     13.70   16.07   26.85   198.65   90.66   192.38   78.09   209.94   83.00 
 418    2.20    4.40     29.45    7.40    6.83     23.50    4.94   10.52     23.73    7.14    5.57     13.54   15.29   26.83   195.62   91.55   189.71   78.96   206.88   84.14 
 419    2.20    4.41     29.11    7.65    6.83     22.35    5.59   10.51     23.73    7.14    5.57     12.51   16.16   26.80   193.19   93.86   187.44   81.34   204.39   86.61 
 420    2.20    4.41     28.83    7.91    6.83     21.87    5.97   10.50     23.73    7.14    5.57     12.40   16.22   26.78   191.57   97.62   185.67   85.68   202.10   90.29 
 421    2.31    4.41     29.51    7.30    6.84     22.95    5.34   10.48     23.73    7.12    5.58     12.42   16.43   26.75   189.59  101.50   183.40   89.46   200.33   93.92 
 422    2.31    4.39     28.14    8.52    6.84     22.19    5.80   10.47     23.73    7.12    5.58     13.14   15.91   26.73   187.83  102.38   181.53   89.60   199.32   94.64 
 423    2.31    4.40     27.36    9.08    6.85     23.23    5.11   10.46     23.73    7.12    5.59     13.63   16.13   26.70   182.17  100.75   176.07   88.23   193.28   93.13 
 424    2.31    4.40     27.89    8.26    6.85     21.64    6.18   10.45     23.73    7.12    5.59     13.15   17.59   26.68   176.43   99.02   169.73   86.21   187.91   90.91 
 425    2.31    4.40     27.89    8.15    6.85     20.07    7.40   10.44     23.73    7.12    5.59     13.31   16.83   26.66   173.18   96.37   167.23   84.21   184.04   88.98 
 426    2.35    4.39     27.95    7.97    6.85     23.01    5.26   10.43     23.72    7.10    5.60     13.76   15.88   26.63   172.14   94.79   164.96   82.61   183.01   86.38 
 427    2.35    4.40     28.63    7.24    6.86     21.95    6.01   10.42     23.72    7.10    5.60     12.94   17.20   26.61   169.14   93.84   161.85   81.72   179.93   85.32 
 428    2.35    4.39     27.86    7.87    6.86     22.39    5.69   10.41     23.72    7.10    5.60     13.29   16.41   26.58   167.64   92.69   160.81   80.66   178.47   84.69 
 429    2.35    4.44     28.21    7.46    6.86     21.97    6.03   10.40     23.72    7.10    5.61     13.06   16.62   26.56   164.04   93.36   157.11   81.16   174.98   85.25 
 430    2.35    4.40     27.74    7.84    6.86     20.57    7.06   10.39     23.72    7.10    5.61     12.79   17.08   26.54   163.91   93.84   156.85   81.51   174.93   85.55 
 431    2.57    4.42     28.41    7.27    6.86     23.16    5.33   10.38     23.72    7.09    5.61     12.88   16.59   26.52   163.32   96.47   156.30   84.66   173.92   88.35 
 432    2.57    4.40     28.60    7.17    6.86     22.15    5.96   10.37     23.72    7.09    5.62     12.66   17.37   26.49   165.16   96.76   158.29   84.59   176.12   88.71 
 433    2.57    4.39     27.65    8.15    6.87     22.96    5.49   10.36     23.72    7.09    5.62     12.62   17.78   26.47   168.06   96.68   161.04   85.22   178.33   88.60 
 434    2.57    4.41     27.22    8.74    6.87     21.45    6.46   10.35     23.72    7.09    5.62     12.45   18.42   26.46   171.83   95.80   165.04   83.56   182.88   87.82 
 435    2.57    4.39     28.32    7.86    6.87     21.65    6.39   10.34     23.72    7.09    5.63     12.10   18.81   26.44   177.37   96.05   171.15   84.17   187.96   88.48 
 436    2.61    4.41     29.04    7.40    6.87     23.75    5.10   10.33     23.71    7.07    5.63     12.32   18.69   26.42   182.84   96.51   175.97   85.03   193.17   88.59 
 437    2.61    4.40     28.94    7.61    6.88     20.96    7.02   10.32     23.71    7.07    5.63     12.13   19.21   26.40   187.82   95.38   180.39   83.39   198.51   86.80 
 438    2.61    4.39     28.51    8.05    6.88     20.52    7.36   10.31     23.71    7.07    5.64     12.73   17.81   26.38   189.39   94.38   181.90   82.57   199.93   85.81 
 439    2.61    4.40     28.64    8.01    6.88     20.22    7.54   10.31     23.71    7.07    5.64     12.60   18.04   26.37   191.72   93.06   184.57   80.97   202.55   84.73 
 440    2.61    4.39     30.01    6.91    6.88     19.15    8.69   10.30     23.71    7.07    5.64     12.31   18.28   26.35   193.62   94.12   186.54   82.75   203.81   86.00 
 441    2.64    4.39     29.11    7.74    6.88     21.56    6.53   10.30     23.69    7.07    5.65     12.48   17.57   26.33   195.64   95.71   188.37   84.47   205.74   87.47 
 442    2.64    4.41     28.72    8.17    6.89     21.43    6.71   10.29     23.69    7.07    5.65     11.79   18.74   26.31   196.09   99.53   189.95   88.12   206.33   92.19 
 443    2.64    4.39     29.89    7.16    6.89     22.30    6.15   10.28     23.69    7.07    5.65     11.83   18.90   26.29   194.66  103.36   187.96   92.34   204.61   95.67 
 444    2.64    4.42     29.94    7.10    6.89     22.64    5.96   10.27     23.69    7.07    5.66     12.02   18.87   26.28   193.35  106.12   186.64   94.96   203.43   98.41 
 445    2.64    4.37     29.13    7.80    6.89     21.37    6.94   10.26     23.69    7.07    5.66     12.04   18.99   26.26   191.90  108.17   185.16   97.35   201.63  100.47 
 446    2.76    4.41     29.55    7.40    6.89     22.27    6.31   10.25     23.68    7.06    5.66     12.39   18.62   26.24   189.27  109.44   182.86   98.49   199.12  102.02 
 447    2.76    4.41     28.89    7.91    6.89     23.47    5.51   10.24     23.68    7.06    5.67     13.24   17.41   26.22   186.79  109.67   180.12   98.39   197.04  102.02 
 448    2.76    4.40     28.87    7.70    6.89     23.23    5.65   10.23     23.68    7.06    5.67     13.51   17.49   26.20   182.43  106.17   175.20   94.82   192.66   97.97 
 449    2.76    4.39     29.67    6.91    6.89     23.14    5.74   10.22     23.68    7.06    5.67     13.51   17.87   26.19   181.83  101.71   175.03   90.85   191.60   93.97 
 450    2.76    4.37     28.24    7.99    6.90     23.06    5.79   10.21     23.68    7.06    5.68     13.62   17.15   26.17   177.49   99.78   171.22   88.78   187.37   92.44 
 451    2.84    4.42     28.13    7.98    6.90     23.66    5.36   10.20     23.68    7.04    5.68     12.77   18.35   26.15   174.56   99.87   168.17   88.62   184.71   92.45 
 452    2.84    4.37     28.55    7.53    6.90     23.48    5.54   10.19     23.68    7.04    5.68     11.92   19.13   26.13   169.84  104.03   163.18   92.90   179.85   96.36 
 453    2.84    4.40     28.27    7.74    6.90     23.11    5.74   10.18     23.68    7.04    5.68     12.34   18.92   26.12   167.52  104.92   161.29   93.71   177.61   97.59 
 454    2.84    4.39     28.05    7.91    6.90     23.31    5.64   10.17     23.68    7.04    5.69     12.86   18.13   26.10   166.65  105.27   160.26   94.10   176.76   97.89 
 455    2.84    4.38     27.55    8.30    6.91     22.78    5.94   10.16     23.68    7.04    5.69     12.87   18.43   26.08   166.39  103.27   159.63   92.05   176.45   95.45 
 456    2.97    4.42     27.21    8.55    6.91     22.48    6.08   10.15     23.68    7.03    5.69     12.64   18.68   26.07   163.43  102.23   156.67   90.78   173.89   94.54 
 457    2.97    4.38     27.68    8.09    6.91     21.79    6.71   10.14     23.68    7.03    5.70     12.70   18.56   26.05   162.79  102.87   156.16   91.63   173.05   95.31 
 458    2.97    4.43     27.58    8.12    6.92     22.16    6.37   10.14     23.68    7.03    5.70     12.85   18.34   26.03   161.64  102.25   155.30   90.81   172.12   94.96 
 459    2.97    4.39     28.36    7.30    6.92     21.27    7.18   10.13     23.68    7.03    5.70     12.81   18.57   26.02   158.15  102.13   151.64   90.81   168.50   94.69 
 460    2.97    4.40     27.19    8.27    6.92     21.97    6.50   10.12     23.68    7.03    5.70     12.75   18.49   26.00   156.70  100.99   150.15   89.56   167.16   93.51 
 461    3.02    4.40     27.28    8.05    6.92     24.79    4.66   10.11     23.67    7.02    5.71     12.62   18.56   25.98   153.93  100.73   147.07   88.98   164.51   92.81 
 462    3.02    4.36     27.00    8.14    6.93     22.54    6.00   10.10     23.67    7.02    5.71     12.90   18.06   25.97   151.48   98.75   144.89   87.01   162.07   91.07 
