   6    1.06    5.49     38.63    1.92    1.00     19.36   14.92   15.55     33.04    3.09   71.45      3.94   84.08   84.95   145.34   82.71   141.54   75.07 
   7    1.06    5.50     39.21    1.80    1.12     19.96   13.83   15.30     33.04    3.09   61.69      3.98   83.54   84.75   144.76   84.05   140.91   76.46 
   8    1.06    5.47     38.45    1.97    1.22     16.60   20.33   15.93     33.04    3.09   54.36      3.89   84.25   84.69   144.87   84.27   141.06   76.65 
   9    1.06    5.47     35.57    2.76    1.39     16.40   20.80   16.47     33.04    3.09   48.67      3.94   83.36   84.54   144.87   84.78   140.90   77.25 
  10    1.06    5.51     38.17    2.03    1.46     16.03   21.49   16.97     33.04    3.09   44.11      3.76   84.96   84.58   144.79   86.37   140.93   78.72 
  11    3.58    5.81     38.90    1.88    1.50     24.17    8.43   16.20     35.73    2.26   40.30      3.99   82.75   84.42   144.70   86.87   140.93   79.17 
  12    3.58    5.82     38.39    1.99    1.54     24.68    7.92   15.51     35.73    2.26   37.13      3.87   83.75   84.36   144.58   87.16   140.76   79.47 
  13    3.58    5.82     40.11    1.63    1.54     21.21   11.75   15.22     35.73    2.26   34.45      3.88   83.41   84.29   143.94   87.50   140.04   79.86 
  14    3.58    5.81     35.96    2.63    1.62     21.12   11.97   14.99     35.73    2.26   32.15      3.87   83.46   84.23   143.92   86.79   140.14   79.16 
  15    3.58    5.83     42.61    1.23    1.60     22.11   10.68   14.70     35.73    2.26   30.16      3.89   83.45   84.18   143.92   88.00   140.13   80.45 
  16    1.97    5.90     37.02    2.34    1.64     20.94   12.33   14.55     29.47    4.62   28.56      3.86   83.88   84.16   143.63   87.90   139.74   80.51 
  17    1.97    5.83     38.14    2.05    1.67     21.97   10.93   14.34     29.47    4.62   27.15      3.88   84.04   84.15   143.51   87.43   139.82   79.85 
  18    1.97    5.79     37.38    2.25    1.70     21.21   11.99   14.21     29.47    4.62   25.90      3.93   83.66   84.12   143.63   88.38   139.81   80.93 
  19    1.97    5.78     40.58    1.55    1.69     20.74   12.55   14.12     29.47    4.62   24.78      3.81   84.86   84.16   143.34   89.32   139.51   81.91 
  20    1.97    5.80     39.95    1.67    1.69     19.32   14.71   14.15     29.47    4.62   23.77      3.89   84.22   84.16   142.71   88.96   138.98   81.40 
  21    1.90    5.92     36.71    2.43    1.72     22.29   10.58   13.98     27.94    5.50   22.90      3.89   83.89   84.15   143.18   88.91   139.41   81.50 
  22    1.90    5.94     37.84    2.12    1.74     20.47   12.96   13.93     27.94    5.50   22.11      3.91   84.27   84.16   142.77   89.82   139.02   82.36 
  23    1.90    5.92     37.30    2.26    1.77     21.31   11.88   13.84     27.94    5.50   21.39      4.12   82.64   84.09   142.18   89.74   138.42   82.38 
  24    1.90    5.92     34.66    3.07    1.82     18.90   15.73   13.92     27.94    5.50   20.73      3.97   84.15   84.09   141.75   89.82   138.15   82.42 
  25    1.90    5.90     34.71    3.05    1.87     21.21   11.94   13.84     27.94    5.50   20.12      4.11   83.27   84.06   141.74   89.96   138.08   82.47 
  26    2.68    5.93     35.16    2.90    1.91     20.46   13.13   13.82     25.05    7.68   19.64      4.01   83.78   84.05   141.57   89.83   138.03   82.38 
  27    2.68    5.94     40.27    1.61    1.90     19.24   15.03   13.86     25.05    7.68   19.20      3.89   84.75   84.08   141.89   91.34   138.21   83.92 
  28    2.68    5.92     37.13    2.30    1.91     21.30   11.89   13.79     25.05    7.68   18.79      3.95   84.27   84.08   141.38   90.38   137.67   82.97 
  29    2.68    5.91     36.92    2.35    1.93     20.97   12.40   13.74     25.05    7.68   18.40      4.00   84.34   84.09   141.08   90.41   137.43   82.99 
  30    2.68    5.91     40.85    1.49    1.91     19.72   14.30   13.76     25.05    7.68   18.05      3.86   85.06   84.12   140.68   90.99   136.91   83.67 
  31    2.22    5.96     39.30    1.78    1.91     20.06   13.76   13.76     24.90    7.83   17.72      4.11   83.76   84.11   140.52   91.04   136.92   83.65 
  32    2.22    5.91     35.69    2.67    1.93     17.81   18.11   13.90     24.90    7.83   17.41      4.08   84.92   84.14   139.09   89.97   135.43   82.55 
  33    2.22    5.82     36.26    2.47    1.95     15.59   23.76   14.20     24.90    7.83   17.12      4.13   85.94   84.19   137.82   89.59   134.33   82.07 
  34    2.22    5.95     34.87    2.85    1.97     13.53   30.50   14.68     24.90    7.83   16.84      4.29   85.65   84.24   135.70   88.50   132.38   80.87 
  35    2.22    5.82     34.52    2.92    2.00     12.17   36.39   15.30     24.90    7.83   16.59      4.43   85.34   84.27   133.50   87.48   130.47   79.82 
  36    4.20    6.05     32.71    3.53    2.04     15.72   24.06   15.54     23.31    9.45   16.39      4.53   85.49   84.30   131.36   86.72   128.33   78.86 
  37    4.20    5.93     33.09    3.32    2.08     12.55   34.69   16.06     23.31    9.45   16.20      4.50   84.92   84.32   129.10   85.11   126.23   77.15 
  38    4.20    5.89     31.06    4.14    2.13     11.91   37.38   16.62     23.31    9.45   16.02      4.39   85.77   84.36   128.28   85.44   125.26   77.62 
  39    4.20    5.90     31.01    4.14    2.18     10.77   42.75   17.29     23.31    9.45   15.85      4.43   85.52   84.39   127.43   85.63   124.54   77.79 
  40    4.20    5.89     30.69    4.28    2.24     10.68   43.32   17.94     23.31    9.45   15.69      4.45   85.64   84.42   127.23   83.85   124.36   75.96 
  41    3.26    5.86     31.84    3.75    2.27     19.05   16.56   17.90     22.19   10.85   15.58      4.78   82.37   84.37   126.92   84.23   123.99   76.42 
  42    3.26    5.80     31.08    4.10    2.32     16.58   22.10   18.00     22.19   10.85   15.46      4.98   80.86   84.28   127.62   84.71   124.78   76.84 
  43    3.26    5.80     31.23    4.03    2.36     17.17   20.96   18.07     22.19   10.85   15.36      4.87   82.44   84.24   128.70   83.05   125.49   75.36 
  44    3.26    5.87     32.34    3.55    2.38     15.65   24.92   18.23     22.19   10.85   15.25      5.01   82.04   84.19   128.96   83.68   125.37   76.08 
  45    3.26    5.82     33.24    3.21    2.40     13.65   31.96   18.53     22.19   10.85   15.16      5.20   80.80   84.12   129.81   82.45   126.25   74.98 
  46    4.57    5.96     32.12    3.67    2.43     17.78   19.88   18.56     21.20   12.27   15.09      5.32   80.22   84.03   131.19   81.81   127.44   74.37 
  47    4.57    5.94     33.48    3.16    2.45     16.27   23.45   18.67     21.20   12.27   15.03      5.20   80.58   83.96   132.58   80.14   128.97   72.57 
  48    4.57    5.84     33.72    3.09    2.46     15.25   26.37   18.83     21.20   12.27   14.97      5.09   80.85   83.89   133.40   79.77   129.61   72.41 
  49    4.57    5.91     35.48    2.53    2.46     14.24   29.48   19.05     21.20   12.27   14.92      5.12   80.91   83.83   133.75   79.70   130.08   72.30 
  50    4.57    6.01     35.93    2.42    2.46     14.59   27.85   19.22     21.20   12.27   14.87      5.11   80.51   83.77   134.47   80.74   130.75   73.21 
  51    3.63    6.06     43.08    1.07    2.43     17.50   19.93   19.24     21.25   12.29   14.82      5.07   79.56   83.68   134.48   81.28   130.76   73.82 
  52    3.63    6.01     41.97    1.23    2.41     16.07   23.25   19.31     21.25   12.29   14.77      4.85   81.49   83.64   134.93   83.00   131.38   75.45 
  53    3.63    6.00     41.80    1.27    2.39     15.29   25.00   19.42     21.25   12.29   14.72      4.78   80.83   83.59   135.32   85.31   131.49   77.85 
  54    3.63    5.94     41.80    1.28    2.37     15.72   23.54   19.50     21.25   12.29   14.68      4.79   80.34   83.53   136.30   86.76   132.39   79.30 
  55    3.63    6.01     37.74    2.06    2.36     17.82   18.50   19.48     21.25   12.29   14.63      4.63   81.13   83.48   136.80   89.47   132.89   82.17 
  56    6.04    5.96     36.01    2.55    2.37     16.49   21.27   19.51     20.81   12.97   14.60      4.55   81.09   83.44   137.38   91.96   133.70   84.61 
  57    6.04    5.87     36.88    2.34    2.36     17.64   18.31   19.49     20.81   12.97   14.57      4.32   82.25   83.42   137.36   94.70   133.42   87.52 
  58    6.04    5.93     36.32    2.51    2.37     15.00   24.50   19.58     20.81   12.97   14.55      4.40   81.04   83.38   137.07   96.31   133.40   88.93 
  59    6.04    5.95     34.57    3.10    2.38     12.75   31.66   19.78     20.81   12.97   14.52      4.26   81.67   83.35   136.27   98.31   132.35   91.16 
  60    6.04    5.94     31.99    4.21    2.41     12.34   32.89   20.00     20.81   12.97   14.49      4.05   82.39   83.33   136.50   99.57   132.58   92.41 
  61    5.33    6.00     32.77    3.86    2.43     14.35   25.58   20.09     20.01   14.19   14.49      3.90   83.35   83.33   136.55  102.66   132.64   95.47 
  62    5.33    5.98     31.26    4.64    2.47     12.63   31.23   20.27     20.01   14.19   14.48      3.78   83.94   83.34   135.85  104.52   132.05   97.36 
  63    5.33    6.01     29.94    5.43    2.52     10.83   37.32   20.54     20.01   14.19   14.48      3.60   84.30   83.36   135.32  106.28   131.43   99.03 
  64    5.33    6.05     31.10    4.78    2.55      9.55   42.23   20.88     20.01   14.19   14.47      3.28   85.28   83.39   134.94  109.31   130.98  102.11 
  65    5.33    6.04     29.84    5.57    2.60      8.98   45.06   21.25     20.01   14.19   14.47      3.16   85.20   83.42   135.72  109.84   131.71  102.72 
  66    4.96    6.01     29.12    6.11    2.65     14.64   23.33   21.28     19.71   14.60   14.47      3.23   84.35   83.43   136.59  110.69   132.34  103.58 
  67    4.96    5.94     30.31    5.39    2.69     12.82   28.36   21.39     19.71   14.60   14.47      3.23   83.84   83.44   137.57  112.29   133.08  105.22 
  68    4.96    5.99     30.00    5.64    2.74     12.75   28.54   21.49     19.71   14.60   14.48      3.13   83.93   83.45   139.13  112.71   134.73  105.65 
  69    4.96    5.95     29.84    5.80    2.78     11.38   33.31   21.67     19.71   14.60   14.48      3.14   83.42   83.44   140.98  113.19   136.72  105.96 
  70    4.96    6.01     29.96    5.78    2.82     10.68   35.94   21.87     19.71   14.60   14.48      3.13   83.51   83.45   142.29  113.82   138.00  106.58 
  71    4.41    6.11     30.55    5.46    2.86     12.00   30.83   22.00     19.21   15.34   14.49      3.41   80.89   83.41   142.89  114.61   138.26  107.64 
  72    4.41    6.08     31.10    5.17    2.89     12.82   28.00   22.08     19.21   15.34   14.50      3.40   80.53   83.37   145.63  114.73   140.99  107.68 
  73    4.41    6.07     32.27    4.55    2.91     11.17   33.79   22.24     19.21   15.34   14.51      3.23   81.97   83.35   147.64  114.97   142.94  108.08 
  74    4.41    6.07     30.24    5.77    2.95     10.19   37.39   22.44     19.21   15.34   14.53      3.16   82.09   83.33   148.69  113.55   143.89  106.56 
  75    4.41    6.08     32.54    4.41    2.97      9.47   40.78   22.69     19.21   15.34   14.54      3.11   82.68   83.32   148.80  113.19   143.98  106.34 
  76    6.05    5.83     33.95    3.72    2.98     13.24   27.04   22.75     18.39   16.71   14.56      3.51   80.38   83.29   148.76  111.98   143.98  105.25 
  77    6.05    5.99     33.75    3.77    2.99     12.51   30.34   22.84     18.39   16.71   14.59      3.56   82.16   83.27   147.95  109.30   143.24  102.55 
  78    6.05    6.05     32.50    4.30    3.01     11.30   36.11   23.01     18.39   16.71   14.62      3.74   82.16   83.26   147.21  105.85   142.32   99.29 
  79    6.05    6.04     35.87    2.88    3.01     11.59   34.97   23.17     18.39   16.71   14.65      3.95   81.72   83.24   146.79  104.38   142.10   97.53 
  80    6.05    5.94     35.70    2.90    3.01     11.92   34.53   23.31     18.39   16.71   14.67      4.04   81.44   83.22   146.28  101.76   141.48   95.10 
  81    4.65    6.36     34.67    3.24    3.01     14.44   26.21   23.34     17.81   17.81   14.71      4.17   81.00   83.19   145.99   98.94   141.19   92.34 
  82    4.65    6.34     37.73    2.25    3.00     13.97   27.54   23.39     17.81   17.81   14.75      4.38   79.87   83.15   145.69   98.29   140.94   91.62 
  83    4.65    6.31     35.36    2.94    3.00     12.84   31.24   23.49     17.81   17.81   14.79      4.31   80.28   83.11   144.79   96.79   140.09   89.99 
  84    4.65    6.36     39.73    1.77    2.98     12.46   32.40   23.60     17.81   17.81   14.82      4.36   79.43   83.07   145.66   96.47   140.96   89.65 
  85    4.65    6.20     37.28    2.36    2.98     13.02   30.55   23.68     17.81   17.81   14.86      4.22   80.59   83.04   145.73   95.13   141.23   88.21 
  86    6.63    6.13     35.77    2.79    2.98     15.65   22.29   23.66     17.69   18.04   14.89      4.48   78.20   82.98   145.17   94.68   140.49   87.70 
  87    6.63    6.12     37.31    2.33    2.97     13.97   27.00   23.70     17.69   18.04   14.93      4.39   78.46   82.93   144.84   95.00   140.13   88.02 
  88    6.63    6.14     40.08    1.69    2.95     16.06   21.49   23.67     17.69   18.04   14.97      4.62   76.80   82.86   145.48   93.30   140.83   86.38 
  89    6.63    6.12     37.34    2.31    2.95     15.17   23.90   23.68     17.69   18.04   15.00      4.68   77.17   82.80   144.36   92.16   139.83   85.09 
  90    6.63    6.11     38.22    2.07    2.94     16.01   21.74   23.66     17.69   18.04   15.03      4.52   78.42   82.75   144.27   91.37   139.70   84.32 
  91    5.23    6.19     42.73    1.22    2.92     16.58   20.87   23.62     17.59   18.24   15.07      4.66   77.79   82.70   143.66   90.53   139.25   83.63 
  92    5.23    5.94     46.88    0.75    2.89     15.79   22.99   23.62     17.59   18.24   15.10      4.86   77.98   82.64   143.06   89.93   138.66   83.01 
  93    5.23    6.14     42.22    1.27    2.88     16.43   21.50   23.59     17.59   18.24   15.14      4.77   79.52   82.61   141.68   88.62   137.43   81.55 
  94    5.23    6.21     46.74    0.74    2.85     15.27   25.13   23.61     17.59   18.24   15.17      5.04   78.35   82.56   139.98   86.17   135.91   79.02 
  95    5.23    6.22     37.77    2.05    2.85     15.69   24.17   23.62     17.59   18.24   15.20      5.09   79.53   82.53   137.98   86.44   134.07   79.16 
  96    6.24    6.22     40.04    1.55    2.83     17.80   19.26   23.57     17.38   18.73   15.24      5.03   81.29   82.52   135.74   85.05   131.93   77.67 
  97    6.24    6.22     38.83    1.74    2.82     16.86   21.73   23.55     17.38   18.73   15.27      5.25   80.58   82.50   133.11   82.91   129.52   75.39 
  98    6.24    6.25     33.31    3.23    2.82     18.45   18.12   23.50     17.38   18.73   15.31      5.37   79.81   82.47   131.17   83.69   127.46   76.20 
  99    6.24    6.20     31.64    3.86    2.84     16.93   21.83   23.48     17.38   18.73   15.34      5.22   81.18   82.46   129.29   83.35   126.02   75.77 
 100    6.24    6.22     31.52    3.87    2.85     15.32   26.31   23.51     17.38   18.73   15.38      5.25   81.40   82.45   128.05   82.40   124.70   74.78 
 101    7.07    6.30     30.57    4.26    2.86     15.02   27.18   23.55     17.64   18.26   15.41      5.51   78.91   82.41   126.87   81.97   123.64   74.33 
 102    7.07    6.19     29.33    4.89    2.88     15.54   25.52   23.56     17.64   18.26   15.44      5.34   79.59   82.39   125.85   82.98   122.37   75.46 
 103    7.07    6.15     29.84    4.60    2.90     15.24   26.53   23.59     17.64   18.26   15.46      5.33   79.68   82.36   125.20   82.89   121.90   75.38 
 104    7.07    5.96     32.17    3.52    2.90     15.89   24.46   23.60     17.64   18.26   15.49      5.37   79.69   82.33   124.63   82.01   121.34   74.45 
 105    7.07    6.11     32.53    3.37    2.91     16.14   23.86   23.60     17.64   18.26   15.52      5.47   78.58   82.30   124.27   81.68   120.92   74.16 
 106    7.14    6.18     32.45    3.38    2.91     19.51   16.24   23.53     17.50   18.65   15.55      5.44   78.93   82.27   123.58   81.71   120.21   74.26 
 107    7.14    6.08     32.69    3.29    2.91     18.74   17.83   23.48     17.50   18.65   15.57      5.52   78.39   82.23   123.93   81.27   120.55   73.85 
 108    7.14    6.12     37.26    1.96    2.91     16.05   24.29   23.49     17.50   18.65   15.60      5.47   78.87   82.20   123.37   80.59   120.10   73.15 
 109    7.14    6.19     36.26    2.21    2.90     17.13   21.35   23.47     17.50   18.65   15.63      5.47   78.51   82.17   124.25   81.66   120.93   74.25 
 110    7.14    6.21     38.71    1.68    2.89     17.24   20.87   23.45     17.50   18.65   15.66      5.44   78.74   82.13   125.11   82.03   121.84   74.54 
 111    8.21    6.15     49.74    0.48    2.87     16.91   21.52   23.43     17.60   18.52   15.68      5.21   79.51   82.11   126.06   81.77   122.70   74.26 
 112    8.21    6.00     47.63    0.61    2.85     15.14   26.04   23.45     17.60   18.52   15.71      5.14   79.00   82.08   126.41   82.29   123.03   74.77 
 113    8.21    6.17     51.32    0.41    2.83     14.77   26.87   23.48     17.60   18.52   15.73      5.05   79.09   82.06   128.34   83.58   124.49   76.21 
 114    8.21    5.98     37.80    1.95    2.82     15.56   24.48   23.49     17.60   18.52   15.76      5.00   78.95   82.03   129.37   82.72   125.89   75.20 
 115    8.21    6.08     38.79    1.75    2.81     16.18   22.50   23.48     17.60   18.52   15.78      5.03   78.52   82.00   129.97   84.41   126.22   76.98 
 116    8.48    5.90     38.87    1.76    2.80     16.27   22.23   23.47     17.47   18.85   15.81      4.90   78.84   81.97   131.01   85.07   127.10   77.75 
 117    8.48    5.89     36.50    2.33    2.80     14.32   27.57   23.51     17.47   18.85   15.84      5.06   77.64   81.93   131.79   86.71   127.74   79.42 
 118    8.48    6.07     35.46    2.68    2.79     15.34   24.37   23.51     17.47   18.85   15.86      4.84   78.48   81.91   133.41   88.66   129.45   81.40 
 119    8.48    6.13     33.45    3.41    2.80     15.91   22.40   23.50     17.47   18.85   15.89      4.62   79.50   81.89   134.25   89.50   130.09   82.26 
 120    8.48    5.92     33.02    3.61    2.81     14.82   25.23   23.52     17.47   18.85   15.91      4.54   79.56   81.87   134.53   91.00   130.28   83.82 
 121    7.52    6.15     33.75    3.34    2.81     14.38   26.32   23.54     17.42   18.95   15.94      4.64   78.70   81.84   134.57   92.55   130.18   85.40 
 122    7.52    6.22     31.31    4.43    2.82     13.72   28.38   23.58     17.42   18.95   15.96      4.48   79.28   81.82   134.03   92.05   129.46   85.02 
 123    7.52    6.26     33.69    3.37    2.83     14.69   25.34   23.60     17.42   18.95   15.98      4.44   79.53   81.80   134.29   93.48   129.53   86.61 
 124    7.52    6.36     32.71    3.78    2.84     13.63   28.72   23.64     17.42   18.95   16.01      4.54   78.95   81.78   134.56   93.75   129.77   86.89 
 125    7.52    6.23     32.29    4.02    2.85     13.12   30.46   23.69     17.42   18.95   16.03      4.54   78.90   81.75   135.77   95.09   130.87   88.44 
 126    8.85    6.13     31.75    4.30    2.86     14.78   25.01   23.70     17.34   19.12   16.06      4.42   79.32   81.73   136.41   94.94   131.51   88.25 
 127    8.85    6.19     30.62    4.92    2.87     14.06   26.72   23.73     17.34   19.12   16.08      4.26   80.17   81.72   136.29   95.58   131.27   88.81 
 128    8.85    6.09     31.40    4.50    2.89     13.14   29.43   23.77     17.34   19.12   16.10      4.28   79.56   81.71   136.70   95.91   131.82   88.90 
 129    8.85    6.18     31.80    4.29    2.90     12.87   30.37   23.82     17.34   19.12   16.13      4.26   79.49   81.69   136.35   96.01   131.54   88.96 
 130    8.85    6.06     32.71    3.85    2.90     13.93   26.94   23.85     17.34   19.12   16.15      4.27   79.32   81.67   136.61   95.69   131.53   88.82 
 131    6.74    6.08     31.65    4.34    2.91     18.04   16.93   23.79     17.26   19.27   16.17      4.12   80.87   81.66   136.32   94.56   131.26   87.70 
 132    6.74    6.20     32.32    4.01    2.92     18.06   16.88   23.74     17.26   19.27   16.20      4.37   78.94   81.64   136.39   94.49   131.28   87.67 
 133    6.74    6.00     31.07    4.62    2.94     15.10   23.93   23.74     17.26   19.27   16.22      4.09   81.45   81.64   136.19   93.15   131.07   86.36 
 134    6.74    6.22     31.23    4.54    2.95     15.66   22.38   23.73     17.26   19.27   16.24      4.28   80.15   81.63   136.04   94.20   130.85   87.49 
 135    6.74    6.06     31.47    4.42    2.96     16.42   20.46   23.71     17.26   19.27   16.27      4.28   79.92   81.62   136.45   93.82   131.34   86.97 
 136    9.65    6.25     31.19    4.57    2.97     18.01   17.10   23.66     17.14   19.50   16.29      4.34   79.36   81.60   136.09   94.15   131.08   87.37 
 137    9.65    5.90     30.96    4.70    2.98     17.48   18.09   23.62     17.14   19.50   16.31      4.39   79.45   81.59   136.14   93.99   131.09   87.11 
 138    9.65    6.14     31.50    4.40    2.99     17.54   18.16   23.58     17.14   19.50   16.34      4.30   79.87   81.57   135.96   93.94   131.01   87.12 
 139    9.65    6.14     32.57    3.88    3.00     18.43   16.24   23.53     17.14   19.50   16.36      4.38   79.79   81.56   135.61   95.07   130.71   88.13 
 140    9.65    5.97     31.16    4.55    3.01     20.21   13.33   23.45     17.14   19.50   16.38      4.34   80.04   81.55   134.51   94.41   129.64   87.44 
 141   10.01    6.14     31.58    4.31    3.02     17.12   18.95   23.42     17.25   19.24   16.40      4.38   80.01   81.54   133.29   94.63   128.28   87.71 
 142   10.01    6.15     32.56    3.82    3.03     18.53   16.23   23.37     17.25   19.24   16.42      4.32   80.57   81.53   132.76   94.28   127.78   87.34 
 143   10.01    6.13     33.61    3.35    3.03     15.98   22.03   23.36     17.25   19.24   16.44      4.48   80.25   81.52   131.61   93.87   126.80   86.85 
 144   10.01    6.13     32.99    3.57    3.03     15.20   24.52   23.37     17.25   19.24   16.46      4.70   79.84   81.51   129.85   93.58   124.95   86.58 
 145   10.01    6.13     33.18    3.44    3.03     13.42   30.47   23.42     17.25   19.24   16.48      4.76   79.91   81.50   127.64   92.78   122.66   85.87 
 146    8.89    6.07     34.55    2.91    3.03     12.84   32.53   23.48     17.29   19.16   16.50      4.59   80.72   81.49   125.92   92.77   120.64   86.16 
 147    8.89    6.01     34.87    2.77    3.03     11.90   36.08   23.57     17.29   19.16   16.52      4.40   81.62   81.50   125.13   92.32   119.77   85.78 
 148    8.89    6.00     37.60    2.02    3.03     11.73   36.68   23.65     17.29   19.16   16.53      4.48   81.12   81.49   124.63   93.22   119.33   86.72 
 149    8.89    6.09     43.49    1.03    3.01     11.74   36.56   23.74     17.29   19.16   16.55      4.65   79.96   81.48   125.43   93.71   120.12   87.21 
 150    8.89    6.08     37.26    2.10    3.01     11.72   36.73   23.83     17.29   19.16   16.57      4.65   80.03   81.47   124.55   92.64   119.44   85.95 
 151   11.88    5.91     35.83    2.48    3.00     15.25   24.54   23.83     16.84   20.17   16.59      4.76   78.62   81.45   125.36   91.93   120.42   85.10 
 152   11.88    6.10     39.73    1.59    2.99     16.97   20.09   23.81     16.84   20.17   16.62      4.83   78.52   81.43   125.73   93.34   121.04   86.42 
 153   11.88    6.16     40.48    1.46    2.98     17.51   18.63   23.77     16.84   20.17   16.64      4.71   78.78   81.42   126.13   93.70   121.33   86.66 
 154   11.88    5.89     36.54    2.32    2.98     17.79   18.14   23.74     16.84   20.17   16.66      4.80   77.65   81.39   126.68   93.40   122.14   86.29 
 155   11.88    5.97     45.61    0.82    2.96     14.35   26.55   23.76     16.84   20.17   16.69      4.65   78.95   81.38   127.70   95.92   123.20   88.73 
 156    9.32    6.17     39.71    1.62    2.96     15.23   24.12   23.76     16.88   20.07   16.71      4.53   79.81   81.37   127.81   95.36   123.28   88.27 
 157    9.32    5.95     42.02    1.25    2.95     14.40   26.30   23.77     16.88   20.07   16.73      4.35   81.32   81.37   128.54   95.91   124.13   88.71 
 158    9.32    6.04     42.77    1.15    2.93     14.08   27.22   23.80     16.88   20.07   16.75      4.36   80.56   81.36   128.90   96.06   124.66   88.77 
 159    9.32    6.04     40.08    1.57    2.93     14.92   24.60   23.80     16.88   20.07   16.77      4.32   80.82   81.36   129.10   95.71   124.99   88.24 
 160    9.32    5.93     37.69    2.07    2.92     14.55   25.70   23.81     16.88   20.07   16.79      4.42   79.73   81.35   128.57   95.77   124.90   88.14 
 161    8.81    6.11     41.18    1.38    2.91     15.61   22.71   23.81     16.98   19.85   16.81      4.55   78.60   81.33   129.74   95.34   125.87   87.77 
 162    8.81    5.99     41.89    1.27    2.90     15.71   22.22   23.80     16.98   19.85   16.83      4.52   78.99   81.32   129.83   94.99   125.95   87.26 
 163    8.81    5.99     38.60    1.86    2.89     14.12   26.59   23.81     16.98   19.85   16.85      4.52   78.59   81.30   129.44   95.08   125.75   87.20 
 164    8.81    6.06     41.41    1.35    2.88     14.30   26.01   23.83     16.98   19.85   16.87      4.59   77.63   81.28   130.20   94.33   126.57   86.40 
 165    8.81    6.06     45.41    0.85    2.87     13.80   27.67   23.85     16.98   19.85   16.88      4.54   77.92   81.26   130.82   94.99   127.30   87.05 
 166   11.83    6.16     39.96    1.59    2.86     16.51   20.29   23.83     16.83   20.17   16.90      4.45   78.64   81.24   130.38   93.97   127.12   85.96 
 167   11.83    6.04     42.89    1.14    2.85     15.77   21.91   23.82     16.83   20.17   16.92      4.48   78.51   81.23   130.53   95.13   127.19   87.11 
 168   11.83    6.02     41.53    1.33    2.84     16.46   20.48   23.80     16.83   20.17   16.94      4.43   78.71   81.21   130.88   93.77   127.65   85.78 
 169   11.83    6.13     40.12    1.57    2.84     15.87   21.97   23.79     16.83   20.17   16.96      4.58   78.04   81.19   130.59   94.24   127.16   86.32 
 170   11.83    6.00     38.39    1.92    2.83     16.43   20.44   23.77     16.83   20.17   16.98      4.45   79.00   81.18   130.53   94.25   127.17   86.22 
 171    9.28    6.04     37.98    2.00    2.83     15.51   22.79   23.76     16.86   20.08   17.00      4.45   78.90   81.17   129.61   93.92   126.55   85.81 
 172    9.28    5.94     34.93    2.84    2.83     16.14   21.43   23.75     16.86   20.08   17.02      4.63   77.98   81.15   129.43   93.16   126.11   85.19 
 173    9.28    6.01     42.82    1.14    2.82     17.68   17.91   23.71     16.86   20.08   17.03      4.67   78.33   81.13   129.49   93.61   126.06   85.62 
 174    9.28    6.07     40.81    1.43    2.81     17.76   17.80   23.68     16.86   20.08   17.05      4.58   78.80   81.12   128.64   93.28   125.25   85.33 
 175    9.28    6.06     37.60    2.05    2.81     15.35   23.55   23.68     16.86   20.08   17.07      4.54   79.44   81.11   127.58   92.65   124.43   84.64 
 176    9.38    6.05     40.94    1.39    2.80     15.90   22.17   23.67     16.79   20.23   17.09      4.68   78.64   81.09   127.60   92.16   124.12   84.19 
 177    9.38    6.02     43.49    1.03    2.79     14.77   25.31   23.68     16.79   20.23   17.11      4.71   78.47   81.08   127.21   92.19   123.61   84.26 
 178    9.38    6.06     43.12    1.07    2.78     13.91   28.02   23.70     16.79   20.23   17.12      4.75   78.12   81.06   126.29   92.87   123.03   84.90 
 179    9.38    5.94     43.17    1.06    2.77     13.43   29.48   23.74     16.79   20.23   17.14      4.85   77.59   81.04   125.63   92.16   121.98   84.23 
 180    9.38    6.10     42.43    1.15    2.76     12.93   31.23   23.78     16.79   20.23   17.16      4.73   78.28   81.03   125.68   91.16   122.41   83.10 
 181    9.67    6.12     42.86    1.09    2.75     13.98   27.87   23.80     16.72   20.39   17.18      4.82   77.45   81.01   125.73   92.43   122.33   84.48 
 182    9.67    6.01     47.32    0.65    2.74     14.85   25.38   23.81     16.72   20.39   17.19      4.82   78.16   80.99   124.88   91.85   121.60   83.94 
 183    9.67    6.08     39.86    1.54    2.73     13.60   29.34   23.84     16.72   20.39   17.21      4.80   78.48   80.98   123.59   90.85   120.31   83.01 
 184    9.67    5.98     42.36    1.15    2.72     13.15   30.63   23.88     16.72   20.39   17.23      4.76   78.28   80.96   123.09   92.01   119.98   84.07 
 185    9.67    6.08     45.08    0.84    2.71     14.05   27.78   23.90     16.72   20.39   17.24      4.73   78.25   80.95   123.84   92.16   120.71   84.32 
 186   15.40    6.14     46.49    0.72    2.70     14.85   25.25   23.90     16.68   20.48   17.26      4.67   79.07   80.94   123.76   92.38   120.65   84.52 
 187   15.40    6.16     47.66    0.63    2.69     13.25   30.06   23.94     16.68   20.48   17.28      4.70   78.48   80.93   123.50   93.10   120.53   85.21 
 188   15.40    6.17     45.47    0.81    2.68     13.89   28.10   23.96     16.68   20.48   17.30      4.59   78.82   80.91   123.65   92.50   120.54   84.73 
 189   15.40    6.18     47.62    0.63    2.67     13.17   30.25   23.99     16.68   20.48   17.31      4.70   78.34   80.90   123.34   92.95   120.06   85.22 
 190   15.40    6.17     43.60    1.00    2.66     12.74   31.93   24.03     16.68   20.48   17.33      4.63   78.47   80.89   123.32   93.40   120.23   85.73 
 191   18.23    6.13     44.50    0.90    2.65     14.90   25.02   24.04     16.66   20.54   17.35      4.77   77.15   80.87   123.73   93.43   120.73   85.78 
 192   18.23    6.06     39.72    1.56    2.65     13.89   28.16   24.06     16.66   20.54   17.36      4.62   78.40   80.86   123.69   91.84   120.56   84.32 
 193   18.23    6.16     48.83    0.55    2.64     14.13   27.11   24.08     16.66   20.54   17.38      4.54   79.10   80.85   123.78   92.94   120.63   85.37 
 194   18.23    6.01     41.85    1.23    2.63     12.13   33.78   24.13     16.66   20.54   17.40      4.51   78.67   80.84   124.00   94.16   120.97   86.56 
 195   18.23    6.15     41.64    1.26    2.62     13.74   28.39   24.15     16.66   20.54   17.41      4.51   78.73   80.82   124.76   92.71   121.70   85.24 
 196   10.70    6.24     45.91    0.77    2.61     16.03   21.51   24.14     16.55   20.77   17.43      4.49   78.68   80.81   124.72   93.39   121.76   85.82 
 197   10.70    6.26     45.59    0.81    2.60     17.65   18.02   24.10     16.55   20.77   17.45      4.29   79.61   80.81   125.49   94.04   122.41   86.69 
 198   10.70    6.42     43.47    1.03    2.59     15.44   22.91   24.10     16.55   20.77   17.46      4.19   80.72   80.81   126.13   95.01   123.06   87.65 
 199   10.70    6.35     40.76    1.42    2.59     16.40   20.55   24.08     16.55   20.77   17.48      4.29   79.35   80.80   126.13   94.75   123.12   87.46 
 200   10.70    6.25     42.59    1.15    2.58     15.39   22.87   24.07     16.55   20.77   17.50      4.31   78.91   80.79   126.41   95.16   123.39   87.82 
 201   11.73    6.13     39.57    1.63    2.58     15.30   23.04   24.07     16.57   20.72   17.51      4.32   78.52   80.78   127.01   95.61   123.98   88.32 
 202   11.73    6.23     44.78    0.90    2.57     14.86   24.35   24.07     16.57   20.72   17.53      4.23   79.01   80.77   126.38   96.03   123.37   88.84 
 203   11.73    6.26     37.21    2.16    2.57     14.46   25.28   24.08     16.57   20.72   17.54      4.11   79.37   80.76   127.16   96.02   124.14   88.84 
 204   11.73    6.21     39.78    1.61    2.56     14.69   24.40   24.08     16.57   20.72   17.56      4.00   79.91   80.76   127.75   97.50   124.67   90.38 
 205   11.73    6.33     40.51    1.49    2.56     14.21   25.61   24.09     16.57   20.72   17.57      3.97   79.91   80.75   127.37   98.24   124.37   91.09 
 206   12.33    6.08     40.66    1.47    2.55     14.48   24.47   24.09     16.38   21.16   17.59      3.95   79.45   80.75   127.60   98.82   124.19   91.73 
 207   12.33    5.98     35.79    2.58    2.55     14.65   23.86   24.09     16.38   21.16   17.61      3.94   78.77   80.74   127.92   98.20   124.66   91.06 
 208   12.33    6.15     36.53    2.37    2.55     13.01   28.69   24.11     16.38   21.16   17.63      3.91   78.73   80.73   127.16   98.50   124.01   91.32 
 209   12.33    5.96     38.09    1.98    2.55     14.32   24.55   24.11     16.38   21.16   17.64      3.81   78.98   80.72   127.45   99.18   124.22   92.05 
 210   12.33    6.14     36.75    2.31    2.55     12.85   28.81   24.13     16.38   21.16   17.66      3.66   79.53   80.72   127.15   99.40   123.78   92.36 
 211   14.01    6.09     38.23    1.95    2.54     13.13   27.55   24.15     16.32   21.27   17.68      3.77   78.10   80.70   126.41  100.46   123.38   93.18 
 212   14.01    6.06     36.08    2.49    2.54     14.76   23.00   24.14     16.32   21.27   17.69      3.75   77.85   80.69   126.75  100.66   123.50   93.62 
 213   14.01    6.08     35.00    2.82    2.54     14.17   24.43   24.15     16.32   21.27   17.71      3.78   77.80   80.68   125.93  100.08   122.72   93.03 
 214   14.01    6.08     36.04    2.50    2.54     13.75   25.51   24.15     16.32   21.27   17.73      3.77   77.50   80.66   125.80  100.75   122.50   93.75 
 215   14.01    6.07     37.19    2.18    2.54     13.26   27.06   24.17     16.32   21.27   17.74      3.62   77.81   80.65   125.84  100.87   122.65   93.92 
 216   15.20    5.94     36.28    2.41    2.54     14.55   22.94   24.16     16.29   21.29   17.76      3.91   75.82   80.63   125.31   99.83   122.25   92.71 
 217   15.20    5.99     37.36    2.12    2.54     12.98   27.50   24.18     16.29   21.29   17.78      3.65   77.07   80.61   124.56  100.13   121.67   93.06 
 218   15.20    6.05     34.64    2.90    2.54     14.16   24.01   24.17     16.29   21.29   17.79      3.74   75.98   80.59   125.06   99.40   122.10   92.41 
 219   15.20    6.10     36.40    2.36    2.54     12.25   29.56   24.20     16.29   21.29   17.81      3.69   76.48   80.57   124.41  100.09   121.44   93.09 
 220   15.20    5.99     35.01    2.76    2.54     12.22   29.43   24.22     16.29   21.29   17.82      3.61   76.26   80.55   124.03   98.83   121.14   91.79 
 221   14.13    6.10     35.78    2.52    2.54     14.17   23.58   24.22     16.25   21.33   17.84      3.76   74.76   80.52   123.68   99.08   120.85   92.08 
 222   14.13    5.91     35.62    2.56    2.54     14.30   23.12   24.21     16.25   21.33   17.86      3.66   75.30   80.50   123.56   99.06   120.53   92.18 
 223   14.13    6.13     33.80    3.14    2.54     13.07   26.55   24.23     16.25   21.33   17.87      3.77   74.73   80.47   123.55   98.50   120.48   91.64 
 224   14.13    5.92     34.04    3.04    2.55     12.78   27.47   24.24     16.25   21.33   17.89      3.68   75.03   80.45   122.43   97.75   119.40   90.93 
 225   14.13    6.11     34.01    3.04    2.55     11.93   30.09   24.27     16.25   21.33   17.90      3.88   73.57   80.42   122.00   97.73   118.91   90.87 
 226   17.91    5.84     33.58    3.17    2.55     13.37   25.37   24.27     16.27   21.23   17.92      3.91   72.87   80.39   121.39   97.23   118.28   90.38 
 227   17.91    6.02     32.73    3.49    2.56     11.68   30.36   24.30     16.27   21.23   17.93      3.81   73.43   80.35   121.11   97.06   118.01   90.07 
 228   17.91    5.93     32.84    3.43    2.56     11.70   30.39   24.32     16.27   21.23   17.95      3.92   72.03   80.32   120.23   97.10   117.10   90.18 
 229   17.91    6.04     33.23    3.27    2.56     11.62   30.96   24.35     16.27   21.23   17.96      3.81   72.75   80.29   119.80   96.96   116.69   90.10 
 230   17.91    5.81     32.66    3.48    2.57     11.12   32.74   24.39     16.27   21.23   17.97      3.98   72.09   80.25   119.31   96.67   116.28   89.75 
 231   17.99    5.92     31.30    4.06    2.57     11.30   32.38   24.42     16.20   21.32   17.99      4.07   71.64   80.21   119.75   95.64   116.60   88.78 
 232   17.99    6.04     32.81    3.41    2.58     12.61   27.99   24.44     16.20   21.32   18.00      4.04   72.10   80.18   119.17   95.85   116.17   88.97 
 233   17.99    6.05     33.62    3.11    2.58     12.56   28.42   24.46     16.20   21.32   18.02      4.18   71.40   80.14   119.18   96.73   116.02   89.90 
 234   17.99    6.07     32.40    3.60    2.58     14.00   24.41   24.46     16.20   21.32   18.03      4.20   71.97   80.10   119.82   96.59   116.76   89.74 
 235   17.99    6.05     33.39    3.23    2.59     15.21   21.30   24.44     16.20   21.32   18.05      4.21   72.19   80.07   120.58   97.10   117.57   90.23 
 236   19.44    6.29     32.79    3.47    2.59     16.53   18.55   24.42     16.20   21.27   18.06      4.44   70.89   80.03   120.56   97.31   117.55   90.50 
 237   19.44    6.07     34.72    2.78    2.59     15.86   20.21   24.40     16.20   21.27   18.07      4.42   71.68   80.00   120.86   98.90   117.77   92.18 
 238   19.44    6.25     34.84    2.75    2.59     15.66   20.75   24.39     16.20   21.27   18.09      4.50   72.34   79.96   120.92   99.05   117.86   92.22 
 239   19.44    6.06     34.91    2.74    2.59     13.70   26.19   24.39     16.20   21.27   18.10      4.49   72.77   79.93   119.87   99.31   116.81   92.50 
 240   19.44    6.27     36.48    2.29    2.59     13.34   27.53   24.41     16.20   21.27   18.11      4.49   73.50   79.91   119.73  100.48   116.42   93.82 
 241   15.92    6.08     33.99    3.04    2.59     16.04   20.41   24.39     16.03   21.66   18.13      4.55   73.11   79.88   120.24   99.77   117.02   93.01 
 242   15.92    6.02     33.24    3.31    2.60     14.62   24.05   24.39     16.03   21.66   18.14      4.55   74.16   79.86   119.55   98.91   116.20   92.15 
 243   15.92    6.10     37.42    2.05    2.59     13.81   26.46   24.40     16.03   21.66   18.16      4.73   72.83   79.83   119.85  100.62   116.36   93.87 
 244   15.92    5.97     35.17    2.65    2.59     15.73   21.47   24.38     16.03   21.66   18.17      4.62   73.56   79.80   120.77   99.35   117.21   92.57 
 245   15.92    6.13     36.40    2.31    2.59     15.37   22.28   24.38     16.03   21.66   18.19      4.54   75.03   79.78   121.17   99.96   117.71   92.97 
 246   14.83    6.14     35.76    2.50    2.59     17.16   18.29   24.35     16.08   21.51   18.20      4.76   73.04   79.75   121.36   99.07   117.91   92.11 
 247   14.83    6.05     33.57    3.22    2.60     14.01   26.44   24.36     16.08   21.51   18.21      4.61   74.49   79.73   121.98   98.34   118.53   91.36 
 248   14.83    6.19     35.95    2.45    2.59     14.75   24.34   24.36     16.08   21.51   18.23      4.66   74.45   79.71   121.20   99.26   117.79   92.33 
 249   14.83    6.20     35.53    2.57    2.59     14.80   24.04   24.36     16.08   21.51   18.24      4.65   74.64   79.69   122.06  100.07   118.42   93.12 
 250   14.83    6.03     36.19    2.40    2.59     14.84   23.91   24.36     16.08   21.51   18.25      4.48   75.99   79.68   121.70  100.71   117.93   93.78 
 251   16.99    6.17     35.80    2.50    2.59     17.10   18.35   24.33     16.07   21.52   18.27      4.69   74.50   79.66   121.19  100.89   117.27   93.97 
 252   16.99    6.18     36.44    2.30    2.59     16.07   20.88   24.32     16.07   21.52   18.28      4.62   74.89   79.64   121.29  100.08   117.36   93.17 
 253   16.99    6.15     37.97    1.92    2.59     15.98   21.25   24.31     16.07   21.52   18.29      4.69   74.99   79.62   120.62   99.37   116.71   92.42 
 254   16.99    6.09     36.09    2.36    2.59     16.51   20.43   24.29     16.07   21.52   18.30      4.66   76.15   79.61   119.90   96.98   116.07   90.05 
 255   16.99    6.07     36.66    2.19    2.59     14.71   25.41   24.30     16.07   21.52   18.32      4.88   75.48   79.59   119.31   95.33   115.48   88.47 
 256   20.20    6.23     37.15    2.06    2.58     15.67   23.10   24.29     16.05   21.57   18.33      4.92   75.54   79.57   119.52   93.80   115.56   87.00 
 257   20.20    6.07     38.50    1.75    2.58     13.90   28.08   24.31     16.05   21.57   18.34      5.03   75.61   79.56   118.81   91.67   114.91   84.64 
 258   20.20    6.16     37.27    1.99    2.58     14.40   27.00   24.32     16.05   21.57   18.35      5.03   75.97   79.54   119.57   89.39   115.55   82.46 
 259   20.20    6.27     36.15    2.25    2.58     13.98   28.81   24.33     16.05   21.57   18.37      5.20   75.30   79.53   119.91   87.66   115.92   80.78 
 260   20.20    6.05     34.11    2.83    2.58     13.95   29.43   24.35     16.05   21.57   18.38      5.22   76.32   79.52   120.43   85.65   116.29   78.95 
 261   20.46    6.37     35.34    2.43    2.58     13.48   31.22   24.38     16.07   21.54   18.39      5.49   75.87   79.50   119.66   84.49   115.58   77.68 
 262   20.46    6.29     35.75    2.29    2.58     13.16   33.07   24.41     16.07   21.54   18.40      5.49   76.50   79.49   119.95   82.00   115.90   75.25 
 263   20.46    6.52     34.82    2.53    2.58     12.60   35.67   24.46     16.07   21.54   18.41      5.46   77.30   79.48   120.40   80.56   116.20   73.92 
 264   20.46    6.43     36.34    2.10    2.58     11.59   40.55   24.52     16.07   21.54   18.43      5.44   78.83   79.48   120.14   77.69   115.91   71.11 
 265   20.46    6.47     30.35    4.14    2.58     11.17   42.70   24.58     16.07   21.54   18.44      5.47   79.34   79.48   119.82   77.16   115.84   70.41 
 266   16.29    7.40     29.87    4.32    2.59     12.30   37.80   24.63     15.93   21.93   18.45      5.70   77.46   79.47   120.23   74.44   116.12   67.80 
 267   16.29    7.48     30.36    4.05    2.59     11.79   40.26   24.69     15.93   21.93   18.46      5.75   77.66   79.46   120.02   72.32   115.97   65.66 
 268   16.29    7.25     27.53    5.55    2.60     11.28   42.91   24.76     15.93   21.93   18.48      5.84   77.11   79.46   119.87   71.61   115.80   64.99 
 269   16.29    7.45     27.75    5.37    2.61     10.54   46.07   24.84     15.93   21.93   18.49      5.87   76.97   79.45   119.96   69.14   115.69   62.51 
 270   16.29    7.40     25.89    6.59    2.63     10.17   48.85   24.93     15.93   21.93   18.50      5.86   76.61   79.44   120.40   67.73   116.05   61.36 
 271   13.60    6.47     26.11    6.42    2.64     16.07   24.62   24.93     15.73   22.51   18.52      6.51   71.19   79.41   120.38   66.68   116.17   60.24 
 272   13.60    6.27     26.79    5.94    2.66     15.36   26.89   24.94     15.73   22.51   18.53      6.44   71.90   79.38   120.92   65.59   116.84   59.19 
 273   13.60    6.50     25.90    6.60    2.67     16.17   24.56   24.93     15.73   22.51   18.55      6.41   72.11   79.35   121.15   66.43   117.03   60.02 
 274   13.60    6.41     28.26    5.09    2.68     15.75   25.40   24.94     15.73   22.51   18.56      6.38   72.43   79.33   121.43   66.43   117.05   59.96 
 275   13.60    6.48     28.05    5.29    2.69     16.27   24.19   24.93     15.73   22.51   18.58      5.98   75.22   79.31   123.16   68.61   118.74   62.19 
 276   21.58    6.48     30.74    3.96    2.69     16.71   23.06   24.93     15.80   22.39   18.59      6.14   73.55   79.29   124.11   70.00   119.76   63.58 
 277   21.58    6.44     29.59    4.58    2.70     14.75   28.78   24.94     15.80   22.39   18.60      5.93   74.53   79.27   125.36   72.55   120.97   66.16 
 278   21.58    6.51     35.89    2.26    2.70     13.19   33.58   24.97     15.80   22.39   18.62      5.94   74.21   79.25   125.85   73.63   121.10   67.34 
 279   21.58    6.25     34.93    2.58    2.70     11.52   39.97   25.02     15.80   22.39   18.63      5.51   76.03   79.24   127.35   76.28   122.71   69.95 
 280   21.58    6.19     37.31    1.99    2.70     12.02   37.24   25.07     15.80   22.39   18.64      5.44   75.96   79.23   127.38   77.43   123.10   70.80 
 281   15.43    6.15     38.38    1.78    2.69     13.18   32.01   25.09     15.71   22.67   18.66      5.34   75.77   79.22   128.88   78.23   124.60   71.52 
 282   15.43    6.10     34.79    2.75    2.69     11.88   36.53   25.13     15.71   22.67   18.67      5.14   76.37   79.21   129.75   78.60   125.48   71.80 
 283   15.43    6.08     38.56    1.80    2.69     12.74   32.90   25.16     15.71   22.67   18.69      4.99   76.63   79.20   132.43   79.34   128.14   72.63 
 284   15.43    6.28     37.83    1.97    2.69     12.69   32.73   25.19     15.71   22.67   18.70      4.87   77.26   79.19   133.68   79.85   129.45   73.12 
 285   15.43    6.27     35.97    2.47    2.69     12.73   32.55   25.21     15.71   22.67   18.71      4.65   78.53   79.19   134.13   79.99   129.82   73.35 
 286   21.37    6.20     33.57    3.28    2.69     12.70   32.34   25.24     15.68   22.75   18.73      4.74   77.46   79.18   134.93   80.38   130.69   73.65 
 287   21.37    6.23     32.49    3.75    2.69     11.90   35.66   25.27     15.68   22.75   18.74      4.54   78.89   79.18   135.49   80.67   131.33   74.01 
 288   21.37    6.20     34.19    3.07    2.69     11.82   35.53   25.31     15.68   22.75   18.76      4.58   78.73   79.18   135.59   81.29   131.41   74.45 
 289   21.37    6.30     32.63    3.70    2.70     11.77   35.82   25.35     15.68   22.75   18.77      4.56   78.70   79.18   135.96   82.07   131.80   75.25 
 290   21.37    6.22     32.82    3.64    2.70     11.88   35.62   25.38     15.68   22.75   18.78      4.63   78.04   79.18   136.69   82.68   132.43   76.01 
 291   22.57    6.36     32.45    3.84    2.70     12.57   32.79   25.41     15.42   23.45   18.80      4.53   78.94   79.18   137.80   83.76   133.47   77.14 
 292   22.57    6.44     29.25    5.64    2.71     11.44   36.81   25.45     15.42   23.45   18.82      4.63   77.88   79.17   138.24   85.12   133.94   78.32 
 293   22.57    6.38     31.11    4.58    2.72     10.47   41.42   25.50     15.42   23.45   18.83      4.44   78.95   79.17   139.44   86.91   135.08   80.29 
 294   22.57    6.48     29.37    5.67    2.73     10.10   43.50   25.56     15.42   23.45   18.85      4.50   79.02   79.17   140.30   87.60   135.91   81.05 
 295   22.57    6.46     28.93    6.05    2.74      9.05   48.93   25.64     15.42   23.45   18.86      4.34   80.62   79.17   141.52   89.22   137.24   82.58 
 296   13.90    6.30     29.01    6.08    2.75     10.49   40.77   25.69     15.48   23.30   18.88      4.38   79.87   79.18   142.90   91.14   138.69   84.44 
 297   13.90    6.19     28.52    6.46    2.76      9.25   46.58   25.76     15.48   23.30   18.89      4.25   80.38   79.18   143.37   91.36   139.03   84.68 
 298   13.90    6.08     27.91    6.99    2.78      9.41   46.11   25.83     15.48   23.30   18.91      4.29   79.84   79.18   143.38   93.07   139.19   86.40 
 299   13.90    6.11     28.73    6.38    2.79      8.98   48.33   25.91     15.48   23.30   18.92      4.21   80.58   79.19   143.48   95.37   139.37   88.70 
 300   13.90    6.12     27.62    7.30    2.81      8.78   49.87   25.99     15.48   23.30   18.94      4.20   81.11   79.19   143.01   96.11   139.01   89.33 
 301   19.78    6.14     27.74    7.24    2.82     11.66   35.55   26.02     15.22   23.98   18.95      4.17   81.08   79.20   143.09   98.26   139.05   91.50 
 302   19.78    6.07     28.17    6.93    2.83     10.49   40.41   26.07     15.22   23.98   18.97      3.93   82.57   79.21   142.92  100.38   139.01   93.52 
 303   19.78    6.02     26.56    8.36    2.85      8.93   48.55   26.14     15.22   23.98   18.99      3.83   83.05   79.22   142.22  100.18   138.41   93.26 
 304   19.78    5.97     28.40    6.78    2.87      9.57   44.80   26.20     15.22   23.98   19.00      3.86   82.86   79.24   142.22  103.57   138.66   96.48 
 305   19.78    6.11     28.02    7.08    2.88     10.13   42.08   26.25     15.22   23.98   19.02      3.81   83.25   79.25   141.17  104.03   137.79   96.80 
 306   18.57    6.17     28.42    6.73    2.89     13.03   30.25   26.27     15.16   24.16   19.04      3.91   82.05   79.26   140.47  104.30   137.17   97.06 
 307   18.57    6.24     29.68    5.78    2.90     12.52   32.07   26.29     15.16   24.16   19.05      4.14   80.47   79.26   139.38  105.15   136.13   97.86 
 308   18.57    6.21     29.89    5.62    2.91     11.02   38.10   26.32     15.16   24.16   19.07      3.99   81.31   79.27   138.35  105.69   135.12   98.45 
 309   18.57    6.24     30.26    5.36    2.92     11.09   37.56   26.36     15.16   24.16   19.09      4.04   80.56   79.27   138.16  105.23   135.02   97.92 
 310   18.57    6.23     30.68    5.08    2.92     10.37   40.81   26.41     15.16   24.16   19.10      3.96   81.25   79.28   138.04  104.39   135.13   96.94 
 311   26.33    6.26     33.51    3.65    2.93     11.83   34.18   26.43     15.17   24.12   19.12      4.21   79.35   79.28   138.00  105.16   134.92   97.74 
 312   26.33    6.14     31.81    4.44    2.93     11.44   35.72   26.46     15.17   24.12   19.13      4.25   78.88   79.28   136.74  105.35   133.70   97.85 
 313   26.33    6.20     32.97    3.87    2.94     11.32   36.11   26.49     15.17   24.12   19.15      4.19   79.37   79.28   136.45  106.05   133.46   98.53 
 314   26.33    6.17     33.25    3.72    2.94     12.15   32.85   26.51     15.17   24.12   19.17      4.23   78.96   79.28   135.33  105.22   132.34   97.67 
 315   26.33    6.17     32.04    4.27    2.94     12.43   31.98   26.53     15.17   24.12   19.18      4.23   79.43   79.28   134.41  104.78   131.60   97.09 
 316   25.00    6.27     32.42    4.05    2.95     15.10   23.67   26.52     15.10   24.31   19.20      4.28   79.57   79.28   133.83  103.75   131.03   95.99 
 317   25.00    6.20     36.29    2.56    2.94     13.72   27.95   26.53     15.10   24.31   19.21      4.35   79.36   79.28   132.95  103.80   129.99   96.16 
 318   25.00    6.14     33.58    3.47    2.95     13.30   29.49   26.53     15.10   24.31   19.23      4.38   79.95   79.28   131.63  102.61   128.57   94.93 
 319   25.00    6.10     33.37    3.52    2.95     14.32   26.39   26.53     15.10   24.31   19.25      4.46   79.52   79.28   129.84  101.76   127.02   94.00 
 320   25.00    6.11     34.48    3.07    2.95     13.92   27.71   26.54     15.10   24.31   19.26      4.54   78.96   79.28   129.04  101.17   126.09   93.42 
 321   20.35    5.98     35.98    2.55    2.95     14.86   25.05   26.53     15.05   24.44   19.28      4.61   79.17   79.28   127.07  101.15   124.33   93.33 
 322   20.35    5.98     36.68    2.34    2.94     14.06   27.40   26.54     15.05   24.44   19.29      4.64   79.16   79.28   125.32  101.43   122.68   93.52 
 323   20.35    6.05     34.17    3.10    2.95     14.07   27.43   26.54     15.05   24.44   19.31      4.66   79.20   79.28   123.37  100.64   120.71   92.66 
 324   20.35    6.06     34.74    2.86    2.95     14.69   26.10   26.54     15.05   24.44   19.33      4.70   79.30   79.28   122.62   99.45   119.87   91.59 
 325   20.35    6.05     34.31    2.96    2.95     14.86   25.45   26.53     15.05   24.44   19.34      4.84   78.78   79.28   120.87   98.88   117.96   90.98 
 326   21.73    6.05     32.49    3.64    2.95     14.87   25.37   26.53     15.04   24.46   19.36      4.91   77.87   79.27   119.48   98.17   116.51   90.23 
 327   21.73    5.94     33.91    3.04    2.95     15.17   24.80   26.53     15.04   24.46   19.37      4.95   77.95   79.27   117.56   97.39   114.72   89.45 
 328   21.73    6.11     33.65    3.10    2.95     15.72   22.96   26.51     15.04   24.46   19.39      4.97   77.92   79.27   116.02   97.22   113.21   89.19 
 329   21.73    6.06     31.23    4.06    2.95     14.72   25.73   26.51     15.04   24.46   19.40      4.87   78.02   79.26   114.84   95.92   112.03   87.87 
 330   21.73    6.11     35.03    2.60    2.95     14.69   25.86   26.51     15.04   24.46   19.42      5.02   76.99   79.26   113.52   96.43   110.78   88.39 
 331   31.24    5.98     31.38    3.92    2.95     15.15   24.80   26.50     15.08   24.36   19.43      4.77   79.16   79.26   112.74   95.17   109.96   87.17 
 332   31.24    5.99     32.79    3.32    2.95     16.32   21.56   26.49     15.08   24.36   19.45      4.96   78.26   79.25   110.88   95.55   108.19   87.51 
 333   31.24    6.09     32.04    3.59    2.96     16.21   21.82   26.48     15.08   24.36   19.46      4.79   79.38   79.25   109.98   95.30   107.21   87.25 
 334   31.24    6.06     36.49    2.12    2.95     15.94   22.31   26.46     15.08   24.36   19.48      4.88   78.69   79.25   108.53   95.51   105.75   87.38 
 335   31.24    6.05     35.07    2.48    2.95     15.89   22.56   26.45     15.08   24.36   19.49      4.91   78.11   79.25   107.09   94.85   104.28   86.74 
 336   23.19    5.93     33.85    2.83    2.95     14.89   25.51   26.45     15.09   24.35   19.51      4.94   78.12   79.24   106.01   94.57   103.28   86.48 
 337   23.19    6.09     33.84    2.81    2.95     14.34   27.14   26.45     15.09   24.35   19.52      5.06   77.40   79.24   104.13   94.63   101.36   86.53 
 338   23.19    6.02     35.64    2.27    2.95     13.67   28.88   26.46     15.09   24.35   19.54      4.96   77.22   79.23   102.73   95.63    99.94   87.52 
 339   23.19    6.08     33.82    2.79    2.95     12.60   32.33   26.48     15.09   24.35   19.55      4.88   77.73   79.23   100.55   95.89    97.75   87.73 
 340   23.19    6.01     30.79    3.92    2.95     12.95   31.36   26.49     15.09   24.35   19.56      4.92   77.43   79.22    99.62   95.43    96.86   87.25 
 341   24.27    6.59     30.90    3.84    2.95     13.01   30.67   26.50     15.06   24.43   19.58      4.83   77.76   79.22    98.07   96.23    95.17   88.12 
 342   24.27    6.53     30.91    3.81    2.96     12.31   33.02   26.52     15.06   24.43   19.59      4.74   77.32   79.21    96.70   96.08    93.67   87.96 
 343   24.27    6.55     31.99    3.35    2.96     11.91   34.23   26.54     15.06   24.43   19.61      4.68   77.59   79.21    95.24   96.69    92.54   88.51 
 344   24.27    6.56     32.54    3.12    2.96     11.36   36.40   26.57     15.06   24.43   19.62      4.63   77.85   79.20    94.36   96.18    91.68   87.91 
 345   24.27    6.56     32.39    3.15    2.96     11.45   35.62   26.60     15.06   24.43   19.64      4.64   77.83   79.20    92.08   96.54    89.33   88.19 
 346   20.72    6.61     30.79    3.75    2.96     11.42   35.73   26.63     15.03   24.49   19.65      4.68   76.48   79.19    90.56   96.19    87.86   87.91 
 347   20.72    6.60     31.12    3.58    2.96     11.00   36.91   26.65     15.03   24.49   19.66      4.59   76.60   79.19    88.73   96.19    85.87   87.79 
 348   20.72    6.52     30.94    3.63    2.97     10.79   37.83   26.69     15.03   24.49   19.68      4.69   75.13   79.17    87.67   96.33    84.81   87.93 
 349   20.72    6.69     30.92    3.61    2.97     10.30   39.61   26.72     15.03   24.49   19.69      4.55   75.83   79.16    85.81   96.19    82.96   87.73 
 350   20.72    6.74     32.29    3.07    2.97      9.64   42.23   26.77     15.03   24.49   19.70      4.50   75.58   79.15    84.42   97.11    81.49   88.67 
 351   27.84    6.36     31.73    3.25    2.97     11.29   34.92   26.79     14.94   24.74   19.72      4.54   74.60   79.14    82.80   96.63    79.86   88.16 
 352   27.84    6.31     30.59    3.66    2.97     11.27   34.93   26.81     14.94   24.74   19.73      4.64   73.89   79.13    81.69   96.77    78.61   88.35 
 353   27.84    6.18     30.26    3.79    2.97     10.42   38.69   26.85     14.94   24.74   19.75      4.67   73.85   79.11    80.00   96.50    76.90   88.13 
 354   27.84    6.16     29.22    4.20    2.98      9.92   40.47   26.89     14.94   24.74   19.76      4.63   73.42   79.10    78.87   97.86    75.71   89.44 
 355   27.84    6.15     29.96    3.83    2.98      9.69   41.20   26.93     14.94   24.74   19.78      4.61   73.36   79.08    77.21   97.81    74.25   89.32 
 356   19.57    6.55     29.30    4.10    2.98      9.59   41.75   26.97     14.70   25.40   19.79      4.68   71.89   79.06    75.87   96.70    73.19   88.27 
 357   19.57    6.55     30.70    3.46    2.98      9.72   41.04   27.01     14.70   25.40   19.81      4.74   71.41   79.04    74.95   96.76    72.23   88.29 
 358   19.57    6.60     30.64    3.48    2.98      9.58   41.96   27.05     14.70   25.40   19.82      4.72   72.12   79.02    74.54   96.35    71.83   87.87 
 359   19.57    6.58     30.49    3.48    2.99      9.43   42.35   27.09     14.70   25.40   19.84      4.88   70.81   79.00    72.85   95.10    70.09   86.55 
 360   19.57    6.66     28.96    4.11    2.99      9.23   43.66   27.14     14.70   25.40   19.85      4.77   70.72   78.97    73.27   95.36    70.41   86.81 
 361   24.13    6.23     31.30    3.14    2.99     10.79   36.06   27.16     14.77   25.18   19.87      4.81   69.77   78.95    72.46   95.91    69.81   87.42 
 362   24.13    6.26     29.59    3.81    2.99     11.35   33.92   27.18     14.77   25.18   19.88      4.83   70.16   78.92    72.35   94.85    69.64   86.26 
 363   24.13    6.25     29.94    3.68    2.99     11.61   33.43   27.20     14.77   25.18   19.90      4.79   70.13   78.90    73.24   95.04    70.49   86.47 
 364   24.13    6.25     30.55    3.41    2.99     11.91   33.14   27.22     14.77   25.18   19.91      4.87   70.87   78.88    74.62   93.86    72.01   85.28 
 365   24.13    6.26     29.55    3.86    3.00     11.86   33.77   27.23     14.77   25.18   19.93      4.96   71.96   78.86    75.65   92.39    73.09   83.65 
 366   28.76    6.60     29.92    3.71    3.00     13.36   28.88   27.24     14.79   25.09   19.94      5.04   71.52   78.84    77.37   90.44    74.98   81.65 
 367   28.76    6.57     31.36    3.14    3.00     12.60   31.88   27.25     14.79   25.09   19.95      4.98   72.01   78.82    79.40   90.46    76.93   81.77 
 368   28.76    6.45     32.01    2.90    3.00     12.29   32.87   27.27     14.79   25.09   19.97      5.03   72.34   78.80    80.27   89.18    77.72   80.49 
 369   28.76    6.53     34.84    2.10    3.00     11.82   34.84   27.29     14.79   25.09   19.98      5.10   72.45   78.78    81.41   89.06    79.04   80.34 
 370   28.76    6.51     35.39    1.98    2.99     11.52   36.65   27.31     14.79   25.09   20.00      5.12   73.48   78.77    82.55   87.22    80.24   78.50 
 371   22.14    6.27     33.97    2.32    2.99     13.09   31.18   27.32     14.47   26.03   20.01      5.46   71.64   78.75    83.79   85.01    81.45   76.33 
 372   22.14    6.32     33.58    2.41    2.99     12.49   33.74   27.34     14.47   26.03   20.03      5.48   72.22   78.73    85.31   83.18    83.02   74.42 
 373   22.14    6.31     34.86    2.06    2.99     11.92   36.79   27.36     14.47   26.03   20.05      5.56   72.63   78.72    86.11   80.61    84.08   71.98 
 374   22.14    6.45     35.84    1.83    2.98     11.80   37.54   27.39     14.47   26.03   20.06      5.52   74.03   78.70    86.84   79.49    84.83   70.87 
 375   22.14    6.36     36.18    1.76    2.98     11.87   37.78   27.42     14.47   26.03   20.08      5.65   73.55   78.69    88.03   77.47    85.92   68.92 
 376   30.07    6.55     33.91    2.28    2.98     12.47   35.55   27.44     14.45   26.11   20.09      5.88   72.56   78.67    89.83   76.30    87.75   67.70 
 377   30.07    6.63     35.29    1.95    2.98     12.23   36.85   27.47     14.45   26.11   20.11      5.99   72.80   78.66    91.03   74.19    89.05   65.54 
 378   30.07    6.68     35.38    1.94    2.97     12.55   35.95   27.49     14.45   26.11   20.12      5.92   73.63   78.64    92.52   74.13    90.51   65.50 
 379   30.07    6.78     36.16    1.78    2.97     13.39   33.14   27.50     14.45   26.11   20.14      6.10   73.20   78.63    94.30   72.84    92.28   64.26 
 380   30.07    6.80     35.96    1.83    2.97     13.86   31.82   27.51     14.45   26.11   20.16      5.93   75.67   78.62    96.05   71.44    93.95   62.85 
 381   31.43    6.42     35.45    1.97    2.97     13.09   35.65   27.54     14.55   25.84   20.17      6.33   73.30   78.61    98.80   70.48    96.55   61.97 
 382   31.43    6.64     37.67    1.55    2.96     13.53   34.05   27.55     14.55   25.84   20.19      6.35   74.36   78.60   100.36   69.51    98.82   60.95 
 383   31.43    6.57     42.60    0.89    2.96     13.78   33.01   27.57     14.55   25.84   20.20      6.32   75.01   78.59   102.13   67.58   100.58   58.91 
 384   31.43    6.60     45.67    0.63    2.95     13.85   32.99   27.58     14.55   25.84   20.22      6.40   74.31   78.58   104.96   66.90   103.06   58.29 
 385   31.43    6.62     42.53    0.92    2.94     13.88   33.04   27.60     14.55   25.84   20.23      6.32   75.13   78.57   106.61   66.45   104.95   57.98 
 386   28.26    6.75     42.06    0.99    2.94     13.92   32.68   27.61     14.44   26.25   20.25      6.18   76.20   78.56   109.48   66.07   107.75   57.59 
 387   28.26    6.89     40.84    1.15    2.94     14.70   29.51   27.61     14.44   26.25   20.26      6.25   75.07   78.55   111.35   67.40   109.72   58.87 
 388   28.26    6.76     46.61    0.60    2.93     14.25   31.01   27.62     14.44   26.25   20.28      6.07   76.00   78.55   113.29   67.74   111.61   59.28 
 389   28.26    6.89     44.32    0.80    2.92     13.63   32.55   27.64     14.44   26.25   20.29      5.98   75.85   78.54   115.14   68.31   113.47   59.67 
 390   28.26    7.00     35.49    2.25    2.92     12.58   36.26   27.66     14.44   26.25   20.31      5.89   75.57   78.53   116.12   69.17   114.50   60.54 
 391   31.00    6.66     42.99    0.97    2.92     12.85   34.87   27.68     14.51   26.09   20.32      5.82   75.07   78.52   119.17   70.24   117.17   61.72 
 392   31.00    6.53     37.11    1.92    2.91     12.48   35.83   27.70     14.51   26.09   20.34      5.83   74.59   78.51   119.90   71.15   118.30   62.44 
 393   31.00    6.52     38.71    1.62    2.91     12.41   35.64   27.72     14.51   26.09   20.35      5.72   74.15   78.50   121.05   73.03   119.30   64.30 
 394   31.00    6.63     39.72    1.46    2.91     12.26   36.15   27.74     14.51   26.09   20.37      5.58   74.56   78.49   122.59   74.57   120.80   65.96 
 395   31.00    6.52     40.92    1.29    2.90     11.54   38.94   27.77     14.51   26.09   20.38      5.43   75.76   78.48   124.82   75.43   122.80   66.84 
 396   34.52    6.36     44.77    0.84    2.90     12.77   33.25   27.78     14.53   26.04   20.39      5.36   75.80   78.48   125.38   78.73   123.06   70.16 
 397   34.52    6.47     49.18    0.51    2.89     13.07   31.96   27.79     14.53   26.04   20.41      5.28   75.85   78.47   126.14   80.18   123.59   71.68 
 398   34.52    6.48     47.69    0.61    2.89     13.00   32.04   27.80     14.53   26.04   20.42      5.25   75.50   78.46   127.34   81.60   124.75   73.14 
 399   34.52    6.50     42.03    1.19    2.88     14.34   27.28   27.80     14.53   26.04   20.44      5.15   76.20   78.46   127.14   83.87   124.59   75.41 
 400   34.52    6.44     47.17    0.66    2.88     14.00   28.21   27.80     14.53   26.04   20.45      5.13   76.34   78.45   127.41   86.15   124.91   77.69 
 401   40.47    6.57     40.80    1.39    2.87     14.49   26.52   27.80     14.51   26.12   20.47      5.12   75.97   78.45   126.96   88.56   124.41   80.15 
 402   40.47    6.57     37.87    1.97    2.87     16.36   21.36   27.78     14.51   26.12   20.48      5.00   76.56   78.44   127.92   90.18   125.35   81.81 
 403   40.47    6.62     38.24    1.91    2.87     15.79   22.55   27.77     14.51   26.12   20.49      4.92   76.85   78.44   127.57   92.27   124.92   83.86 
 404   40.47    6.68     44.61    0.92    2.86     14.41   26.20   27.77     14.51   26.12   20.51      4.87   76.25   78.43   128.28   95.71   125.49   87.36 
 405   40.47    6.57     43.95    1.01    2.86     13.55   28.49   27.77     14.51   26.12   20.52      4.70   77.34   78.43   128.21   98.36   125.25   89.96 
 406   26.59    6.63     41.12    1.40    2.86     14.85   24.23   27.76     14.50   26.15   20.54      4.68   76.30   78.42   128.56   99.82   125.60   91.39 
 407   26.59    6.69     38.09    2.01    2.85     15.03   23.74   27.75     14.50   26.15   20.55      4.61   76.31   78.42   128.20  101.74   125.49   93.41 
 408   26.59    6.55     38.62    1.91    2.85     14.84   23.95   27.74     14.50   26.15   20.56      4.66   75.67   78.41   128.93  103.84   126.14   95.45 
 409   26.59    6.72     37.23    2.27    2.85     14.79   24.07   27.73     14.50   26.15   20.58      4.48   76.93   78.41   129.21  105.79   126.50   97.43 
 410   26.59    6.72     35.52    2.79    2.85     13.70   27.27   27.73     14.50   26.15   20.59      4.41   77.12   78.41   129.24  107.52   126.54   99.16 
 411   29.44    6.81     38.31    2.05    2.85     13.26   28.43   27.73     14.42   26.37   20.60      4.36   76.87   78.40   130.36  110.86   127.67  102.51 
 412   29.44    6.64     35.26    2.96    2.85     13.46   27.65   27.73     14.42   26.37   20.62      4.45   75.59   78.40   130.44  113.57   127.65  105.36 
 413   29.44    6.64     35.95    2.75    2.85     13.18   28.36   27.73     14.42   26.37   20.63      4.32   76.68   78.39   130.29  116.07   127.47  107.90 
 414   29.44    6.73     34.57    3.29    2.85     12.71   29.63   27.74     14.42   26.37   20.65      4.23   76.52   78.39   130.23  119.56   127.65  111.35 
 415   29.44    6.75     33.76    3.64    2.85     12.45   30.28   27.74     14.42   26.37   20.66      4.12   77.02   78.38   130.95  121.17   128.19  113.04 
 416   44.75    6.79     33.16    3.94    2.85     13.07   28.10   27.74     14.49   26.14   20.67      3.96   78.26   78.38   130.83  123.93   127.80  115.95 
 417   44.75    6.78     34.12    3.57    2.85     12.95   28.35   27.75     14.49   26.14   20.69      3.92   78.28   78.38   130.71  126.81   127.89  118.74 
 418   44.75    6.78     33.39    3.92    2.86     11.47   33.36   27.76     14.49   26.14   20.70      3.97   77.15   78.38   130.74  129.65   127.88  121.57 
 419   44.75    6.78     32.66    4.31    2.86     11.28   34.15   27.77     14.49   26.14   20.71      3.92   77.14   78.38   130.42  131.80   127.62  123.85 
 420   44.75    6.83     33.07    4.15    2.86     11.10   34.56   27.79     14.49   26.14   20.73      3.68   79.31   78.38   130.43  134.31   127.45  126.40 
 421   23.57    6.62     32.46    4.46    2.87     11.36   32.88   27.80     14.51   26.04   20.74      3.74   77.97   78.38   129.83  136.09   126.72  127.99 
 422   23.57    6.67     31.52    5.02    2.87     10.74   34.89   27.82     14.51   26.04   20.75      3.74   76.53   78.37   128.96  138.54   125.89  130.46 
 423   23.57    6.69     32.42    4.56    2.88     10.31   36.29   27.84     14.51   26.04   20.76      3.60   77.11   78.37   129.18  141.49   126.09  133.42 
 424   23.57    6.79     32.55    4.53    2.88      9.91   37.97   27.86     14.51   26.04   20.78      3.56   77.33   78.37   128.55  143.80   125.51  135.77 
 425   23.57    6.77     32.83    4.43    2.88      9.12   41.47   27.89     14.51   26.04   20.79      3.32   79.27   78.37   127.55  146.39   124.44  138.39 
 426   20.23    6.77     30.16    6.09    2.89      9.36   39.82   27.92     14.47   26.13   20.80      3.43   77.75   78.37   127.45  148.13   124.09  140.11 
 427   20.23    6.77     31.21    5.43    2.90      9.03   41.00   27.95     14.47   26.13   20.81      3.16   78.97   78.37   126.88  150.93   123.78  142.81 
 428   20.23    6.82     30.54    5.94    2.90      8.78   42.09   27.99     14.47   26.13   20.83      3.16   78.84   78.37   127.61  153.38   124.33  145.39 
 429   20.23    6.73     28.57    7.52    2.92      8.05   45.94   28.03     14.47   26.13   20.84      3.13   78.56   78.37   126.27  154.90   123.03  147.01 
 430   20.23    6.81     29.91    6.50    2.92      7.78   47.44   28.07     14.47   26.13   20.85      3.06   79.09   78.37   125.98  158.21   122.92  150.21 
 431   32.73    7.36     29.70    6.71    2.93      9.16   40.39   28.10     14.31   26.58   20.86      3.30   76.28   78.37   126.57  160.06   123.11  152.18 
 432   32.73    7.52     30.15    6.42    2.94      8.75   41.77   28.13     14.31   26.58   20.88      3.23   76.33   78.36   125.74  162.71   122.21  154.85 
 433   32.73    7.41     29.58    6.92    2.95      8.61   41.98   28.17     14.31   26.58   20.89      3.09   77.07   78.36   125.46  164.79   122.30  156.80 
 434   32.73    7.34     29.01    7.44    2.96      8.43   42.45   28.20     14.31   26.58   20.90      3.01   76.65   78.36   124.73  166.38   121.41  158.49 
 435   32.73    7.34     29.15    7.38    2.97      8.10   43.86   28.23     14.31   26.58   20.92      2.93   76.98   78.35   124.54  168.83   121.22  161.03 
 436   41.00    6.54     29.57    7.06    2.98      8.89   39.47   28.26     14.08   27.24   20.93      2.72   78.08   78.35   123.62  170.86   120.09  163.06 
 437   41.00    6.53     28.98    7.61    2.99      8.16   42.35   28.29     14.08   27.24   20.94      2.66   77.74   78.35   122.79  172.72   119.24  164.94 
 438   41.00    6.60     29.63    7.08    3.00      7.81   43.84   28.33     14.08   27.24   20.96      2.65   77.35   78.35   122.49  174.16   118.80  166.42 
 439   41.00    6.56     29.75    6.99    3.01      7.48   45.60   28.37     14.08   27.24   20.97      2.59   77.82   78.35   122.44  175.05   118.85  167.27 
 440   41.00    6.60     29.71    7.06    3.02      6.89   47.76   28.41     14.08   27.24   20.99      2.58   77.35   78.35   120.98  176.88   117.12  169.27 
 441   33.98    6.32     30.42    6.51    3.03      9.38   35.55   28.43     14.11   27.08   21.00      2.95   73.70   78.34   120.82  178.19   117.08  170.31 
 442   33.98    6.19     29.26    7.49    3.04      9.15   36.31   28.45     14.11   27.08   21.02      2.85   73.69   78.33   119.99  179.28   116.09  171.49 
 443   33.98    6.24     29.04    7.70    3.05      8.88   37.13   28.47     14.11   27.08   21.03      2.72   74.21   78.32   119.61  180.15   115.70  172.29 
 444   33.98    6.09     29.54    7.28    3.06      8.22   39.59   28.49     14.11   27.08   21.04      2.82   73.34   78.30   118.47  181.44   114.60  173.46 
 445   33.98    6.11     28.89    7.89    3.07      8.28   39.40   28.51     14.11   27.08   21.06      2.73   73.61   78.29   118.23  182.67   114.14  174.80 
 446   46.20    6.84     29.13    7.69    3.08      9.78   32.51   28.52     14.05   27.20   21.07      2.86   72.51   78.28   116.60  184.43   112.59  176.50 
 447   46.20    6.82     27.77    9.04    3.09      9.90   32.02   28.53     14.05   27.20   21.08      2.82   71.74   78.27   116.07  185.27   112.12  177.26 
 448   46.20    6.96     29.68    7.22    3.10      9.55   33.34   28.54     14.05   27.20   21.10      2.87   71.79   78.25   115.23  186.50   111.26  178.57 
 449   46.20    6.91     29.26    7.57    3.11      8.97   35.45   28.56     14.05   27.20   21.11      2.86   71.51   78.24   113.55  186.13   109.67  178.12 
 450   46.20    6.97     29.79    7.11    3.12      8.82   36.27   28.57     14.05   27.20   21.12      2.98   70.64   78.22   113.30  186.65   109.39  178.71 
 451   31.58    6.54     29.31    7.50    3.13      9.55   33.10   28.58     14.00   27.29   21.14      3.32   67.93   78.20   111.56  186.36   107.45  178.46 
 452   31.58    6.47     30.19    6.77    3.14      9.68   32.64   28.59     14.00   27.29   21.15      3.22   68.53   78.18   111.17  187.22   106.99  179.29 
 453   31.58    6.45     30.88    6.25    3.14      9.52   33.18   28.60     14.00   27.29   21.17      3.18   68.67   78.16   110.03  187.98   106.00  179.96 
 454   31.58    6.55     29.02    7.78    3.15      9.00   35.20   28.62     14.00   27.29   21.18      3.09   68.82   78.13   108.91  188.38   104.88  180.39 
 455   31.58    6.55     28.62    8.14    3.16      9.03   34.91   28.63     14.00   27.29   21.19      2.96   70.09   78.12   108.54  189.25   104.49  181.13 
 456   28.74    6.68     28.89    7.85    3.17     10.04   31.23   28.64     14.02   27.16   21.21      3.25   67.30   78.09   106.87  187.93   102.92  179.76 
 457   28.74    6.67     28.14    8.53    3.19     10.83   28.83   28.64     14.02   27.16   21.22      3.21   67.79   78.07   106.58  186.73   102.88  178.57 
 458   28.74    6.68     28.24    8.30    3.20     10.77   29.31   28.64     14.02   27.16   21.23      3.21   67.94   78.05   105.95  183.75   102.26  175.55 
 459   28.74    6.66     28.69    7.76    3.21     10.43   30.48   28.64     14.02   27.16   21.24      3.15   68.24   78.03   105.25  181.52   101.82  173.30 
 460   28.74    6.68     28.26    8.06    3.22      9.93   32.11   28.65     14.02   27.16   21.26      3.17   68.51   78.01   105.09  178.08   101.40  169.73 
 461   31.97    6.23     28.97    7.32    3.23     10.31   30.66   28.66     13.86   27.60   21.27      3.46   66.11   77.98   104.86  175.55   101.47  167.06 
 462   31.97    6.22     28.35    7.75    3.24      9.38   33.96   28.67     13.86   27.60   21.28      3.55   65.75   77.95   104.72  171.72   101.29  163.23 
 463   31.97    6.25     28.19    7.74    3.25      8.63   37.17   28.69     13.86   27.60   21.30      3.54   66.32   77.93   104.94  167.58   101.60  159.08 
 464   31.97    6.24     27.80    7.95    3.26      7.81   41.29   28.71     13.86   27.60   21.31      3.46   67.92   77.91   105.78  163.13   102.79  154.73 
 465   31.97    6.25     28.23    7.39    3.27      7.45   41.94   28.74     13.86   27.60   21.33      3.23   69.11   77.89   104.94  158.35   101.94  149.72 
 466   25.57    6.96     28.04    7.45    3.27      7.20   42.43   28.77     13.87   27.50   21.34      3.38   67.60   77.87   104.74  154.29   101.63  145.73 
 467   25.57    6.90     27.62    7.70    3.28      7.15   42.72   28.80     13.87   27.50   21.35      3.13   68.62   77.85   106.32  150.53   103.08  141.99 
 468   25.57    6.86     29.85    5.87    3.29      7.10   42.52   28.83     13.87   27.50   21.36      3.16   68.31   77.83   106.83  148.25   103.33  139.69 
 469   25.57    6.77     28.25    6.97    3.30      7.19   42.48   28.86     13.87   27.50   21.38      3.08   68.85   77.81   107.16  143.77   103.91  135.34 
 470   25.57    6.87     28.85    6.42    3.30      7.51   40.97   28.88     13.87   27.50   21.39      3.05   68.93   77.79   107.54  141.64   104.22  133.17 
 471   27.89    6.17     29.64    5.79    3.31      8.81   35.75   28.90     13.80   27.64   21.40      3.29   66.94   77.77   109.34  138.19   105.97  129.73 
 472   27.89    6.09     29.27    5.98    3.32      9.15   34.39   28.91     13.80   27.64   21.42      3.33   66.71   77.74   110.10  134.25   106.52  125.75 
 473   27.89    6.14     31.33    4.66    3.32      9.16   34.29   28.92     13.80   27.64   21.43      3.32   66.15   77.72   111.56  131.80   107.84  123.26 
 474   27.89    6.15     31.89    4.37    3.32      8.86   35.34   28.94     13.80   27.64   21.44      3.43   65.07   77.69   113.08  130.58   109.46  121.98 
 475   27.89    6.12     31.56    4.53    3.32      8.90   35.25   28.95     13.80   27.64   21.46      3.39   65.31   77.66   114.45  129.19   111.05  120.47 
 476   37.03    6.36     31.62    4.51    3.33     11.19   27.21   28.95     13.76   27.69   21.47      3.68   63.92   77.64   115.60  128.28   111.97  119.66 
 477   37.03    6.16     30.94    4.88    3.33     10.46   30.30   28.95     13.76   27.69   21.48      3.78   64.52   77.61   116.86  126.76   113.52  118.08 
 478   37.03    6.14     30.95    4.86    3.33     10.11   31.96   28.95     13.76   27.69   21.50      3.83   65.42   77.58   118.46  124.42   114.77  115.80 
 479   37.03    6.23     33.15    3.75    3.33      9.62   34.34   28.97     13.76   27.69   21.51      3.78   66.35   77.56   120.58  122.69   116.76  114.25 
 480   37.03    6.16     32.42    4.09    3.33      9.39   35.50   28.98     13.76   27.69   21.52      3.86   66.56   77.54   121.81  121.94   117.81  113.46 
 481   29.75    7.10     30.44    5.18    3.34      8.65   39.86   29.00     13.72   27.78   21.53      3.71   68.79   77.52   124.23  120.24   120.37  111.77 
 482   29.75    6.92     34.20    3.38    3.34      8.97   38.18   29.02     13.72   27.78   21.55      3.70   69.71   77.50   125.88  121.40   122.00  112.72 
 483   29.75    6.93     32.32    4.23    3.34      9.23   38.07   29.04     13.72   27.78   21.56      3.72   70.35   77.49   127.65  120.81   123.67  112.51 
 484   29.75    6.91     33.58    3.71    3.34      9.08   38.38   29.06     13.72   27.78   21.57      3.78   70.08   77.47   129.88  122.40   125.95  113.91 
 485   29.75    6.93     32.92    4.04    3.34      9.12   38.39   29.08     13.72   27.78   21.59      3.83   69.91   77.46   131.35  122.23   127.54  113.63 
 486   35.34    6.09     30.45    5.43    3.35      9.46   37.13   29.09     13.68   27.84   21.60      3.71   71.12   77.44   132.86  121.85   129.02  113.35 
 487   35.34    6.17     32.12    4.48    3.35      9.38   37.53   29.11     13.68   27.84   21.61      3.81   70.71   77.43   134.67  121.80   130.75  113.34 
 488   35.34    6.15     32.63    4.24    3.35      8.81   40.31   29.14     13.68   27.84   21.62      3.75   71.44   77.42   135.69  121.32   131.87  112.85 
 489   35.34    6.22     33.61    3.80    3.35      8.61   41.18   29.16     13.68   27.84   21.64      3.72   71.90   77.41   137.73  120.84   133.84  112.35 
 490   35.34    6.29     34.08    3.61    3.35      8.71   40.90   29.18     13.68   27.84   21.65      3.74   71.97   77.39   138.88  120.54   134.94  112.04 
 491   33.75    7.32     32.50    4.37    3.35      9.37   38.22   29.20     13.67   27.82   21.66      3.89   70.86   77.38   139.79  120.34   135.97  111.85 
 492   33.75    7.25     31.33    5.04    3.36      9.20   39.33   29.22     13.67   27.82   21.67      3.80   71.73   77.37   142.52  118.89   139.09  110.21 
 493   33.75    7.17     33.49    3.95    3.36      9.15   39.64   29.24     13.67   27.82   21.69      3.88   71.19   77.36   144.43  119.44   140.64  110.99 
 494   33.75    7.11     31.96    4.74    3.36      9.22   39.70   29.26     13.67   27.82   21.70      3.91   71.42   77.35   146.67  117.56   142.58  109.20 
 495   33.75    7.19     33.75    3.88    3.36      9.22   39.27   29.29     13.67   27.82   21.71      3.97   70.63   77.33   148.27  118.20   144.40  109.77 
 496   38.64    6.96     33.77    3.90    3.36      9.81   36.80   29.30     13.72   27.64   21.72      3.66   73.08   77.32   150.57  117.73   146.81  109.33 
 497   38.64    6.86     32.74    4.42    3.37      9.45   38.42   29.32     13.72   27.64   21.74      3.66   73.38   77.32   152.13  116.92   148.30  108.51 
 498   38.64    6.80     33.54    4.05    3.37      9.43   38.82   29.34     13.72   27.64   21.75      3.67   73.43   77.31   153.83  116.37   149.72  108.19 
 499   38.64    6.85     33.34    4.19    3.37      9.44   38.66   29.36     13.72   27.64   21.76      3.77   73.01   77.30   155.98  116.35   151.89  108.12 
 500   38.64    6.78     32.98    4.38    3.37      9.60   38.13   29.37     13.72   27.64   21.77      3.77   73.11   77.29   158.38  115.25   154.22  107.00 
 501   51.04    6.14     31.56    5.23    3.37     10.41   34.91   29.39     13.58   28.05   21.78      4.02   71.12   77.28   160.73  114.39   156.61  106.16 
 502   51.04    6.11     31.16    5.54    3.38     10.30   35.27   29.40     13.58   28.05   21.80      3.96   71.29   77.27   163.06  114.36   159.39  105.96 
 503   51.04    6.16     31.91    5.14    3.38     10.63   33.83   29.41     13.58   28.05   21.81      3.89   71.64   77.26   165.68  114.91   161.70  106.69 
 504   51.04    6.22     33.39    4.38    3.38     10.30   35.00   29.42     13.58   28.05   21.82      4.04   70.56   77.24   168.35  115.65   164.47  107.41 
 505   51.04    6.30     32.39    4.99    3.39      9.69   37.36   29.43     13.58   28.05   21.83      3.90   71.90   77.23   171.52  115.56   167.62  107.21 
 506   40.19    6.46     30.68    6.16    3.39      9.60   37.77   29.45     13.41   28.56   21.85      3.81   71.84   77.22   174.02  116.19   170.33  107.78 
 507   40.19    6.47     30.45    6.38    3.40      8.51   42.48   29.47     13.41   28.56   21.86      3.82   71.13   77.21   175.33  116.56   171.78  108.10 
 508   40.19    6.56     31.62    5.64    3.40      8.12   43.89   29.50     13.41   28.56   21.87      3.73   71.53   77.20   177.98  118.29   174.42  109.77 
 509   40.19    6.44     31.81    5.57    3.41      7.86   44.67   29.53     13.41   28.56   21.89      3.74   70.87   77.19   179.52  119.32   175.88  110.72 
 510   40.19    6.49     29.93    7.01    3.41      7.59   46.41   29.57     13.41   28.56   21.90      3.71   70.66   77.17   181.25  120.20   177.46  111.76 
 511   35.40    6.12     30.37    6.74    3.42      8.02   43.15   29.59     13.37   28.64   21.91      3.66   70.34   77.16   183.04  122.55   179.31  113.96 
 512   35.40    6.10     30.03    7.08    3.43      7.65   44.47   29.62     13.37   28.64   21.93      3.60   69.95   77.14   184.16  124.44   180.42  115.81 
 513   35.40    6.13     29.51    7.59    3.44      7.53   44.52   29.65     13.37   28.64   21.94      3.58   69.09   77.13   184.77  127.13   180.90  118.56 
 514   35.40    6.21     30.57    6.76    3.44      7.43   44.14   29.68     13.37   28.64   21.95      3.50   68.85   77.11   185.33  130.43   181.48  121.75 
 515   35.40    6.14     31.28    6.28    3.45      7.82   42.07   29.70     13.37   28.64   21.96      3.50   67.90   77.10   185.21  134.06   181.35  125.56 
 516   27.48    6.11     30.83    6.67    3.45      8.77   37.39   29.72     13.16   29.29   21.98      3.69   65.88   77.07   185.95  135.82   182.13  127.40 
 517   27.48    6.12     29.62    7.75    3.46      8.03   40.17   29.74     13.16   29.29   21.99      3.63   65.96   77.05   186.03  138.10   182.13  129.71 
 518   27.48    6.22     30.10    7.40    3.47      7.72   41.23   29.76     13.16   29.29   22.01      3.54   66.23   77.03   187.97  139.97   184.04  131.48 
 519   27.48    6.28     29.55    7.98    3.48      7.68   41.57   29.78     13.16   29.29   22.02      3.64   65.55   77.01   190.60  140.78   186.50  132.37 
 520   27.48    6.12     29.92    7.69    3.49      7.20   43.81   29.81     13.16   29.29   22.04      3.77   64.78   76.99   192.21  140.33   187.92  131.98 
 521   33.30    6.18     31.37    6.53    3.49      7.67   42.10   29.83     13.08   29.51   22.05      3.76   65.19   76.96   194.54  140.26   190.13  132.06 
 522   33.30    6.07     29.61    8.05    3.50      7.79   42.24   29.86     13.08   29.51   22.06      3.77   65.96   76.94   196.52  138.39   192.09  130.31 
 523   33.30    6.14     29.21    8.41    3.51      7.98   41.79   29.88     13.08   29.51   22.08      3.82   66.61   76.92   197.50  134.77   193.20  126.75 
 524   33.30    6.10     29.62    7.99    3.52      8.09   41.58   29.90     13.08   29.51   22.09      3.92   66.91   76.90   199.20  131.73   195.11  123.60 
 525   33.30    6.15     29.69    7.88    3.53      8.10   42.14   29.93     13.08   29.51   22.11      3.91   67.95   76.89   199.63  128.57   195.39  120.58 
 526   38.71    6.30     29.12    8.38    3.54      7.55   45.10   29.95     13.01   29.69   22.12      3.92   68.29   76.87   200.67  123.56   196.42  115.41 
 527   38.71    6.27     29.45    8.02    3.55      7.52   45.71   29.98     13.01   29.69   22.14      3.92   68.36   76.85   202.00  119.56   197.87  111.57 
 528   38.71    6.24     29.38    8.03    3.55      7.11   47.30   30.02     13.01   29.69   22.15      3.85   68.93   76.84   203.46  114.76   198.77  106.80 
 529   38.71    6.24     30.79    6.78    3.56      7.20   47.04   30.05     13.01   29.69   22.16      3.74   69.53   76.82   203.42  112.93   199.12  105.13 
 530   38.71    6.21     30.04    7.35    3.57      6.80   48.69   30.08     13.01   29.69   22.18      3.52   71.30   76.81   203.31  108.58   198.62  100.88 
 531   37.04    6.29     29.74    7.57    3.58      7.71   44.04   30.11     13.21   28.98   22.19      3.84   68.42   76.80   203.41  106.34   198.84   98.67 
 532   37.04    6.32     30.54    6.88    3.58      7.42   45.00   30.14     13.21   28.98   22.20      3.79   68.79   76.78   204.12  104.36   199.22   96.91 
 533   37.04    6.34     29.22    7.97    3.59      7.48   45.25   30.17     13.21   28.98   22.22      3.80   68.86   76.77   203.10  101.44   198.08   94.07 
 534   37.04    6.26     29.17    7.96    3.60      7.53   45.39   30.20     13.21   28.98   22.23      3.79   69.27   76.75   202.33   98.88   197.39   91.47 
 535   37.04    6.27     30.33    6.87    3.60      7.52   45.75   30.22     13.21   28.98   22.24      4.00   68.28   76.74   201.64   97.23   196.72   89.69 
 536   32.09    6.44     29.80    7.27    3.61      8.27   42.25   30.25     13.18   29.03   22.25      4.15   67.01   76.72   200.98   94.63   196.04   87.18 
 537   32.09    6.33     30.41    6.74    3.62      8.29   41.54   30.27     13.18   29.03   22.27      4.23   66.30   76.70   201.84   91.19   197.06   83.67 
 538   32.09    6.28     29.81    7.20    3.62      8.05   41.75   30.29     13.18   29.03   22.28      4.29   65.14   76.68   202.43   87.63   197.48   80.08 
 539   32.09    6.27     28.75    8.14    3.63      7.80   42.03   30.31     13.18   29.03   22.29      4.18   64.29   76.66   203.24   83.68   198.35   76.35 
 540   32.09    6.24     29.13    7.75    3.64      7.32   43.06   30.33     13.18   29.03   22.30      3.95   64.07   76.63   203.81   81.58   198.95   74.24 
 541   32.48    6.46     29.20    7.66    3.65      7.77   40.03   30.35     13.13   29.15   22.32      3.86   62.48   76.61   204.13   78.42   199.36   71.15 
 542   32.48    6.44     28.71    8.11    3.65      7.37   40.90   30.37     13.13   29.15   22.33      3.69   62.86   76.58   204.49   76.38   199.56   69.29 
 543   32.48    6.46     28.13    8.66    3.66      7.03   42.01   30.39     13.13   29.15   22.34      3.56   62.47   76.56   204.05   74.80   199.02   67.70 
 544   32.48    6.47     27.92    8.84    3.67      6.94   42.44   30.42     13.13   29.15   22.35      3.54   62.17   76.53   203.82   72.77   198.91   65.66 
 545   32.48    6.52     27.75    8.97    3.68      7.04   42.32   30.44     13.13   29.15   22.37      3.55   62.53   76.50   202.98   72.21   198.11   65.08 
 546   39.32    6.81     28.44    8.24    3.69      8.60   36.31   30.45     13.10   29.18   22.38      4.00   60.70   76.47   202.20   72.09   197.54   64.83 
 547   39.32    6.55     28.30    8.35    3.70      9.00   35.88   30.46     13.10   29.18   22.39      4.17   61.23   76.45   200.79   73.48   196.16   66.12 
 548   39.32    6.52     28.94    7.71    3.71      8.95   37.54   30.47     13.10   29.18   22.40      4.32   62.30   76.42   199.65   75.22   195.16   67.70 
 549   39.32    6.54     27.93    8.64    3.72      8.89   39.70   30.49     13.10   29.18   22.42      4.34   63.88   76.40   196.99   76.62   192.46   69.16 
 550   39.32    6.52     29.20    7.40    3.72      8.83   41.16   30.51     13.10   29.18   22.43      4.54   64.82   76.38   195.60   78.11   191.17   70.62 
 551   35.90    6.20     28.64    7.86    3.73      9.64   38.37   30.52     13.09   29.15   22.44      4.84   64.65   76.36   193.38   80.12   188.85   72.54 
 552   35.90    6.21     28.87    7.63    3.74      9.66   39.24   30.54     13.09   29.15   22.45      4.94   64.76   76.33   192.16   81.79   187.87   74.13 
 553   35.90    6.18     29.28    7.23    3.74      9.49   40.46   30.56     13.09   29.15   22.47      4.99   65.18   76.31   190.12   83.03   185.64   75.34 
 554   35.90    6.21     31.03    5.86    3.75      9.39   41.39   30.58     13.09   29.15   22.48      5.01   65.72   76.30   188.33   85.65   183.94   77.90 
 555   35.90    6.14     31.04    5.83    3.75      9.32   41.90   30.60     13.09   29.15   22.49      5.00   66.15   76.28   186.48   87.60   182.24   79.71 
 556   43.65    7.34     32.75    4.74    3.75      9.76   40.45   30.61     13.03   29.35   22.50      5.13   65.60   76.26   183.33   90.87   179.28   82.95 
 557   43.65    6.45     33.46    4.31    3.75      9.89   40.53   30.63     13.03   29.35   22.51      5.21   65.90   76.24   180.67   92.12   176.75   84.20 
 558   43.65    6.16     32.31    4.86    3.76     10.12   39.21   30.65     13.03   29.35   22.53      5.09   67.15   76.22   176.96   92.54   172.97   84.60 
 559   43.65    6.23     34.39    3.78    3.76     10.15   39.05   30.66     13.03   29.35   22.54      4.99   67.62   76.21   175.20   93.21   171.26   85.34 
 560   43.65    6.99     34.61    3.63    3.76      9.97   40.06   30.68     13.03   29.35   22.55      5.17   67.24   76.19   172.39   93.70   168.50   85.69 
 561   38.86    6.67     35.58    3.20    3.76     10.11   39.35   30.69     13.00   29.45   22.56      5.10   67.13   76.18   168.89   94.05   165.14   86.00 
 562   38.86    7.10     33.43    4.06    3.76     10.39   37.38   30.71     13.00   29.45   22.58      4.99   67.68   76.16   166.28   95.51   162.57   87.42 
 563   38.86    6.77     35.75    3.06    3.75     10.54   37.16   30.72     13.00   29.45   22.59      4.99   68.13   76.15   163.97   95.15   160.57   86.93 
 564   38.86    6.32     34.64    3.41    3.75      9.44   42.46   30.74     13.00   29.45   22.60      4.86   69.74   76.13   161.20   95.67   157.92   87.35 
 565   38.86    7.19     33.56    3.78    3.75      9.05   45.10   30.76     13.00   29.45   22.61      4.85   70.14   76.12   157.06   95.52   154.05   87.19 
 566   45.80    6.55     30.50    5.32    3.76      9.49   42.62   30.78     13.03   29.33   22.62      4.92   70.42   76.11   154.16   98.12   151.39   89.69 
 567   45.80    6.07     29.24    6.05    3.76      9.60   42.64   30.81     13.03   29.33   22.64      4.76   71.72   76.11   149.72   98.82   147.07   90.40 
 568   45.80    6.33     29.49    5.81    3.76      9.00   44.08   30.83     13.03   29.33   22.65      4.68   71.53   76.10   145.13  101.85   142.40   93.36 
 569   45.80    6.18     29.59    5.69    3.77      9.30   41.93   30.85     13.03   29.33   22.66      4.43   71.35   76.09   143.11  102.72   140.70   94.32 
 570   45.80    6.78     28.55    6.43    3.77      9.59   40.02   30.86     13.03   29.33   22.67      4.37   70.85   76.08   143.06  102.95   140.01   94.68 
 571   30.42    6.73     31.75    4.48    3.77     10.88   36.05   30.87     13.00   29.43   22.68      4.58   71.04   76.07   143.96  101.99   140.40   93.94 
 572   30.42    6.17     31.77    4.55    3.77     10.93   37.32   30.88     13.00   29.43   22.69      4.81   70.99   76.06   148.89  101.50   145.12   93.68 
 573   30.42    6.07     35.19    3.13    3.77     12.75   30.74   30.88     13.00   29.43   22.71      5.09   71.14   76.05   152.39   99.40   148.57   91.52 
 574   30.42    6.69     33.78    3.77    3.77     10.82   38.60   30.90     13.00   29.43   22.72      5.36   69.63   76.04   155.70   98.87   151.70   91.07 
 575   30.42    6.09     32.54    4.46    3.78      9.78   42.77   30.92     13.00   29.43   22.73      5.26   70.23   76.03   160.75   98.91   156.73   90.98 
 576   38.95    6.34     30.54    5.74    3.78     10.59   38.93   30.93     12.96   29.54   22.74      5.13   70.81   76.02   165.35   97.39   161.02   89.80 
 577   38.95    6.27     28.82    7.18    3.78     10.27   39.17   30.95     12.96   29.54   22.75      5.23   69.91   76.01   169.57   96.91   165.04   89.32 
 578   38.95    7.19     28.68    7.42    3.79     10.34   38.02   30.96     12.96   29.54   22.77      5.29   67.95   76.00   173.06   97.33   168.51   89.75 
 579   38.95    6.77     28.02    8.09    3.80     10.35   36.87   30.97     12.96   29.54   22.78      5.17   67.90   75.99   175.64   95.87   170.96   88.31 
 580   38.95    7.22     27.87    8.30    3.81     10.30   36.43   30.98     12.96   29.54   22.79      5.26   66.15   75.97   177.80   95.08   173.05   87.56 
 581   49.52    6.62     27.19    9.06    3.81     10.44   35.29   30.99     12.91   29.72   22.80      5.07   66.44   75.95   179.69   95.17   174.69   87.78 
 582   49.52    7.76     28.20    8.02    3.82     10.04   36.81   31.00     12.91   29.72   22.81      4.94   66.70   75.94   180.19   92.93   175.41   85.39 
 583   49.52    7.87     28.69    7.52    3.83     10.46   35.42   31.00     12.91   29.72   22.82      5.20   64.98   75.92   178.90   92.54   174.02   84.92 
 584   49.52    8.41     27.29    8.77    3.84     10.66   35.55   31.01     12.91   29.72   22.84      5.24   64.51   75.90   176.18   93.35   171.63   85.62 
 585   49.52    7.45     27.10    8.85    3.85     10.59   36.23   31.02     12.91   29.72   22.85      5.26   65.01   75.88   173.10   94.40   168.23   86.82 
 586   40.17   10.24     27.40    8.50    3.85     10.55   36.79   31.03     12.89   29.74   22.86      5.24   65.26   75.86   170.42   96.00   165.59   88.42 
 587   40.17    9.96     27.64    8.22    3.86     10.04   39.24   31.04     12.89   29.74   22.87      5.35   64.60   75.84   167.80   98.89   163.03   91.29 
 588   40.17   10.34     27.04    8.76    3.87     10.51   37.15   31.05     12.89   29.74   22.88      5.18   65.42   75.82   164.71  100.74   159.68   93.37 
 589   40.17    9.66     27.24    8.50    3.88     10.97   35.49   31.06     12.89   29.74   22.89      5.26   64.91   75.81   161.22  104.08   156.58   96.31 
 590   40.17    9.55     26.55    9.10    3.89     11.25   34.74   31.07     12.89   29.74   22.91      5.11   66.76   75.79   157.18  105.77   152.24   98.17 
 591   37.42    7.71     26.11    9.45    3.90      9.95   39.44   31.08     12.88   29.77   22.92      4.91   67.76   75.78   152.00  107.91   146.94  100.33 
 592   37.42    7.19     28.78    6.82    3.90     10.77   34.98   31.09     12.88   29.77   22.93      4.77   68.32   75.76   149.23  110.15   143.79  102.82 
 593   37.42    7.13     31.01    5.17    3.90     10.71   34.86   31.10     12.88   29.77   22.94      4.64   68.98   75.75   145.66  111.63   140.03  104.48 
 594   37.42    7.06     33.33    3.90    3.90     10.31   36.55   31.10     12.88   29.77   22.95      4.55   69.82   75.74   143.22  112.37   137.49  105.30 
 595   37.42    7.31     30.83    5.16    3.90     11.14   33.04   31.11     12.88   29.77   22.96      4.58   69.35   75.73   140.15  113.52   134.41  106.49 
 596   45.19    9.73     31.34    4.82    3.91     10.81   33.89   31.11     12.88   29.74   22.98      4.47   69.26   75.72   137.04  115.15   131.17  108.25 
 597   45.19    9.12     32.48    4.23    3.91     10.22   36.00   31.12     12.88   29.74   22.99      4.54   68.58   75.71   134.89  117.66   128.94  110.81 
 598   45.19    8.55     29.62    5.89    3.91      9.59   37.66   31.13     12.88   29.74   23.00      4.60   67.28   75.70   131.71  120.80   125.80  113.87 
 599   45.19   10.05     28.68    6.59    3.91      9.46   37.49   31.14     12.88   29.74   23.01      4.45   66.51   75.68   130.46  122.73   124.37  115.87 
 600   45.19   11.32     29.62    5.97    3.92      8.47   41.26   31.16     12.88   29.74   23.02      4.36   65.13   75.66   130.49  125.62   124.34  118.98 
 601   47.25    9.61     28.90    6.59    3.92      7.82   44.93   31.18     12.85   29.83   23.03      4.29   65.81   75.65   131.60  128.58   125.16  122.34 
 602   47.25    8.02     27.05    8.24    3.93      6.83   49.68   31.21     12.85   29.83   23.04      4.11   67.62   75.63   129.52  130.78   123.39  124.37 
 603   47.25   11.02     27.32    8.10    3.94      6.49   52.14   31.25     12.85   29.83   23.05      4.05   67.63   75.62   129.53  133.77   123.37  127.30 
 604   47.25   11.14     26.69    8.87    3.94      6.46   53.09   31.28     12.85   29.83   23.07      3.96   69.10   75.61   130.00  137.30   124.04  130.67 
 605   47.25   10.58     25.62   10.25    3.95      6.19   55.55   31.32     12.85   29.83   23.08      3.69   71.16   75.60   131.53  141.07   125.73  134.34 
 606   43.87   11.03     27.42    8.45    3.96      6.36   50.86   31.36     12.80   29.95   23.09      3.22   72.49   75.60   132.22  146.26   126.28  139.38 
 607   43.87   11.82     25.95   10.17    3.97      5.19   55.26   31.40     12.80   29.95   23.10      2.94   71.82   75.59   132.80  148.32   127.28  141.45 
 608   43.87   10.17     26.08   10.13    3.98      4.11   59.83   31.44     12.80   29.95   23.11      2.47   73.64   75.59   132.46  151.00   127.13  143.99 
 609   43.87    8.95     23.47   13.80    4.00      3.94   58.25   31.49     12.80   29.95   23.12      2.20   73.34   75.58   132.56  175.36   126.86  168.66 
 610   43.87    8.61     19.15   22.88    4.03      6.19   44.45   31.51     12.80   29.95   23.13      3.72   58.74   75.56   129.41  186.60   123.61  180.03 
 611   40.37    8.82     20.20   20.49    4.06      7.12   39.68   31.52     12.53   30.85   23.15      5.11   48.85   75.51   129.78  187.64   124.42  180.88 
 612   40.37    9.14     21.53   17.70    4.08      6.91   39.69   31.53     12.53   30.85   23.16      5.10   48.51   75.47   128.86  187.00   123.77  179.87 
 613   40.37   11.62     20.42   20.18    4.11      6.74   40.06   31.55     12.53   30.85   23.17      5.08   48.03   75.42   127.61  191.09   122.44  184.08 
 614   40.37   11.52     21.82   17.15    4.13      6.63   39.94   31.56     12.53   30.85   23.18      4.99   48.19   75.38   127.69  188.98   123.19  181.49 
 615   40.37   11.60     21.11   18.49    4.15      6.80   39.37   31.57     12.53   30.85   23.20      5.17   47.24   75.33   128.48  189.18   123.86  181.72 
 616   38.01   10.76     20.79   19.01    4.17      7.83   35.28   31.58     12.51   30.85   23.21      5.55   45.12   75.28   129.82  187.71   124.92  180.49 
 617   38.01   10.44     20.93   18.57    4.20      7.78   35.49   31.59     12.51   30.85   23.22      5.77   44.35   75.23   129.36  185.71   124.43  178.56 
 618   38.01   11.54     20.61   19.13    4.22      7.79   35.56   31.59     12.51   30.85   23.23      5.69   44.85   75.18   130.09  185.11   125.57  177.74 
 619   38.01   12.16     19.48   21.58    4.25      7.58   36.57   31.60     12.51   30.85   23.25      5.70   44.94   75.14   130.11  185.64   125.53  178.27 
 620   38.01   11.04     17.68   26.28    4.29      7.75   36.93   31.61     12.51   30.85   23.26      5.71   45.41   75.09   129.51  188.44   124.85  181.43 
