   6    2.35    8.47     38.63    1.92    1.00     18.24   16.98   15.89     54.06    0.27   70.98      3.92   84.27   84.98   145.34   82.71   141.54   75.07 
   7    2.35    8.47     39.21    1.80    1.12     19.04   15.38   15.82     54.06    0.27   60.88      3.97   83.72   84.80   144.76   84.05   140.91   76.46 
   8    2.35    8.49     38.45    1.97    1.22     16.82   19.83   16.32     54.06    0.27   53.31      3.86   84.51   84.77   144.87   84.27   141.06   76.65 
   9    2.35    8.43     35.57    2.76    1.39     16.43   20.72   16.81     54.06    0.27   47.41      3.93   83.52   84.63   144.87   84.78   140.90   77.25 
  10    2.35    8.45     38.14    2.04    1.46     15.23   23.55   17.48     54.06    0.27   42.70      3.75   85.16   84.68   144.14   86.04   140.26   78.38 
  11    1.78    8.47     38.34    2.00    1.51     24.90    7.72   16.60     53.99    0.28   38.84      3.95   83.16   84.54   144.05   86.54   140.26   78.83 
  12    1.78    8.41     37.58    2.19    1.56     25.56    7.14   15.81     53.99    0.28   35.63      3.82   84.17   84.51   143.93   86.83   140.09   79.13 
  13    1.78    8.47     37.97    2.08    1.60     20.15   13.38   15.62     53.99    0.28   32.91      3.85   83.65   84.44   143.41   86.83   139.62   79.15 
  14    1.78    8.51     35.33    2.83    1.69     19.63   14.12   15.51     53.99    0.28   30.58      3.82   83.94   84.41   143.88   86.60   140.09   78.84 
  15    1.78    8.44     36.19    2.57    1.75     19.88   13.77   15.40     53.99    0.28   28.56      3.84   83.71   84.36   143.82   86.64   140.00   78.93 
  16    3.22    8.99     36.20    2.57    1.80     22.96    9.58   15.03     53.94    0.28   26.79      3.82   83.78   84.33   143.32   87.76   139.47   80.03 
  17    3.22    8.98     38.72    1.92    1.81     22.44   10.17   14.75     53.94    0.28   25.23      3.79   84.01   84.31   142.82   87.74   138.97   80.00 
  18    3.22    9.02     34.40    3.17    1.88     21.50   11.34   14.56     53.94    0.28   23.85      3.84   83.70   84.27   143.43   87.54   139.64   79.72 
  19    3.22    8.98     36.51    2.48    1.92     20.30   12.97   14.48     53.94    0.28   22.60      3.72   84.60   84.29   143.14   88.48   139.33   80.70 
  20    3.22    8.95     36.35    2.52    1.95     21.17   11.81   14.34     53.94    0.28   21.49      3.81   83.75   84.26   143.05   88.11   139.30   80.35 
  21    2.91    8.98     37.72    2.16    1.96     17.02   18.89   14.56     37.17    1.89   20.56      3.82   83.74   84.24   142.11   89.51   138.39   81.68 
  22    2.91    8.98     33.23    3.61    2.03     22.11   10.60   14.38     37.17    1.89   19.71      3.78   84.08   84.23   142.52   88.13   138.62   80.39 
  23    2.91    8.98     35.76    2.70    2.06     22.77    9.85   14.18     37.17    1.89   18.93      4.02   82.38   84.15   142.18   89.38   138.38   81.65 
  24    2.91    9.03     33.48    3.52    2.12     17.26   18.58   14.37     37.17    1.89   18.22      3.85   83.80   84.14   141.75   89.47   138.12   81.70 
  25    2.91    8.97     33.46    3.53    2.18     19.24   14.85   14.38     37.17    1.89   17.57      4.01   82.82   84.08   141.83   89.44   137.99   81.80 
  26    3.31    9.54     35.44    2.80    2.20     20.00   13.56   14.35     37.68    1.78   16.96      4.03   82.52   84.02   141.16   90.10   137.26   82.46 
  27    3.31    9.62     34.96    2.96    2.23     24.08    8.52   14.14     37.68    1.78   16.40      3.92   83.35   84.00   141.22   89.79   137.36   82.14 
  28    3.31    9.55     35.79    2.68    2.25     21.39   11.60   14.05     37.68    1.78   15.88      3.95   83.29   83.97   141.23   90.02   137.41   82.34 
  29    3.31    9.60     35.57    2.75    2.26     21.82   11.08   13.94     37.68    1.78   15.39      4.02   82.95   83.94   140.93   90.04   137.17   82.35 
  30    3.31    9.58     41.73    1.35    2.23     16.62   20.00   14.15     37.68    1.78   14.94      3.89   83.93   83.94   140.14   91.28   136.41   83.55 
  31    4.58   10.07     34.07    3.24    2.27     20.38   13.14   14.11     37.24    1.87   14.52      4.12   82.25   83.88   139.88   89.07   136.08   81.35 
  32    4.58   10.01     33.03    3.63    2.31     18.61   16.47   14.19     37.24    1.87   14.12      4.12   83.35   83.87   139.25   88.97   135.65   81.28 
  33    4.58   10.05     33.82    3.26    2.34     15.35   24.36   14.49     37.24    1.87   13.75      4.16   85.12   83.90   137.98   88.59   134.56   80.80 
  34    4.58   10.00     32.89    3.58    2.37     13.88   29.18   14.93     37.24    1.87   13.40      4.33   84.79   83.93   135.87   87.50   132.61   79.61 
  35    4.58    9.98     35.46    2.62    2.38     12.49   34.53   15.49     37.24    1.87   13.07      4.48   84.45   83.95   133.31   87.98   130.40   79.95 
  36    7.45   10.02     33.91    3.07    2.40     16.91   20.77   15.63     24.75    7.94   12.93      4.62   83.84   83.94   130.83   87.05   128.00   78.87 
  37    7.45   10.13     33.08    3.33    2.42     13.63   30.41   16.03     24.75    7.94   12.79      4.62   83.04   83.92   129.16   85.31   126.27   77.13 
  38    7.45   10.04     31.96    3.73    2.46     13.01   32.60   16.47     24.75    7.94   12.67      4.49   84.01   83.92   127.75   85.77   124.93   77.64 
  39    7.45   10.08     30.52    4.38    2.51     12.27   35.84   16.97     24.75    7.94   12.55      4.52   83.82   83.92   127.82   85.24   125.18   77.12 
  40    7.45   10.02     31.76    3.78    2.54     12.38   35.41   17.43     24.75    7.94   12.43      4.58   83.87   83.92   126.56   84.62   123.75   76.58 
  41   15.61   10.04     31.50    3.90    2.57     19.95   14.83   17.36     32.02    3.47   12.21      4.79   81.85   83.87   127.09   84.53   124.10   76.50 
  42   15.61   10.06     31.06    4.11    2.61     18.18   18.33   17.39     32.02    3.47   12.00      4.98   80.53   83.79   127.62   84.76   124.88   76.70 
  43   15.61   10.02     33.03    3.27    2.63     17.91   18.98   17.42     32.02    3.47   11.80      4.87   82.13   83.75   127.62   83.62   124.57   75.65 
  44   15.61   10.06     34.09    2.91    2.63     15.12   26.49   17.63     32.02    3.47   11.62      4.96   81.61   83.70   128.68   82.66   125.40   74.81 
  45   15.61   10.01     34.70    2.72    2.63     12.57   36.02   18.04     32.02    3.47   11.43      5.19   80.32   83.62   129.09   82.36   125.78   74.63 
  46   22.33   10.62     32.31    3.59    2.65     18.25   18.86   18.06     29.49    4.68   11.29      5.42   78.74   83.52   130.61   82.05   127.23   74.36 
  47   22.33   10.63     33.62    3.11    2.66     18.37   18.44   18.06     29.49    4.68   11.15      5.31   79.23   83.43   132.00   80.38   128.78   72.56 
  48   22.33   10.59     33.76    3.07    2.67     15.51   25.38   18.22     29.49    4.68   11.01      5.23   79.45   83.34   132.67   80.11   129.56   72.24 
  49   22.33   10.60     32.85    3.43    2.69     14.63   27.99   18.42     29.49    4.68   10.88      5.26   79.11   83.26   133.44   80.85   130.07   73.07 
  50   22.33   10.61     35.92    2.42    2.68     15.30   25.63   18.56     29.49    4.68   10.76      5.29   78.36   83.16   134.15   81.03   130.78   73.20 
  51   29.87   10.64     37.33    2.08    2.67     20.57   13.87   18.47     28.34    5.39   10.65      5.21   78.09   83.06   134.37   82.73   131.01   74.84 
  52   29.87   10.52     40.17    1.51    2.65     16.90   21.08   18.52     28.34    5.39   10.55      5.03   79.40   82.99   134.42   83.51   131.06   75.67 
  53   29.87   10.57     41.20    1.36    2.62     14.95   26.12   18.66     28.34    5.39   10.46      4.89   79.33   82.92   135.11   85.65   131.82   77.81 
  54   29.87   10.50     43.70    1.03    2.59     15.62   23.70   18.76     28.34    5.39   10.36      4.94   78.93   82.85   136.07   87.01   132.30   79.18 
  55   29.87   10.54     35.49    2.67    2.60     17.93   18.05   18.74     28.34    5.39   10.27      4.76   79.53   82.79   136.35   88.07   132.39   80.34 
  56   74.57   11.12     33.49    3.41    2.61     18.79   16.15   18.70     30.24    4.35   10.17      4.53   80.17   82.74   136.94   90.56   133.21   82.77 
  57   74.57   11.15     33.62    3.40    2.62     19.16   15.27   18.64     30.24    4.35   10.06      4.28   81.36   82.72   136.91   93.30   132.92   85.69 
  58   74.57   10.97     34.05    3.26    2.64     17.25   18.73   18.64     30.24    4.35    9.96      4.40   79.91   82.67   136.87   95.40   132.91   87.74 
  59   74.57   11.12     36.96    2.36    2.63     14.72   24.38   18.74     30.24    4.35    9.87      4.25   80.53   82.63   136.54   99.33   132.56   91.56 
  60   74.57   11.16     31.03    4.70    2.67     13.16   29.24   18.91     30.24    4.35    9.78      4.07   80.45   82.60   136.45   99.25   132.58   91.47 
  61   57.06   11.03     30.34    5.11    2.71     18.05   16.55   18.87     27.85    5.71    9.71      3.94   81.28   82.57   136.16  101.17   132.14   93.53 
  62   57.06   11.14     30.89    4.83    2.74     15.88   20.98   18.91     27.85    5.71    9.65      3.82   82.08   82.57   135.29  104.29   131.45   96.57 
  63   57.06   11.12     29.19    5.92    2.79     13.68   26.70   19.03     27.85    5.71    9.58      3.68   81.66   82.55   134.90  105.76   131.02   98.14 
  64   57.06   11.18     28.89    6.16    2.84     12.10   31.44   19.22     27.85    5.71    9.52      3.37   83.00   82.56   135.08  107.84   131.24  100.20 
  65   57.06   11.15     29.55    5.75    2.89     10.73   36.05   19.48     27.85    5.71    9.46      3.36   82.57   82.56   134.74  109.58   130.62  101.94 
  66  467.80   11.09     28.98    6.21    2.94     16.39   18.76   19.47     18.86   15.97    9.56      3.24   82.66   82.56   136.02  110.65   131.78  103.03 
  67  467.80   11.15     28.39    6.72    2.99     15.17   21.68   19.50     18.86   15.97    9.66      3.27   81.90   82.55   137.52  111.00   133.33  103.43 
  68  467.80   11.08     28.30    6.86    3.05     13.61   25.82   19.60     18.86   15.97    9.75      3.28   81.64   82.54   138.94  111.50   134.65  103.97 
  69  467.80   11.13     28.69    6.63    3.10     12.18   30.38   19.75     18.86   15.97    9.84      3.29   81.19   82.52   139.79  112.44   135.53  104.97 
  70  467.80   11.14     28.68    6.70    3.15     11.19   33.74   19.95     18.86   15.97    9.93      3.20   81.96   82.51   141.09  113.08   136.80  105.60 
  71   49.26   11.67     30.12    5.73    3.19     14.09   24.13   20.01     31.97    3.50    9.84      3.43   80.08   82.48   142.91  114.41   138.61  106.90 
  72   49.26   11.69     28.50    6.97    3.24     12.80   28.11   20.12     31.97    3.50    9.75      3.40   79.92   82.44   143.77  113.53   139.46  106.06 
  73   49.26   11.65     30.11    5.83    3.28     11.60   32.18   20.29     31.97    3.50    9.66      3.23   81.11   82.42   146.61  113.99   142.09  106.68 
  74   49.26   11.69     29.44    6.33    3.32     10.12   38.02   20.53     31.97    3.50    9.58      3.19   81.32   82.41   147.71  113.39   143.18  106.14 
  75   49.26   11.61     30.03    5.89    3.35      9.66   39.98   20.79     31.97    3.50    9.50      3.18   81.89   82.40   148.21  111.73   143.45  104.49 
  76  196.57   11.66     31.07    5.18    3.38     15.55   20.80   20.79     21.74   11.28    9.52      3.46   80.32   82.37   147.76  110.70   143.09  103.55 
  77  196.57   11.76     31.21    5.04    3.40     13.60   26.52   20.86     21.74   11.28    9.55      3.62   80.99   82.35   147.41  108.12   142.72  100.83 
  78  196.57   11.73     32.47    4.31    3.41     11.22   35.54   21.05     21.74   11.28    9.57      3.73   81.17   82.34   146.92  106.26   142.21   98.94 
  79  196.57   11.79     35.38    3.05    3.41     11.51   35.05   21.23     21.74   11.28    9.59      3.85   80.92   82.32   146.70  104.39   141.77   97.25 
  80  196.57   11.70     34.77    3.23    3.40     11.94   34.12   21.39     21.74   11.28    9.61      3.97   81.14   82.31   146.04  101.64   141.10   94.62 
  81  190.46   12.25     34.38    3.35    3.40     16.01   21.33   21.39     22.13   10.75    9.63      4.23   79.51   82.27   145.62   99.55   140.79   92.37 
  82  190.46   12.14     35.13    3.04    3.40     15.73   22.13   21.40     22.13   10.75    9.64      4.42   78.24   82.22   144.99   97.57   140.13   90.41 
  83  190.46   12.23     34.86    3.12    3.40     13.72   28.16   21.48     22.13   10.75    9.65      4.39   78.29   82.18   144.62   96.68   139.81   89.66 
  84  190.46   12.22     37.00    2.43    3.38     14.64   25.11   21.52     22.13   10.75    9.67      4.45   78.07   82.13   145.02   95.18   139.99   88.12 
  85  190.46   12.25     35.26    2.97    3.38     13.26   29.19   21.61     22.13   10.75    9.68      4.30   79.06   82.09   145.05   95.61   139.99   88.49 
  86  747.59   12.15     34.02    3.42    3.38     16.41   20.35   21.60     18.73   15.88    9.75      4.26   79.03   82.05   144.77   93.82   139.90   86.58 
  87  747.59   12.21     36.43    2.58    3.37     15.17   23.67   21.62     18.73   15.88    9.82      4.24   79.35   82.02   145.38   92.94   140.55   85.79 
  88  747.59   12.20     37.04    2.40    3.36     17.71   17.66   21.58     18.73   15.88    9.89      4.49   78.04   81.98   144.79   93.25   139.93   86.09 
  89  747.59   12.22     37.88    2.17    3.35     16.41   20.54   21.57     18.73   15.88    9.96      4.50   78.10   81.93   144.10   93.28   139.48   85.96 
  90  747.59   12.21     38.23    2.07    3.33     15.30   23.47   21.59     18.73   15.88   10.02      4.38   79.07   81.90   144.00   92.50   139.35   85.20 
  91  229.85   12.22     40.38    1.60    3.31     15.64   22.87   21.60     17.26   18.81   10.12      4.35   80.30   81.89   143.09   91.14   138.77   83.74 
  92  229.85   12.16     43.88    1.06    3.29     14.89   25.15   21.64     17.26   18.81   10.21      4.56   79.60   81.86   142.69   89.10   138.17   81.80 
  93  229.85   12.22     39.35    1.77    3.27     15.18   24.56   21.67     17.26   18.81   10.31      4.51   80.91   81.85   141.58   87.22   137.05   79.88 
  94  229.85   12.22     47.30    0.69    3.25     15.07   25.71   21.71     17.26   18.81   10.40      4.76   80.19   81.83   140.51   86.29   135.93   79.13 
  95  229.85   12.19     42.80    1.15    3.22     11.99   36.96   21.87     17.26   18.81   10.49      4.74   82.40   81.84   138.03   83.99   133.45   76.71 
  96   69.18   12.16     39.55    1.64    3.21     18.33   18.06   21.83     23.68    9.00   10.47      5.13   80.03   81.82   135.80   82.59   131.30   75.20 
  97   69.18   12.19     36.26    2.34    3.20     13.77   30.88   21.93     23.68    9.00   10.46      5.35   79.36   81.79   134.39   82.33   130.14   74.76 
  98   69.18   12.25     35.38    2.55    3.19     13.02   33.61   22.05     23.68    9.00   10.44      5.40   79.21   81.77   131.79   81.67   127.47   74.06 
  99   69.18   12.21     31.75    3.82    3.20     13.55   31.79   22.15     23.68    9.00   10.43      5.28   80.16   81.75   129.01   83.41   125.26   75.61 
 100   69.18   12.25     33.76    2.99    3.20     15.04   26.87   22.19     23.68    9.00   10.41      5.47   78.58   81.72   126.99   81.93   123.50   74.02 
 101   53.73   12.23     32.69    3.34    3.20     19.64   15.54   22.13     25.70    7.17   10.38      5.93   74.39   81.65   125.36   81.99   121.77   73.95 
 102   53.73   12.17     32.73    3.31    3.20     17.09   20.72   22.11     25.70    7.17   10.35      5.66   75.28   81.59   124.75   81.52   121.05   73.52 
 103   53.73   12.27     33.33    3.08    3.20     18.58   17.57   22.07     25.70    7.17   10.32      5.61   75.49   81.53   124.11   81.43   120.59   73.45 
 104   53.73   12.28     35.61    2.37    3.19     16.65   21.82   22.07     25.70    7.17   10.29      5.69   75.13   81.46   123.12   81.45   119.82   73.37 
 105   53.73   12.36     35.28    2.45    3.18     19.99   14.98   22.00     25.70    7.17   10.26      5.81   73.83   81.39   123.08   81.28   119.68   73.30 
 106   51.26   12.19     36.74    2.07    3.17     23.93    9.42   21.88     25.08    7.72   10.23      5.88   73.60   81.32   122.21   80.73   118.88   72.65 
 107   51.26   12.26     36.75    2.07    3.16     19.58   15.65   21.82     25.08    7.72   10.21      5.88   73.03   81.24   122.56   80.28   119.21   72.24 
 108   51.26   12.22     34.61    2.65    3.16     15.93   23.81   21.84     25.08    7.72   10.19      5.81   73.62   81.17   123.88   81.59   120.54   73.51 
 109   51.26   12.20     36.77    2.08    3.15     16.77   21.89   21.84     25.08    7.72   10.16      5.89   73.11   81.10   124.45   80.60   121.20   72.66 
 110   51.26   12.21     41.25    1.25    3.13     15.84   23.70   21.86     25.08    7.72   10.14      5.79   74.02   81.03   124.49   82.14   120.91   74.05 
 111   51.06   12.19     41.02    1.30    3.11     16.60   21.62   21.86     24.99    7.83   10.12      5.59   74.07   80.97   125.33   83.22   122.16   75.10 
 112   51.06   12.10     43.50    0.99    3.09     15.08   25.65   21.89     24.99    7.83   10.10      5.46   74.41   80.91   125.70   82.89   122.57   74.80 
 113   51.06   12.14     44.14    0.93    3.07     15.45   24.52   21.91     24.99    7.83   10.08      5.38   74.64   80.86   127.33   83.31   124.13   75.24 
 114   51.06   12.20     35.81    2.45    3.07     14.54   27.10   21.96     24.99    7.83   10.06      5.30   74.88   80.80   128.90   82.47   125.58   74.43 
 115   51.06   12.15     42.36    1.16    3.05     15.99   22.83   21.97     24.99    7.83   10.04      5.32   74.71   80.75   130.03   85.22   126.50   77.31 
 116   48.29   12.16     42.60    1.14    3.04     19.60   15.00   21.91     24.47    8.33   10.03      5.22   75.31   80.70   130.85   86.28   127.17   78.50 
 117   48.29   12.13     38.72    1.81    3.03     15.41   24.10   21.92     24.47    8.33   10.01      5.38   74.30   80.65   131.63   87.92   127.79   80.17 
 118   48.29   12.17     36.19    2.46    3.02     14.72   25.94   21.96     24.47    8.33   10.00      5.09   75.64   80.61   133.41   89.08   129.40   81.40 
 119   48.29   12.15     33.28    3.48    3.02     15.76   22.72   21.97     24.47    8.33    9.98      4.86   76.77   80.57   134.10   89.59   130.05   81.95 
 120   48.29   12.13     33.55    3.40    3.03     15.07   24.19   21.98     24.47    8.33    9.97      4.77   77.03   80.54   134.53   91.43   130.22   83.81 
 121   49.98   12.15     31.99    4.09    3.04     17.52   18.08   21.95     24.68    8.13    9.96      4.88   75.76   80.50   134.57   91.62   130.17   83.94 
 122   49.98   12.11     33.48    3.45    3.04     14.35   25.82   21.98     24.68    8.13    9.94      4.70   76.28   80.47   134.47   93.23   130.11   85.52 
 123   49.98   12.20     33.19    3.57    3.04     16.08   21.18   21.98     24.68    8.13    9.93      4.65   76.35   80.44   134.23   93.33   129.60   85.76 
 124   49.98   12.16     32.22    4.00    3.05     14.14   26.58   22.01     24.68    8.13    9.91      4.74   75.70   80.40   134.50   93.60   129.84   86.05 
 125   49.98   12.23     31.82    4.25    3.06     14.86   24.55   22.03     24.68    8.13    9.90      4.74   75.67   80.36   135.70   94.95   130.91   87.60 
 126   47.46   12.17     32.19    4.09    3.07     16.48   20.15   22.02     24.94    7.89    9.88      4.64   75.97   80.33   136.30   95.68   131.46   88.41 
 127   47.46   12.14     29.98    5.30    3.09     16.42   20.05   22.00     24.94    7.89    9.87      4.46   76.97   80.30   136.23   95.21   131.51   87.72 
 128   47.46   12.16     29.59    5.54    3.11     14.77   24.11   22.02     24.94    7.89    9.85      4.53   76.33   80.27   135.78   95.47   130.97   87.96 
 129   47.46   12.11     31.54    4.42    3.12     18.86   15.14   21.97     24.94    7.89    9.83      4.52   76.10   80.24   136.21   96.13   131.42   88.64 
 130   47.46   12.10     30.59    4.91    3.13     18.07   16.70   21.93     24.94    7.89    9.82      4.49   76.60   80.21   135.84   94.87   131.05   87.42 
 131   46.73   12.15     31.92    4.20    3.14     19.54   14.10   21.87     25.11    7.72    9.80      4.39   77.75   80.19   136.34   94.95   131.58   87.44 
 132   46.73   12.16     33.01    3.70    3.14     17.13   18.50   21.84     25.11    7.72    9.79      4.55   76.35   80.16   136.32   95.34   131.39   87.89 
 133   46.73   12.15     29.86    5.31    3.16     15.82   21.69   21.84     25.11    7.72    9.77      4.29   78.57   80.15   135.24   93.25   130.34   85.82 
 134   46.73   12.14     32.21    4.06    3.17     15.65   22.01   21.84     25.11    7.72    9.76      4.52   77.02   80.12   136.19   95.22   131.43   87.69 
 135   46.73   12.18     30.49    4.95    3.18     18.47   16.00   21.80     25.11    7.72    9.74      4.48   77.01   80.10   135.82   93.84   130.93   86.44 
 136   45.57   12.16     32.76    3.82    3.18     23.44    8.95   21.70     25.47    7.40    9.72      4.66   75.61   80.07   136.44   95.28   131.71   87.70 
 137   45.57   12.13     30.78    4.80    3.20     19.84   13.57   21.64     25.47    7.40    9.71      4.62   75.87   80.04   136.03   94.14   131.38   86.46 
 138   45.57   12.22     32.81    3.78    3.20     20.21   12.88   21.58     25.47    7.40    9.69      4.62   76.14   80.01   135.92   95.60   131.19   87.87 
 139   45.57   12.16     30.46    4.95    3.21     19.42   14.24   21.53     25.47    7.40    9.67      4.62   75.91   79.98   134.65   94.50   129.84   86.92 
 140   45.57   12.14     29.22    5.69    3.23     21.16   11.74   21.46     25.47    7.40    9.66      4.66   76.08   79.95   133.56   93.83   128.78   86.23 
 141   49.02   12.16     32.46    3.90    3.23     17.32   18.41   21.44     24.67    8.10    9.65      4.75   75.44   79.92   133.52   95.23   128.50   87.90 
 142   49.02   12.15     31.94    4.11    3.24     19.52   14.45   21.39     24.67    8.10    9.64      4.67   76.54   79.90   132.54   94.21   127.78   86.78 
 143   49.02   12.16     33.02    3.59    3.24     16.51   20.71   21.38     24.67    8.10    9.63      4.93   75.83   79.87   131.39   93.80   126.81   86.30 
 144   49.02   12.10     31.49    4.24    3.25     14.90   25.24   21.41     24.67    8.10    9.62      5.10   75.94   79.84   129.82   92.80   124.75   85.44 
 145   49.02   12.17     35.77    2.55    3.25     14.88   25.36   21.44     24.67    8.10    9.60      5.21   75.20   79.81   127.80   94.10   122.82   86.73 
 146   51.74   12.19     39.83    1.58    3.23     17.00   19.61   21.42     24.72    8.05    9.59      4.98   76.07   79.78   126.51   94.29   121.32   86.99 
 147   51.74   12.15     37.73    1.99    3.23     14.86   24.76   21.45     24.72    8.05    9.58      4.84   76.21   79.76   124.59   94.04   119.24   86.81 
 148   51.74   12.21     32.87    3.49    3.23     13.77   28.13   21.49     24.72    8.05    9.57      5.01   74.38   79.72   124.14   92.21   119.03   84.83 
 149   51.74   12.21     45.14    0.85    3.21     15.55   22.92   21.50     24.72    8.05    9.56      5.14   73.71   79.68   124.96   94.52   120.12   87.06 
 150   51.74   12.17     45.04    0.86    3.20     15.61   22.80   21.51     24.72    8.05    9.55      5.17   73.37   79.64   125.18   94.11   120.09   86.72 
 151   58.27   12.21     36.73    2.23    3.19     18.48   16.47   21.48     24.78    8.00    9.54      5.17   73.39   79.60   124.94   92.57   119.94   85.14 
 152   58.27   12.12     39.72    1.59    3.18     19.06   15.40   21.44     24.78    8.00    9.53      5.34   72.47   79.55   125.32   93.99   120.59   86.47 
 153   58.27   12.20     44.79    0.89    3.16     19.53   14.54   21.39     24.78    8.00    9.52      5.11   73.79   79.51   126.32   94.58   121.75   86.91 
 154   58.27   12.17     43.49    1.04    3.15     17.54   18.09   21.37     24.78    8.00    9.51      5.21   72.85   79.47   126.71   95.77   122.18   88.01 
 155   58.27   12.16     42.37    1.19    3.14     17.41   18.38   21.35     24.78    8.00    9.50      5.02   74.10   79.44   127.13   95.48   122.63   87.72 
 156   58.76   12.15     41.65    1.30    3.13     18.61   15.89   21.32     25.01    7.79    9.49      5.00   74.14   79.40   127.86   96.10   123.46   88.22 
 157   58.76   12.14     40.39    1.51    3.12     16.38   20.46   21.31     25.01    7.79    9.48      4.78   75.62   79.38   128.30   96.08   123.94   88.17 
 158   58.76   12.18     38.18    1.95    3.11     15.89   21.65   21.31     25.01    7.79    9.47      4.74   75.32   79.35   128.47   95.67   124.52   87.61 
 159   58.76   12.15     36.79    2.29    3.10     15.93   21.45   21.31     25.01    7.79    9.46      4.74   75.39   79.33   128.67   95.32   124.86   87.09 
 160   58.76   12.11     39.50    1.68    3.09     17.59   17.80   21.29     25.01    7.79    9.45      4.77   75.21   79.30   128.82   96.66   125.14   88.50 
 161   57.65   12.16     38.63    1.85    3.09     19.74   13.96   21.25     24.62    8.14    9.44      4.83   74.78   79.27   129.40   95.15   125.59   87.05 
 162   57.65   12.17     38.32    1.92    3.08     18.34   16.37   21.22     24.62    8.14    9.43      4.89   74.70   79.25   129.31   94.70   125.53   86.56 
 163   57.65   12.21     38.61    1.86    3.07     16.23   20.82   21.21     24.62    8.14    9.42      4.86   74.77   79.22   129.18   96.17   125.79   87.94 
 164   57.65   12.10     41.22    1.37    3.06     18.02   17.01   21.19     24.62    8.14    9.42      4.91   74.54   79.19   129.75   94.73   126.53   86.40 
 165   57.65   12.13     36.90    2.27    3.06     18.53   16.04   21.16     24.62    8.14    9.41      4.92   74.53   79.16   129.76   93.83   126.77   85.40 
 166   57.35   12.19     40.76    1.45    3.05     18.90   15.30   21.12     24.65    8.10    9.40      4.94   74.36   79.13   129.91   95.74   126.90   87.36 
 167   57.35   12.14     36.99    2.25    3.04     24.26    8.34   21.04     24.65    8.10    9.39      4.86   74.68   79.11   130.00   93.79   127.13   85.42 
 168   57.35   12.12     40.72    1.46    3.03     20.75   12.48   20.99     24.65    8.10    9.39      4.86   74.89   79.08   130.24   94.16   127.24   85.84 
 169   57.35   12.11     38.35    1.92    3.03     20.49   12.72   20.94     24.65    8.10    9.38      5.05   73.66   79.05   130.24   94.20   127.25   85.72 
 170   57.35   12.14     36.34    2.43    3.02     18.88   15.28   20.91     24.65    8.10    9.37      4.90   74.31   79.02   129.84   94.32   126.90   85.77 
 171   58.31   12.06     38.65    1.85    3.02     17.71   17.45   20.89     24.32    8.41    9.37      4.86   74.62   79.00   129.48   95.34   126.58   86.78 
 172   58.31   12.14     33.50    3.35    3.02     18.38   16.39   20.87     24.32    8.41    9.36      5.06   73.30   78.96   128.74   93.23   125.84   84.75 
 173   58.31   12.23     39.46    1.67    3.01     20.49   12.85   20.82     24.32    8.41    9.35      5.16   73.32   78.93   128.80   93.67   125.78   85.17 
 174   58.31   12.22     37.79    2.02    3.00     19.96   13.84   20.78     24.32    8.41    9.35      5.06   73.95   78.90   127.99   93.19   124.76   84.96 
 175   58.31   12.20     39.10    1.73    3.00     18.71   15.98   20.75     24.32    8.41    9.34      5.02   75.01   78.88   127.82   94.59   124.69   86.32 
 176   62.88   12.21     40.33    1.49    2.99     18.33   16.64   20.73     23.95    8.77    9.34      5.12   74.52   78.85   127.38   92.41   124.11   84.03 
 177   62.88   12.19     39.13    1.71    2.98     18.54   16.52   20.70     23.95    8.77    9.34      5.19   73.70   78.82   126.42   91.95   123.09   83.82 
 178   62.88   12.21     41.32    1.32    2.97     16.63   20.57   20.70     23.95    8.77    9.33      5.30   73.37   78.79   126.26   91.89   122.91   83.73 
 179   62.88   12.27     43.84    0.98    2.96     16.71   20.47   20.70     23.95    8.77    9.33      5.40   72.94   78.76   125.64   92.37   122.23   84.28 
 180   62.88   12.15     43.32    1.04    2.95     17.62   18.45   20.69     23.95    8.77    9.33      5.30   73.70   78.73   125.18   92.27   122.03   84.13 
 181   60.44   12.19     42.55    1.13    2.94     19.82   14.40   20.65     23.71    9.02    9.33      5.43   72.71   78.70   125.23   92.52   122.04   84.44 
 182   60.44   12.18     44.68    0.88    2.93     20.78   12.99   20.61     23.71    9.02    9.32      5.46   73.12   78.67   124.38   91.94   121.31   83.91 
 183   60.44   12.22     38.05    1.89    2.92     18.33   17.06   20.59     23.71    9.02    9.32      5.39   73.77   78.64   122.81   91.91   119.84   83.79 
 184   60.44   12.20     39.90    1.53    2.92     18.08   17.61   20.58     23.71    9.02    9.32      5.38   73.36   78.61   122.59   92.09   119.69   84.05 
 185   60.44   12.22     44.84    0.87    2.90     17.62   18.42   20.57     23.71    9.02    9.32      5.33   73.24   78.58   123.58   92.76   120.61   84.61 
 186   67.26   12.28     42.51    1.13    2.89     18.76   16.02   20.54     23.85    8.88    9.32      5.26   73.67   78.56   123.14   93.48   120.21   85.35 
 187   67.26   12.14     42.90    1.08    2.88     19.67   14.49   20.51     23.85    8.88    9.31      5.27   73.23   78.53   123.08   93.48   120.14   85.44 
 188   67.26   12.17     42.39    1.15    2.88     18.12   17.22   20.49     23.85    8.88    9.31      5.16   74.05   78.51   123.38   93.83   120.47   85.75 
 189   67.26   12.11     44.12    0.94    2.87     16.58   20.46   20.49     23.85    8.88    9.31      5.32   72.63   78.48   122.52   93.41   119.60   85.35 
 190   67.26   12.07     43.21    1.04    2.86     16.27   21.22   20.49     23.85    8.88    9.31      5.20   73.12   78.45   123.42   93.43   120.36   85.46 
 191   64.70   12.28     47.41    0.64    2.84     19.36   14.86   20.47     23.80    8.93    9.31      5.26   72.56   78.42   122.83   93.34   120.02   85.34 
 192   64.70   12.22     40.60    1.41    2.84     16.48   20.47   20.47     23.80    8.93    9.30      5.07   73.85   78.39   122.66   93.85   119.70   85.84 
 193   64.70   12.22     43.44    1.02    2.83     17.26   18.68   20.46     23.80    8.93    9.30      4.99   73.96   78.37   123.82   93.90   121.00   85.88 
 194   64.70   12.10     43.04    1.07    2.82     16.08   21.59   20.46     23.80    8.93    9.30      4.95   74.10   78.35   123.96   92.74   121.01   84.96 
 195   64.70   12.16     40.60    1.41    2.81     17.80   17.69   20.45     23.80    8.93    9.30      4.97   74.42   78.33   124.33   94.22   121.33   86.47 
 196   69.83   12.29     44.75    0.88    2.80     19.35   14.66   20.42     23.17    9.60    9.30      5.12   72.68   78.30   124.79   93.78   121.75   86.01 
 197   69.83   12.14     44.37    0.93    2.79     19.56   14.22   20.39     23.17    9.60    9.30      4.86   74.22   78.28   124.68   94.66   121.69   86.91 
 198   69.83   12.18     44.91    0.87    2.78     17.30   18.48   20.38     23.17    9.60    9.30      4.72   74.70   78.26   125.00   95.60   122.12   87.93 
 199   69.83   12.13     43.18    1.07    2.77     18.17   16.57   20.36     23.17    9.60    9.30      4.83   73.64   78.24   125.32   95.37   122.41   87.69 
 200   69.83   12.18     45.22    0.85    2.76     17.45   17.74   20.34     23.17    9.60    9.31      4.83   73.24   78.21   125.60   95.78   122.68   88.04 
 201   68.16   12.36     44.52    0.92    2.75     19.15   14.64   20.32     23.49    9.25    9.31      4.91   72.28   78.18   126.21   96.23   123.26   88.54 
 202   68.16   12.12     45.08    0.87    2.75     17.02   18.64   20.31     23.49    9.25    9.30      4.81   73.03   78.16   125.57   96.65   122.65   89.08 
 203   68.16   12.20     44.72    0.91    2.74     16.44   19.57   20.30     23.49    9.25    9.30      4.71   72.90   78.13   126.72   97.81   123.92   90.05 
 204   68.16   12.18     41.73    1.29    2.73     15.80   20.96   20.31     23.49    9.25    9.30      4.52   73.75   78.11   126.69   97.71   123.71   90.06 
 205   68.16   12.15     43.27    1.08    2.72     14.81   23.27   20.32     23.49    9.25    9.30      4.47   73.66   78.09   127.42   99.06   124.43   91.36 
 206   65.52   12.24     41.36    1.35    2.71     19.34   13.67   20.29     23.31    9.43    9.30      4.29   74.77   78.07   127.13   98.90   124.12   91.18 
 207   65.52   12.14     36.54    2.37    2.71     15.54   21.12   20.29     23.31    9.43    9.31      4.29   74.18   78.05   126.74   98.64   123.82   90.95 
 208   65.52   12.15     40.10    1.57    2.71     17.56   16.64   20.28     23.31    9.43    9.31      4.29   73.93   78.03   127.35   99.62   124.27   91.94 
 209   65.52   12.10     43.27    1.09    2.70     17.09   17.50   20.26     23.31    9.43    9.31      4.16   74.59   78.02   126.75  100.62   123.81   93.01 
 210   65.52   12.14     42.66    1.17    2.69     15.92   19.96   20.26     23.31    9.43    9.31      3.98   75.39   78.00   126.46  100.85   123.35   93.32 
 211   74.71   12.20     37.67    2.07    2.69     17.37   16.65   20.24     23.31    9.41    9.31      4.23   73.08   77.98   125.50  100.40   122.48   92.82 
 212   74.71   12.12     38.22    1.95    2.69     18.40   14.76   20.22     23.31    9.41    9.31      4.24   72.71   77.96   126.15  101.24   123.14   93.66 
 213   74.71   12.19     36.40    2.40    2.68     16.17   19.02   20.21     23.31    9.41    9.31      4.20   72.63   77.93   125.33  100.66   122.37   93.08 
 214   74.71   12.10     37.97    2.00    2.68     16.99   17.15   20.20     23.31    9.41    9.31      4.15   72.59   77.91   125.20  101.33   122.14   93.78 
 215   74.71   12.17     39.73    1.63    2.68     15.51   20.40   20.20     23.31    9.41    9.31      4.03   72.76   77.88   125.24  101.45   122.29   93.97 
 216   67.95   13.51     40.30    1.51    2.67     17.60   15.85   20.18     22.87    9.87    9.31      4.24   71.54   77.85   124.53  100.90   121.72   93.32 
 217   67.95   17.63     37.81    2.02    2.67     15.84   19.34   20.18     22.87    9.87    9.31      3.96   73.03   77.83   124.21  100.17   121.49   92.60 
 218   67.95   18.05     36.05    2.46    2.67     15.70   19.52   20.17     22.87    9.87    9.32      4.05   72.00   77.80   124.21   99.66   121.40   92.10 
 219   67.95   16.67     37.03    2.20    2.66     14.91   21.10   20.18     22.87    9.87    9.32      4.03   71.77   77.78   124.28  100.34   121.32   92.75 
 220   67.95   18.25     38.15    1.93    2.66     12.68   26.92   20.21     22.87    9.87    9.32      3.87   72.10   77.75   123.21   99.84   120.34   92.18 
 221   86.93   17.74     37.17    2.15    2.66     18.46   13.79   20.18     23.05    9.64    9.32      4.16   69.37   77.71   122.97   99.48   120.19   91.81 
 222   86.93   18.91     36.87    2.22    2.66     17.46   15.41   20.16     23.05    9.64    9.33      4.07   69.44   77.67   122.85   99.47   119.85   91.91 
 223   86.93   18.21     36.40    2.33    2.66     16.62   16.93   20.14     23.05    9.64    9.33      4.12   69.23   77.64   121.82   98.78   118.94   91.24 
 224   86.93   16.69     36.56    2.27    2.65     15.41   19.40   20.14     23.05    9.64    9.33      4.05   69.27   77.60   121.59   98.75   118.72   91.17 
 225   86.93   19.02     37.11    2.12    2.65     13.80   23.47   20.15     23.05    9.64    9.33      4.26   67.78   77.56   120.69   98.60   117.58   91.23 
 226  106.16   18.41     36.31    2.32    2.65     18.64   13.38   20.12     23.67    8.95    9.33      4.32   67.35   77.51   120.09   98.10   116.94   90.74 
 227  106.16   17.47     35.43    2.56    2.65     16.67   16.58   20.11     23.67    8.95    9.33      4.22   68.03   77.47   119.81   97.94   116.68   90.42 
 228  106.16   18.11     33.97    3.02    2.65     15.70   18.51   20.10     23.67    8.95    9.32      4.35   66.64   77.42   119.08   97.23   116.03   89.66 
 229  106.16   17.46     34.29    2.89    2.65     14.69   20.71   20.10     23.67    8.95    9.32      4.23   67.23   77.38   118.69   96.90   115.83   89.21 
 230  106.16   18.34     32.64    3.49    2.66     13.56   23.79   20.12     23.67    8.95    9.32      4.40   66.50   77.33   118.58   96.24   115.70   88.60 
 231  126.02   18.65     32.98    3.34    2.66     16.88   16.13   20.10     23.12    9.50    9.32      4.62   65.00   77.28   117.89   95.78   114.86   88.08 
 232  126.02   18.71     33.00    3.33    2.66     15.39   19.46   20.10     23.12    9.50    9.32      4.60   64.80   77.22   118.43   95.65   115.29   88.04 
 233  126.02   17.59     34.84    2.70    2.66     18.72   13.32   20.07     23.12    9.50    9.32      4.69   64.26   77.17   118.26   96.83   115.47   89.10 
 234  126.02   18.44     33.65    3.12    2.66     22.14    9.04   20.02     23.12    9.50    9.32      4.72   64.79   77.11   118.86   96.98   115.87   89.30 
 235  126.02   18.76     35.98    2.40    2.66     21.22   10.09   19.98     23.12    9.50    9.32      4.71   65.33   77.06   119.18   97.73   116.22   90.01 
 236   92.89   17.95     34.26    2.93    2.66     17.69   15.37   19.96     22.95    9.66    9.33      4.82   64.95   77.01   119.61   97.70   116.66   90.06 
 237   92.89   17.94     36.70    2.22    2.66     17.86   15.23   19.94     22.95    9.66    9.33      4.81   65.63   76.96   119.90   99.30   116.88   91.74 
 238   92.89   16.30     36.75    2.21    2.66     18.03   14.99   19.92     22.95    9.66    9.33      4.85   66.30   76.92   119.96   99.45   116.98   91.78 
 239   92.89   15.67     36.54    2.27    2.66     16.98   17.30   19.91     22.95    9.66    9.33      4.83   67.13   76.88   119.26   99.98   116.26   92.51 
 240   92.89   17.66     36.30    2.33    2.66     17.13   17.00   19.90     22.95    9.66    9.33      4.86   67.81   76.84   119.53  100.45   116.22   92.98 
 241  109.20   19.19     36.35    2.32    2.66     19.41   13.21   19.87     22.73    9.89    9.33      4.85   67.88   76.80   119.25  100.35   115.96   92.93 
 242  109.20   19.07     35.36    2.59    2.66     20.29   12.03   19.84     22.73    9.89    9.34      4.84   68.92   76.77   119.25  100.18   116.07   92.68 
 243  109.20   18.26     37.69    1.98    2.65     15.30   21.56   19.85     22.73    9.89    9.34      5.06   67.56   76.73   119.82  100.46   116.73   92.85 
 244  109.20   19.19     38.55    1.80    2.65     16.20   19.82   19.85     22.73    9.89    9.34      4.98   68.23   76.70   119.65   99.97   116.35   92.65 
 245  109.20   18.23     36.96    2.17    2.65     15.92   20.65   19.85     22.73    9.89    9.34      4.88   70.13   76.67   119.89   99.13   116.65   91.81 
 246  132.68   17.10     40.03    1.53    2.64     18.15   15.95   19.83     22.93    9.64    9.34      5.21   68.46   76.64   120.39  100.11   116.97   92.73 
 247  132.68   17.51     36.76    2.23    2.64     17.72   16.75   19.82     22.93    9.64    9.35      5.04   69.45   76.61   121.02   99.38   117.60   91.97 
 248  132.68   15.97     36.98    2.17    2.64     18.11   16.17   19.81     22.93    9.64    9.35      5.14   69.03   76.58   120.88   99.61   117.63   92.17 
 249  132.68   17.61     38.87    1.75    2.64     17.93   16.53   19.79     22.93    9.64    9.35      5.10   69.56   76.55   120.75  100.76   117.27   93.43 
 250  132.68   18.24     37.33    2.10    2.63     18.08   16.22   19.78     22.93    9.64    9.35      4.89   70.99   76.53   120.64  100.76   117.07   93.43 
 251  103.57   17.91     37.10    2.15    2.63     19.87   13.28   19.75     22.63    9.98    9.35      5.14   69.71   76.50   120.30  101.02   116.60   93.80 
 252  103.57   18.19     38.95    1.72    2.63     19.82   13.48   19.73     22.63    9.98    9.35      5.10   70.17   76.48   120.40  100.21   116.69   93.00 
 253  103.57   17.26     39.60    1.60    2.62     18.71   15.39   19.71     22.63    9.98    9.36      5.20   70.06   76.45   119.73   99.50   116.04   92.25 
 254  103.57   15.82     37.78    1.94    2.62     16.71   19.83   19.71     22.63    9.98    9.36      5.14   71.44   76.43   119.01   97.11   115.40   89.89 
 255  103.57   17.45     35.66    2.45    2.62     16.95   19.25   19.71     22.63    9.98    9.36      5.36   70.69   76.41   118.69   94.75   114.86   87.48 
 256  109.41   16.90     39.21    1.62    2.62     19.34   14.80   19.69     22.48   10.15    9.36      5.36   70.44   76.39   118.47   94.14   114.60   86.89 
 257  109.41   16.78     36.78    2.13    2.61     16.91   19.79   19.69     22.48   10.15    9.37      5.46   70.71   76.36   118.17   91.39   114.20   84.17 
 258  109.41   17.85     37.51    1.94    2.61     16.58   20.73   19.69     22.48   10.15    9.37      5.56   70.43   76.34   119.76   90.38   115.72   83.12 
 259  109.41   16.66     38.39    1.74    2.61     16.16   21.89   19.70     22.48   10.15    9.37      5.74   69.95   76.32   119.03   88.76   114.93   81.56 
 260  109.41   18.98     36.71    2.10    2.61     15.83   23.02   19.72     22.48   10.15    9.38      5.69   70.98   76.29   118.88   86.26   114.81   79.07 
 261  114.47   17.91     35.60    2.35    2.61     18.43   17.24   19.71     22.30   10.37    9.38      6.06   69.29   76.27   119.17   84.79   115.07   77.58 
 262  114.47   16.53     36.23    2.16    2.60     15.16   25.68   19.73     22.30   10.37    9.38      6.05   70.30   76.25   119.46   82.30   115.39   75.15 
 263  114.47   15.54     38.12    1.73    2.60     14.17   29.03   19.76     22.30   10.37    9.39      6.02   71.24   76.23   118.92   79.50   114.86   72.36 
 264  114.47   16.25     41.59    1.15    2.60     12.28   36.53   19.83     22.30   10.37    9.39      6.02   71.99   76.21   118.67   76.63   114.57   69.55 
 265  114.47   17.02     34.22    2.65    2.60     12.34   36.42   19.89     22.30   10.37    9.40      6.04   72.50   76.20   119.25   75.57   115.25   68.38 
 266   92.49   17.55     31.73    3.49    2.60     19.25   16.53   19.88     22.25   10.45    9.40      6.34   70.44   76.17   119.16   74.13   115.31   66.90 
 267   92.49   17.05     33.36    2.87    2.60     17.19   21.09   19.88     22.25   10.45    9.40      6.39   70.24   76.15   118.58   71.49   114.78   64.29 
 268   92.49   17.85     30.82    3.80    2.60     15.17   26.88   19.91     22.25   10.45    9.41      6.55   69.32   76.13   119.32   69.66   115.31   62.60 
 269   92.49   14.84     28.47    4.94    2.61     13.82   31.49   19.95     22.25   10.45    9.41      6.58   69.60   76.10   118.97   69.08   115.15   61.98 
 270   92.49   15.70     27.62    5.40    2.62     13.35   32.41   20.00     22.25   10.45    9.42      6.62   69.22   76.08   119.13   67.01   115.02   59.80 
 271  128.93   17.04     27.74    5.32    2.63     19.94   15.13   19.98     21.91   10.90    9.42      7.06   64.52   76.03   119.11   65.97   115.16   58.68 
 272  128.93   16.94     28.06    5.13    2.64     18.30   18.36   19.97     21.91   10.90    9.43      6.95   65.35   76.00   119.04   65.45   114.84   58.36 
 273  128.93   16.56     27.25    5.65    2.65     19.65   15.92   19.96     21.91   10.90    9.43      6.93   65.53   75.96   120.05   65.86   115.86   58.86 
 274  128.93   14.21     28.12    5.17    2.66     19.75   15.88   19.94     21.91   10.90    9.44      6.90   66.41   75.92   120.64   66.83   116.56   59.83 
 275  128.93   14.67     31.03    3.75    2.67     17.66   20.15   19.94     21.91   10.90    9.44      6.59   68.81   75.90   121.85   67.41   117.46   60.49 
 276   99.80   15.51     33.95    2.73    2.67     18.46   18.31   19.94     21.85   10.99    9.45      6.41   70.07   75.87   122.40   68.77   118.12   61.74 
 277   99.80   16.47     34.85    2.50    2.67     15.74   24.88   19.96     21.85   10.99    9.45      6.16   71.03   75.86   122.99   70.21   118.75   63.17 
 278   99.80   16.56     38.57    1.66    2.66     14.14   29.72   19.99     21.85   10.99    9.46      6.30   69.46   75.83   124.65   71.91   120.30   64.97 
 279   99.80   16.74     35.22    2.49    2.66     13.37   31.79   20.03     21.85   10.99    9.46      5.81   71.83   75.82   125.60   75.46   121.12   68.59 
 280   99.80   16.81     36.58    2.17    2.66     14.05   29.17   20.07     21.85   10.99    9.47      5.92   70.74   75.80   127.06   77.38   122.79   70.41 
 281  110.70   14.89     37.35    2.01    2.66     18.32   17.54   20.06     21.91   10.95    9.48      5.96   69.75   75.78   128.56   78.18   124.28   71.12 
 282  110.70   14.07     34.14    2.96    2.66     15.64   23.68   20.07     21.91   10.95    9.48      5.74   70.59   75.76   129.52   78.68   125.32   71.60 
 283  110.70   17.19     35.04    2.70    2.66     14.19   27.67   20.10     21.91   10.95    9.49      5.64   70.62   75.74   131.75   78.81   127.63   71.68 
 284  110.70   16.80     36.85    2.21    2.66     13.39   30.21   20.13     21.91   10.95    9.49      5.50   71.37   75.73   133.17   80.34   129.03   73.29 
 285  110.70   16.97     35.02    2.75    2.66     13.37   30.19   20.17     21.91   10.95    9.50      5.16   73.33   75.72   133.62   80.48   129.39   73.51 
 286  143.40   16.19     32.83    3.57    2.66     18.36   16.85   20.16     22.06   10.76    9.50      5.26   72.69   75.71   134.25   81.06   130.07   74.07 
 287  143.40   16.59     31.29    4.30    2.67     15.55   23.37   20.17     22.06   10.76    9.50      5.02   74.57   75.71   134.85   80.78   130.50   73.94 
 288  143.40   16.60     32.98    3.53    2.67     15.96   22.18   20.17     22.06   10.76    9.51      5.03   74.64   75.70   134.94   81.66   130.69   74.67 
 289  143.40   16.67     30.09    4.96    2.68     14.19   26.99   20.20     22.06   10.76    9.51      5.02   74.88   75.70   135.01   81.00   130.75   73.90 
 290  143.40   16.77     31.69    4.15    2.68     14.31   26.72   20.22     22.06   10.76    9.52      5.06   73.97   75.69   136.12   82.61   131.90   75.51 
 291  187.55   16.75     30.88    4.60    2.69     18.13   17.13   20.21     22.05   10.77    9.52      4.96   74.53   75.69   136.92   83.56   132.59   76.51 
 292  187.55   16.83     28.80    5.93    2.70     15.24   23.69   20.22     22.05   10.77    9.53      5.07   73.46   75.68   138.05   84.79   133.64   77.72 
 293  187.55   14.64     29.35    5.61    2.71     12.76   31.64   20.26     22.05   10.77    9.53      4.89   74.42   75.68   138.61   85.98   134.06   79.09 
 294  187.55   14.44     29.36    5.67    2.72     12.37   32.85   20.30     22.05   10.77    9.53      4.89   74.86   75.67   140.28   87.72   135.87   80.66 
 295  187.55   14.37     28.88    6.09    2.73     10.84   39.07   20.37     22.05   10.77    9.54      4.71   75.99   75.68   141.50   89.33   137.21   82.19 
 296  139.12   16.78     28.80    6.22    2.74     14.48   25.36   20.38     21.95   10.91    9.54      4.78   75.05   75.67   142.69   91.34   138.47   84.17 
 297  139.12   16.58     27.98    6.87    2.76     13.21   29.28   20.41     21.95   10.91    9.55      4.63   75.72   75.67   142.57   91.91   138.26   84.78 
 298  139.12   14.97     28.04    6.88    2.77     11.72   34.70   20.46     21.95   10.91    9.55      4.70   75.21   75.67   143.04   94.06   138.67   87.07 
 299  139.12   14.52     27.71    7.18    2.79     11.50   35.91   20.51     21.95   10.91    9.56      4.59   76.24   75.67   142.68   95.06   138.49   88.06 
 300  139.12   14.90     27.45    7.44    2.80     11.29   36.92   20.57     21.95   10.91    9.56      4.66   76.29   75.68   142.52   96.63   138.46   89.50 
 301  126.63   17.30     26.97    7.92    2.82     15.10   23.74   20.58     21.62   11.32    9.57      4.64   75.99   75.68   142.25   98.22   138.10   91.17 
 302  126.63   17.08     27.40    7.57    2.83     12.96   30.45   20.61     21.62   11.32    9.57      4.43   77.32   75.68   141.69  100.82   137.87   93.59 
 303  126.63   17.05     27.21    7.75    2.85     11.61   35.02   20.66     21.62   11.32    9.58      4.37   77.88   75.69   142.08  101.22   138.31   93.91 
 304  126.63   15.37     27.60    7.44    2.87     10.94   38.23   20.72     21.62   11.32    9.58      4.32   77.90   75.70   140.92  103.87   137.28   96.57 
 305  126.63   14.58     27.42    7.58    2.88     11.63   35.42   20.77     21.62   11.32    9.59      4.28   78.66   75.71   140.07  104.35   136.66   96.91 
 306  156.19   15.40     27.84    7.20    2.90     15.78   22.04   20.77     21.46   11.53    9.60      4.24   78.87   75.72   139.37  104.61   136.04   97.17 
 307  156.19   16.69     29.00    6.25    2.91     12.86   30.94   20.80     21.46   11.53    9.60      4.42   77.97   75.72   138.28  105.47   135.01   97.96 
 308  156.19   16.66     30.12    5.47    2.91     11.00   38.04   20.86     21.46   11.53    9.61      4.28   78.44   75.73   137.66  106.63   134.51   99.12 
 309  156.19   16.81     30.78    5.05    2.92     10.89   38.28   20.91     21.46   11.53    9.62      4.26   78.43   75.74   137.47  106.17   134.42   98.59 
 310  156.19   16.86     31.70    4.51    2.93     10.43   40.79   20.98     21.46   11.53    9.62      4.23   78.57   75.75   137.28  105.49   134.58   97.85 
 311  131.62   14.67     33.33    3.73    2.93     15.48   22.63   20.98     21.54   11.42    9.63      4.66   75.49   75.75   136.49  106.14   133.72   98.51 
 312  131.62   14.57     32.46    4.12    2.93     12.74   31.17   21.02     21.54   11.42    9.63      4.63   75.58   75.75   135.75  106.74   132.99   99.20 
 313  131.62   15.03     31.39    4.64    2.94     10.46   41.10   21.08     21.54   11.42    9.64      4.54   77.01   75.75   135.51  105.43   132.81   97.95 
 314  131.62   16.71     32.78    3.93    2.94     10.75   39.40   21.14     21.54   11.42    9.64      4.69   76.23   75.75   134.62  105.43   131.88   97.89 
 315  131.62   16.91     30.42    5.15    2.95     11.63   36.25   21.19     21.54   11.42    9.65      4.63   76.73   75.76   134.45  103.62   132.01   95.99 
 316  114.48   17.31     32.29    4.11    2.95     15.76   22.49   21.19     21.05   12.09    9.66      4.91   75.39   75.76   133.56  103.78   130.80   96.11 
 317  114.48   16.83     36.22    2.58    2.95     12.89   31.59   21.22     21.05   12.09    9.67      4.91   75.30   75.76   132.26  104.11   129.69   96.52 
 318  114.48   13.89     33.29    3.59    2.95     14.51   26.81   21.24     21.05   12.09    9.67      4.94   76.13   75.76   130.61  102.69   128.15   95.26 
 319  114.48   14.65     32.75    3.78    2.96     14.16   28.18   21.26     21.05   12.09    9.68      5.04   76.23   75.76   129.26  101.54   126.84   94.10 
 320  114.48   14.78     33.85    3.30    2.96     13.74   29.71   21.29     21.05   12.09    9.69      5.14   75.91   75.76   127.76  101.14   125.29   93.74 
 321  130.24   15.29     34.84    2.91    2.96     17.36   19.64   21.28     21.16   11.95    9.70      5.24   75.75   75.76   126.27  100.88   123.64   93.43 
 322  130.24   14.54     32.69    3.70    2.96     16.26   21.94   21.29     21.16   11.95    9.70      5.24   75.74   75.76   124.62  100.08   122.04   92.32 
 323  130.24   15.53     32.45    3.78    2.96     18.23   17.72   21.28     21.16   11.95    9.71      5.26   75.43   75.76   123.03   99.85   120.69   92.16 
 324  130.24   16.61     35.63    2.58    2.96     17.08   20.43   21.27     21.16   11.95    9.72      5.31   75.90   75.76   121.33   99.78   118.88   92.19 
 325  130.24   16.91     36.09    2.42    2.96     15.81   23.55   21.28     21.16   11.95    9.72      5.39   75.50   75.76   119.91   99.44   117.40   91.75 
 326  117.72   17.28     32.70    3.55    2.96     19.97   14.58   21.26     21.02   12.15    9.73      5.43   75.20   75.76   118.26   98.37   115.74   90.64 
 327  117.72   18.24     34.28    2.91    2.96     18.25   17.93   21.25     21.02   12.15    9.74      5.50   74.89   75.75   116.34   97.59   113.95   89.87 
 328  117.72   16.10     31.40    4.02    2.96     16.28   22.50   21.25     21.02   12.15    9.75      5.51   74.74   75.75   115.00   96.08   112.54   88.34 
 329  117.72   15.59     34.23    2.88    2.96     16.02   22.90   21.26     21.02   12.15    9.75      5.47   74.64   75.75   114.39   97.11   111.80   89.38 
 330  117.72   15.04     34.08    2.90    2.96     16.85   20.79   21.26     21.02   12.15    9.76      5.49   74.63   75.74   112.80   96.11   110.34   88.27 
 331  147.95   14.70     35.64    2.40    2.96     18.01   18.27   21.25     21.03   12.15    9.77      5.50   74.26   75.74   111.90   96.80   109.33   89.07 
 332  147.95   14.41     32.80    3.31    2.96     19.96   14.61   21.23     21.03   12.15    9.77      5.61   73.96   75.73   109.95   95.55   107.48   87.75 
 333  147.95   15.34     32.27    3.49    2.96     17.91   18.52   21.22     21.03   12.15    9.78      5.49   74.51   75.73   108.92   95.23   106.66   87.41 
 334  147.95   16.66     33.57    2.97    2.96     16.06   22.92   21.22     21.03   12.15    9.79      5.59   73.98   75.72   107.35   94.47   105.18   86.60 
 335  147.95   16.82     34.21    2.74    2.96     17.16   20.23   21.22     21.03   12.15    9.80      5.64   73.67   75.72   106.02   94.54   103.69   86.76 
 336  199.00   14.36     33.80    2.85    2.96     18.70   17.04   21.21     21.46   11.58    9.80      5.65   73.97   75.71   104.94   94.26   102.70   86.50 
 337  199.00   15.06     33.64    2.88    2.96     17.87   18.68   21.20     21.46   11.58    9.81      5.72   73.58   75.71   103.05   94.32   100.77   86.55 
 338  199.00   15.23     31.96    3.47    2.96     16.21   22.36   21.21     21.46   11.58    9.81      5.56   73.62   75.70   101.53   94.12    99.20   86.34 
 339  199.00   15.75     33.39    2.93    2.96     15.23   24.59   21.22     21.46   11.58    9.82      5.54   73.62   75.69    99.74   95.64    97.57   87.78 
 340  199.00   17.00     30.66    3.98    2.97     15.46   24.06   21.22     21.46   11.58    9.82      5.49   74.12   75.69    98.22   95.02    96.03   87.16 
 341  171.32   15.01     31.10    3.75    2.97     17.65   18.34   21.22     21.09   12.08    9.83      5.48   73.68   75.68    96.67   95.83    94.35   88.02 
 342  171.32   14.77     31.52    3.55    2.97     15.92   22.20   21.22     21.09   12.08    9.83      5.36   73.06   75.68    95.20   96.01    92.82   88.20 
 343  171.32   14.72     31.10    3.71    2.97     15.34   23.36   21.22     21.09   12.08    9.84      5.30   73.30   75.67    93.42   95.89    91.43   88.13 
 344  171.32   14.47     31.50    3.51    2.98     14.27   26.40   21.24     21.09   12.08    9.85      5.23   73.52   75.66    92.54   95.37    90.57   87.53 
 345  171.32   14.72     31.52    3.48    2.98     14.65   25.20   21.25     21.09   12.08    9.85      5.27   73.37   75.66    91.24   95.94    89.21   88.11 
 346  210.27   17.21     31.09    3.62    2.98     17.79   17.23   21.24     21.13   12.02    9.86      5.28   73.29   75.65    89.31   95.89    87.33   87.98 
 347  210.27   17.07     30.47    3.86    2.98     17.83   17.05   21.23     21.13   12.02    9.87      5.19   72.86   75.64    87.89   95.59    85.76   87.70 
 348  210.27   13.74     32.16    3.16    2.98     16.27   20.32   21.22     21.13   12.02    9.87      5.28   71.78   75.63    86.63   96.46    84.34   88.61 
 349  210.27   15.12     30.30    3.88    2.98     15.01   23.20   21.23     21.13   12.02    9.88      5.14   72.23   75.62    84.96   95.59    82.85   87.65 
 350  210.27   14.92     31.51    3.36    2.99     14.29   24.89   21.24     21.13   12.02    9.89      5.10   71.88   75.61    83.57   96.52    81.39   88.58 
 351  174.84   16.35     31.78    3.23    2.99     17.95   16.24   21.23     21.09   12.08    9.89      4.97   72.21   75.60    81.91   96.41    79.71   88.51 
 352  174.84   17.07     31.96    3.13    2.99     16.00   19.97   21.22     21.09   12.08    9.90      5.02   71.58   75.59    80.08   96.73    77.97   88.75 
 353  174.84   17.22     32.77    2.83    2.99     14.41   23.89   21.23     21.09   12.08    9.90      5.01   71.66   75.58    78.71   97.07    76.70   89.16 
 354  174.84   16.94     30.30    3.71    2.99     13.03   27.77   21.25     21.09   12.08    9.91      4.95   71.30   75.57    76.77   96.69    74.56   88.87 
 355  174.84   14.98     30.35    3.67    2.99     12.20   30.61   21.28     21.09   12.08    9.92      4.91   71.03   75.55    76.20   97.17    74.10   89.27 
 356  153.73   16.69     31.09    3.34    2.99     18.13   15.28   21.26     20.90   12.33    9.92      5.08   68.85   75.53    74.41   96.67    72.56   88.76 
 357  153.73   14.32     33.03    2.65    2.99     16.94   17.53   21.25     20.90   12.33    9.93      5.05   68.78   75.51    73.49   96.73    71.61   88.78 
 358  153.73   14.06     31.07    3.31    2.99     19.08   13.76   21.23     20.90   12.33    9.94      5.10   69.42   75.50    72.81   95.60    71.09   87.59 
 359  153.73   14.57     32.86    2.65    2.99     16.12   19.15   21.22     20.90   12.33    9.94      5.23   67.78   75.48    71.50   95.08    69.65   87.03 
 360  153.73   14.51     31.32    3.14    2.99     14.61   23.13   21.23     20.90   12.33    9.95      5.09   68.00   75.46    71.93   95.33    69.98   87.28 
 361  214.03   16.67     33.19    2.53    2.99     17.62   16.28   21.21     21.00   12.17    9.96      5.19   66.88   75.43    71.17   95.17    69.24   87.19 
 362  214.03   14.89     29.95    3.66    2.99     15.94   20.08   21.21     21.00   12.17    9.96      5.21   66.94   75.41    72.05   94.68    70.17   86.69 
 363  214.03   14.39     32.10    2.87    2.99     17.64   16.58   21.20     21.00   12.17    9.97      5.24   67.12   75.39    72.03   94.97    70.15   86.95 
 364  214.03   14.64     32.53    2.72    2.99     15.88   20.79   21.20     21.00   12.17    9.97      5.23   68.17   75.37    73.07   93.02    71.41   84.89 
 365  214.03   14.67     30.11    3.61    2.99     14.41   25.17   21.21     21.00   12.17    9.98      5.30   69.20   75.35    74.38   91.72    72.70   83.50 
 366  143.02   14.34     30.43    3.49    2.99     16.28   20.98   21.21     20.33   13.14    9.99      5.19   70.49   75.34    76.58   90.08    74.91   81.91 
 367  143.02   14.18     30.01    3.67    2.99     13.04   30.81   21.23     20.33   13.14   10.00      5.25   70.53   75.32    78.15   88.52    76.45   80.39 
 368  143.02   14.01     31.25    3.17    2.99     12.63   32.52   21.26     20.33   13.14   10.01      5.31   70.73   75.31    79.61   87.79    77.87   79.68 
 369  143.02   14.39     36.47    1.74    2.99     13.04   31.25   21.29     20.33   13.14   10.01      5.47   70.80   75.30    80.79   88.39    78.90   80.27 
 370  143.02   14.55     37.71    1.52    2.99     12.23   34.68   21.33     20.33   13.14   10.02      5.59   71.49   75.29    81.93   87.35    80.46   79.18 
 371  173.74   16.54     36.64    1.70    2.98     18.69   16.89   21.31     20.75   12.52   10.03      5.77   70.79   75.28    83.18   85.14    81.67   77.01 
 372  173.74   16.64     37.61    1.52    2.98     16.86   21.09   21.31     20.75   12.52   10.04      5.81   71.29   75.26    84.18   83.23    82.69   75.13 
 373  173.74   14.38     35.83    1.84    2.98     14.69   27.83   21.33     20.75   12.52   10.04      5.87   71.83   75.26    86.06   80.89    84.41   72.83 
 374  173.74   14.42     36.40    1.72    2.97     14.45   28.59   21.35     20.75   12.52   10.05      5.90   72.97   75.25    86.69   79.22    85.10   71.04 
 375  173.74   14.31     37.15    1.57    2.97     13.63   31.98   21.38     20.75   12.52   10.06      6.05   72.30   75.24    87.88   77.20    86.20   69.09 
 376  143.20   14.42     35.10    1.99    2.97     18.99   17.54   21.37     20.44   12.99   10.06      6.28   71.38   75.23    89.37   75.78    87.67   67.71 
 377  143.20   14.17     36.39    1.72    2.96     16.72   23.01   21.37     20.44   12.99   10.07      6.39   71.88   75.22    90.57   73.66    88.96   65.56 
 378  143.20   13.98     37.34    1.54    2.96     16.18   24.84   21.38     20.44   12.99   10.08      6.37   72.23   75.21    92.29   73.49    90.84   65.37 
 379  143.20   14.26     37.79    1.48    2.96     14.39   31.06   21.41     20.44   12.99   10.09      6.44   72.70   75.21    94.08   72.11    92.50   64.06 
 380  143.20   14.30     36.20    1.78    2.95     11.51   44.61   21.47     20.44   12.99   10.10      6.33   75.04   75.21    96.31   69.53    94.55   61.59 
 381  198.40   16.35     38.41    1.40    2.95     17.68   22.10   21.47     20.98   12.25   10.10      6.89   72.29   75.20    98.01   69.71    96.29   61.73 
 382  198.40   16.48     37.39    1.60    2.95     18.20   21.08   21.47     20.98   12.25   10.11      6.80   73.52   75.20   100.28   67.58    98.66   59.58 
 383  198.40   14.50     39.07    1.34    2.94     11.33   46.36   21.53     20.98   12.25   10.11      6.89   73.39   75.19   102.06   66.51   100.62   58.40 
 384  198.40   14.14     44.82    0.70    2.94     11.79   43.95   21.59     20.98   12.25   10.12      6.94   73.09   75.18   104.06   67.01   102.82   58.87 
 385  198.40   13.45     42.87    0.89    2.93     12.29   41.66   21.64     20.98   12.25   10.12      6.88   73.17   75.18   107.27   67.18   105.95   59.00 
 386  229.18   17.39     44.69    0.73    2.92     20.60   16.06   21.63     20.75   12.61   10.13      6.80   73.53   75.18   109.09   66.59   107.75   58.51 
 387  229.18   15.84     39.19    1.40    2.92     19.33   18.46   21.62     20.75   12.61   10.14      6.93   72.34   75.17   110.94   67.49   109.73   59.42 
 388  229.18   13.42     45.71    0.67    2.91     17.23   23.53   21.63     20.75   12.61   10.14      6.74   73.49   75.16   112.54   66.77   111.26   58.78 
 389  229.18   14.83     42.89    0.94    2.91     16.09   26.87   21.64     20.75   12.61   10.15      6.69   73.31   75.16   114.99   68.65   113.56   60.73 
 390  229.18   14.35     36.17    2.08    2.91     14.66   30.81   21.66     20.75   12.61   10.15      6.70   72.90   75.15   116.09   68.57   114.74   60.51 
 391  202.61   14.04     40.81    1.24    2.90     17.01   23.33   21.67     20.73   12.69   10.16      6.58   72.77   75.15   118.36   70.97   117.16   62.88 
 392  202.61   14.31     37.42    1.86    2.90     16.61   24.44   21.68     20.73   12.69   10.17      6.57   72.36   75.14   119.81   70.92   118.35   62.95 
 393  202.61   15.14     38.76    1.61    2.90     15.90   26.22   21.69     20.73   12.69   10.17      6.50   72.42   75.13   120.96   72.80   119.36   64.81 
 394  202.61   14.74     37.30    1.93    2.90     14.97   28.71   21.70     20.73   12.69   10.18      6.35   72.81   75.13   121.94   74.82   120.40   66.82 
 395  202.61   13.08     35.04    2.54    2.89     14.78   29.12   21.72     20.73   12.69   10.19      6.11   74.15   75.12   122.66   75.28   121.28   67.30 
 396  240.22   17.27     38.46    1.73    2.89     17.49   21.20   21.72     20.58   12.95   10.19      6.17   72.82   75.12   124.03   77.86   122.59   69.90 
 397  240.22   16.58     41.17    1.28    2.89     17.89   20.07   21.72     20.58   12.95   10.20      6.03   73.69   75.12   124.80   79.31   123.14   71.39 
 398  240.22   15.13     35.31    2.54    2.89     15.81   25.06   21.73     20.58   12.95   10.21      6.03   73.27   75.11   124.51   81.06   122.90   73.11 
 399  240.22   14.95     34.59    2.79    2.89     14.86   27.63   21.74     20.58   12.95   10.21      5.77   74.25   75.11   124.82   83.45   122.99   75.45 
 400  240.22   14.96     38.86    1.71    2.88     16.00   24.21   21.75     20.58   12.95   10.22      5.78   74.16   75.11   125.76   84.88   123.81   76.90 
 401  143.54   14.27     33.94    3.07    2.88     16.89   21.61   21.75     20.33   13.34   10.23      5.81   73.20   75.10   125.31   87.29   123.32   79.36 
 402  143.54   14.52     33.33    3.33    2.88     16.27   22.95   21.75     20.33   13.34   10.24      5.67   73.65   75.10   125.41   89.88   123.39   81.94 
 403  143.54   14.48     35.33    2.66    2.88     15.84   23.90   21.76     20.33   13.34   10.24      5.58   73.88   75.09   126.52   91.78   124.47   83.76 
 404  143.54   14.93     36.24    2.42    2.88     14.81   26.51   21.77     20.33   13.34   10.25      5.49   73.74   75.09   126.38   94.97   124.51   86.92 
 405  143.54   14.54     38.38    1.91    2.88     13.06   32.29   21.79     20.33   13.34   10.26      5.35   74.28   75.09   127.25   97.42   125.16   89.41 
 406  171.12   14.49     40.65    1.48    2.88     16.57   21.06   21.79     20.14   13.65   10.27      5.57   71.81   75.08   127.67  100.09   125.67   91.93 
 407  171.12   14.92     39.54    1.70    2.87     16.23   21.65   21.79     20.14   13.65   10.28      5.42   72.04   75.07   127.63  102.25   125.35   94.15 
 408  171.12   14.12     39.72    1.69    2.87     16.49   20.86   21.79     20.14   13.65   10.28      5.52   70.76   75.06   128.10  104.08   125.84   95.98 
 409  171.12   14.22     38.00    2.07    2.87     17.01   19.50   21.78     20.14   13.65   10.29      5.35   71.75   75.06   128.42  106.06   126.23   97.91 
 410  171.12   14.64     35.08    2.93    2.87     15.60   22.86   21.79     20.14   13.65   10.30      5.24   72.04   75.05   128.58  107.43   126.41   99.27 
 411  160.85   14.34     37.50    2.25    2.87     17.00   19.11   21.78     20.28   13.44   10.31      5.20   71.69   75.04   128.73  111.26   126.71  103.00 
 412  160.85   14.65     32.93    3.87    2.87     16.61   20.08   21.78     20.28   13.44   10.32      5.27   70.52   75.03   129.06  112.89   127.04  104.78 
 413  160.85   14.67     36.22    2.67    2.87     15.53   22.37   21.78     20.28   13.44   10.32      5.04   71.99   75.02   129.25  116.31   127.25  108.18 
 414  160.85   16.69     32.38    4.23    2.87     14.76   24.28   21.78     20.28   13.44   10.33      4.96   71.77   75.01   129.30  118.77   126.93  110.81 
 415  160.85   16.91     35.37    3.03    2.87     14.18   25.30   21.79     20.28   13.44   10.34      4.83   72.21   75.01   129.78  122.39   127.45  114.31 
 416  182.64   17.07     32.39    4.31    2.88     14.46   24.62   21.80     20.15   13.63   10.35      4.65   73.45   75.00   130.29  123.64   127.87  115.62 
 417  182.64   16.79     32.93    4.09    2.88     13.57   26.82   21.81     20.15   13.63   10.35      4.57   73.63   75.00   129.46  126.74   126.82  118.77 
 418  182.64   16.61     31.94    4.63    2.88     13.09   28.40   21.83     20.15   13.63   10.36      4.61   72.33   74.99   129.52  129.12   127.15  121.22 
 419  182.64   16.52     31.29    5.04    2.89     12.46   30.48   21.85     20.15   13.63   10.37      4.55   72.79   74.99   129.21  131.27   126.89  123.51 
 420  182.64   14.74     31.64    4.89    2.89     12.07   31.79   21.87     20.15   13.63   10.38      4.33   74.73   74.99   129.22  133.79   126.72  126.05 
 421  215.25   14.39     32.49    4.45    2.90     14.69   23.22   21.87     20.24   13.48   10.39      4.30   74.27   74.99   129.10  136.16   126.57  128.30 
 422  215.25   14.47     32.95    4.26    2.90     12.75   28.55   21.89     20.24   13.48   10.39      4.35   73.06   74.98   127.82  139.50   125.39  131.76 
 423  215.25   14.28     33.02    4.25    2.90     11.29   33.22   21.92     20.24   13.48   10.40      4.20   73.87   74.98   127.76  141.96   125.07  134.22 
 424  215.25   14.62     32.58    4.51    2.91     10.92   34.74   21.95     20.24   13.48   10.41      4.13   73.98   74.98   128.03  143.80   125.48  135.99 
 425  215.25   14.29     31.74    5.02    2.91     10.65   35.49   21.98     20.24   13.48   10.41      3.91   75.27   74.98   126.99  145.75   124.24  138.04 
 426  244.49   16.92     30.13    6.11    2.92     14.97   21.36   21.98     20.33   13.33   10.42      4.15   72.84   74.97   126.94  148.13   124.07  140.32 
 427  244.49   16.47     31.52    5.24    2.93     13.91   23.93   21.98     20.33   13.33   10.43      3.85   73.96   74.97   126.52  151.18   123.70  143.38 
 428  244.49   16.61     31.16    5.53    2.93     11.54   31.07   22.00     20.33   13.33   10.44      3.87   73.82   74.97   125.86  154.30   122.99  146.55 
 429  244.49   18.62     29.10    7.08    2.94      9.66   38.64   22.04     20.33   13.33   10.44      3.90   72.88   74.96   125.73  155.47   122.89  147.62 
 430  244.49   14.39     30.27    6.23    2.95     10.07   36.81   22.08     20.33   13.33   10.45      3.76   73.73   74.96   125.01  158.73   121.96  151.02 
 431  234.43   15.94     30.13    6.38    2.96     15.89   18.72   22.07     20.07   13.70   10.46      3.93   71.51   74.95   125.07  160.62   121.92  152.95 
 432  234.43   14.10     30.16    6.42    2.97     13.78   23.71   22.07     20.07   13.70   10.46      3.86   71.57   74.94   124.95  162.83   121.92  155.10 
 433  234.43   15.58     28.99    7.40    2.98     12.35   27.43   22.08     20.07   13.70   10.47      3.66   72.84   74.94   123.93  164.53   120.87  156.85 
 434  234.43   15.21     29.18    7.29    2.99     11.89   28.68   22.10     20.07   13.70   10.48      3.58   72.25   74.93   123.72  166.66   120.70  158.96 
 435  234.43   14.65     29.10    7.42    3.00     11.18   30.99   22.12     20.07   13.70   10.49      3.48   72.83   74.93   123.35  168.91   120.34  161.33 
 436  240.88   13.35     29.43    7.18    3.01     16.65   16.19   22.11     20.04   13.72   10.49      3.53   71.46   74.92   122.43  170.95   119.22  163.35 
 437  240.88   17.02     29.07    7.53    3.02     14.42   20.68   22.10     20.04   13.72   10.50      3.44   71.24   74.91   121.83  172.88   118.63  165.42 
 438  240.88   17.97     29.58    7.12    3.02     13.91   21.63   22.10     20.04   13.72   10.51      3.43   70.80   74.90   121.30  174.25   117.93  166.71 
 439  240.88   17.98     30.30    6.56    3.03     12.87   24.29   22.11     20.04   13.72   10.52      3.35   71.24   74.89   120.92  175.63   117.42  168.09 
 440  240.88   17.56     29.24    7.45    3.04     11.48   28.19   22.12     20.04   13.72   10.52      3.34   70.59   74.88   120.56  176.48   117.16  168.83 
 441  212.21   14.91     30.43    6.50    3.05     15.64   17.35   22.11     19.98   13.80   10.53      3.55   69.07   74.87   120.12  178.18   116.64  170.60 
 442  212.21   14.39     29.24    7.51    3.06     13.77   21.05   22.11     19.98   13.80   10.54      3.45   68.84   74.86   118.64  179.44   115.09  171.97 
 443  212.21   14.37     29.12    7.63    3.07     13.19   22.30   22.11     19.98   13.80   10.54      3.26   69.54   74.84   118.25  180.31   114.70  172.77 
 444  212.21   15.50     29.49    7.33    3.08     12.00   25.32   22.11     19.98   13.80   10.55      3.36   68.58   74.83   117.47  181.53   113.93  173.93 
 445  212.21   15.97     29.82    7.08    3.09     12.41   24.07   22.12     19.98   13.80   10.56      3.26   68.77   74.82   117.21  183.58   113.76  175.97 
 446  162.35   15.43     29.12    7.70    3.10     14.80   18.08   22.11     19.76   14.10   10.57      3.43   67.57   74.80   116.15  184.38   112.62  176.75 
 447  162.35   14.55     27.54    9.29    3.11     12.23   24.30   22.12     19.76   14.10   10.58      3.39   66.94   74.78   115.51  184.93   111.97  177.31 
 448  162.35   14.53     29.35    7.51    3.12     11.20   26.64   22.13     19.76   14.10   10.58      3.38   67.16   74.77   112.93  186.34   109.34  178.63 
 449  162.35   14.54     30.04    6.92    3.13     11.57   25.94   22.13     19.76   14.10   10.59      3.29   66.37   74.75   113.10  186.82   109.47  179.23 
 450  162.35   14.04     29.58    7.28    3.14     11.52   25.80   22.14     19.76   14.10   10.60      3.41   65.74   74.73   111.40  186.49   107.77  178.88 
 451  239.98   12.38     29.56    7.29    3.15     15.23   16.91   22.13     20.09   13.55   10.61      3.77   63.19   74.70   110.90  186.53   107.27  178.97 
 452  239.98   12.09     30.78    6.32    3.16     14.36   18.80   22.12     20.09   13.55   10.61      3.67   64.01   74.68   110.50  187.68   106.83  180.02 
 453  239.98   12.15     30.29    6.69    3.17     13.55   20.67   22.12     20.09   13.55   10.62      3.66   64.22   74.66   109.53  187.45   105.84  179.73 
 454  239.98   12.29     29.32    7.51    3.18     13.81   19.91   22.11     20.09   13.55   10.62      3.55   64.56   74.63   108.35  188.65   104.87  180.88 
 455  239.98   12.15     28.70    8.07    3.19     13.08   21.61   22.11     20.09   13.55   10.63      3.43   65.54   74.61   107.46  189.27   104.02  181.42 
 456  180.62   13.49     29.00    7.74    3.20     14.78   17.84   22.10     19.80   13.96   10.64      3.68   62.95   74.59   106.36  187.95   102.78  180.11 
 457  180.62   12.09     28.25    8.41    3.21     15.27   17.09   22.09     19.80   13.96   10.65      3.70   63.39   74.56   106.07  186.76   102.73  178.93 
 458  180.62   13.22     29.56    7.12    3.22     13.97   19.78   22.09     19.80   13.96   10.65      3.72   63.49   74.54   104.93  185.05   101.62  177.15 
 459  180.62   13.15     28.82    7.65    3.23     12.55   23.47   22.09     19.80   13.96   10.66      3.58   63.85   74.52   104.74  181.55   101.66  173.67 
 460  180.62   12.14     28.50    7.84    3.24     11.27   26.68   22.10     19.80   13.96   10.67      3.64   63.85   74.49   104.24  178.21   100.92  170.19 
 461  185.87   12.66     29.20    7.13    3.24     13.59   20.42   22.10     19.61   14.25   10.68      3.53   64.52   74.47   104.00  175.67   100.97  167.53 
 462  185.87   13.41     28.57    7.56    3.25     11.25   26.50   22.11     19.61   14.25   10.68      3.67   63.76   74.45   103.87  171.84   100.80  163.70 
 463  185.87   12.21     29.46    6.69    3.26      9.81   31.76   22.13     19.61   14.25   10.69      3.71   64.18   74.43   104.76  168.76   101.66  160.48 
 464  185.87   14.12     30.47    5.85    3.27      8.19   37.80   22.16     19.61   14.25   10.70      3.57   65.88   74.41   103.93  165.33   101.18  157.17 
 465  185.87   12.72     28.70    7.01    3.27      7.53   40.78   22.20     19.61   14.25   10.71      3.32   66.74   74.39   104.72  158.75   102.17  150.41 
 466  167.16   13.03     28.53    7.03    3.28     12.00   23.96   22.21     19.68   14.08   10.71      3.93   62.54   74.36   104.52  154.70   101.87  146.41 
 467  167.16   12.55     28.07    7.31    3.29     11.43   25.69   22.21     19.68   14.08   10.72      3.59   64.01   74.34   105.81  150.91   103.40  142.52 
 468  167.16   12.20     30.03    5.75    3.30     11.04   26.60   22.22     19.68   14.08   10.73      3.68   63.47   74.32   105.91  148.33   103.56  139.92 
 469  167.16   12.48     30.65    5.29    3.30     10.60   28.11   22.23     19.68   14.08   10.73      3.56   64.41   74.30   106.62  145.66   104.17  137.19 
 470  167.16   12.67     28.77    6.48    3.31      9.87   30.75   22.25     19.68   14.08   10.74      3.50   64.91   74.28   106.94  141.58   104.36  133.07 
 471  278.12   12.72     29.59    5.83    3.31     14.79   17.66   22.24     19.85   13.79   10.75      3.69   63.08   74.25   108.74  138.12   106.11  129.62 
 472  278.12   12.15     29.36    5.91    3.32     12.18   24.01   22.25     19.85   13.79   10.75      3.68   63.30   74.23   109.87  134.31   107.39  125.91 
 473  278.12   12.15     31.61    4.51    3.32     12.60   22.90   22.25     19.85   13.79   10.76      3.57   63.91   74.21   110.87  132.04   108.19  123.58 
 474  278.12   12.66     32.15    4.24    3.32     11.74   25.20   22.25     19.85   13.79   10.77      3.69   62.92   74.19   112.39  130.82   109.82  122.32 
 475  278.12   12.70     31.01    4.83    3.33     11.58   25.73   22.26     19.85   13.79   10.77      3.64   63.28   74.16   113.85  128.89   111.22  120.32 
 476  185.52   12.98     30.99    4.85    3.33     16.30   15.15   22.25     19.56   14.20   10.78      3.80   63.12   74.14   115.22  127.97   112.58  119.40 
 477  185.52   12.82     31.33    4.66    3.33     15.40   17.17   22.24     19.56   14.20   10.79      3.93   63.65   74.12   116.39  126.97   113.70  118.46 
 478  185.52   12.86     31.55    4.53    3.33     14.64   19.27   22.23     19.56   14.20   10.80      3.96   64.90   74.10   118.29  124.73   115.56  116.33 
 479  185.52   12.77     34.07    3.37    3.33     13.18   23.11   22.23     19.56   14.20   10.80      3.91   66.29   74.08   119.51  123.28   116.69  114.91 
 480  185.52   12.83     31.59    4.51    3.34     12.79   24.66   22.24     19.56   14.20   10.81      3.96   66.67   74.07   121.54  121.52   118.68  113.14 
 481  272.78   13.98     29.66    5.67    3.34     11.54   29.46   22.25     19.64   14.04   10.82      4.10   67.09   74.05   123.95  119.82   121.22  111.46 
 482  272.78   13.68     30.41    5.23    3.35      9.97   36.11   22.28     19.64   14.04   10.82      3.92   69.32   74.04   126.32  119.17   123.56  110.89 
 483  272.78   12.52     31.29    4.77    3.35      8.92   40.15   22.32     19.64   14.04   10.83      3.93   70.63   74.04   125.70  121.04   122.64  112.85 
 484  272.78   13.41     32.97    3.98    3.35      9.51   37.49   22.35     19.64   14.04   10.84      4.00   69.97   74.03   128.45  122.81   125.36  114.53 
 485  272.78   12.50     32.16    4.41    3.35      9.97   36.02   22.38     19.64   14.04   10.84      4.14   69.31   74.02   130.42  122.17   127.16  114.01 
 486  285.01   13.07     30.94    5.14    3.36     16.59   16.88   22.37     19.64   14.02   10.85      4.42   67.34   74.00   132.21  122.36   128.96  114.25 
 487  285.01   13.57     31.60    4.75    3.36     14.90   20.58   22.36     19.64   14.02   10.86      4.56   66.84   73.99   133.18  121.97   129.93  113.87 
 488  285.01   13.48     32.27    4.42    3.36     14.00   23.24   22.36     19.64   14.02   10.86      4.49   67.47   73.98   135.40  121.09   132.16  113.02 
 489  285.01   12.32     33.63    3.79    3.36     13.29   25.14   22.37     19.64   14.02   10.87      4.49   68.01   73.96   136.43  121.47   133.33  113.39 
 490  285.01   12.56     33.93    3.68    3.36     12.82   26.62   22.38     19.64   14.02   10.88      4.47   68.58   73.95   137.58  121.17   134.43  113.07 
 491  268.96   12.31     34.84    3.34    3.36     14.20   22.96   22.38     19.70   13.91   10.88      4.30   70.14   73.94   139.85  121.48   136.89  113.35 
 492  268.96   14.87     33.32    4.01    3.36     16.09   18.54   22.37     19.70   13.91   10.89      4.18   71.52   73.94   141.26  120.66   138.27  112.49 
 493  268.96   12.35     33.54    3.93    3.36     15.15   20.90   22.37     19.70   13.91   10.89      4.26   71.01   73.93   143.13  120.07   140.12  112.05 
 494  268.96   14.60     33.22    4.09    3.37     12.43   29.01   22.38     19.70   13.91   10.90      4.30   71.21   73.93   145.62  118.72   142.83  110.65 
 495  268.96   13.75     32.57    4.45    3.37     13.28   26.12   22.39     19.70   13.91   10.91      4.26   71.66   73.92   146.77  118.30   143.87  110.25 
 496  200.95   13.37     33.67    3.94    3.37     16.40   18.32   22.38     19.27   14.60   10.91      4.33   70.81   73.92   149.29  118.11   146.46  110.05 
 497  200.95   12.73     32.22    4.70    3.37     16.69   17.72   22.37     19.27   14.60   10.92      4.32   71.15   73.91   150.85  117.30   147.95  109.21 
 498  200.95   12.12     32.39    4.63    3.37     14.29   23.24   22.37     19.27   14.60   10.93      4.28   71.51   73.91   152.40  116.78   149.44  108.66 
 499  200.95   12.15     33.09    4.30    3.38     13.49   25.57   22.38     19.27   14.60   10.94      4.31   71.44   73.90   155.52  116.40   152.34  108.33 
 500  200.95   12.13     32.34    4.72    3.38     12.96   27.38   22.39     19.27   14.60   10.94      4.31   71.57   73.90   157.04  115.54   153.98  107.46 
 501  220.26   13.16     32.84    4.51    3.38     15.03   21.53   22.39     19.57   14.09   10.95      4.40   70.99   73.89   159.85  115.82   156.82  107.74 
 502  220.26   13.06     31.73    5.18    3.39     14.65   22.49   22.39     19.57   14.09   10.96      4.34   71.23   73.89   162.16  115.37   159.24  107.23 
 503  220.26   13.16     31.76    5.23    3.39     12.73   28.33   22.40     19.57   14.09   10.96      4.21   72.12   73.88   165.14  114.90   162.36  106.82 
 504  220.26   12.85     32.53    4.83    3.39     12.51   28.95   22.41     19.57   14.09   10.97      4.40   71.04   73.88   167.56  115.38   164.74  107.30 
 505  220.26   12.48     32.71    4.80    3.39     11.19   33.34   22.44     19.57   14.09   10.97      4.21   72.61   73.87   170.49  116.54   167.55  108.49 
 506  281.63   12.99     30.81    6.07    3.40     14.03   24.00   22.44     19.40   14.36   10.98      4.23   71.82   73.87   172.98  117.16   170.25  109.08 
 507  281.63   12.14     32.20    5.21    3.40     11.40   31.87   22.46     19.40   14.36   10.99      4.20   71.44   73.87   176.13  117.43   173.16  109.46 
 508  281.63   12.19     31.17    5.94    3.41     11.25   32.47   22.48     19.40   14.36   10.99      4.11   71.74   73.86   176.84  118.71   174.15  110.63 
 509  281.63   12.19     32.06    5.41    3.41     11.07   33.00   22.50     19.40   14.36   11.00      4.15   71.22   73.86   178.86  119.86   176.15  111.78 
 510  281.63   12.36     30.28    6.73    3.42     10.36   35.61   22.52     19.40   14.36   11.01      4.12   70.97   73.85   180.37  120.96   177.46  112.92 
 511  250.75   13.04     29.74    7.24    3.43     16.71   16.95   22.51     19.46   14.24   11.01      3.98   71.21   73.85   181.50  122.71   178.52  114.68 
 512  250.75   12.11     29.40    7.61    3.43     14.83   20.83   22.51     19.46   14.24   11.02      3.88   71.09   73.84   182.62  124.60   179.64  116.53 
 513  250.75   12.31     28.92    8.13    3.44     13.23   24.78   22.51     19.46   14.24   11.03      3.81   70.49   73.83   183.23  127.29   180.13  119.27 
 514  250.75   12.31     30.63    6.71    3.45     12.68   26.04   22.52     19.46   14.24   11.03      3.72   70.09   73.83   184.10  130.92   181.16  122.89 
 515  250.75   12.86     30.57    6.82    3.46     12.10   27.44   22.53     19.46   14.24   11.04      3.67   69.58   73.82   183.67  134.22   180.57  126.29 
 516  283.60   12.17     30.53    6.90    3.46     14.19   21.36   22.53     19.29   14.51   11.05      3.65   69.40   73.81   184.23  136.49   181.15  128.57 
 517  283.60   13.42     30.52    6.99    3.47     12.04   27.02   22.54     19.29   14.51   11.05      3.64   68.83   73.80   185.25  139.30   182.14  131.40 
 518  283.60   12.20     29.42    8.00    3.48     11.68   28.40   22.55     19.29   14.51   11.06      3.52   69.34   73.79   186.91  139.49   183.83  131.70 
 519  283.60   12.21     28.90    8.60    3.49     11.32   29.57   22.56     19.29   14.51   11.07      3.60   69.22   73.78   188.86  140.79   185.84  132.95 
 520  283.60   12.42     29.28    8.27    3.50     10.54   32.30   22.58     19.29   14.51   11.07      3.82   67.62   73.77   190.93  140.09   187.80  132.26 
 521  236.16   12.35     29.89    7.74    3.51     11.32   29.41   22.59     19.21   14.62   11.08      3.95   66.72   73.76   193.39  139.12   190.49  131.19 
 522  236.16   12.54     27.67   10.07    3.52     10.65   31.85   22.61     19.21   14.62   11.09      4.01   67.01   73.74   194.33  137.06   191.17  129.16 
 523  236.16   12.45     28.75    8.86    3.53     10.12   34.15   22.63     19.21   14.62   11.09      4.07   67.23   73.73   195.98  135.26   192.71  127.58 
 524  236.16   12.38     28.58    9.01    3.54      9.77   36.01   22.66     19.21   14.62   11.10      4.27   66.77   73.72   197.04  131.81   193.82  124.14 
 525  236.16   12.46     28.62    8.92    3.55      9.99   35.43   22.68     19.21   14.62   11.11      4.30   67.56   73.71   198.47  127.82   194.93  120.26 
 526  285.70   12.91     28.67    8.82    3.56     12.28   27.24   22.69     19.22   14.57   11.11      4.23   68.73   73.70   199.64  123.65   196.17  116.02 
 527  285.70   14.42     28.28    9.18    3.57     10.50   33.89   22.71     19.22   14.57   11.12      4.23   69.01   73.69   199.93  119.81   196.58  112.16 
 528  285.70   12.32     28.44    8.95    3.58     10.11   35.14   22.74     19.22   14.57   11.13      4.19   69.15   73.68   201.23  115.21   197.55  107.73 
 529  285.70   12.60     29.12    8.21    3.59      9.74   36.84   22.76     19.22   14.57   11.13      4.19   69.19   73.67   201.67  112.32   198.13  104.88 
 530  285.70   14.24     29.06    8.22    3.60      9.01   40.22   22.80     19.22   14.57   11.14      4.01   70.46   73.66   201.51  109.29   197.96  101.88 
 531  292.10   13.83     28.65    8.58    3.61     13.00   25.56   22.80     19.09   14.78   11.15      4.37   67.81   73.65   201.36  107.55   197.79  100.13 
 532  292.10   14.35     28.95    8.25    3.62     11.96   28.62   22.81     19.09   14.78   11.15      4.36   67.91   73.64   202.05  104.52   198.50   97.12 
 533  292.10   13.75     28.13    9.04    3.63     11.37   31.22   22.83     19.09   14.78   11.16      4.37   68.18   73.63   201.06  102.41   197.58   94.98 
 534  292.10   13.34     27.79    9.33    3.64     11.50   30.74   22.84     19.09   14.78   11.17      4.33   68.86   73.62   200.40   98.86   196.53   91.71 
 535  292.10   12.78     29.05    7.96    3.64     12.00   29.15   22.85     19.09   14.78   11.17      4.55   67.66   73.61   200.10   97.01   196.26   89.82 
 536  252.69   12.58     28.62    8.32    3.65     14.01   23.17   22.85     19.05   14.83   11.18      4.68   66.66   73.60   199.47   95.07   195.61   87.80 
 537  252.69   12.10     28.60    8.31    3.66     14.83   21.16   22.85     19.05   14.83   11.19      4.72   66.28   73.59   199.62   91.33   195.97   84.08 
 538  252.69   12.62     28.46    8.42    3.67     13.85   22.81   22.85     19.05   14.83   11.19      4.86   65.05   73.57   200.81   87.09   196.93   79.74 
 539  252.69   12.15     27.20    9.73    3.68     12.13   27.38   22.86     19.05   14.83   11.20      4.64   64.21   73.55   201.14   83.43   197.34   76.25 
 540  252.69   13.00     27.74    9.10    3.69     11.10   29.76   22.87     19.05   14.83   11.21      4.46   63.71   73.53   201.99   81.56   198.10   74.54 
 541  309.27   12.50     27.40    9.42    3.70     12.93   23.68   22.87     18.92   15.04   11.21      4.45   61.35   73.51   201.81   78.12   197.93   71.18 
 542  309.27   13.92     27.42    9.42    3.71     11.61   26.75   22.88     18.92   15.04   11.22      4.34   61.54   73.49   202.74   75.96   198.64   69.14 
 543  309.27   12.17     26.75   10.15    3.73     11.59   26.60   22.89     18.92   15.04   11.23      4.17   60.83   73.47   202.05   74.64   198.08   67.72 
 544  309.27   12.05     26.56   10.34    3.74     11.15   27.73   22.90     18.92   15.04   11.23      4.19   60.49   73.44   201.86   73.58   197.90   66.61 
 545  309.27   14.13     26.47   10.40    3.75     11.47   27.34   22.91     18.92   15.04   11.24      4.19   60.97   73.42   201.02   72.54   197.31   65.69 
 546  334.96   13.02     26.58   10.22    3.76     16.37   15.80   22.89     19.04   14.81   11.25      4.52   59.86   73.40   199.77   72.77   195.95   65.75 
 547  334.96   12.97     26.88    9.84    3.77     15.51   17.99   22.88     19.04   14.81   11.25      4.70   60.12   73.37   198.81   74.23   195.18   66.87 
 548  334.96   12.15     27.55    9.06    3.78     13.51   23.54   22.88     19.04   14.81   11.26      4.85   61.24   73.35   197.85   75.98   194.43   68.54 
 549  334.96   12.14     26.72    9.92    3.79     13.33   25.24   22.89     19.04   14.81   11.27      4.85   62.97   73.33   195.19   77.38   191.73   69.99 
 550  334.96   12.38     28.19    8.32    3.80     12.35   29.08   22.90     19.04   14.81   11.27      5.05   63.85   73.31   194.15   78.58   190.87   71.19 
 551  237.99   12.39     28.38    8.10    3.81     15.11   21.60   22.90     18.81   15.17   11.28      5.11   65.18   73.30   192.76   80.69   189.60   73.12 
 552  237.99   12.11     27.94    8.49    3.82     14.19   24.61   22.90     18.81   15.17   11.29      5.22   65.11   73.28   190.92   81.50   187.73   74.00 
 553  237.99   12.11     28.67    7.75    3.83     12.45   30.54   22.91     18.81   15.17   11.30      5.30   65.41   73.27   188.90   85.09   186.00   77.27 
 554  237.99   12.14     29.98    6.61    3.83     11.83   33.66   22.93     18.81   15.17   11.30      5.32   66.25   73.26   186.85   86.87   184.31   79.01 
 555  237.99   12.33     29.53    6.93    3.84     11.19   36.52   22.96     18.81   15.17   11.31      5.31   66.94   73.24   184.27   87.88   181.42   80.17 
 556  173.87   12.85     30.73    5.98    3.84     14.72   24.41   22.96     18.49   15.74   11.32      5.44   66.61   73.23   181.89   90.10   178.93   82.41 
 557  173.87   12.12     32.34    4.91    3.84     12.01   33.29   22.98     18.49   15.74   11.33      5.56   66.04   73.22   178.84   93.20   176.01   85.44 
 558  173.87   12.88     32.92    4.53    3.84     12.42   31.63   23.00     18.49   15.74   11.33      5.41   67.76   73.21   176.30   93.32   173.42   85.54 
 559  173.87   12.11     35.11    3.48    3.84     11.90   33.71   23.01     18.49   15.74   11.34      5.18   68.65   73.20   173.32   95.39   170.71   87.58 
 560  173.87   12.89     36.02    3.09    3.84     12.58   31.11   23.03     18.49   15.74   11.35      5.30   69.19   73.19   170.98   95.00   168.11   87.05 
 561  318.43   13.36     40.36    1.84    3.84     12.63   31.15   23.04     18.82   15.15   11.36      5.30   68.16   73.19   168.08   96.07   165.35   88.24 
 562  318.43   12.41     33.80    3.89    3.84     10.92   37.48   23.07     18.82   15.15   11.36      5.02   70.33   73.18   164.78   96.16   162.19   88.28 
 563  318.43   13.28     34.76    3.43    3.84     11.04   36.64   23.09     18.82   15.15   11.37      5.20   69.91   73.17   163.61   94.71   160.78   86.61 
 564  318.43   12.85     34.07    3.64    3.84     10.97   37.42   23.12     18.82   15.15   11.38      5.03   70.59   73.17   160.00   94.92   157.43   86.70 
 565  318.43   13.20     35.07    3.18    3.84     10.78   38.24   23.15     18.82   15.15   11.38      5.12   70.48   73.17   156.90   96.33   154.59   88.02 
 566  288.30   12.75     30.43    5.37    3.84     14.21   25.67   23.15     18.51   15.71   11.39      5.19   70.01   73.16   153.90   97.83   151.45   89.50 
 567  288.30   12.09     29.76    5.70    3.84     11.87   33.68   23.17     18.51   15.71   11.40      5.07   70.89   73.16   149.68   99.34   147.20   91.00 
 568  288.30   13.27     27.57    7.25    3.85     11.03   36.56   23.19     18.51   15.71   11.41      4.93   71.10   73.15   145.68  100.03   143.30   91.71 
 569  288.30   12.67     28.30    6.60    3.85     10.68   36.72   23.22     18.51   15.71   11.41      4.80   70.39   73.15   144.10  102.31   141.67   93.99 
 570  288.30   12.06     27.96    6.88    3.86     10.82   35.80   23.24     18.51   15.71   11.42      4.72   69.21   73.14   142.76  102.13   140.21   93.81 
 571  258.73   12.11     30.15    5.38    3.86     14.01   25.96   23.24     18.56   15.61   11.43      4.99   68.99   73.13   144.05  100.92   141.09   92.80 
 572  258.73   13.89     31.93    4.47    3.86     12.58   31.55   23.26     18.56   15.61   11.44      5.27   68.93   73.13   147.48  101.03   144.55   92.86 
 573  258.73   12.63     36.81    2.60    3.86     12.70   32.11   23.27     18.56   15.61   11.44      5.25   70.59   73.12   151.65   99.96   148.52   92.11 
 574  258.73   12.93     33.49    3.90    3.86     12.55   32.75   23.29     18.56   15.61   11.45      5.56   69.89   73.12   154.96   99.43   151.65   91.64 
 575  258.73   12.84     33.46    4.01    3.86     13.66   27.83   23.30     18.56   15.61   11.46      5.56   69.33   73.11   161.15   99.28   157.20   91.33 
 576  271.68   13.15     31.00    5.45    3.86     15.04   23.44   23.30     18.49   15.74   11.46      5.47   68.78   73.10   165.19   98.38   161.34   90.42 
 577  271.68   13.38     28.40    7.54    3.87     13.12   28.86   23.31     18.49   15.74   11.47      5.57   67.73   73.09   168.64   97.64   164.98   89.57 
 578  271.68   13.13     28.95    7.19    3.87     11.00   35.41   23.33     18.49   15.74   11.48      5.61   66.48   73.08   172.78   98.63   168.87   90.60 
 579  271.68   13.44     26.79    9.32    3.88     11.34   33.61   23.35     18.49   15.74   11.49      5.45   66.52   73.07   174.37   95.31   170.49   87.23 
 580  271.68   13.58     27.18    8.98    3.89     13.09   27.38   23.35     18.49   15.74   11.49      5.50   65.18   73.06   176.21   96.48   172.45   88.50 
 581  266.05   13.03     26.28   10.07    3.90     12.73   27.69   23.36     18.37   15.96   11.50      5.36   65.82   73.04   178.33   95.18   174.23   87.36 
 582  266.05   13.06     27.32    8.87    3.91     12.51   28.45   23.37     18.37   15.96   11.51      5.26   65.63   73.03   178.79   93.42   175.03   85.47 
 583  266.05   13.50     27.62    8.51    3.92     12.46   29.02   23.38     18.37   15.96   11.52      5.53   64.01   73.02   177.22   93.21   173.30   85.26 
 584  266.05   13.00     26.30    9.83    3.93     13.25   27.24   23.38     18.37   15.96   11.52      5.58   63.84   73.00   174.76   93.39   170.92   85.59 
 585  266.05   14.58     25.90   10.16    3.94     13.28   27.78   23.39     18.37   15.96   11.53      5.59   64.38   72.99   171.32   94.57   167.45   86.86 
 586  326.03   13.82     27.01    8.89    3.95     11.89   32.30   23.41     18.34   16.00   11.54      5.53   65.23   72.97   169.45   97.56   165.35   89.84 
 587  326.03   12.96     26.55    9.32    3.96     11.86   32.94   23.42     18.34   16.00   11.55      5.58   64.56   72.96   166.41   98.60   162.31   90.97 
 588  326.03   13.04     27.53    8.28    3.96     11.92   32.30   23.44     18.34   16.00   11.55      5.53   64.42   72.94   164.18  102.45   160.06   94.77 
 589  326.03   14.02     26.61    9.14    3.97     11.76   33.55   23.46     18.34   16.00   11.56      5.63   63.76   72.93   159.73  104.70   155.64   96.98 
 590  326.03   13.52     26.54    9.10    3.98     12.43   31.17   23.47     18.34   16.00   11.57      5.47   65.86   72.92   156.26  106.63   151.82   99.05 
 591  246.98   13.42     26.94    8.58    3.99     13.64   26.81   23.47     18.29   16.08   11.58      5.30   66.52   72.90   152.56  108.57   148.21  100.96 
 592  246.98   13.45     29.21    6.49    3.99     13.13   27.72   23.48     18.29   16.08   11.59      5.17   66.92   72.89   149.02  110.70   144.38  103.22 
 593  246.98   13.41     31.48    4.90    4.00     12.66   28.81   23.49     18.29   16.08   11.59      5.16   66.75   72.88   145.45  112.18   140.62  104.86 
 594  246.98   13.30     31.83    4.63    4.00     11.04   34.87   23.51     18.29   16.08   11.60      5.05   67.53   72.88   141.53  112.34   136.75  105.06 
 595  246.98   13.46     30.79    5.18    4.00     11.04   34.59   23.53     18.29   16.08   11.61      5.15   66.69   72.86   138.84  113.74   133.80  106.66 
 596  208.57   12.38     31.54    4.71    4.00     11.47   31.92   23.54     18.09   16.45   11.62      4.75   68.69   72.86   136.92  115.44   132.15  107.92 
 597  208.57   13.12     32.55    4.19    4.00     11.30   32.58   23.56     18.09   16.45   11.62      4.73   68.21   72.85   134.33  117.73   129.13  110.80 
 598  208.57   12.12     28.87    6.43    4.00     10.29   35.08   23.58     18.09   16.45   11.63      4.81   67.07   72.84   130.90  120.23   125.88  113.33 
 599  208.57   12.10     27.50    7.55    4.01      9.19   39.21   23.60     18.09   16.45   11.64      4.63   66.02   72.83   129.69  121.65   124.47  114.88 
 600  208.57   12.59     28.24    7.00    4.02      8.99   39.14   23.63     18.09   16.45   11.65      4.49   65.30   72.82   129.85  124.47   124.46  117.96 
 601  295.00   12.13     26.52    8.67    4.02     11.50   29.28   23.64     18.30   16.05   11.66      4.47   65.46   72.80   130.21  126.43   124.72  119.94 
 602  295.00   12.13     28.42    7.04    4.03      8.21   41.35   23.67     18.30   16.05   11.66      4.22   67.89   72.80   129.11  132.21   123.57  125.83 
 603  295.00   12.15     28.73    6.89    4.03      8.50   40.90   23.70     18.30   16.05   11.67      4.21   67.10   72.79   129.54  135.12   124.04  128.70 
 604  295.00   12.14     26.55    9.01    4.04      9.04   39.65   23.72     18.30   16.05   11.68      4.07   68.73   72.78   129.95  137.06   124.72  130.46 
 605  295.00   12.11     25.66   10.21    4.05      7.96   45.11   23.76     18.30   16.05   11.68      3.89   70.78   72.78   130.69  141.24   125.94  134.28 
 606  346.89   12.55     26.41    9.50    4.06      9.86   33.95   23.78     18.07   16.46   11.69      3.56   70.21   72.77   131.63  145.09   126.73  138.17 
 607  346.89   12.14     26.54    9.50    4.07      7.12   43.26   23.81     18.07   16.46   11.70      3.24   70.01   72.77   131.34  149.16   126.43  142.32 
 608  346.89   12.13     27.11    9.00    4.08      5.50   50.10   23.85     18.07   16.46   11.71      2.69   70.92   72.76   131.72  152.34   126.60  145.50 
 609  346.89   12.11     26.44    9.80    4.09      4.46   54.79   23.90     18.07   16.46   11.72      2.39   70.77   72.76   131.46  153.62   126.56  146.64 
 610  346.89   12.09     27.41    8.84    4.09      4.03   56.75   23.96     18.07   16.46   11.72      2.37   70.64   72.76   131.28  156.95   126.58  149.85 
 611  186.24   12.90     26.52    9.90    4.10     10.82   25.82   23.96     17.72   17.10   11.73      2.83   65.64   72.75   130.79  158.93   125.85  151.97 
 612  186.24   12.02     26.21   10.33    4.11      8.01   36.17   23.98     17.72   17.10   11.74      2.81   66.01   72.74   130.40  160.53   125.43  153.53 
 613  186.24   12.79     25.20   11.64    4.13      6.57   42.66   24.01     17.72   17.10   11.75      2.73   65.96   72.72   129.20  161.32   124.48  154.25 
 614  186.24   12.11     25.25   11.55    4.14      6.01   45.47   24.04     17.72   17.10   11.76      2.60   66.86   72.71   128.84  162.39   123.97  155.39 
 615  186.24   12.15     25.98   10.56    4.15      6.36   43.98   24.08     17.72   17.10   11.77      2.74   65.60   72.70   127.25  161.98   122.49  154.69 
 616  266.01   13.21     26.96    9.35    4.16     12.02   22.91   24.07     17.78   16.95   11.78      3.17   61.94   72.69   127.04  161.01   121.94  154.01 
 617  266.01   12.12     26.68    9.57    4.17     10.20   28.22   24.08     17.78   16.95   11.78      3.31   61.45   72.67   125.40  159.69   120.56  152.50 
 618  266.01   12.07     27.19    8.98    4.17      9.23   31.84   24.09     17.78   16.95   11.79      3.13   62.93   72.65   125.51  159.67   120.32  152.62 
 619  266.01   12.10     28.13    7.98    4.18      7.83   37.22   24.11     17.78   16.95   11.80      3.12   62.95   72.64   124.08  158.89   119.13  151.76 
 620  266.01   13.05     28.22    7.82    4.19      6.99   41.51   24.14     17.78   16.95   11.81      3.14   63.65   72.62   124.04  157.78   118.81  150.77 
