   6    1.81    8.58     38.63    1.92    1.00     19.43   14.80   15.53     33.04    3.09   71.45      3.93   84.17   84.97   145.34   82.71   141.54   75.07 
   7    1.81    8.56     39.21    1.80    1.12     19.96   13.83   15.29     33.04    3.09   61.69      3.98   83.58   84.77   144.76   84.05   140.91   76.46 
   8    1.81    8.58     38.45    1.97    1.22     16.82   19.83   15.85     33.04    3.09   54.36      3.88   84.32   84.71   144.87   84.27   141.06   76.65 
   9    1.81    8.60     35.57    2.76    1.39     16.43   20.72   16.40     33.04    3.09   48.67      3.94   83.42   84.57   144.87   84.78   140.90   77.25 
  10    1.81    8.55     38.17    2.03    1.46     16.18   21.14   16.87     33.04    3.09   44.11      3.75   85.03   84.61   144.79   86.37   140.93   78.72 
  11    3.68    8.77     38.90    1.88    1.50     21.52   11.43   16.38     35.73    2.26   40.30      3.96   83.06   84.47   144.70   86.87   140.93   79.17 
  12    3.68    8.73     38.39    1.99    1.54     21.33   11.64   15.98     35.73    2.26   37.13      3.84   84.12   84.44   144.58   87.16   140.76   79.47 
  13    3.68    8.79     40.11    1.63    1.54     21.21   11.75   15.66     35.73    2.26   34.45      3.86   83.65   84.38   143.94   87.50   140.04   79.86 
  14    3.68    8.74     38.18    2.04    1.58     20.66   12.61   15.44     35.73    2.26   32.15      3.84   83.74   84.34   143.92   87.50   140.12   79.85 
  15    3.68    8.79     39.99    1.66    1.58     20.35   13.10   15.28     35.73    2.26   30.16      3.87   83.74   84.30   143.87   87.53   140.03   79.94 
  16    2.86    8.88     34.47    3.14    1.68     19.44   14.57   15.24     29.92    4.39   28.55      3.82   84.26   84.29   143.97   86.99   140.22   79.36 
  17    2.86    8.93     42.08    1.30    1.66     17.81   17.48   15.37     29.92    4.39   27.13      3.80   84.54   84.31   143.39   88.32   139.81   80.56 
  18    2.86    8.93     35.83    2.69    1.72     17.29   18.82   15.56     29.92    4.39   25.86      3.85   84.11   84.30   143.58   87.91   139.71   80.42 
  19    2.86    8.93     38.44    1.99    1.73     21.65   11.33   15.34     29.92    4.39   24.73      3.75   85.43   84.36   143.29   88.85   139.40   81.40 
  20    2.86    9.01     39.65    1.73    1.73     17.10   19.14   15.53     29.92    4.39   23.71      3.85   84.68   84.37   142.84   88.82   139.00   81.36 
  21    3.98    9.21     38.30    2.02    1.74     19.77   14.01   15.46     26.68    6.36   22.89      3.88   84.25   84.37   143.32   89.38   139.37   81.87 
  22    3.98    8.86     36.88    2.37    1.77     22.38   10.45   15.23     26.68    6.36   22.14      3.87   84.50   84.37   142.68   89.51   139.02   81.95 
  23    3.98    8.83     36.13    2.59    1.81     20.36   13.25   15.14     26.68    6.36   21.45      4.09   82.82   84.31   142.30   89.45   138.64   81.93 
  24    3.98    8.85     37.30    2.27    1.83     16.17   21.19   15.39     26.68    6.36   20.82      3.93   84.25   84.30   142.44   90.77   138.66   83.21 
  25    3.98    8.82     33.20    3.64    1.90     18.30   16.93   15.46     26.68    6.36   20.24      4.04   83.47   84.27   142.39   89.26   138.68   81.84 
  26    6.09    8.86     35.48    2.79    1.93     19.26   15.11   15.44     24.85    7.85   19.77      3.96   84.28   84.27   141.72   89.92   137.96   82.49 
  27    6.09    8.83     34.78    3.02    1.97     20.51   13.18   15.36     24.85    7.85   19.33      3.87   85.11   84.30   141.77   89.60   138.06   82.18 
  28    6.09    8.83     38.18    2.04    1.98     19.18   15.25   15.36     24.85    7.85   18.92      3.90   85.09   84.33   141.91   90.75   137.98   83.41 
  29    6.09    8.84     38.17    2.04    1.98     17.51   18.46   15.46     24.85    7.85   18.53      3.96   84.94   84.35   141.18   90.74   137.20   83.35 
  30    6.09    8.87     39.57    1.73    1.97     15.52   23.10   15.72     24.85    7.85   18.18      3.81   85.62   84.39   141.46   91.00   137.40   83.59 
  31    5.26    8.71     37.10    2.29    1.98     20.28   13.28   15.64     24.19    8.49   17.87      3.97   84.73   84.40   140.69   90.32   136.84   82.62 
  32    5.26    8.63     34.84    2.95    2.01     16.84   20.14   15.78     24.19    8.49   17.57      3.96   85.06   84.43   140.06   90.22   136.42   82.55 
  33    5.26    8.61     34.50    3.02    2.04     14.56   26.81   16.11     24.19    8.49   17.30      4.01   86.73   84.49   138.60   89.59   135.00   81.94 
  34    5.26    8.61     33.30    3.41    2.08     13.22   31.61   16.57     24.19    8.49   17.04      4.16   86.72   84.56   136.49   88.50   133.05   80.74 
  35    5.26    8.64     32.89    3.52    2.12     12.22   36.21   17.13     24.19    8.49   16.79      4.32   86.47   84.61   134.29   87.48   131.15   79.69 
  36    4.78    8.66     31.79    3.92    2.17     15.75   24.15   17.32     23.20    9.57   16.59      4.40   86.90   84.68   131.81   86.55   128.74   78.60 
  37    4.78    8.60     31.00    4.23    2.23     12.82   33.76   17.77     23.20    9.57   16.40      4.41   86.29   84.72   130.43   85.97   127.56   77.84 
  38    4.78    8.63     29.33    5.05    2.30     12.17   36.90   18.27     23.20    9.57   16.22      4.31   87.02   84.78   129.33   85.90   126.21   78.15 
  39    4.78    8.64     28.92    5.26    2.38     11.53   40.30   18.84     23.20    9.57   16.05      4.35   87.54   84.85   128.96   84.13   125.89   76.45 
  40    4.78    8.59     30.07    4.60    2.43     11.93   38.76   19.34     23.20    9.57   15.89      4.43   87.67   84.92   127.67   84.00   124.63   76.39 
  41    4.90    8.85     29.79    4.75    2.49     18.82   17.55   19.29     21.16   12.24   15.80      4.77   84.45   84.91   128.20   83.91   124.99   76.32 
  42    4.90    8.88     29.50    4.91    2.55     18.82   17.66   19.25     21.16   12.24   15.72      4.97   83.06   84.87   128.73   84.14   125.76   76.51 
  43    4.90    8.94     30.55    4.36    2.59     16.82   22.30   19.32     21.16   12.24   15.64      4.88   84.42   84.86   129.05   83.11   125.99   75.45 
  44    4.90    8.85     31.82    3.78    2.62     15.18   27.02   19.50     21.16   12.24   15.56      4.93   84.07   84.84   129.58   83.15   125.98   75.68 
  45    4.90    8.88     31.23    4.05    2.65     14.39   30.15   19.74     21.16   12.24   15.49      5.13   82.75   84.79   131.35   82.08   127.30   74.92 
  46    6.02    8.83     33.63    3.09    2.66     15.29   27.24   19.90     21.26   12.25   15.41      5.18   83.30   84.76   132.07   80.10   128.01   72.95 
  47    6.02    8.89     34.94    2.67    2.66     13.58   33.18   20.18     21.26   12.25   15.35      5.12   83.09   84.73   132.89   79.23   129.22   71.97 
  48    6.02    8.87     33.98    3.00    2.67     14.31   30.17   20.39     21.26   12.25   15.28      4.98   83.87   84.71   134.02   79.39   130.36   72.11 
  49    6.02    8.89     33.71    3.11    2.67     13.98   31.01   20.61     21.26   12.25   15.22      5.01   83.68   84.69   134.80   79.84   131.09   72.51 
  50    6.02    8.92     33.84    3.08    2.68     14.35   29.56   20.79     21.26   12.25   15.16      5.01   82.86   84.65   135.76   80.42   132.13   73.05 
  51    6.74    8.76     39.99    1.53    2.66     17.77   19.65   20.76     20.44   13.61   15.13      4.95   82.51   84.61   135.64   80.81   131.68   73.46 
  52    6.74    8.76     36.49    2.31    2.65     16.87   21.64   20.78     20.44   13.61   15.10      4.70   84.16   84.60   136.21   83.53   132.50   76.11 
  53    6.74    8.64     38.88    1.77    2.64     15.90   23.93   20.84     20.44   13.61   15.07      4.63   83.62   84.58   136.78   84.66   133.05   77.23 
  54    6.74    8.68     40.38    1.51    2.62     14.64   27.35   20.96     20.44   13.61   15.05      4.64   83.10   84.55   136.67   86.78   132.82   79.41 
  55    6.74    8.80     35.11    2.79    2.62     14.82   26.37   21.06     20.44   13.61   15.02      4.51   83.55   84.54   137.47   89.03   133.62   81.53 
  56    7.22    8.70     37.29    2.20    2.61     18.35   16.99   20.99     20.24   13.98   15.00      4.27   84.19   84.53   137.39   92.62   133.55   84.98 
  57    7.22    8.80     35.19    2.84    2.62     16.81   20.16   20.97     20.24   13.98   14.98      4.01   84.57   84.53   137.19   94.00   133.36   86.45 
  58    7.22    8.75     34.89    2.96    2.62     16.29   21.12   20.97     20.24   13.98   14.97      4.08   83.47   84.51   137.56   95.88   133.50   88.43 
  59    7.22    8.75     34.49    3.13    2.63     13.56   28.46   21.10     20.24   13.98   14.95      3.95   84.21   84.51   136.90   98.46   132.94   90.92 
  60    7.22    8.70     31.76    4.32    2.66     13.25   29.36   21.24     20.24   13.98   14.93      3.72   84.94   84.51   136.92   99.60   132.87   92.12 
  61    7.05    8.82     32.47    4.00    2.68     14.12   26.14   21.32     19.88   14.51   14.93      3.65   85.15   84.52   136.97  102.68   132.94   95.18 
  62    7.05    8.82     31.06    4.74    2.71     12.74   30.53   21.47     19.88   14.51   14.92      3.51   85.82   84.55   136.27  104.54   132.36   97.07 
  63    7.05    8.84     31.87    4.35    2.74     10.61   38.02   21.73     19.88   14.51   14.91      3.34   86.11   84.57   135.59  107.65   131.52  100.29 
  64    7.05    8.89     30.46    5.14    2.78      9.85   40.95   22.03     19.88   14.51   14.91      3.02   87.07   84.61   135.46  109.08   131.41  101.65 
  65    7.05    8.88     28.81    6.26    2.83      8.90   45.11   22.39     19.88   14.51   14.90      2.96   86.85   84.64   135.54  109.12   131.41  101.57 
  66    7.24    8.87     29.97    5.54    2.87     13.51   26.22   22.44     19.12   15.73   14.91      3.21   83.70   84.63   136.77  111.49   132.54  103.96 
  67    7.24    8.96     29.81    5.71    2.91     12.90   28.02   22.53     19.12   15.73   14.93      3.21   83.13   84.61   137.98  112.06   133.50  104.64 
  68    7.24    8.90     29.56    5.93    2.96     12.26   30.23   22.64     19.12   15.73   14.94      3.18   82.79   84.58   139.55  112.48   135.15  105.07 
  69    7.24    8.88     29.01    6.38    3.01     11.38   33.19   22.79     19.12   15.73   14.95      3.19   82.48   84.55   140.55  112.60   136.07  105.16 
  70    7.24    8.87     29.05    6.42    3.06     11.08   34.18   22.96     19.12   15.73   14.96      3.12   82.92   84.53   141.86  113.23   137.34  105.79 
  71    8.58    8.83     30.67    5.38    3.09     12.94   27.50   23.02     18.58   16.59   14.98      3.17   82.58   84.50   143.67  114.57   139.15  107.08 
  72    8.58    8.83     30.49    5.54    3.12     11.62   32.24   23.15     18.58   16.59   15.01      3.17   82.26   84.47   146.03  114.26   141.37  106.90 
  73    8.58    8.80     30.55    5.54    3.16     11.51   32.32   23.27     18.58   16.59   15.03      3.01   83.67   84.46   147.01  114.19   142.31  106.82 
  74    8.58    8.83     30.09    5.87    3.19     10.25   37.06   23.46     18.58   16.59   15.05      2.93   83.33   84.44   148.56  113.57   143.63  106.31 
  75    8.58    8.91     30.52    5.57    3.23      9.39   40.94   23.69     18.58   16.59   15.07      2.90   84.03   84.44   148.61  111.94   143.66  104.63 
  76    9.48    8.82     31.67    4.84    3.25     13.63   25.72   23.72     18.22   17.16   15.10      3.37   80.78   84.39   148.16  110.90   143.31  103.69 
  77    9.48    8.83     33.32    3.96    3.26     10.10   39.68   23.93     18.22   17.16   15.12      3.51   81.55   84.35   148.59  108.79   143.90  101.45 
  78    9.48    8.85     32.64    4.23    3.27     10.87   36.92   24.09     18.22   17.16   15.15      3.63   82.10   84.32   147.05  106.29   142.17   99.02 
  79    9.48    8.77     36.37    2.72    3.26     11.47   35.41   24.24     18.22   17.16   15.18      3.76   82.09   84.29   147.27  104.31   142.34   97.18 
  80    9.48    8.70     35.95    2.82    3.26     12.06   33.81   24.36     18.22   17.16   15.20      3.87   82.47   84.27   146.62  101.57   141.67   94.55 
  81   10.18    8.82     35.47    2.96    3.25     13.00   30.36   24.43     17.59   18.37   15.24      4.07   81.07   84.23   146.19   99.48   141.36   92.30 
  82   10.18    8.76     38.84    1.98    3.24     12.91   30.56   24.50     17.59   18.37   15.28      4.22   80.07   84.18   146.11   98.41   141.07   91.22 
  83   10.18    8.73     36.25    2.66    3.23     12.03   33.55   24.61     17.59   18.37   15.31      4.20   80.04   84.13   145.20   96.91   140.23   89.58 
  84   10.18    8.79     39.92    1.73    3.21     12.43   32.08   24.70     17.59   18.37   15.35      4.25   79.06   84.07   145.71   95.86   140.81   88.55 
  85   10.18    8.76     36.08    2.70    3.21     11.94   34.00   24.81     17.59   18.37   15.39      4.09   80.58   84.03   145.94   94.49   141.15   87.11 
  86    8.92    8.69     38.71    1.99    3.19     14.53   25.10   24.82     17.37   18.80   15.43      4.09   80.67   83.99   146.34   95.07   141.65   87.58 
  87    8.92    8.63     39.72    1.77    3.18     14.40   25.53   24.82     17.37   18.80   15.47      4.02   80.95   83.96   145.49   94.43   140.92   86.88 
  88    8.92    8.64     37.45    2.29    3.17     13.88   27.18   24.85     17.37   18.80   15.50      4.28   79.18   83.90   144.96   93.33   140.37   85.81 
  89    8.92    8.68     42.52    1.27    3.14     16.37   20.47   24.80     17.37   18.80   15.54      4.26   79.75   83.85   145.11   93.41   140.56   85.88 
  90    8.92    8.74     38.63    1.98    3.13     15.38   23.07   24.78     17.37   18.80   15.58      4.19   80.39   83.82   144.13   92.63   139.57   85.11 
  91   10.11    8.55     43.12    1.17    3.11     16.89   19.78   24.73     17.15   19.25   15.62      4.18   81.34   83.79   143.81   90.94   139.58   83.37 
  92   10.11    8.61     45.44    0.88    3.09     17.05   19.69   24.67     17.15   19.25   15.66      4.44   80.58   83.75   143.20   90.31   138.79   82.91 
  93   10.11    8.57     43.36    1.11    3.06     14.83   25.68   24.68     17.15   19.25   15.69      4.32   82.56   83.74   142.09   88.43   137.67   80.99 
  94   10.11    8.54     50.16    0.50    3.04     14.48   27.28   24.71     17.15   19.25   15.73      4.58   81.78   83.72   140.39   85.98   136.17   78.46 
  95   10.11    8.60     38.51    1.88    3.02     13.19   32.03   24.79     17.15   19.25   15.77      4.67   82.72   83.71   138.39   86.25   134.34   78.59 
  96   10.37    8.67     41.18    1.36    3.01     16.34   22.63   24.77     17.22   19.12   15.80      4.82   82.50   83.70   136.12   84.50   132.19   76.74 
  97   10.37    8.73     35.50    2.56    3.00     14.59   28.10   24.80     17.22   19.12   15.84      5.07   81.64   83.68   134.18   83.43   130.06   75.79 
  98   10.37    8.87     33.47    3.17    3.00     15.27   26.20   24.81     17.22   19.12   15.87      5.13   81.70   83.66   132.03   82.94   128.10   75.26 
  99   10.37    8.78     31.01    4.16    3.02     14.15   29.92   24.87     17.22   19.12   15.91      5.06   82.73   83.65   130.76   82.69   126.92   74.95 
 100   10.37    8.76     29.04    5.15    3.04     13.50   32.84   24.95     17.22   19.12   15.94      5.04   83.15   83.64   129.42   83.09   125.75   75.45 
 101   15.02    8.59     30.22    4.44    3.05     13.91   31.26   25.01     17.21   19.23   15.97      5.20   82.34   83.63   127.38   81.64   123.79   74.01 
 102   15.02    8.58     29.78    4.64    3.07     14.15   30.51   25.06     17.21   19.23   16.00      5.05   83.35   83.63   126.01   82.50   122.41   75.00 
 103   15.02    8.56     30.24    4.40    3.08     14.51   29.39   25.10     17.21   19.23   16.03      5.07   83.25   83.62   125.36   82.41   121.95   74.93 
 104   15.02    8.58     30.57    4.23    3.09     15.97   24.93   25.10     17.21   19.23   16.06      5.13   83.22   83.62   125.62   81.98   122.19   74.52 
 105   15.02    8.54     30.85    4.09    3.10     16.16   24.48   25.10     17.21   19.23   16.09      5.25   82.37   83.61   125.26   81.65   121.77   74.23 
 106   11.73    8.54     31.74    3.67    3.11     17.99   19.66   25.04     17.20   19.36   16.12      5.29   82.12   83.59   124.32   81.47   120.89   73.97 
 107   11.73    8.57     31.61    3.73    3.11     18.11   19.46   24.99     17.20   19.36   16.16      5.29   81.54   83.57   124.67   81.03   121.22   73.56 
 108   11.73    8.55     33.16    3.13    3.11     15.99   24.73   24.99     17.20   19.36   16.18      5.24   82.08   83.56   124.64   81.40   120.82   74.06 
 109   11.73    8.57     34.30    2.77    3.11     17.13   21.69   24.96     17.20   19.36   16.21      5.21   81.89   83.54   125.17   81.54   121.55   74.16 
 110   11.73    8.62     36.84    2.08    3.10     16.95   21.99   24.93     17.20   19.36   16.24      5.18   82.09   83.53   126.08   81.23   122.54   73.78 
 111   15.32    8.60     41.53    1.23    3.08     14.91   27.51   24.96     17.38   19.08   16.27      5.00   82.63   83.52   126.97   81.64   123.31   74.17 
 112   15.32    8.62     40.44    1.41    3.07     14.07   29.96   25.00     17.38   19.08   16.29      4.91   82.33   83.51   128.08   82.00   124.57   74.42 
 113   15.32    8.58     46.94    0.67    3.05     15.21   26.04   25.01     17.38   19.08   16.32      4.84   82.11   83.50   128.70   82.96   125.07   75.43 
 114   15.32    8.66     46.45    0.72    3.03     14.92   26.34   25.02     17.38   19.08   16.34      4.76   82.20   83.49   129.40   84.13   125.82   76.46 
 115   15.32    8.60     36.32    2.33    3.02     15.34   24.89   25.02     17.38   19.08   16.37      4.77   81.13   83.47   130.00   83.80   126.30   76.10 
 116   15.74    8.56     42.65    1.14    3.00     15.95   23.15   25.00     17.04   19.88   16.40      4.56   82.31   83.46   131.53   85.70   127.72   78.07 
 117   15.74    8.60     39.12    1.73    2.99     14.87   25.93   25.01     17.04   19.88   16.43      4.74   80.80   83.44   132.31   87.34   128.35   79.74 
 118   15.74    8.55     33.83    3.23    2.99     13.65   29.58   25.05     17.04   19.88   16.46      4.53   81.42   83.42   133.05   88.25   129.03   80.67 
 119   15.74    8.62     34.07    3.18    3.00     13.23   30.57   25.10     17.04   19.88   16.48      4.28   82.51   83.41   134.29   89.86   130.24   82.28 
 120   15.74    8.63     32.18    3.98    3.00     13.12   30.76   25.14     17.04   19.88   16.51      4.20   82.55   83.40   135.17   90.32   130.78   82.85 
 121   12.57    8.61     33.29    3.52    3.01     12.66   32.09   25.20     17.07   19.82   16.54      4.30   81.51   83.39   135.21   91.86   130.67   84.43 
 122   12.57    8.59     32.57    3.84    3.02     11.97   34.43   25.28     17.07   19.82   16.57      4.14   82.08   83.38   134.34   92.74   129.79   85.32 
 123   12.57    8.74     32.65    3.80    3.02     11.68   35.78   25.36     17.07   19.82   16.59      4.08   82.24   83.37   134.40   92.72   129.82   85.40 
 124   12.57    8.60     31.73    4.23    3.03     10.53   41.04   25.49     17.07   19.82   16.62      4.18   81.80   83.35   134.68   92.99   130.07   85.69 
 125   12.57    8.63     31.28    4.52    3.04     10.87   39.12   25.60     17.07   19.82   16.64      4.16   82.03   83.34   135.71   94.46   130.91   87.25 
 126   16.09    8.53     32.20    4.08    3.05     11.14   37.36   25.69     17.10   19.74   16.67      4.04   82.16   83.33   136.88   94.94   132.00   87.72 
 127   16.09    8.56     31.22    4.59    3.06     10.59   39.53   25.80     17.10   19.74   16.69      3.91   82.42   83.33   136.64   95.83   131.74   88.58 
 128   16.09    8.47     31.73    4.33    3.07     10.85   38.24   25.90     17.10   19.74   16.72      3.96   81.95   83.32   137.38   95.68   132.19   88.55 
 129   16.09    8.54     30.60    4.92    3.09     11.02   37.69   25.99     17.10   19.74   16.74      3.93   82.10   83.31   136.07   95.37   130.87   88.32 
 130   16.09    8.51     31.15    4.60    3.10     11.55   35.67   26.06     17.10   19.74   16.76      3.97   82.00   83.30   136.67   94.52   131.54   87.39 
 131   12.25    8.51     31.77    4.28    3.11     11.50   36.22   26.14     17.01   19.91   16.79      3.88   82.99   83.30   137.24   93.82   131.96   86.87 
 132   12.25    8.59     32.44    3.95    3.11     11.48   36.37   26.22     17.01   19.91   16.81      4.07   81.71   83.28   137.31   93.75   131.98   86.84 
 133   12.25    8.50     32.93    3.73    3.12     11.31   36.83   26.30     17.01   19.91   16.83      3.83   84.17   83.29   136.87   94.01   131.42   87.08 
 134   12.25    8.52     31.51    4.40    3.13     11.41   36.61   26.38     17.01   19.91   16.86      3.94   82.93   83.29   137.03   93.31   131.60   86.41 
 135   12.25    8.56     31.50    4.41    3.14     11.90   34.61   26.44     17.01   19.91   16.88      4.02   82.32   83.28   136.80   93.46   131.61   86.39 
 136   16.09    8.53     31.17    4.58    3.15     11.93   34.68   26.50     16.72   20.54   16.91      4.04   81.97   83.27   136.44   93.79   131.35   86.80 
 137   16.09    8.58     30.89    4.73    3.16     11.80   35.05   26.56     16.72   20.54   16.93      4.10   82.09   83.26   136.49   93.63   131.36   86.53 
 138   16.09    8.50     31.45    4.42    3.17     12.00   34.52   26.62     16.72   20.54   16.96      4.00   82.89   83.26   136.31   93.58   131.29   86.55 
 139   16.09    8.52     32.68    3.83    3.17     12.45   32.51   26.66     16.72   20.54   16.99      4.06   82.46   83.25   135.96   94.71   130.98   87.56 
 140   16.09    8.49     31.04    4.62    3.18     12.88   31.27   26.69     16.72   20.54   17.01      4.05   82.73   83.25   135.00   93.75   130.01   86.67 
 141   14.58    8.69     31.61    4.30    3.19     17.63   17.99   26.63     16.67   20.65   17.04      4.23   81.44   83.24   133.64   94.26   128.55   87.13 
 142   14.58    8.66     32.39    3.90    3.20     18.59   16.22   26.56     16.67   20.65   17.06      4.19   81.79   83.23   133.11   93.92   128.05   86.77 
 143   14.58    8.59     33.52    3.39    3.20     16.62   20.61   26.52     16.67   20.65   17.09      4.34   81.58   83.21   131.96   93.51   127.07   86.28 
 144   14.58    8.63     32.08    3.97    3.20     14.71   26.35   26.51     16.67   20.65   17.11      4.53   81.61   83.20   130.17   92.79   125.25   85.68 
 145   14.58    8.55     32.52    3.71    3.21     12.84   32.75   26.56     16.67   20.65   17.14      4.62   81.44   83.19   127.67   92.48   122.66   85.37 
 146   20.41    8.55     34.58    2.90    3.21     11.99   35.68   26.62     16.92   20.05   17.16      4.41   82.71   83.19   126.39   92.67   121.16   85.64 
 147   20.41    8.60     36.81    2.22    3.20     11.11   39.46   26.71     16.92   20.05   17.18      4.23   83.20   83.19   125.50   92.95   120.30   86.04 
 148   20.41    8.50     40.42    1.46    3.19     10.89   40.20   26.80     16.92   20.05   17.20      4.32   82.54   83.18   125.00   93.85   119.87   86.99 
 149   20.41    8.60     39.24    1.67    3.18     11.78   36.28   26.86     16.92   20.05   17.22      4.48   81.31   83.17   124.87   93.32   119.78   86.36 
 150   20.41    8.52     37.13    2.13    3.17     11.75   36.89   26.93     16.92   20.05   17.23      4.49   81.06   83.16   125.18   92.28   120.22   85.29 
 151   16.92    8.70     36.98    2.17    3.16     11.54   37.83   27.00     16.67   20.66   17.26      4.53   80.97   83.14   125.07   92.41   120.02   85.50 
 152   16.92    8.54     41.28    1.33    3.15     13.11   31.53   27.03     16.67   20.66   17.28      4.59   81.10   83.13   126.07   93.56   121.35   86.48 
 153   16.92    8.61     37.20    2.13    3.14     15.27   24.44   27.01     16.67   20.66   17.30      4.45   81.51   83.12   125.88   93.08   121.31   85.84 
 154   16.92    8.52     37.10    2.17    3.14     14.07   27.89   27.02     16.67   20.66   17.32      4.53   80.49   83.10   126.82   93.60   122.24   86.29 
 155   16.92    8.61     45.62    0.82    3.12     13.17   31.01   27.05     16.67   20.66   17.34      4.38   81.53   83.09   128.03   94.83   123.53   87.56 
 156   14.46    8.60     37.87    2.01    3.12     13.13   30.87   27.07     16.55   20.94   17.37      4.46   80.92   83.08   128.39   94.77   123.79   87.41 
 157   14.46    8.68     40.35    1.51    3.11     12.47   33.01   27.11     16.55   20.94   17.39      4.24   82.29   83.07   129.12   95.32   124.64   87.85 
 158   14.46    8.57     40.38    1.51    3.10     12.56   32.53   27.14     16.55   20.94   17.41      4.28   81.20   83.06   129.48   95.47   125.18   87.91 
 159   14.46    8.68     38.96    1.79    3.09     13.65   28.63   27.15     16.55   20.94   17.43      4.22   81.64   83.05   129.68   95.12   125.51   87.37 
 160   14.46    8.60     37.29    2.16    3.08     16.52   20.57   27.11     16.55   20.94   17.46      4.29   80.82   83.04   129.16   95.17   125.44   87.26 
 161   21.14    8.61     38.21    1.95    3.07     14.58   25.76   27.10     16.54   20.97   17.48      4.38   80.12   83.02   129.48   94.82   125.60   87.00 
 162   21.14    8.58     43.27    1.09    3.06     15.02   24.40   27.09     16.54   20.97   17.50      4.35   80.36   83.00   129.88   95.36   126.41   87.39 
 163   21.14    8.67     44.73    0.92    3.05     13.71   28.26   27.09     16.54   20.97   17.52      4.35   80.49   82.99   130.55   95.34   127.01   87.35 
 164   21.14    8.62     39.70    1.64    3.04     15.28   23.59   27.07     16.54   20.97   17.54      4.45   79.63   82.97   130.38   93.89   127.10   85.75 
 165   21.14    8.71     41.54    1.33    3.03     15.62   22.58   27.04     16.54   20.97   17.56      4.39   79.86   82.95   130.43   94.59   127.28   86.35 
 166   18.14    8.63     43.05    1.12    3.02     15.78   22.11   27.01     16.45   21.16   17.58      4.27   80.69   82.93   130.62   94.58   127.41   86.31 
 167   18.14    8.59     42.71    1.16    3.01     14.59   25.32   27.00     16.45   21.16   17.61      4.25   80.61   82.92   130.53   94.86   127.54   86.54 
 168   18.14    8.61     45.61    0.83    2.99     14.79   24.86   26.99     16.45   21.16   17.63      4.19   80.95   82.91   131.12   94.39   127.94   86.13 
 169   18.14    8.61     38.35    1.92    2.99     14.09   26.72   26.99     16.45   21.16   17.65      4.36   79.83   82.89   130.27   94.13   127.19   85.76 
 170   18.14    8.58     36.27    2.45    2.99     14.20   26.63   26.99     16.45   21.16   17.67      4.23   80.63   82.88   130.73   93.50   127.65   85.19 
 171   19.18    8.57     42.20    1.23    2.98     15.65   22.54   26.96     16.58   20.84   17.69      4.24   80.88   82.87   130.36   94.52   127.32   86.20 
 172   19.18    8.63     36.62    2.34    2.97     14.09   26.96   26.96     16.58   20.84   17.71      4.41   80.08   82.85   129.00   94.71   125.97   86.35 
 173   19.18    8.67     40.86    1.42    2.96     18.21   16.93   26.90     16.58   20.84   17.72      4.43   80.14   82.83   128.87   93.89   125.98   85.54 
 174   19.18    8.69     38.78    1.80    2.96     15.45   23.38   26.88     16.58   20.84   17.74      4.39   80.61   82.82   128.02   93.57   125.17   85.26 
 175   19.18    8.53     37.50    2.08    2.95     14.76   25.50   26.88     16.58   20.84   17.76      4.32   81.49   82.81   128.48   92.29   125.51   84.05 
 176   18.72    8.56     44.83    0.89    2.94     16.24   21.44   26.84     16.47   21.09   17.78      4.48   81.02   82.80   127.90   92.71   124.72   84.47 
 177   18.72    8.56     40.21    1.51    2.93     14.71   25.54   26.84     16.47   21.09   17.80      4.52   80.32   82.79   126.77   92.04   123.58   83.76 
 178   18.72    8.52     40.65    1.43    2.92     14.41   26.51   26.84     16.47   21.09   17.82      4.52   80.13   82.77   126.63   91.57   123.36   83.32 
 179   18.72    8.52     46.42    0.73    2.91     14.49   26.26   26.83     16.47   21.09   17.83      4.60   79.89   82.76   126.36   91.99   123.01   83.79 
 180   18.72    8.52     47.23    0.66    2.90     14.38   26.79   26.83     16.47   21.09   17.85      4.53   80.49   82.75   126.24   91.61   122.94   83.46 
 181   16.74    8.50     45.99    0.76    2.89     13.91   28.24   26.84     16.46   21.09   17.87      4.59   80.28   82.73   125.82   91.90   122.38   83.80 
 182   16.74    8.56     45.85    0.77    2.87     14.72   26.12   26.84     16.46   21.09   17.89      4.59   80.58   82.72   125.43   91.28   122.22   83.24 
 183   16.74    8.49     47.66    0.63    2.86     13.58   29.67   26.85     16.46   21.09   17.91      4.57   81.25   82.71   124.84   91.29   121.63   83.26 
 184   16.74    8.56     44.78    0.87    2.85     13.26   30.87   26.87     16.46   21.09   17.92      4.54   81.20   82.70   124.62   91.47   121.49   83.51 
 185   16.74    8.53     41.48    1.28    2.84     13.06   31.63   26.90     16.46   21.09   17.94      4.54   81.04   82.70   124.77   91.36   121.72   83.44 
 186   23.89    8.47     43.23    1.04    2.83     12.27   34.27   26.94     16.57   20.83   17.96      4.52   81.38   82.69   124.99   92.48   121.73   84.53 
 187   23.89    8.50     41.39    1.29    2.82     11.74   36.26   26.99     16.57   20.83   17.97      4.55   80.58   82.68   124.68   91.81   121.36   83.89 
 188   23.89    8.47     40.92    1.36    2.82     11.98   35.23   27.03     16.57   20.83   17.99      4.41   81.30   82.67   124.68   92.73   121.49   84.83 
 189   23.89    8.46     39.07    1.68    2.81     11.77   36.04   27.08     16.57   20.83   18.00      4.55   80.19   82.66   125.18   93.04   121.68   85.26 
 190   23.89    8.50     36.96    2.14    2.81     11.85   35.89   27.13     16.57   20.83   18.02      4.48   80.67   82.65   125.16   93.49   121.86   85.77 
 191   16.58    8.46     38.47    1.80    2.80     13.51   29.63   27.14     16.34   21.41   18.03      4.45   80.83   82.64   125.05   92.90   121.65   85.26 
 192   16.58    8.51     36.68    2.21    2.80     12.93   31.38   27.16     16.34   21.41   18.05      4.29   82.10   82.63   125.21   92.35   121.90   84.66 
 193   16.58    8.51     39.09    1.68    2.79     12.55   32.56   27.19     16.34   21.41   18.07      4.21   82.72   82.63   125.32   92.66   121.94   84.98 
 194   16.58    8.65     40.47    1.44    2.79     11.34   37.50   27.24     16.34   21.41   18.09      4.17   82.48   82.63   125.14   93.70   122.07   86.01 
 195   16.58    8.57     36.72    2.21    2.78     12.80   31.98   27.27     16.34   21.41   18.10      4.19   82.34   82.63   125.98   92.93   122.89   85.37 
 196   19.49    8.81     36.83    2.19    2.78     16.99   19.44   27.23     16.38   21.29   18.12      4.39   80.38   82.62   126.70   93.70   123.40   86.16 
 197   19.49    8.88     36.66    2.26    2.78     15.24   23.52   27.21     16.38   21.29   18.14      4.22   80.86   82.61   127.15   93.14   123.85   85.54 
 198   19.49    8.76     36.38    2.33    2.78     15.34   23.29   27.19     16.38   21.29   18.15      4.03   81.85   82.61   127.47   94.08   124.27   86.56 
 199   19.49    8.87     36.59    2.29    2.77     15.41   22.84   27.17     16.38   21.29   18.17      4.13   80.59   82.60   127.58   94.82   124.33   87.32 
 200   19.49    8.81     37.70    2.02    2.77     14.98   23.69   27.15     16.38   21.29   18.18      4.20   79.73   82.58   127.84   95.19   124.51   87.63 
 201   21.50    8.75     37.82    1.99    2.77     13.83   26.95   27.15     16.38   21.29   18.20      4.17   79.67   82.57   127.75   96.58   124.51   89.01 
 202   21.50    8.74     36.79    2.25    2.76     13.26   28.39   27.15     16.38   21.29   18.21      4.08   79.96   82.56   128.14   95.97   125.06   88.24 
 203   21.50    8.70     35.90    2.51    2.76     12.60   30.17   27.17     16.38   21.29   18.23      3.93   79.68   82.54   128.29   96.78   125.19   89.00 
 204   21.50    8.74     36.00    2.49    2.76     12.79   29.42   27.18     16.38   21.29   18.24      3.81   79.93   82.53   128.87   97.36   125.53   89.74 
 205   21.50    8.72     35.28    2.72    2.76     12.11   31.54   27.20     16.38   21.29   18.26      3.76   80.02   82.52   129.41   98.29   125.85   90.76 
 206   19.54    8.93     35.75    2.58    2.76     14.16   24.70   27.19     16.35   21.31   18.27      3.86   78.59   82.50   129.12   98.13   125.53   90.58 
 207   19.54    8.92     37.82    2.04    2.76     11.52   33.24   27.22     16.35   21.31   18.29      3.86   78.09   82.48   129.12   99.91   125.67   92.31 
 208   19.54    8.95     34.46    3.01    2.76     13.14   27.49   27.22     16.35   21.31   18.30      3.79   78.20   82.46   129.38   98.61   125.80   91.12 
 209   19.54    8.96     36.46    2.39    2.76     13.44   26.64   27.22     16.35   21.31   18.32      3.73   78.44   82.44   128.93   99.87   125.54   92.43 
 210   19.54    8.95     35.57    2.64    2.75     13.42   26.55   27.21     16.35   21.31   18.33      3.60   79.30   82.42   128.64  100.10   125.09   92.75 
 211   23.37    8.97     33.77    3.25    2.76     13.90   25.10   27.20     16.25   21.52   18.35      3.77   77.47   82.40   128.72  100.28   125.06   93.10 
 212   23.37    9.04     34.49    3.00    2.76     13.13   26.90   27.20     16.25   21.52   18.36      3.76   77.66   82.38   127.49  100.58   123.99   93.18 
 213   23.37    8.95     33.32    3.42    2.76     11.94   31.01   27.22     16.25   21.52   18.38      3.77   76.42   82.35   127.54  100.13   124.00   92.87 
 214   23.37    9.01     33.45    3.36    2.76     11.35   33.05   27.25     16.25   21.52   18.39      3.76   76.59   82.32   127.42  100.80   123.77   93.59 
 215   23.37    8.97     33.69    3.26    2.77     11.03   34.39   27.28     16.25   21.52   18.40      3.66   76.72   82.29   127.46  100.92   123.93   93.76 
 216   24.52    8.86     34.01    3.12    2.77     14.42   22.76   27.26     16.21   21.55   18.42      3.80   75.70   82.26   126.84  100.53   123.27   93.30 
 217   24.52    8.87     33.49    3.31    2.77     14.37   22.95   27.24     16.21   21.55   18.43      3.58   76.89   82.24   126.52   99.80   123.05   92.57 
 218   24.52    8.85     33.58    3.28    2.77     13.23   25.98   27.23     16.21   21.55   18.45      3.68   75.73   82.21   126.22  100.12   122.71   92.92 
 219   24.52    8.87     33.42    3.33    2.78     12.76   27.26   27.23     16.21   21.55   18.46      3.63   75.74   82.18   126.01   99.93   122.61   92.72 
 220   24.52    8.83     32.84    3.55    2.78     10.42   35.59   27.27     16.21   21.55   18.48      3.58   75.60   82.15   126.03   99.98   122.74   92.77 
 221   26.18    8.72     33.35    3.34    2.78     13.32   25.23   27.26     16.17   21.58   18.49      3.61   75.11   82.12   125.26   99.40   121.87   92.18 
 222   26.18    8.73     32.66    3.60    2.79     10.95   33.14   27.29     16.17   21.58   18.50      3.54   75.09   82.09   124.81   98.63   121.55   91.43 
 223   26.18    8.73     32.49    3.66    2.79     10.57   34.51   27.32     16.17   21.58   18.52      3.59   74.77   82.05   124.19   98.32   120.94   91.14 
 224   26.18    8.76     32.10    3.80    2.79     10.21   35.89   27.36     16.17   21.58   18.53      3.52   75.06   82.02   123.69   97.87   120.27   90.79 
 225   26.18    8.80     32.87    3.46    2.80      9.88   37.37   27.40     16.17   21.58   18.55      3.71   73.67   81.99   122.62   97.75   119.34   90.66 
 226   24.26    8.72     31.40    4.08    2.80     11.37   31.02   27.42     16.09   21.71   18.56      3.68   73.76   81.95   122.95   97.90   119.31   90.86 
 227   24.26    8.73     32.29    3.67    2.81      9.17   39.79   27.48     16.09   21.71   18.57      3.60   73.95   81.91   121.51   97.26   117.83   90.22 
 228   24.26    8.71     31.25    4.13    2.81      9.09   40.27   27.53     16.09   21.71   18.59      3.68   72.99   81.87   120.79   96.46   117.36   89.31 
 229   24.26    8.65     31.73    3.89    2.82      9.05   40.41   27.59     16.09   21.71   18.60      3.57   73.67   81.84   120.67   96.92   117.21   89.75 
 230   24.26    8.71     30.39    4.52    2.82      9.07   40.66   27.64     16.09   21.71   18.61      3.74   72.85   81.80   120.39   95.97   117.18   88.76 
 231   27.78    8.77     29.94    4.74    2.83     11.17   32.09   27.66     15.94   22.02   18.63      3.87   72.17   81.76   120.32   95.19   117.22   87.94 
 232   27.78    8.86     31.24    4.08    2.84     12.54   27.61   27.66     15.94   22.02   18.64      3.82   72.81   81.72   120.36   96.33   116.82   89.27 
 233   27.78    8.70     31.06    4.18    2.84     13.09   26.03   27.66     15.94   22.02   18.66      3.97   72.09   81.68   120.44   96.33   117.15   89.12 
 234   27.78    8.78     31.09    4.19    2.85     13.58   24.83   27.64     15.94   22.02   18.67      3.97   72.66   81.64   121.09   97.48   117.80   90.27 
 235   27.78    8.73     31.54    3.99    2.85     14.91   21.47   27.62     15.94   22.02   18.69      3.97   72.85   81.60   121.51   96.94   118.27   89.74 
 236   22.33    8.83     32.00    3.80    2.86     15.17   20.89   27.59     15.84   22.21   18.70      4.09   72.65   81.56   121.18   97.49   117.79   90.31 
 237   22.33    8.74     33.47    3.21    2.86     14.38   23.14   27.57     15.84   22.21   18.72      4.06   73.05   81.53   121.48   99.09   118.01   91.99 
 238   22.33    8.76     33.59    3.18    2.86     16.51   18.13   27.53     15.84   22.21   18.73      4.16   73.25   81.49   121.53   99.24   118.10   92.02 
 239   22.33    8.72     30.77    4.41    2.87     13.49   25.87   27.52     15.84   22.21   18.75      4.13   73.85   81.46   121.88   98.82   118.50   91.53 
 240   22.33    8.78     31.66    3.98    2.87     15.15   21.78   27.50     15.84   22.21   18.76      4.16   74.22   81.43   121.43   99.45   117.96   92.32 
 241   29.21    8.78     32.19    3.75    2.88     15.73   20.62   27.47     15.90   22.00   18.77      4.34   73.46   81.40   121.43  100.08   117.86   93.06 
 242   29.21    8.66     32.09    3.78    2.88     14.60   23.62   27.46     15.90   22.00   18.79      4.33   74.77   81.37   120.74   99.22   117.03   92.21 
 243   29.21    8.66     33.15    3.34    2.88     16.16   19.81   27.42     15.90   22.00   18.80      4.57   73.18   81.34   121.31   99.49   117.68   92.37 
 244   29.21    8.75     32.33    3.68    2.88     15.56   21.46   27.40     15.90   22.00   18.81      4.49   73.76   81.31   122.10   99.30   118.48   92.15 
 245   29.21    8.68     32.00    3.83    2.89     13.86   26.42   27.40     15.90   22.00   18.83      4.39   75.35   81.28   122.33   98.46   118.77   91.32 
 246   30.73    8.77     33.27    3.33    2.89     14.04   26.04   27.39     15.86   22.07   18.84      4.70   73.47   81.25   122.47   98.74   118.61   91.76 
 247   30.73    8.78     32.61    3.60    2.89     14.42   25.10   27.38     15.86   22.07   18.85      4.54   75.11   81.23   123.21   98.95   119.64   91.83 
 248   30.73    8.68     32.97    3.45    2.90     14.50   24.86   27.37     15.86   22.07   18.87      4.61   74.88   81.20   123.15   99.42   119.52   92.31 
 249   30.73    8.72     34.50    2.90    2.90     13.95   26.42   27.37     15.86   22.07   18.88      4.57   75.21   81.18   122.79  100.44   118.87   93.46 
 250   30.73    8.76     33.93    3.11    2.90     14.33   25.29   27.36     15.86   22.07   18.89      4.39   76.44   81.16   122.68  100.44   118.66   93.47 
 251   32.42    8.65     32.07    3.84    2.90     14.79   23.84   27.34     15.79   22.24   18.90      4.49   76.19   81.14   122.81  100.18   118.62   93.19 
 252   32.42    8.67     33.00    3.42    2.90     14.29   25.53   27.34     15.79   22.24   18.92      4.46   76.37   81.12   122.37   99.38   118.39   92.30 
 253   32.42    8.61     34.54    2.86    2.90     13.94   26.74   27.34     15.79   22.24   18.93      4.53   76.28   81.10   121.70   98.67   117.74   91.54 
 254   32.42    8.73     32.98    3.37    2.90     14.81   24.75   27.33     15.79   22.24   18.94      4.51   77.39   81.08   121.47   97.08   117.33   90.12 
 255   32.42    8.64     33.39    3.19    2.90     14.69   25.42   27.32     15.79   22.24   18.96      4.70   77.03   81.07   120.89   95.43   116.73   88.54 
 256   30.55    8.88     33.53    3.12    2.91     15.74   22.84   27.30     15.82   22.14   18.97      4.82   76.63   81.05   121.09   93.90   116.81   87.08 
 257   30.55    8.83     34.14    2.89    2.91     15.94   22.57   27.28     15.82   22.14   18.98      4.93   76.73   81.03   120.78   91.15   116.41   84.37 
 258   30.55    8.76     34.34    2.79    2.91     15.32   24.31   27.27     15.82   22.14   18.99      4.91   77.73   81.02   120.98   90.39   116.67   83.52 
 259   30.55    8.74     34.27    2.80    2.90     15.57   23.87   27.26     15.82   22.14   19.01      5.08   76.80   81.01   120.94   88.00   116.72   81.08 
 260   30.55    8.63     33.90    2.90    2.90     14.51   27.43   27.26     15.82   22.14   19.02      5.08   77.63   80.99   120.91   86.45   116.58   79.71 
 261   45.94    8.60     32.22    3.47    2.91     13.60   30.87   27.27     15.91   21.94   19.03      5.30   77.37   80.98   121.27   84.39   116.95   77.65 
 262   45.94    8.61     33.13    3.09    2.91     12.14   37.02   27.31     15.91   21.94   19.04      5.26   78.78   80.97   120.58   82.94   116.51   76.07 
 263   45.94    8.60     34.46    2.64    2.91     10.96   42.71   27.37     15.91   21.94   19.05      5.22   79.76   80.97   120.20   81.07   116.06   74.20 
 264   45.94    8.60     34.19    2.69    2.91     10.64   44.00   27.43     15.91   21.94   19.06      5.22   80.29   80.96   120.39   78.60   116.19   71.57 
 265   45.94    8.62     30.23    4.19    2.91     10.04   47.21   27.50     15.91   21.94   19.07      5.24   79.80   80.96   121.02   76.70   116.78   69.67 
 266   29.04    8.74     28.64    4.97    2.92     10.19   47.04   27.58     15.62   22.73   19.09      5.40   78.51   80.95   120.11   75.47   116.11   68.41 
 267   29.04    8.78     29.08    4.69    2.92      9.78   49.48   27.66     15.62   22.73   19.10      5.43   78.64   80.94   119.90   73.35   115.97   66.26 
 268   29.04    8.80     26.72    6.09    2.94      9.42   51.84   27.75     15.62   22.73   19.11      5.52   78.52   80.93   120.59   71.99   116.42   65.04 
 269   29.04    8.70     26.39    6.28    2.95      8.96   54.83   27.85     15.62   22.73   19.13      5.53   78.75   80.92   120.68   69.95   116.46   63.05 
 270   29.04    8.66     23.88    8.31    2.97      8.45   58.16   27.96     15.62   22.73   19.14      5.52   78.85   80.92   121.28   69.46   117.00   62.64 
 271   33.18    8.78     25.25    7.09    2.98     13.83   30.92   27.97     15.63   22.75   19.15      5.88   75.28   80.89   120.65   67.50   116.46   60.52 
 272   33.18    8.88     25.20    7.13    3.00     13.81   31.45   27.99     15.63   22.75   19.17      5.81   75.71   80.88   120.92   67.14   116.82   60.32 
 273   33.18    8.80     24.43    7.82    3.02     13.99   30.88   28.00     15.63   22.75   19.18      5.87   75.55   80.86   121.47   67.82   117.27   61.03 
 274   33.18    8.84     25.97    6.62    3.03     14.74   28.36   28.00     15.63   22.75   19.19      5.77   76.56   80.84   122.20   67.96   117.92   61.19 
 275   33.18    8.72     27.82    5.43    3.04     14.76   28.43   28.00     15.63   22.75   19.21      5.42   79.48   80.84   123.17   68.85   118.80   62.15 
 276   39.62    8.54     29.42    4.61    3.04     15.06   27.05   28.00     15.58   22.94   19.22      5.18   81.61   80.84   124.64   70.65   120.32   63.73 
 277   39.62    8.62     32.13    3.42    3.05     14.09   30.13   28.00     15.58   22.94   19.23      5.10   81.34   80.84   124.70   71.50   120.23   64.71 
 278   39.62    8.46     34.18    2.76    3.05     14.57   27.91   28.00     15.58   22.94   19.25      5.20   79.66   80.84   126.01   74.28   121.62   67.31 
 279   39.62    8.64     39.34    1.55    3.04     12.71   33.74   28.03     15.58   22.94   19.26      5.04   78.79   80.83   127.42   75.09   122.76   68.23 
 280   39.62    8.60     42.12    1.14    3.03     12.62   33.46   28.04     15.58   22.94   19.27      4.93   79.09   80.82   128.31   76.46   123.73   69.46 
 281   39.58    8.62     45.26    0.81    3.02     12.53   33.63   28.06     15.49   23.21   19.29      4.96   77.38   80.81   130.36   78.20   125.80   71.22 
 282   39.58    8.69     39.99    1.51    3.02     11.71   36.30   28.09     15.49   23.21   19.30      4.85   77.55   80.80   131.23   78.57   126.68   71.50 
 283   39.58    8.68     41.18    1.33    3.01     11.58   36.95   28.12     15.49   23.21   19.31      4.77   77.38   80.79   132.85   80.23   128.36   73.32 
 284   39.58    8.56     38.91    1.74    3.01     12.29   33.82   28.15     15.49   23.21   19.33      4.70   77.93   80.78   134.11   79.92   129.61   73.02 
 285   39.58    8.56     36.14    2.42    3.01     11.92   35.09   28.17     15.49   23.21   19.34      4.48   79.16   80.77   134.22   80.15   129.98   73.09 
 286   31.98    8.52     34.26    3.03    3.01     11.74   35.74   28.20     15.45   23.33   19.36      4.38   79.76   80.77   135.19   80.64   130.65   73.80 
 287   31.98    8.50     33.12    3.48    3.01     11.67   36.08   28.22     15.45   23.33   19.37      4.22   81.04   80.77   135.92   80.74   131.49   73.91 
 288   31.98    8.47     34.95    2.81    3.01     11.47   37.27   28.25     15.45   23.33   19.38      4.24   81.17   80.77   136.09   81.05   131.76   74.24 
 289   31.98    8.51     33.19    3.47    3.01     11.28   38.07   28.29     15.45   23.33   19.40      4.24   81.60   80.77   136.46   81.83   132.15   75.03 
 290   31.98    8.47     32.24    3.89    3.01     10.79   40.35   28.33     15.45   23.33   19.41      4.30   81.26   80.77   136.70   82.19   132.39   75.35 
 291   47.78    8.65     33.87    3.26    3.01     11.95   35.02   28.35     15.44   23.36   19.42      4.17   82.05   80.78   138.37   84.39   134.00   77.65 
 292   47.78    8.64     30.26    5.02    3.02     12.00   34.47   28.37     15.44   23.36   19.44      4.30   80.93   80.78   139.26   84.83   134.77   78.07 
 293   47.78    8.63     31.15    4.56    3.03     11.35   37.26   28.40     15.44   23.36   19.45      4.11   82.00   80.78   139.82   86.03   135.20   79.43 
 294   47.78    8.61     29.45    5.61    3.03     10.18   42.53   28.45     15.44   23.36   19.46      4.13   82.33   80.79   140.60   87.18   136.01   80.51 
 295   47.78    8.59     28.88    6.09    3.04      9.57   45.42   28.51     15.44   23.36   19.48      3.97   83.25   80.80   141.82   88.80   137.34   82.04 
 296   49.35    8.72     28.99    6.09    3.06     11.18   37.09   28.54     15.27   23.80   19.49      4.17   80.92   80.80   143.21   90.72   138.78   83.89 
 297   49.35    8.79     28.43    6.53    3.07      9.59   44.09   28.59     15.27   23.80   19.51      4.08   81.12   80.80   143.67   90.94   139.12   84.14 
 298   49.35    8.67     27.41    7.40    3.08      9.27   46.13   28.65     15.27   23.80   19.52      4.07   80.92   80.80   143.35   92.47   138.84   85.73 
 299   49.35    8.78     29.36    5.93    3.09      8.69   48.70   28.72     15.27   23.80   19.54      4.03   81.39   80.80   144.37   95.15   139.94   88.29 
 300   49.35    8.74     28.52    6.58    3.10      8.77   48.71   28.78     15.27   23.80   19.55      4.01   81.53   80.80   143.62   96.74   139.31   89.84 
 301   33.73    8.79     28.06    6.98    3.12      9.92   42.37   28.83     15.17   24.07   19.56      4.14   80.12   80.80   143.78   98.10   139.59   91.05 
 302   33.73    8.80     28.46    6.70    3.13      9.17   45.94   28.89     15.17   24.07   19.58      3.92   81.18   80.80   143.62  100.23   139.55   93.07 
 303   33.73    8.76     28.46    6.71    3.14      8.48   49.55   28.95     15.17   24.07   19.59      3.84   81.47   80.80   142.59  102.36   138.44   95.17 
 304   33.73    8.79     28.64    6.60    3.15      8.56   49.28   29.02     15.17   24.07   19.61      3.84   81.43   80.81   142.41  103.78   138.72   96.40 
 305   33.73    8.87     28.02    7.08    3.16      9.09   46.77   29.08     15.17   24.07   19.62      3.81   81.79   80.81   141.34  103.98   137.77   96.61 
 306   45.20    8.81     28.41    6.74    3.18     12.43   31.95   29.09     15.15   24.12   19.64      4.07   79.47   80.81   140.64  104.25   137.15   96.87 
 307   45.20    8.84     29.65    5.80    3.18     11.97   33.86   29.10     15.15   24.12   19.65      4.33   77.95   80.80   139.55  105.10   136.12   97.66 
 308   45.20    8.73     29.36    5.97    3.19      8.74   48.51   29.17     15.15   24.12   19.67      4.15   79.05   80.79   138.08  105.48   134.82   97.85 
 309   45.20    8.83     29.85    5.62    3.20      9.33   45.48   29.22     15.15   24.12   19.68      4.19   78.15   80.78   137.81  105.18   134.78   97.55 
 310   45.20    8.68     30.49    5.19    3.21     10.04   41.26   29.26     15.15   24.12   19.70      4.14   78.46   80.77   137.90  104.44   134.57   96.71 
 311   37.12    8.85     33.21    3.78    3.21     11.53   34.93   29.28     15.10   24.24   19.71      4.39   76.03   80.76   137.72  105.23   134.48   97.53 
 312   37.12    8.66     31.17    4.78    3.21     11.26   35.97   29.30     15.10   24.24   19.73      4.41   76.20   80.74   137.21  104.78   134.17   96.92 
 313   37.12    8.69     31.35    4.66    3.22     11.18   36.56   29.32     15.10   24.24   19.74      4.35   77.07   80.73   137.15  105.12   134.18   97.26 
 314   37.12    8.72     31.98    4.31    3.22     12.01   33.26   29.33     15.10   24.24   19.75      4.37   77.06   80.72   136.03  104.29   133.06   96.40 
 315   37.12    8.59     30.90    4.87    3.23     12.32   31.92   29.34     15.10   24.24   19.77      4.32   77.74   80.71   135.12  103.85   132.34   95.81 
 316   34.90    8.66     32.11    4.20    3.23     13.59   27.87   29.34     15.01   24.47   19.78      4.38   77.90   80.70   134.12  103.54   131.23   95.54 
 317   34.90    8.54     36.18    2.60    3.23     12.69   31.40   29.34     15.01   24.47   19.80      4.39   78.46   80.70   132.82  103.88   130.12   95.95 
 318   34.90    8.55     33.50    3.51    3.23     14.05   26.97   29.34     15.01   24.47   19.81      4.44   78.76   80.69   131.50  102.69   128.70   94.71 
 319   34.90    8.60     32.91    3.71    3.23     14.32   26.32   29.33     15.01   24.47   19.83      4.50   78.51   80.68   130.15  101.53   127.40   93.55 
 320   34.90    8.54     34.07    3.22    3.23     13.58   28.90   29.33     15.01   24.47   19.84      4.56   78.45   80.68   128.65  101.13   125.84   93.19 
 321   30.27    8.65     35.15    2.81    3.23     14.38   26.42   29.32     15.00   24.49   19.86      4.57   79.24   80.67   127.38  100.92   124.71   92.88 
 322   30.27    8.67     32.53    3.77    3.23     13.46   29.57   29.32     15.00   24.49   19.87      4.60   79.23   80.67   125.45   99.95   122.69   91.90 
 323   30.27    8.54     33.01    3.54    3.23     13.71   28.85   29.32     15.00   24.49   19.89      4.62   79.30   80.66   124.23   99.96   121.51   91.94 
 324   30.27    8.63     35.13    2.73    3.23     12.84   32.26   29.33     15.00   24.49   19.90      4.67   79.63   80.66   123.02   99.75   120.38   91.67 
 325   30.27    8.60     32.88    3.49    3.23     14.92   25.55   29.31     15.00   24.49   19.91      4.76   79.27   80.65   121.00   98.39   118.34   90.35 
 326   42.53    8.61     31.36    4.14    3.23     12.99   31.80   29.32     14.96   24.61   19.93      4.83   78.92   80.65   119.61   97.69   116.90   89.60 
 327   42.53    8.60     32.56    3.55    3.23     15.24   24.84   29.31     14.96   24.61   19.94      4.87   79.00   80.64   117.69   96.90   115.11   88.82 
 328   42.53    8.48     32.44    3.56    3.24     12.70   32.77   29.32     14.96   24.61   19.96      4.89   78.96   80.64   116.16   96.73   113.59   88.56 
 329   42.53    8.64     31.34    4.01    3.24     12.42   33.82   29.33     14.96   24.61   19.97      4.82   78.71   80.63   114.80   96.00   112.11   87.86 
 330   42.53    8.58     33.86    2.98    3.24     12.19   34.97   29.35     14.96   24.61   19.98      4.89   78.35   80.63   113.90   96.05   111.35   87.94 
 331   39.87    8.53     31.51    3.86    3.24     11.78   36.83   29.37     14.99   24.55   20.00      4.77   79.59   80.62   112.70   95.25   110.04   87.17 
 332   39.87    8.54     32.40    3.47    3.24     11.65   37.28   29.40     14.99   24.55   20.01      4.91   78.69   80.62   111.04   95.46   108.61   87.30 
 333   39.87    8.62     32.16    3.54    3.24     11.44   38.12   29.42     14.99   24.55   20.03      4.77   79.75   80.62   109.94   95.38   107.28   87.25 
 334   39.87    8.61     36.69    2.08    3.24     11.30   38.25   29.45     14.99   24.55   20.04      4.85   78.85   80.61   108.49   95.59   105.82   87.37 
 335   39.87    8.53     33.47    2.99    3.24     11.02   39.62   29.48     14.99   24.55   20.05      4.91   78.22   80.60   107.02   94.40   104.42   86.09 
 336   35.65    8.53     32.42    3.34    3.24     10.59   42.00   29.52     14.98   24.57   20.07      4.94   78.23   80.60   105.72   94.01   103.19   85.72 
 337   35.65    8.50     35.55    2.31    3.23      9.95   44.66   29.56     14.98   24.57   20.08      5.05   77.26   80.59   103.61   95.15   101.00   86.80 
 338   35.65    8.53     33.54    2.89    3.23      9.50   46.53   29.61     14.98   24.57   20.09      4.91   77.39   80.58   102.09   94.95    99.42   86.60 
 339   35.65    8.54     30.74    3.98    3.24      9.41   47.41   29.66     14.98   24.57   20.11      4.90   77.05   80.57   101.67   94.86    98.84   86.59 
 340   35.65    8.55     31.13    3.77    3.24      9.17   48.24   29.72     14.98   24.57   20.12      4.94   77.52   80.56    99.98   95.82    97.20   87.44 
 341   36.17    8.76     28.76    4.91    3.24      9.45   46.50   29.77     14.92   24.77   20.13      4.86   77.27   80.55    99.36   95.77    96.34   87.42 
 342   36.17    8.89     30.39    4.05    3.24      9.82   44.04   29.81     14.92   24.77   20.15      4.87   76.25   80.53    97.54   96.26    94.40   87.96 
 343   36.17    8.77     30.60    3.93    3.25     10.26   41.53   29.84     14.92   24.77   20.16      4.78   76.61   80.52    96.18   96.53    93.32   88.15 
 344   36.17    8.78     32.31    3.20    3.25     10.68   39.36   29.87     14.92   24.77   20.17      4.74   76.81   80.51    94.53   96.18    91.74   87.78 
 345   36.17    8.78     32.20    3.22    3.25     10.05   41.80   29.91     14.92   24.77   20.19      4.73   76.70   80.50    92.25   96.54    89.38   88.05 
 346   38.23    8.70     29.88    4.16    3.25     12.67   31.06   29.91     14.68   25.45   20.20      4.56   77.50   80.49    91.49   96.18    88.36   87.78 
 347   38.23    8.70     29.91    4.11    3.25     12.59   31.05   29.91     14.68   25.45   20.22      4.46   77.88   80.49    89.95   96.16    87.10   87.64 
 348   38.23    8.64     29.40    4.34    3.25     11.99   33.10   29.92     14.68   25.45   20.23      4.55   77.07   80.48    88.41   95.85    85.39   87.33 
 349   38.23    8.76     29.99    4.02    3.26     11.28   35.39   29.94     14.68   25.45   20.25      4.42   77.20   80.47    86.59   96.01    83.45   87.43 
 350   38.23    8.65     30.88    3.61    3.26     10.82   36.91   29.96     14.68   25.45   20.26      4.33   77.44   80.46    85.39   97.04    82.41   88.34 
 351   42.42    9.01     30.71    3.65    3.26     11.59   33.68   29.97     14.70   25.37   20.28      4.56   74.52   80.44    83.78   96.56    80.78   87.83 
 352   42.42    8.80     29.24    4.28    3.26     11.41   34.44   29.98     14.70   25.37   20.29      4.61   73.95   80.42    82.67   96.70    79.53   88.02 
 353   42.42    8.74     29.77    4.00    3.26     10.93   36.09   30.00     14.70   25.37   20.31      4.66   73.81   80.40    81.07   96.91    77.94   88.10 
 354   42.42    8.79     27.38    5.19    3.27     10.04   39.70   30.02     14.70   25.37   20.32      4.64   73.01   80.38    78.75   96.31    75.42   87.57 
 355   42.42    8.77     27.69    4.98    3.27     10.23   38.67   30.05     14.70   25.37   20.33      4.58   72.87   80.36    77.78   96.71    74.56   87.91 
 356   57.37    8.63     27.66    4.95    3.28     11.43   33.80   30.06     14.58   25.68   20.35      3.92   77.88   80.35    77.01   96.68    74.13   87.80 
 357   57.37    8.50     29.39    4.03    3.28     11.61   32.78   30.07     14.58   25.68   20.36      3.95   77.66   80.35    75.48   96.61    72.87   87.72 
 358   57.37    8.46     28.72    4.34    3.28     11.73   32.66   30.07     14.58   25.68   20.38      3.92   78.41   80.34    74.47   95.29    71.79   86.56 
 359   57.37    8.61     28.14    4.55    3.29     10.95   36.11   30.09     14.58   25.68   20.39      4.03   77.08   80.33    74.52   95.35    71.77   86.62 
 360   57.37    8.48     28.14    4.52    3.29     10.84   36.33   30.11     14.58   25.68   20.41      3.96   77.74   80.32    73.68   95.33    71.03   86.65 
 361   44.81    8.97     29.02    4.09    3.29     11.70   32.60   30.12     14.61   25.58   20.42      4.81   70.11   80.30    73.33   95.55    70.82   86.70 
 362   44.81    8.81     27.95    4.61    3.30     12.01   31.56   30.12     14.61   25.58   20.44      4.80   70.42   80.27    73.22   94.70    70.71   85.90 
 363   44.81    8.86     27.95    4.63    3.30     12.19   31.27   30.12     14.61   25.58   20.45      4.76   70.52   80.24    74.12   94.68    71.49   85.74 
 364   44.81    8.88     30.09    3.60    3.30     11.94   32.65   30.13     14.61   25.58   20.46      4.84   71.15   80.22    74.82   93.95    72.05   84.97 
 365   44.81    8.82     28.45    4.37    3.30     11.64   34.77   30.14     14.61   25.58   20.48      4.87   72.37   80.20    76.71   92.83    74.22   83.97 
 366   55.34    8.85     29.04    4.10    3.31      9.46   45.10   30.18     14.68   25.33   20.49      4.91   72.75   80.18    79.66   93.40    76.80   84.39 
 367   55.34    8.74     27.92    4.67    3.31      9.48   45.05   30.22     14.68   25.33   20.51      4.90   73.40   80.16    80.41   89.06    77.76   79.95 
 368   55.34    8.73     28.91    4.15    3.31      9.59   44.89   30.26     14.68   25.33   20.52      5.03   72.05   80.14    81.60   88.50    78.97   79.57 
 369   55.34    8.76     31.94    2.93    3.31      9.80   43.61   30.30     14.68   25.33   20.53      5.09   72.45   80.11    82.47   88.60    79.95   79.49 
 370   55.34    8.69     31.02    3.28    3.31     10.09   42.67   30.33     14.68   25.33   20.54      5.16   72.81   80.09    84.40   87.13    81.87   77.94 
 371   44.26    8.74     30.51    3.45    3.31     10.35   41.82   30.36     14.54   25.76   20.56      5.37   72.15   80.07    85.61   85.46    82.98   76.16 
 372   44.26    8.71     31.86    2.94    3.31     10.42   42.15   30.40     14.54   25.76   20.57      5.37   72.60   80.05    86.38   84.09    83.89   74.93 
 373   44.26    8.68     31.52    3.02    3.31     10.18   43.99   30.43     14.54   25.76   20.59      5.38   73.28   80.03    87.38   80.95    85.09   71.82 
 374   44.26    8.64     32.44    2.71    3.31     10.20   44.36   30.47     14.54   25.76   20.60      5.35   74.66   80.02    88.15   80.29    85.77   71.18 
 375   44.26    8.56     32.03    2.83    3.31     10.34   43.98   30.51     14.54   25.76   20.61      5.44   74.51   80.01    89.60   78.08    87.29   68.92 
 376   41.69    8.58     30.79    3.27    3.31     11.00   41.54   30.53     14.54   25.77   20.63      5.60   73.91   79.99    90.94   77.50    88.50   68.53 
 377   41.69    8.55     32.52    2.69    3.30     11.40   40.00   30.56     14.54   25.77   20.64      5.69   74.43   79.97    92.14   75.39    89.81   66.36 
 378   41.69    8.52     34.80    2.07    3.30     11.80   38.86   30.58     14.54   25.77   20.65      5.68   74.98   79.96    93.46   73.34    91.30   64.37 
 379   41.69    8.53     32.48    2.72    3.30     12.04   38.08   30.60     14.54   25.77   20.67      5.87   74.53   79.95    95.57   73.19    93.54   64.13 
 380   41.69    8.63     32.50    2.73    3.30     12.54   36.36   30.62     14.54   25.77   20.68      5.69   76.99   79.94    97.32   71.79    95.20   62.72 
 381   61.28    8.76     33.94    2.35    3.30     13.13   34.78   30.63     14.31   26.51   20.70      5.95   75.64   79.93    99.93   70.29    98.00   61.31 
 382   61.28    8.71     37.67    1.55    3.29     13.36   34.10   30.64     14.31   26.51   20.71      5.91   77.36   79.92   100.99   69.40    99.28   60.43 
 383   61.28    8.58     40.90    1.08    3.29     14.02   32.10   30.64     14.31   26.51   20.73      5.83   78.27   79.92   103.35   67.92   101.58   59.08 
 384   61.28    8.60     38.91    1.38    3.28     13.79   33.12   30.65     14.31   26.51   20.74      5.90   78.75   79.91   106.06   67.05   104.36   58.26 
 385   61.28    8.55     42.21    0.96    3.27     14.31   31.02   30.65     14.31   26.51   20.76      5.79   79.83   79.91   107.53   67.28   105.78   58.49 
 386   36.77    8.64     38.84    1.43    3.27     12.88   36.31   30.66     14.38   26.32   20.77      5.83   78.83   79.91   110.40   66.90   108.58   58.10 
 387   36.77    8.69     42.59    0.94    3.26     13.38   34.00   30.67     14.38   26.32   20.79      5.90   77.56   79.91   111.85   67.06   110.05   58.29 
 388   36.77    8.65     44.08    0.81    3.26     13.32   34.28   30.68     14.38   26.32   20.80      5.76   78.40   79.90   113.77   67.95   111.82   59.30 
 389   36.77    8.73     46.69    0.61    3.25     12.53   37.49   30.70     14.38   26.32   20.81      5.71   78.47   79.90   115.97   68.52   113.99   59.96 
 390   36.77    8.59     37.84    1.72    3.25     12.16   38.12   30.72     14.38   26.32   20.83      5.60   78.71   79.89   117.31   69.74   115.29   61.04 
 391   36.39    8.59     39.64    1.42    3.24     11.64   40.04   30.74     14.40   26.33   20.84      5.43   78.75   79.89   119.59   72.14   117.73   63.40 
 392   36.39    8.63     40.53    1.30    3.24     11.79   38.75   30.76     14.40   26.33   20.86      5.45   78.11   79.89   120.91   71.96   119.10   63.16 
 393   36.39    8.60     40.86    1.26    3.23     11.59   39.12   30.78     14.40   26.33   20.87      5.36   77.91   79.88   122.06   73.84   120.09   65.03 
 394   36.39    8.62     41.74    1.16    3.23     11.94   37.77   30.80     14.40   26.33   20.88      5.23   78.28   79.88   123.70   75.04   121.53   66.45 
 395   36.39    8.70     40.41    1.37    3.22     11.33   40.26   30.82     14.40   26.33   20.90      5.10   79.19   79.88   124.43   75.50   122.42   66.91 
 396   46.10    8.85     44.42    0.87    3.22     14.79   26.92   30.81     14.47   26.15   20.91      5.11   78.65   79.87   125.80   78.07   123.73   69.51 
 397   46.10    8.67     42.71    1.07    3.21     15.32   25.08   30.80     14.47   26.15   20.93      5.07   78.51   79.87   126.57   79.53   124.25   71.02 
 398   46.10    8.61     44.67    0.86    3.21     14.74   26.20   30.79     14.47   26.15   20.94      5.04   78.25   79.87   126.57   82.17   124.23   73.55 
 399   46.10    8.67     37.51    2.00    3.20     15.81   23.29   30.77     14.47   26.15   20.95      4.90   78.63   79.86   126.96   83.07   124.59   74.55 
 400   46.10    8.64     46.39    0.72    3.20     16.62   21.05   30.75     14.47   26.15   20.96      4.84   79.34   79.86   127.36   85.49   124.86   76.99 
 401   53.99    8.76     43.53    1.02    3.19     14.41   26.97   30.74     14.46   26.19   20.98      4.96   77.64   79.86   127.36   89.11   124.86   80.65 
 402   53.99    8.58     37.47    2.07    3.19     16.72   20.61   30.71     14.46   26.19   20.99      4.90   77.97   79.85   127.79   90.12   125.10   81.75 
 403   53.99    8.56     37.11    2.17    3.19     15.12   24.65   30.70     14.46   26.19   21.00      4.80   78.19   79.85   128.15   91.76   125.51   83.38 
 404   53.99    8.59     39.25    1.71    3.18     16.00   22.00   30.67     14.46   26.19   21.02      4.73   78.16   79.84   128.00   94.95   125.55   86.52 
 405   53.99    8.52     38.12    1.97    3.18     16.05   21.44   30.65     14.46   26.19   21.03      4.62   78.46   79.84   127.93   97.37   125.21   88.82 
 406   42.16    8.80     37.27    2.19    3.18     14.60   25.23   30.64     14.38   26.46   21.04      4.70   76.18   79.83   128.49   99.02   125.88   90.53 
 407   42.16    8.59     36.09    2.54    3.17     13.95   26.91   30.63     14.38   26.46   21.06      4.58   76.80   79.82   128.44  101.18   125.54   92.78 
 408   42.16    8.52     41.07    1.44    3.17     13.99   26.29   30.62     14.38   26.46   21.07      4.64   75.88   79.81   128.74  104.44   126.14   95.85 
 409   42.16    8.58     36.41    2.49    3.17     13.80   26.98   30.61     14.38   26.46   21.08      4.54   76.14   79.80   128.90  105.62   126.11   97.17 
 410   42.16    8.56     36.47    2.50    3.17     13.63   27.32   30.60     14.38   26.46   21.09      4.42   77.01   79.80   129.68  107.88   126.90   99.34 
 411   42.24    8.95     38.43    2.02    3.16     13.00   28.99   30.60     14.42   26.30   21.11      4.40   76.27   79.79   130.45  111.02   127.78  102.39 
 412   42.24    8.59     35.71    2.81    3.16     13.20   28.04   30.59     14.42   26.30   21.12      4.43   75.33   79.78   130.36  113.86   127.61  105.31 
 413   42.24    8.55     34.07    3.42    3.16     12.56   30.01   30.59     14.42   26.30   21.13      4.28   76.12   79.77   130.65  115.58   127.86  106.99 
 414   42.24    8.62     33.44    3.74    3.17     11.93   31.91   30.59     14.42   26.30   21.15      4.18   75.99   79.76   130.59  119.06   128.06  110.44 
 415   42.24    8.63     32.53    4.19    3.17     10.92   35.51   30.60     14.42   26.30   21.16      4.06   76.53   79.75   131.31  120.68   128.59  112.13 
 416   62.41    8.85     33.85    3.64    3.17     10.74   36.31   30.62     14.34   26.52   21.17      3.95   77.42   79.75   130.66  124.44   127.95  115.97 
 417   62.41    8.66     32.95    4.08    3.17     10.16   38.49   30.64     14.34   26.52   21.18      3.94   77.27   79.74   130.85  126.36   127.91  117.82 
 418   62.41    8.69     32.41    4.39    3.17     10.25   38.29   30.66     14.34   26.52   21.20      3.95   76.01   79.73   130.95  129.09   128.05  120.84 
 419   62.41    8.71     31.74    4.79    3.18     10.26   38.43   30.67     14.34   26.52   21.21      3.93   76.72   79.72   130.64  131.25   127.79  123.12 
 420   62.41    8.68     31.37    5.05    3.18     10.15   38.67   30.69     14.34   26.52   21.22      3.72   78.64   79.72   130.59  133.44   127.78  125.23 
 421   49.20    8.81     32.49    4.45    3.19     10.48   36.46   30.71     14.35   26.47   21.23      3.67   77.99   79.72   130.52  136.13   127.45  127.93 
 422   49.20    8.68     30.43    5.70    3.19     10.37   36.63   30.72     14.35   26.47   21.25      3.69   77.37   79.71   129.71  137.81   126.50  129.72 
 423   49.20    8.70     30.72    5.54    3.20     10.04   37.65   30.74     14.35   26.47   21.26      3.57   77.60   79.71   128.90  140.35   125.63  132.28 
 424   49.20    8.72     30.85    5.51    3.20      9.95   37.77   30.75     14.35   26.47   21.27      3.51   77.53   79.70   128.75  142.77   125.52  134.66 
 425   49.20    8.77     31.10    5.40    3.21      9.05   41.77   30.78     14.35   26.47   21.28      3.27   79.35   79.70   127.75  145.35   124.45  137.28 
 426   60.32    8.71     28.99    6.97    3.22      9.06   41.49   30.81     14.33   26.50   21.30      3.38   77.88   79.70   127.94  147.14   124.72  139.01 
 427   60.32    8.69     30.35    6.00    3.22      8.99   41.56   30.83     14.33   26.50   21.31      3.08   79.62   79.70   127.51  150.19   124.35  142.07 
 428   60.32    8.61     29.63    6.59    3.23      8.51   43.47   30.86     14.33   26.50   21.32      3.11   79.33   79.70   127.31  152.67   123.91  144.63 
 429   60.32    8.69     29.34    6.88    3.24      7.95   47.05   30.90     14.33   26.50   21.33      3.09   78.98   79.69   127.58  155.56   124.26  147.56 
 430   60.32    8.62     28.11    7.99    3.25      7.52   49.05   30.94     14.33   26.50   21.34      3.01   79.78   79.69   126.90  156.50   123.60  148.41 
 431   44.17    8.76     29.19    7.12    3.26      9.15   40.43   30.96     14.14   27.03   21.36      3.13   77.76   79.69   126.25  159.66   122.86  151.65 
 432   44.17    8.69     28.87    7.45    3.27      8.69   42.31   30.99     14.14   27.03   21.37      3.04   77.86   79.69   126.39  161.50   122.75  153.59 
 433   44.17    8.69     27.95    8.34    3.28      8.34   43.55   31.02     14.14   27.03   21.38      2.87   79.09   79.68   125.58  163.24   122.25  155.14 
 434   44.17    8.82     27.95    8.40    3.29      7.93   45.33   31.05     14.14   27.03   21.40      2.77   78.77   79.68   125.37  165.37   122.08  157.25 
 435   44.17    8.65     28.06    8.37    3.30      7.82   45.47   31.08     14.14   27.03   21.41      2.69   79.24   79.68   124.64  167.83   121.25  159.78 
 436   50.46    8.66     28.47    8.01    3.31      9.76   35.83   31.09     14.14   26.99   21.42      2.68   78.31   79.68   123.72  169.87   120.12  161.81 
 437   50.46    8.77     28.28    8.24    3.33      8.94   38.85   31.11     14.14   26.99   21.43      2.56   78.55   79.68   123.09  172.07   119.58  164.03 
 438   50.46    8.72     28.17    8.38    3.34      8.90   39.04   31.13     14.14   26.99   21.45      2.53   78.19   79.67   123.03  172.83   119.39  164.84 
 439   50.46    8.70     28.74    7.85    3.35      8.55   40.46   31.15     14.14   26.99   21.46      2.48   78.73   79.67   122.65  174.21   118.87  166.23 
 440   50.46    8.66     29.18    7.50    3.36      7.77   43.68   31.18     14.14   26.99   21.47      2.46   78.33   79.67   122.08  176.39   118.35  168.47 
 441   52.57    8.46     28.91    7.74    3.37      5.20   58.49   31.24     14.00   27.36   21.49      2.17   80.95   79.67   121.51  176.89   117.81  168.89 
 442   52.57    8.36     29.03    7.69    3.38      5.00   59.35   31.31     14.00   27.36   21.50      2.03   81.39   79.67   121.17  179.06   117.30  171.13 
 443   52.57    8.37     28.82    7.90    3.39      4.88   59.56   31.37     14.00   27.36   21.51      1.96   81.59   79.68   120.43  179.99   116.57  171.94 
 444   52.57    8.40     29.38    7.42    3.40      4.72   60.09   31.43     14.00   27.36   21.53      2.01   80.94   79.68   119.65  181.21   115.81  173.10 
 445   52.57    8.36     28.57    8.18    3.41      4.57   61.27   31.50     14.00   27.36   21.54      1.96   80.91   79.68   119.41  182.44   115.35  174.44 
 446   50.27    8.47     29.02    7.79    3.42      4.82   58.68   31.56     13.98   27.37   21.55      2.69   74.65   79.67   118.40  184.31   114.30  176.31 
 447   50.27    8.45     27.55    9.28    3.43      4.67   59.21   31.62     13.98   27.37   21.56      2.62   74.30   79.66   117.26  185.04   113.32  176.90 
 448   50.27    8.43     28.86    7.94    3.44      4.66   59.56   31.69     13.98   27.37   21.58      2.67   74.24   79.65   116.78  185.95   112.36  177.88 
 449   50.27    8.50     29.24    7.59    3.45      4.41   59.97   31.75     13.98   27.37   21.59      2.66   74.04   79.64   114.13  186.14   109.79  178.04 
 450   50.27    8.47     29.41    7.42    3.46      4.50   60.08   31.81     13.98   27.37   21.60      2.60   73.59   79.62   114.49  186.53   110.10  178.27 
 451   48.69    8.46     28.46    8.27    3.47     10.96   28.33   31.80     13.99   27.25   21.62      2.56   74.57   79.61   112.39  185.63   108.35  177.36 
 452   48.69    8.50     28.94    7.82    3.48     10.84   28.86   31.80     13.99   27.25   21.63      2.39   75.54   79.60   112.12  186.24   108.13  177.93 
 453   48.69    8.50     29.48    7.34    3.49     10.29   30.74   31.80     13.99   27.25   21.64      2.39   75.95   79.59   111.59  186.93   107.35  178.70 
 454   48.69    8.57     28.50    8.25    3.50     10.33   30.38   31.79     13.99   27.25   21.65      2.34   75.93   79.59   110.11  187.89   105.70  179.73 
 455   48.69    8.43     27.89    8.86    3.51     10.25   30.58   31.79     13.99   27.25   21.67      2.16   77.29   79.58   109.22  188.51   104.85  180.26 
 456   46.81    8.52     29.25    7.52    3.52     11.19   27.51   31.78     13.94   27.33   21.68      2.39   74.58   79.57   108.66  188.46   104.28  180.17 
 457   46.81    8.44     28.07    8.59    3.53     10.60   29.78   31.78     13.94   27.33   21.69      2.37   75.12   79.56   107.98  186.76   103.62  178.60 
 458   46.81    8.43     28.18    8.36    3.54      9.95   32.29   31.78     13.94   27.33   21.70      2.34   75.50   79.55   107.35  183.78   103.00  175.58 
 459   46.81    8.43     27.26    9.15    3.55      9.25   35.28   31.78     13.94   27.33   21.71      2.37   75.21   79.54   107.17  180.27   103.03  172.06 
 460   46.81    8.46     28.67    7.69    3.56      9.17   34.82   31.79     13.94   27.33   21.73      2.42   75.41   79.53   105.74  178.63   101.96  170.00 
 461   41.45    8.45     28.05    8.14    3.57     10.11   31.22   31.79     13.87   27.51   21.74      2.29   75.49   79.52   105.39  174.76   101.81  166.02 
 462   41.45    8.48     26.83    9.24    3.58      9.01   35.71   31.80     13.87   27.51   21.75      2.49   74.33   79.51   105.84  170.33   102.52  161.54 
 463   41.45    8.43     28.91    7.13    3.59      8.48   37.72   31.81     13.87   27.51   21.76      2.59   74.18   79.50   105.56  168.51   102.38  159.53 
 464   41.45    8.48     27.86    7.90    3.60      7.70   41.41   31.83     13.87   27.51   21.78      2.45   76.11   79.49   106.38  163.43   103.01  154.57 
 465   41.45    8.45     28.22    7.40    3.61      7.37   42.34   31.85     13.87   27.51   21.79      2.30   76.48   79.49   105.95  158.53   102.61  149.68 
 466   40.08    8.59     27.80    7.66    3.62      7.63   40.49   31.87     13.85   27.50   21.80      3.03   70.26   79.47   105.81  154.22   102.68  145.24 
 467   40.08    8.55     27.54    7.77    3.63      7.36   41.53   31.89     13.85   27.50   21.81      2.80   70.85   79.45   106.72  150.63   103.46  141.71 
 468   40.08    8.59     28.10    7.18    3.63      7.32   41.70   31.91     13.85   27.50   21.83      2.86   70.26   79.43   107.66  147.05   104.30  138.24 
 469   40.08    8.51     28.50    6.77    3.64      7.64   40.08   31.93     13.85   27.50   21.84      2.83   70.62   79.41   107.54  144.16   104.18  135.23 
 470   40.08    8.52     28.27    6.87    3.65      7.59   40.65   31.95     13.85   27.50   21.85      2.82   70.31   79.39   108.52  141.42   105.23  132.43 
 471   48.02    8.66     28.28    6.78    3.65      8.56   37.22   31.96     13.75   27.73   21.86      2.90   69.62   79.37   110.06  137.32   106.31  128.46 
 472   48.02    8.58     28.73    6.36    3.66      8.41   37.41   31.97     13.75   27.73   21.87      2.94   68.98   79.35   110.82  133.91   107.23  125.09 
 473   48.02    8.55     30.79    4.96    3.66      8.14   38.40   31.99     13.75   27.73   21.89      2.89   69.07   79.33   111.74  131.53   108.16  122.86 
 474   48.02    8.61     29.79    5.56    3.67      8.22   38.01   32.00     13.75   27.73   21.90      2.96   68.31   79.30   113.23  129.43   109.88  120.43 
 475   48.02    8.61     30.63    5.04    3.67      8.29   37.70   32.01     13.75   27.73   21.91      2.97   68.13   79.28   114.68  128.75   111.30  119.75 
 476   40.80    8.81     30.70    5.01    3.67      9.41   33.45   32.01     13.70   27.83   21.92      3.08   68.17   79.26   115.82  127.84   112.21  118.94 
 477   40.80    8.63     29.63    5.67    3.68      9.45   34.24   32.02     13.70   27.83   21.94      3.17   68.81   79.24   118.03  126.04   114.47  117.07 
 478   40.80    8.73     30.43    5.15    3.68      9.11   36.20   32.03     13.70   27.83   21.95      3.28   69.40   79.21   119.41  124.12   116.02  115.20 
 479   40.80    8.75     32.11    4.22    3.68      9.01   36.73   32.04     13.70   27.83   21.96      3.31   69.95   79.20   120.31  122.27   116.23  113.59 
 480   40.80    8.81     31.57    4.52    3.68      9.27   36.07   32.05     13.70   27.83   21.97      3.38   69.90   79.18   122.93  121.63   118.91  112.83 
 481   48.90    8.83     30.13    5.37    3.69      9.53   35.68   32.05     13.70   27.79   21.99      3.49   70.28   79.16   123.48  120.26   119.56  111.45 
 482   48.90    8.74     30.93    4.93    3.69      9.59   36.12   32.06     13.70   27.79   22.00      3.38   71.61   79.14   126.29  119.62   122.41  110.79 
 483   48.90    8.67     31.31    4.75    3.69      9.42   36.99   32.07     13.70   27.79   22.01      3.43   72.42   79.13   128.63  120.23   124.56  111.45 
 484   48.90    8.62     32.30    4.29    3.69      9.35   37.19   32.08     13.70   27.79   22.02      3.50   71.92   79.11   130.42  121.66   126.29  112.93 
 485   48.90    8.62     32.78    4.10    3.69      9.02   38.87   32.10     13.70   27.79   22.03      3.53   72.13   79.10   132.00  121.92   128.00  113.12 
 486   52.98    8.61     30.29    5.54    3.70      8.92   39.50   32.11     13.70   27.73   22.05      3.33   73.95   79.09   133.51  121.55   129.48  112.85 
 487   52.98    8.64     31.69    4.71    3.70      8.84   39.97   32.13     13.70   27.73   22.06      3.45   73.32   79.08   135.31  121.50   131.21  112.84 
 488   52.98    8.60     31.49    4.83    3.70      8.82   40.42   32.15     13.70   27.73   22.07      3.36   74.38   79.07   136.53  120.40   132.59  111.83 
 489   52.98    8.59     33.48    3.86    3.70      8.41   42.21   32.17     13.70   27.73   22.08      3.31   75.29   79.06   138.30  120.60   134.08  112.05 
 490   52.98    8.56     32.79    4.19    3.70      8.19   43.78   32.19     13.70   27.73   22.09      3.32   75.37   79.05   139.99  119.66   135.93  111.00 
 491   41.16    8.67     31.88    4.70    3.70      8.43   42.88   32.21     13.59   28.04   22.10      3.33   75.63   79.04   140.90  119.46   136.96  110.82 
 492   41.16    8.61     31.59    4.89    3.71     10.21   35.22   32.22     13.59   28.04   22.12      3.27   76.37   79.04   142.94  118.90   138.91  110.34 
 493   41.16    8.66     31.71    4.85    3.71     10.22   35.54   32.22     13.59   28.04   22.13      3.36   75.77   79.03   144.80  118.32   140.77  109.91 
 494   41.16    8.72     32.31    4.55    3.71      9.45   38.32   32.24     13.59   28.04   22.14      3.43   75.82   79.03   146.49  117.99   142.77  109.27 
 495   41.16    8.85     32.78    4.34    3.71      9.08   40.12   32.25     13.59   28.04   22.15      3.44   75.00   79.02   149.53  117.28   145.74  108.59 
 496   48.85    8.81     33.63    3.96    3.71     10.48   34.11   32.26     13.59   27.99   22.16      3.30   76.09   79.01   150.72  117.72   147.03  109.10 
 497   48.85    8.70     32.34    4.63    3.71      9.74   36.81   32.27     13.59   27.99   22.18      3.29   76.49   79.01   152.63  116.55   148.70  107.82 
 498   48.85    8.60     34.45    3.65    3.71      9.68   37.19   32.28     13.59   27.99   22.19      3.32   75.70   79.00   154.91  116.29   150.69  107.73 
 499   48.85    8.62     32.79    4.46    3.72      9.57   37.59   32.29     13.59   27.99   22.20      3.41   75.30   78.99   156.90  115.51   152.58  106.92 
 500   48.85    8.60     34.40    3.72    3.72      9.06   39.94   32.30     13.59   27.99   22.21      3.39   75.41   78.99   159.54  115.69   155.17  107.14 
 501   51.47    8.74     32.30    4.80    3.72     10.53   33.70   32.30     13.35   28.72   22.22      3.78   72.12   78.97   162.03  114.50   157.84  105.84 
 502   51.47    8.68     31.48    5.34    3.72     10.31   34.36   32.31     13.35   28.72   22.24      3.76   71.86   78.96   164.14  114.23   159.97  105.49 
 503   51.47    8.68     31.18    5.59    3.72      9.91   36.13   32.32     13.35   28.72   22.25      3.69   72.10   78.94   167.12  113.76   163.11  105.05 
 504   51.47    8.72     33.68    4.23    3.73     10.06   35.25   32.32     13.35   28.72   22.26      3.78   71.50   78.93   169.12  115.50   165.12  106.77 
 505   51.47    8.64     31.75    5.37    3.73      9.75   36.61   32.33     13.35   28.72   22.27      3.63   72.82   78.92   171.74  115.11   167.90  106.33 
 506   50.76    9.22     30.24    6.48    3.73      9.98   35.73   32.34     13.51   28.16   22.29      3.69   72.01   78.90   174.24  115.73   170.62  106.90 
 507   50.76    8.67     32.24    5.19    3.74      9.02   39.56   32.35     13.51   28.16   22.30      3.70   71.32   78.89   176.58  117.34   172.73  108.64 
 508   50.76    8.61     30.19    6.65    3.74      8.95   39.87   32.37     13.51   28.16   22.31      3.59   71.96   78.87   177.95  117.01   174.03  108.38 
 509   50.76    8.59     31.26    5.93    3.75      8.68   41.06   32.38     13.51   28.16   22.32      3.66   71.32   78.86   179.87  118.63   175.86  110.02 
 510   50.76    8.65     30.11    6.87    3.75      8.13   43.41   32.40     13.51   28.16   22.33      3.67   70.90   78.84   181.63  120.23   177.57  111.62 
 511   54.50    8.67     30.47    6.66    3.76      7.78   44.82   32.43     13.41   28.46   22.34      3.56   70.92   78.83   183.37  122.48   179.56  113.85 
 512   54.50    8.68     30.01    7.09    3.77      7.49   45.67   32.45     13.41   28.46   22.36      3.54   70.61   78.81   184.84  124.05   180.88  115.43 
 513   54.50    8.68     29.51    7.59    3.77      7.40   45.68   32.48     13.41   28.46   22.37      3.46   70.30   78.80   185.45  126.74   181.36  118.19 
 514   54.50    8.66     32.09    5.68    3.78      7.35   45.47   32.51     13.41   28.46   22.38      3.43   69.50   78.78   185.44  131.69   181.68  123.03 
 515   54.50    8.63     31.46    6.15    3.78      7.62   43.55   32.53     13.41   28.46   22.39      3.44   68.60   78.76   185.46  134.10   181.71  125.46 
 516   53.46    8.74     31.21    6.39    3.79      8.76   37.77   32.54     13.28   28.85   22.40      3.42   68.35   78.74   186.53  135.94   182.72  127.31 
 517   53.46    8.70     31.02    6.60    3.79      6.16   50.50   32.57     13.28   28.85   22.42      3.42   67.97   78.72   187.54  138.74   183.71  130.13 
 518   53.46    8.61     31.02    6.65    3.80      5.95   51.20   32.61     13.28   28.85   22.43      3.37   67.85   78.70   188.77  140.51   184.94  131.84 
 519   53.46    8.70     29.38    8.14    3.81      5.78   51.99   32.65     13.28   28.85   22.44      3.46   67.43   78.67   190.15  140.91   186.16  132.27 
 520   53.46    8.63     31.87    6.14    3.81      5.93   52.01   32.68     13.28   28.85   22.45      3.58   66.63   78.65   193.76  141.24   189.58  132.87 
 521   64.77    8.68     32.49    5.74    3.81      5.76   52.87   32.72     13.20   29.05   22.47      3.59   67.16   78.63   195.54  140.59   191.27  132.26 
 522   64.77    8.68     29.48    8.17    3.82      5.78   53.09   32.76     13.20   29.05   22.48      3.61   67.74   78.61   197.13  137.85   192.81  129.64 
 523   64.77    8.67     22.46   18.29    3.85      5.56   54.57   32.80     13.20   29.05   22.49      3.61   68.54   78.59   217.15  129.70   212.61  121.66 
 524   64.77    8.64     29.28    8.31    3.86      7.58   43.71   32.82     13.20   29.05   22.50      4.15   64.59   78.56   199.27  131.36   195.21  122.98 
 525   64.77    8.61     30.28    7.37    3.87      7.80   43.27   32.84     13.20   29.05   22.52      3.62   69.78   78.55   200.56  128.55   196.28  120.36 
 526   62.95    8.61     29.75    7.79    3.87      8.68   39.25   32.86     13.08   29.39   22.53      3.55   70.91   78.53   201.40  123.78   197.11  115.49 
 527   62.95    8.56     29.79    7.71    3.88      8.17   41.71   32.87     13.08   29.39   22.54      3.50   71.30   78.52   201.98  120.23   197.90  111.83 
 528   62.95    8.53     30.60    6.98    3.89      8.05   41.98   32.89     13.08   29.39   22.56      3.47   71.45   78.50   203.29  116.65   198.80  108.51 
 529   62.95    8.63     29.84    7.56    3.89      7.90   42.78   32.91     13.08   29.39   22.57      3.29   72.75   78.49   203.21  111.83   198.50  103.75 
 530   62.95    8.61     30.01    7.37    3.90      7.38   45.04   32.93     13.08   29.39   22.58      3.12   73.85   78.48   203.31  108.75   198.59  100.58 
 531   55.99    8.72     29.81    7.50    3.91      7.92   42.09   32.95     13.16   29.06   22.59      3.49   70.55   78.47   203.95  105.87   198.85   98.06 
 532   55.99    8.61     30.43    6.96    3.91      7.72   43.01   32.97     13.16   29.06   22.61      3.47   70.12   78.45   203.90  104.85   198.91   97.00 
 533   55.99    8.54     30.03    7.27    3.92      7.06   46.60   32.99     13.16   29.06   22.62      3.49   70.58   78.44   204.11  101.51   199.18   93.69 
 534   55.99    8.61     30.28    7.00    3.92      7.42   44.93   33.01     13.16   29.06   22.63      3.43   71.23   78.43   203.19  100.11   198.02   92.32 
 535   55.99    8.58     30.83    6.49    3.93      7.14   46.94   33.04     13.16   29.06   22.64      3.60   70.22   78.41   202.50   96.14   197.50   88.30 
 536   68.84    8.69     31.16    6.21    3.93      7.35   46.02   33.07     13.11   29.18   22.65      3.64   69.84   78.39   202.33   94.47   197.44   86.67 
 537   68.84    8.59     31.09    6.24    3.94      7.20   45.97   33.09     13.11   29.18   22.67      3.65   69.92   78.38   202.85   90.72   197.80   82.94 
 538   68.84    8.57     30.88    6.36    3.94      7.76   42.57   33.11     13.11   29.18   22.68      3.72   68.73   78.36   203.48   89.19   198.80   81.31 
 539   68.84    8.53     29.55    7.43    3.95      7.86   41.04   33.12     13.11   29.18   22.69      3.50   68.96   78.34   204.07   84.78   199.36   77.02 
 540   68.84    8.48     29.20    7.69    3.95      7.32   42.52   33.14     13.11   29.18   22.70      3.32   68.24   78.32   203.99   82.23   199.15   74.52 
 541   72.83    8.50     29.64    7.28    3.96      8.25   37.12   33.15     12.94   29.73   22.72      3.21   66.40   78.30   204.68   78.11   199.73   70.46 
 542   72.83    8.48     29.69    7.25    3.97      7.59   39.10   33.16     12.94   29.73   22.73      3.09   66.60   78.28   205.64   76.18   200.85   68.44 
 543   72.83    8.42     29.07    7.77    3.97      7.40   39.74   33.17     12.94   29.73   22.74      2.80   66.79   78.26   205.16   74.23   200.34   66.58 
 544   72.83    8.51     27.81    8.96    3.98      5.04   52.22   33.20     12.94   29.73   22.75      2.82   66.47   78.24   203.86   74.39   198.95   66.86 
 545   72.83    8.49     27.39    9.35    3.99      5.08   52.27   33.24     12.94   29.73   22.77      2.91   66.45   78.22   203.32   75.18   198.61   67.58 
 546   62.13    8.62     28.77    7.94    4.00      8.37   36.48   33.25     12.98   29.51   22.78      3.43   64.18   78.19   202.83   73.52   198.16   65.71 
 547   62.13    8.66     28.60    8.07    4.01      8.92   35.77   33.25     12.98   29.51   22.79      3.64   64.25   78.17   201.20   74.40   196.59   66.64 
 548   62.13    8.60     29.03    7.63    4.01      8.88   37.53   33.26     12.98   29.51   22.80      3.82   65.15   78.14   199.83   74.76   195.31   66.97 
 549   62.13    8.64     27.60    8.97    4.02      8.60   40.57   33.27     12.98   29.51   22.82      3.94   66.52   78.12   196.74   76.31   191.92   68.72 
 550   62.13    8.63     28.18    8.32    4.03      8.26   43.35   33.29     12.98   29.51   22.83      4.13   67.35   78.10   195.00   76.99   190.20   69.31 
 551   54.98    8.72     29.11    7.44    4.04      8.50   42.32   33.31     12.87   29.85   22.84      4.35   67.36   78.08   194.69   77.96   189.63   70.32 
 552   54.98    8.70     27.50    8.93    4.05      8.40   44.04   33.33     12.87   29.85   22.85      4.42   66.74   78.06   191.88   78.58   186.64   71.06 
 553   54.98    8.68     27.96    8.42    4.05      8.83   42.85   33.34     12.87   29.85   22.87      4.54   67.05   78.04   189.67   81.16   184.46   73.58 
 554   54.98    8.69     28.74    7.63    4.06      8.54   44.58   33.36     12.87   29.85   22.88      4.60   67.51   78.02   187.85   82.80   182.50   75.21 
 555   54.98    8.66     31.01    5.85    4.06      9.22   41.87   33.38     12.87   29.85   22.89      4.63   67.84   78.00   186.23   88.00   181.74   79.94 
 556   49.17    8.70     31.79    5.29    4.07      9.89   39.07   33.39     12.93   29.62   22.90      4.74   67.83   77.98   183.45   90.07   178.97   81.94 
 557   49.17    8.53     32.27    4.94    4.07      9.81   39.88   33.40     12.93   29.62   22.92      4.88   67.31   77.97   180.79   91.33   176.46   83.19 
 558   49.17    8.56     34.06    3.97    4.07      9.73   40.43   33.41     12.93   29.62   22.93      4.77   68.50   77.95   178.15   92.99   173.97   84.86 
 559   49.17    8.53     32.17    4.88    4.07      9.77   40.31   33.42     12.93   29.62   22.94      4.60   69.51   77.93   174.25   92.66   170.25   84.44 
 560   49.17    8.57     32.94    4.40    4.07     10.47   37.71   33.43     12.93   29.62   22.95      4.83   69.44   77.92   171.14   93.51   167.42   85.19 
 561   60.10    8.65     33.24    4.18    4.07     10.73   36.61   33.44     12.89   29.74   22.96      4.86   69.10   77.90   168.69   93.18   165.12   84.81 
 562   60.10    8.61     31.43    5.11    4.07      9.30   42.60   33.45     12.89   29.74   22.98      4.61   70.61   77.89   166.62   94.28   163.17   85.83 
 563   60.10    8.60     33.37    4.02    4.07      8.99   44.60   33.47     12.89   29.74   22.99      4.69   70.41   77.88   163.77   94.28   160.56   85.74 
 564   60.10    8.61     33.71    3.79    4.07      8.50   47.60   33.50     12.89   29.74   23.00      4.44   73.04   77.87   160.61   95.09   157.51   86.46 
 565   60.10    8.51     34.18    3.53    4.07      8.74   46.33   33.52     12.89   29.74   23.01      4.45   73.52   77.86   157.52   96.51   154.69   87.77 
 566   60.84    8.55     30.01    5.63    4.07      9.38   43.24   33.54     12.83   29.93   23.02      4.40   74.02   77.85   153.52   97.28   151.00   88.43 
 567   60.84    8.40     29.45    5.91    4.08      9.51   42.75   33.56     12.83   29.93   23.04      4.44   74.22   77.85   149.78   99.26   147.27   90.43 
 568   60.84    8.47     27.79    7.07    4.08      8.80   45.64   33.58     12.83   29.93   23.05      4.34   73.95   77.84   146.79  101.50   144.25   92.78 
 569   60.84    8.64     28.62    6.35    4.09      8.02   48.34   33.60     12.83   29.93   23.06      4.28   72.77   77.83   144.02  102.76   141.47   94.04 
 570   60.84    8.73     27.04    7.65    4.09      8.23   47.22   33.63     12.83   29.93   23.07      4.22   71.83   77.82   143.91  102.02   141.05   93.47 
 571   60.49    8.65     29.71    5.66    4.09      9.78   41.26   33.64     12.80   30.01   23.08      4.31   73.51   77.81   144.81  101.06   141.42   92.72 
 572   60.49    8.51     31.51    4.69    4.10     10.74   38.20   33.65     12.80   30.01   23.10      4.52   73.98   77.81   147.86  100.95   144.54   92.62 
 573   60.49    8.51     34.23    3.49    4.09     11.72   34.87   33.65     12.80   30.01   23.11      4.57   74.92   77.80   152.44   99.09   148.90   90.88 
 574   60.49    8.58     33.35    3.96    4.09      9.63   44.55   33.67     12.80   30.01   23.12      4.86   73.89   77.79   155.75   98.57   152.03   90.41 
 575   60.49    8.76     33.37    4.05    4.09     10.40   40.31   33.68     12.80   30.01   23.13      4.75   74.63   77.79   161.56   98.54   157.62   90.43 
 576   71.00    8.72     30.33    5.88    4.10     11.16   36.45   33.69     12.79   30.07   23.14      4.67   74.69   77.78   165.40   97.08   161.34   89.13 
 577   71.00    8.56     28.58    7.38    4.10     10.18   40.03   33.70     12.79   30.07   23.16      4.62   75.00   77.78   168.91   97.63   164.78   89.76 
 578   71.00    8.51     29.08    7.08    4.11     10.41   37.36   33.70     12.79   30.07   23.17      4.69   72.65   77.77   173.50   97.34   169.17   89.44 
 579   71.00    8.52     28.83    7.38    4.11     10.41   36.33   33.71     12.79   30.07   23.18      4.60   72.00   77.76   176.10   96.69   171.56   88.90 
 580   71.00    8.52     28.79    7.46    4.12     10.30   35.78   33.71     12.79   30.07   23.19      4.60   71.00   77.75   178.68   95.62   173.86   87.87 
 581   71.86    8.71     26.92    9.35    4.13     10.24   35.89   33.71     12.74   30.21   23.20      4.48   70.18   77.74   179.23   95.47   174.37   87.77 
 582   71.86    8.46     28.76    7.52    4.13      9.97   36.87   33.72     12.74   30.21   23.22      4.44   70.22   77.72   180.70   93.33   176.04   85.41 
 583   71.86    8.52     29.15    7.14    4.14     10.22   36.24   33.72     12.74   30.21   23.23      4.70   68.01   77.71   179.12   93.12   174.31   85.21 
 584   71.86    8.60     27.71    8.36    4.15     10.53   35.29   33.73     12.74   30.21   23.24      4.73   67.80   77.69   176.88   93.02   172.11   85.13 
 585   71.86    8.56     27.02    8.93    4.15     10.63   35.57   33.73     12.74   30.21   23.25      4.75   68.07   77.67   173.12   94.15   168.24   86.32 
 586   74.20    8.57     27.94    7.99    4.16     10.33   37.17   33.74     12.76   30.11   23.26      4.70   68.83   77.66   171.03   96.07   166.17   88.38 
 587   74.20    8.45     27.61    8.24    4.17     10.31   37.44   33.74     12.76   30.11   23.28      4.80   68.08   77.64   168.03   98.55   163.20   90.68 
 588   74.20    8.42     27.34    8.46    4.18     10.16   38.40   33.75     12.76   30.11   23.29      4.65   68.73   77.63   164.32  102.08   159.40   94.31 
 589   74.20    8.48     27.10    8.64    4.18     10.73   35.99   33.75     12.76   30.11   23.30      4.78   68.01   77.61   161.54  103.61   156.65   95.75 
 590   74.20    8.42     26.76    8.88    4.19     10.71   36.52   33.76     12.76   30.11   23.31      4.65   69.69   77.60   157.64  105.72   152.77   97.76 
 591   57.60    8.65     27.49    8.06    4.20     10.19   38.50   33.77     12.67   30.41   23.32      4.58   69.94   77.58   153.92  108.40   149.06  100.53 
 592   57.60    8.53     28.47    7.07    4.20      9.85   39.47   33.78     12.67   30.41   23.33      4.41   70.98   77.57   150.28  109.17   144.90  101.57 
 593   57.60    8.64     29.12    6.43    4.21      8.69   44.86   33.79     12.67   30.41   23.35      4.43   70.86   77.56   145.51  110.06   140.12  102.52 
 594   57.60    8.75     31.11    5.03    4.21      8.06   47.96   33.82     12.67   30.41   23.36      4.43   70.99   77.55   141.91  111.79   136.39  104.38 
 595   57.60    8.88     29.65    5.91    4.21     11.21   33.18   33.82     12.67   30.41   23.37      4.67   68.96   77.54   139.50  112.89   133.77  105.66 
 596   66.30    9.05     31.08    4.96    4.21     10.46   35.71   33.82     12.74   30.17   23.38      4.49   69.32   77.52   137.76  115.09   132.05  107.92 
 597   66.30    8.92     32.27    4.32    4.21     10.14   36.69   33.83     12.74   30.17   23.39      4.49   69.53   77.51   135.61  117.60   129.82  110.48 
 598   66.30    8.81     28.93    6.38    4.22      9.70   37.90   33.83     12.74   30.17   23.40      4.54   68.23   77.49   133.86  120.42   127.82  113.44 
 599   66.30    8.92     27.60    7.46    4.22      9.61   37.70   33.84     12.74   30.17   23.42      4.37   67.86   77.48   132.13  121.93   126.00  115.03 
 600   66.30    8.82     28.11    7.11    4.23      9.09   38.44   33.85     12.74   30.17   23.43      4.25   66.87   77.46   130.29  124.49   124.51  117.50 
 601   56.74    8.91     26.76    8.43    4.23      6.85   49.10   33.87     12.82   29.87   23.44      4.24   66.31   77.44   129.90  126.92   124.13  119.84 
 602   56.74    9.06     26.82    8.46    4.24      6.58   50.97   33.90     12.82   29.87   23.45      4.10   67.22   77.42   129.66  130.63   124.02  123.58 
 603   56.74    8.95     27.16    8.25    4.25      6.53   52.32   33.93     12.82   29.87   23.46      4.09   67.78   77.41   130.58  133.54   124.93  126.43 
 604   56.74    8.90     26.24    9.34    4.25      6.20   55.20   33.97     12.82   29.87   23.47      3.92   70.04   77.40   131.10  136.73   125.47  129.56 
 605   56.74    8.88     24.02   12.33    4.27      5.52   59.13   34.01     12.82   29.87   23.48      3.64   72.30   77.39   129.77  139.13   124.16  131.86 
 606   57.94    8.93     23.55   13.20    4.28      4.95   61.23   34.05     12.50   30.94   23.49      3.00   74.28   77.38   129.09  141.68   123.34  134.50 
 607   57.94    8.87     13.92   40.67    4.34      2.09   59.08   34.09     12.50   30.94   23.50      2.54   76.15   77.38   109.73  124.62   104.04  117.34 
 608   57.94    8.81     10.13   63.57    4.44      3.50   43.95   34.11     12.50   30.94   23.52      2.50   60.83   77.35    89.33  114.50    83.73  107.15 
 609   57.94    9.03      9.54   68.57    4.55      3.90   41.78   34.12     12.50   30.94   23.53      2.78   50.01   77.31    81.34  117.92    75.45  110.89 
 610   57.94    9.20      9.73   67.61    4.65      4.12   41.40   34.13     12.50   30.94   23.54      3.43   44.75   77.25    73.36  133.38    67.55  126.02 
 611   58.22    8.74     10.01   66.25    4.75      2.32   51.15   34.16     12.39   31.27   23.55      1.93   53.37   77.21    75.85  133.77    70.95  126.03 
 612   58.22    8.59     10.08   66.14    4.85      2.33   51.22   34.19     12.39   31.27   23.57      2.09   52.80   77.18    75.35  136.50    70.38  128.95 
 613   58.22    8.56      9.74   69.03    4.95      2.26   51.29   34.22     12.39   31.27   23.58      2.15   52.71   77.14    71.76  136.96    66.60  129.43 
 614   58.22    8.54      9.87   67.84    5.06      2.27   51.26   34.25     12.39   31.27   23.59      2.15   52.68   77.10    72.19  136.24    67.48  128.61 
 615   58.22    8.57     10.06   65.99    5.16      2.27   51.27   34.27     12.39   31.27   23.60      2.18   52.63   77.06    73.93  134.97    69.65  126.67 
 616   51.09    9.12     10.40   62.90    5.25      6.90   30.77   34.27     12.32   31.42   23.62      5.49   35.96   76.99    67.03  159.27    61.01  152.21 
 617   51.09    9.14     10.54   61.43    5.34      7.03   30.45   34.26     12.32   31.42   23.63      5.65   35.06   76.92    66.75  164.18    61.21  157.10 
 618   51.09    9.13     10.59   60.68    5.43      7.07   30.31   34.26     12.32   31.42   23.64      5.84   34.34   76.85    66.62  163.32    60.57  156.35 
 619   51.09    9.17     10.53   60.48    5.52      7.18   30.07   34.25     12.32   31.42   23.65      5.97   34.27   76.78    66.16  167.36    59.79  160.49 
 620   51.09    9.15     10.39   60.85    5.61      7.16   30.12   34.24     12.32   31.42   23.67      6.26   33.57   76.71    64.78  164.24    58.32  157.57 
