   6    1.14    4.74     38.63    1.92    1.00     19.36   14.92   15.55     33.04    3.09   71.45      3.95   83.98   84.94   145.34   82.71   141.54   75.07 
   7    1.14    4.66     39.21    1.80    1.12     19.96   13.83   15.30     33.04    3.09   61.69      4.00   83.42   84.72   144.76   84.05   140.91   76.46 
   8    1.14    4.68     38.45    1.97    1.22     16.60   20.33   15.93     33.04    3.09   54.36      3.90   84.16   84.65   144.87   84.27   141.06   76.65 
   9    1.14    4.62     35.57    2.76    1.39     16.33   20.95   16.49     33.04    3.09   48.67      3.95   83.24   84.49   144.87   84.78   140.90   77.25 
  10    1.14    4.68     38.17    2.03    1.46     16.18   21.14   16.95     33.04    3.09   44.11      3.77   84.87   84.53   144.79   86.37   140.93   78.72 
  11    1.60    5.60     38.90    1.88    1.50     24.17    8.43   16.18     35.73    2.26   40.30      4.00   82.63   84.36   144.70   86.87   140.93   79.17 
  12    1.60    6.17     38.39    1.99    1.54     24.68    7.92   15.49     35.73    2.26   37.13      3.88   83.65   84.30   144.58   87.16   140.76   79.47 
  13    1.60    6.01     40.11    1.63    1.54     21.21   11.75   15.20     35.73    2.26   34.45      3.89   83.28   84.22   143.94   87.50   140.04   79.86 
  14    1.60    6.03     35.96    2.63    1.62     21.12   11.97   14.97     35.73    2.26   32.15      3.88   83.33   84.16   143.92   86.79   140.14   79.16 
  15    1.60    6.07     42.61    1.23    1.60     22.11   10.68   14.69     35.73    2.26   30.16      3.91   83.34   84.10   143.92   88.00   140.13   80.45 
  16    4.78    6.24     37.02    2.34    1.64     20.94   12.33   14.54     29.47    4.62   28.56      3.86   83.84   84.09   143.63   87.90   139.74   80.51 
  17    4.78    6.15     38.14    2.05    1.67     21.97   10.93   14.33     29.47    4.62   27.15      3.88   84.03   84.08   143.51   87.43   139.82   79.85 
  18    4.78    6.18     37.38    2.25    1.70     20.82   12.53   14.23     29.47    4.62   25.90      3.94   83.62   84.06   143.63   88.38   139.81   80.93 
  19    4.78    6.01     40.58    1.55    1.69     20.74   12.55   14.14     29.47    4.62   24.78      3.81   84.82   84.10   143.34   89.32   139.51   81.91 
  20    4.78    6.19     39.95    1.67    1.69     19.32   14.71   14.17     29.47    4.62   23.77      3.89   84.17   84.10   142.71   88.96   138.98   81.40 
  21    1.93    5.86     36.71    2.43    1.72     22.29   10.58   14.00     27.94    5.50   22.90      3.89   83.84   84.09   143.18   88.91   139.41   81.50 
  22    1.93    5.72     37.84    2.12    1.74     20.47   12.96   13.95     27.94    5.50   22.11      3.92   84.18   84.09   142.77   89.82   139.02   82.36 
  23    1.93    5.89     37.30    2.26    1.77     21.31   11.88   13.86     27.94    5.50   21.39      4.13   82.62   84.03   142.18   89.74   138.42   82.38 
  24    1.93    5.91     34.66    3.07    1.82     18.90   15.73   13.94     27.94    5.50   20.73      3.97   84.10   84.03   141.75   89.82   138.15   82.42 
  25    1.93    5.85     34.71    3.05    1.87     21.21   11.94   13.86     27.94    5.50   20.12      4.11   83.21   84.00   141.74   89.96   138.08   82.47 
  26    2.75    6.03     35.08    2.92    1.91     19.55   14.72   13.89     25.05    7.68   19.64      4.01   83.80   83.99   141.57   89.76   138.01   82.42 
  27    2.75    6.01     38.43    1.98    1.91     20.55   12.95   13.86     25.05    7.68   19.20      3.90   84.84   84.02   141.50   90.83   137.95   83.33 
  28    2.75    6.06     35.90    2.65    1.94     21.90   11.18   13.76     25.05    7.68   18.79      3.96   84.35   84.03   141.08   89.96   137.41   82.65 
  29    2.75    6.06     35.93    2.64    1.96     20.83   12.63   13.72     25.05    7.68   18.40      4.00   84.50   84.05   141.20   90.13   137.59   82.66 
  30    2.75    6.08     39.30    1.78    1.96     20.88   12.55   13.68     25.05    7.68   18.05      3.88   85.03   84.08   140.80   90.71   137.06   83.34 
  31    2.48    6.09     38.31    1.99    1.96     19.71   14.35   13.70     24.82    7.90   17.72      4.09   83.89   84.08   140.64   90.76   137.07   83.32 
  32    2.48    6.09     34.85    2.94    1.99     17.85   18.04   13.84     24.82    7.90   17.41      4.08   84.94   84.10   139.20   89.69   135.59   82.22 
  33    2.48    5.88     35.44    2.71    2.01     15.10   25.16   14.18     24.82    7.90   17.12      4.12   85.97   84.16   137.93   89.31   134.49   81.74 
  34    2.48    6.03     34.21    3.07    2.04     13.37   31.12   14.68     24.82    7.90   16.85      4.28   85.79   84.21   135.82   88.22   132.54   80.55 
  35    2.48    5.96     33.88    3.14    2.07     12.03   37.02   15.32     24.82    7.90   16.60      4.42   85.40   84.24   133.62   87.20   130.63   79.50 
  36    2.70    6.14     32.66    3.55    2.11     15.21   25.67   15.61     23.62    9.13   16.39      4.51   85.74   84.28   131.14   86.27   128.22   78.42 
  37    2.70    6.07     32.14    3.71    2.16     12.48   35.09   16.13     23.62    9.13   16.19      4.54   85.06   84.30   129.76   85.69   127.03   77.67 
  38    2.70    6.15     31.26    4.05    2.21     11.96   37.51   16.70     23.62    9.13   16.01      4.41   86.09   84.35   128.06   84.61   125.29   76.76 
  39    2.70    6.02     30.61    4.33    2.26     11.14   41.00   17.32     23.62    9.13   15.83      4.45   85.80   84.39   127.86   84.54   125.03   76.64 
  40    2.70    6.14     30.52    4.36    2.31     10.59   43.61   17.98     23.62    9.13   15.66      4.45   85.74   84.42   127.36   84.49   124.38   76.60 
  41    5.46    6.06     31.63    3.84    2.35     19.38   15.97   17.93     22.20   10.84   15.55      4.78   82.36   84.37   127.02   84.22   124.21   76.35 
  42    5.46    6.10     29.91    4.68    2.41     16.68   21.98   18.02     22.20   10.84   15.43      4.98   81.04   84.29   128.48   83.30   125.56   75.44 
  43    5.46    6.23     31.77    3.79    2.44     16.53   22.37   18.12     22.20   10.84   15.33      4.88   82.58   84.25   128.37   83.14   125.33   75.29 
  44    5.46    6.03     33.13    3.25    2.46     15.17   26.26   18.31     22.20   10.84   15.22      4.96   81.86   84.20   128.90   83.18   125.31   75.51 
  45    5.46    6.11     33.27    3.21    2.47     14.20   29.69   18.56     22.20   10.84   15.13      5.16   80.58   84.12   130.28   82.03   126.62   74.41 
  46    3.93    6.11     33.08    3.29    2.49     17.97   19.39   18.58     21.79   11.46   15.05      5.26   80.14   84.03   131.62   81.03   127.98   73.46 
  47    3.93    6.07     33.43    3.18    2.51     16.30   23.48   18.68     21.79   11.46   14.97      5.20   80.25   83.95   132.92   80.01   129.35   72.43 
  48    3.93    4.88     36.40    2.27    2.50     14.13   29.80   18.92     21.79   11.46   14.90      5.06   81.05   83.89   133.72   78.73   129.93   71.25 
  49    3.93    6.06     36.95    2.14    2.49     13.41   32.13   19.19     21.79   11.46   14.83      5.09   80.88   83.83   133.62   79.34   129.95   71.81 
  50    3.93    6.06     36.20    2.35    2.49     13.90   30.10   19.40     21.79   11.46   14.76      5.08   80.35   83.76   134.79   80.50   131.11   72.86 
  51    4.17    6.13     43.92    0.97    2.46     18.36   18.00   19.38     21.33   12.18   14.71      5.10   79.31   83.67   134.80   81.04   131.13   73.47 
  52    4.17    6.23     38.06    1.93    2.45     16.57   21.80   19.42     21.33   12.18   14.66      4.88   80.97   83.62   135.63   83.55   131.76   76.03 
  53    4.17    6.08     46.88    0.71    2.42     15.51   24.32   19.52     21.33   12.18   14.61      4.82   80.28   83.56   135.42   84.69   131.50   77.15 
  54    4.17    6.24     39.21    1.73    2.41     15.58   24.33   19.60     21.33   12.18   14.57      4.80   79.92   83.49   137.04   87.47   133.17   80.18 
  55    4.17    6.08     36.82    2.29    2.40     18.14   17.66   19.57     21.33   12.18   14.53      4.70   80.78   83.44   136.83   88.98   132.92   81.43 
  56    6.12    5.95     34.93    2.89    2.41     16.10   22.00   19.61     20.57   13.33   14.50      4.47   81.10   83.40   137.41   91.47   133.73   83.87 
  57    6.12    5.91     35.60    2.71    2.42     17.29   18.88   19.60     20.57   13.33   14.48      4.23   82.26   83.38   137.39   94.21   133.45   86.78 
  58    6.12    6.13     36.46    2.47    2.42     15.58   22.76   19.65     20.57   13.33   14.46      4.32   80.90   83.34   137.72   96.66   133.74   89.30 
  59    6.12    6.02     36.80    2.40    2.42     13.12   29.73   19.83     20.57   13.33   14.44      4.17   81.96   83.31   137.07   99.36   133.11   91.95 
  60    6.12    5.72     33.28    3.63    2.44     12.84   30.56   20.00     20.57   13.33   14.43      3.96   82.46   83.30   137.08  100.37   133.11   92.98 
  61    4.45    6.18     32.26    4.10    2.46     14.02   26.30   20.11     20.30   13.71   14.41      3.81   83.51   83.30   136.68  102.47   132.89   94.93 
  62    4.45    6.03     33.41    3.62    2.48     11.92   32.82   20.31     20.30   13.71   14.40      3.71   83.87   83.31   136.20  106.05   132.28   98.54 
  63    4.45    6.07     31.48    4.54    2.52     11.18   35.42   20.55     20.30   13.71   14.39      3.40   84.67   83.33   135.81  107.52   131.85  100.10 
  64    4.45    6.21     30.76    4.97    2.55      9.33   43.05   20.90     20.30   13.71   14.38      3.17   85.49   83.37   136.00  109.59   132.06  102.16 
  65    4.45    4.92     30.71    5.03    2.59      8.94   44.69   21.27     20.30   13.71   14.37      3.13   85.34   83.40   135.90  110.62   131.95  103.18 
  66    4.62    4.80     31.28    4.77    2.63     13.44   26.17   21.34     19.60   14.76   14.38      3.39   82.16   83.38   136.93  112.41   132.61  105.01 
  67    4.62    5.91     30.28    5.41    2.67     12.94   27.65   21.44     19.60   14.76   14.38      3.36   81.70   83.35   138.63  112.58   134.36  105.06 
  68    4.62    6.10     30.80    5.14    2.70     12.57   28.56   21.54     19.60   14.76   14.39      3.33   81.31   83.32   139.59  113.39   135.18  105.92 
  69    4.62    5.86     30.60    5.32    2.74     11.13   33.60   21.72     19.60   14.76   14.39      3.29   80.92   83.29   141.44  113.87   137.18  106.22 
  70    4.62    5.92     31.45    4.87    2.77     10.33   36.51   21.93     19.60   14.76   14.40      3.28   81.01   83.26   141.98  114.98   137.72  107.38 
  71    4.58    6.23     32.36    4.43    2.80     12.30   29.13   22.03     19.03   15.60   14.42      3.51   78.80   83.19   143.33  115.78   139.05  108.22 
  72    4.58    6.14     32.30    4.50    2.82     12.42   28.75   22.12     19.03   15.60   14.43      3.51   78.39   83.13   145.44  115.72   140.84  108.28 
  73    4.58    6.23     33.22    4.08    2.84     11.68   31.40   22.25     19.03   15.60   14.45      3.34   79.76   83.08   147.82  115.58   143.24  108.27 
  74    4.58    6.24     32.17    4.62    2.86     10.64   35.13   22.42     19.03   15.60   14.46      3.30   79.96   83.04   148.92  114.98   144.33  107.73 
  75    4.58    6.14     32.88    4.24    2.88      9.72   39.22   22.65     19.03   15.60   14.48      3.23   80.96   83.01   148.98  113.35   144.37  106.06 
  76    6.13    6.02     34.01    3.70    2.89     12.74   28.26   22.72     18.26   16.91   14.51      3.56   79.07   82.96   148.52  112.31   144.01  105.12 
  77    6.13    6.12     33.82    3.74    2.90     11.08   35.30   22.89     18.26   16.91   14.54      3.65   80.18   82.92   147.71  109.63   143.27  102.43 
  78    6.13    6.15     32.57    4.26    2.92     11.21   36.06   23.05     18.26   16.91   14.57      3.81   80.46   82.89   146.97  106.19   142.33   99.16 
  79    6.13    6.25     36.81    2.58    2.91     11.26   36.12   23.22     18.26   16.91   14.60      3.97   80.49   82.86   146.78  105.04   142.05   98.01 
  80    6.13    6.11     35.46    2.98    2.91     12.14   33.47   23.35     18.26   16.91   14.63      4.05   80.74   82.83   146.22  101.77   141.42   94.86 
  81    5.97    6.12     35.04    3.11    2.92     14.86   24.43   23.36     17.92   17.52   14.67      4.27   79.55   82.79   145.80   99.67   141.11   92.62 
  82    5.97    5.94     35.85    2.80    2.92     14.13   26.76   23.40     17.92   17.52   14.70      4.45   78.16   82.74   145.17   97.70   140.45   90.66 
  83    5.97    6.21     37.25    2.37    2.91     13.63   28.32   23.46     17.92   17.52   14.73      4.42   78.34   82.68   145.49   96.66   140.68   89.69 
  84    5.97    4.93     37.63    2.26    2.90     13.42   29.03   23.53     17.92   17.52   14.77      4.48   77.89   82.63   145.01   95.59   140.23   88.59 
  85    5.97    6.06     34.64    3.19    2.90     13.21   29.71   23.60     17.92   17.52   14.80      4.34   78.96   82.58   145.24   94.22   140.57   87.15 
  86    5.47    5.17     37.05    2.41    2.90     16.36   20.58   23.57     17.65   18.05   14.84      4.50   77.60   82.53   145.65   94.80   141.06   87.63 
  87    5.47    6.09     37.16    2.37    2.89     16.00   21.46   23.54     17.65   18.05   14.88      4.42   78.08   82.48   144.86   93.91   140.45   86.66 
  88    5.47    6.01     38.78    1.96    2.88     15.27   23.28   23.54     17.65   18.05   14.91      4.69   76.28   82.40   144.86   94.23   140.46   86.93 
  89    5.47    6.02     36.99    2.40    2.88     14.68   25.38   23.56     17.65   18.05   14.95      4.67   76.60   82.34   144.11   92.36   139.57   85.27 
  90    5.47    6.01     39.88    1.71    2.86     15.68   22.46   23.55     17.65   18.05   14.98      4.57   77.60   82.29   144.38   92.45   139.70   85.33 
  91    6.05    5.04     42.45    1.26    2.85     16.90   19.78   23.51     17.71   17.92   15.01      4.68   77.50   82.23   143.47   91.09   139.11   83.87 
  92    6.05    5.26     40.68    1.53    2.83     16.74   20.40   23.47     17.71   17.92   15.04      4.89   76.74   82.17   142.14   88.85   137.75   81.65 
  93    6.05    6.24     41.83    1.33    2.82     14.86   25.49   23.49     17.71   17.92   15.08      4.82   78.22   82.13   141.59   88.42   137.46   81.00 
  94    6.05    5.00     46.42    0.77    2.79     14.28   27.69   23.54     17.71   17.92   15.11      5.03   77.61   82.08   140.12   86.36   136.03   78.88 
  95    6.05    6.24     40.91    1.42    2.78     15.90   23.33   23.54     17.71   17.92   15.14      5.03   79.19   82.05   138.42   85.63   134.10   78.25 
  96    5.26    5.16     41.81    1.26    2.76     16.67   21.66   23.52     17.48   18.43   15.17      5.01   80.38   82.04   136.18   84.23   131.96   76.75 
  97    5.26    5.34     33.42    3.25    2.77     13.68   30.95   23.59     17.48   18.43   15.20      5.21   80.00   82.01   134.78   83.98   130.80   76.32 
  98    5.26    5.58     33.45    3.18    2.77     17.58   19.85   23.56     17.48   18.43   15.24      5.26   80.01   81.99   131.71   83.30   128.08   75.52 
  99    5.26    5.58     33.09    3.27    2.78     17.10   21.05   23.53     17.48   18.43   15.27      5.25   80.28   81.98   129.61   82.27   126.04   74.48 
 100    5.26    5.58     32.15    3.60    2.79     15.04   26.66   23.56     17.48   18.43   15.30      5.24   80.48   81.96   128.15   81.80   124.75   73.87 
 101    8.66    5.67     30.00    4.55    2.80     14.55   27.92   23.60     17.67   18.11   15.33      5.43   78.54   81.93   126.98   82.55   123.44   74.57 
 102    8.66    6.01     30.02    4.52    2.82     13.69   30.55   23.67     17.67   18.11   15.36      5.28   78.51   81.89   126.38   82.08   122.72   74.15 
 103    8.66    6.02     30.37    4.33    2.84     14.52   28.18   23.72     17.67   18.11   15.38      5.20   79.28   81.87   125.86   81.76   122.47   73.90 
 104    8.66    6.01     32.12    3.54    2.84     15.15   26.12   23.74     17.67   18.11   15.41      5.28   79.32   81.84   124.86   81.78   121.70   73.83 
 105    8.66    6.01     32.42    3.41    2.85     15.61   24.90   23.75     17.67   18.11   15.43      5.45   77.64   81.80   124.50   81.45   121.27   73.53 
 106    8.02    6.04     33.10    3.14    2.85     20.65   13.94   23.66     17.28   19.00   15.47      5.46   77.73   81.77   123.94   81.05   120.67   73.18 
 107    8.02    6.01     32.70    3.29    2.85     17.77   19.49   23.62     17.28   19.00   15.50      5.50   77.34   81.72   124.29   80.60   121.00   72.77 
 108    8.02    5.82     35.06    2.52    2.85     17.53   20.05   23.59     17.28   19.00   15.53      5.45   77.82   81.69   123.80   81.35   120.50   73.57 
 109    8.02    5.99     37.23    1.98    2.84     16.51   22.42   23.58     17.28   19.00   15.57      5.49   77.27   81.65   124.34   80.65   120.98   72.82 
 110    8.02    5.13     38.17    1.79    2.83     16.13   23.42   23.57     17.28   19.00   15.60      5.40   77.94   81.61   125.70   81.44   122.39   73.64 
 111    6.04    5.98     53.87    0.30    2.81     16.03   23.44   23.57     17.51   18.59   15.62      5.23   78.34   81.58   125.87   81.93   122.47   74.17 
 112    6.04    6.05     43.50    0.99    2.79     15.54   24.56   23.58     17.51   18.59   15.65      5.15   78.07   81.55   127.12   81.86   123.72   74.03 
 113    6.04    6.07     43.85    0.96    2.78     14.29   28.13   23.62     17.51   18.59   15.68      5.09   77.97   81.52   127.75   82.82   124.21   75.03 
 114    6.04    5.89     37.58    2.00    2.77     16.18   22.65   23.61     17.51   18.59   15.70      5.05   77.81   81.49   129.29   82.75   125.81   75.04 
 115    6.04    6.04     39.38    1.64    2.76     16.32   22.31   23.60     17.51   18.59   15.73      5.08   77.60   81.46   130.28   84.54   126.73   76.98 
 116    8.80    5.13     39.89    1.56    2.75     16.59   21.59   23.58     17.44   18.78   15.75      5.01   78.25   81.43   131.32   85.20   127.61   77.75 
 117    8.80    5.24     37.34    2.12    2.75     15.83   23.33   23.58     17.44   18.78   15.78      5.15   77.26   81.39   132.11   86.84   128.24   79.42 
 118    8.80    5.13     32.74    3.66    2.75     15.32   24.51   23.59     17.44   18.78   15.80      4.95   77.85   81.36   132.85   87.75   128.92   80.35 
 119    8.80    5.19     30.80    4.63    2.77     13.26   30.58   23.65     17.44   18.78   15.83      4.67   79.17   81.34   133.87   88.18   129.70   80.83 
 120    8.80    6.08     31.82    4.15    2.78     14.62   25.94   23.67     17.44   18.78   15.85      4.57   79.26   81.33   134.59   90.32   130.49   82.93 
 121    9.16    5.05     30.79    4.69    2.80     15.33   23.96   23.67     17.28   19.15   15.88      4.72   77.95   81.30   134.09   90.99   129.67   83.82 
 122    9.16    5.66     32.40    3.91    2.81     15.67   22.82   23.66     17.28   19.15   15.91      4.59   78.59   81.28   134.58   92.28   130.06   85.22 
 123    9.16    5.96     33.05    3.62    2.81     15.91   22.19   23.65     17.28   19.15   15.93      4.52   79.14   81.26   134.43   92.86   129.83   85.85 
 124    9.16    5.97     32.10    4.06    2.82     14.66   25.71   23.67     17.28   19.15   15.96      4.61   78.66   81.24   134.71   93.13   130.07   86.13 
 125    9.16    5.11     31.17    4.58    2.84     14.07   27.36   23.70     17.28   19.15   15.99      4.60   78.48   81.22   135.63   94.34   130.96   87.37 
 126    8.03    5.95     30.63    4.89    2.85     14.62   25.48   23.71     17.24   19.22   16.01      4.44   79.07   81.20   136.27   94.18   131.61   87.18 
 127    8.03    6.25     29.81    5.40    2.87     13.83   27.61   23.74     17.24   19.22   16.04      4.30   79.64   81.19   136.04   95.07   131.35   88.04 
 128    8.03    5.82     29.04    5.90    2.90     12.88   30.67   23.80     17.24   19.22   16.06      4.37   78.95   81.17   136.00   94.56   131.36   87.40 
 129    8.03    6.14     31.18    4.60    2.91     13.68   27.78   23.83     17.24   19.22   16.09      4.37   78.79   81.15   136.13   95.78   131.23   88.68 
 130    8.03    5.62     30.23    5.12    2.93     14.72   24.85   23.84     17.24   19.22   16.11      4.38   78.60   81.13   135.76   94.52   130.86   87.46 
 131   10.08    6.15     31.55    4.39    2.94     15.77   22.02   23.82     17.23   19.22   16.13      4.28   79.50   81.12   136.26   94.59   131.39   87.48 
 132   10.08    6.08     32.13    4.09    2.95     14.98   24.11   23.82     17.23   19.22   16.16      4.47   77.96   81.09   136.53   94.21   131.48   87.16 
 133   10.08    6.15     30.83    4.75    2.96     14.49   25.68   23.84     17.23   19.22   16.18      4.19   80.36   81.09   136.33   92.86   131.27   85.85 
 134   10.08    6.09     30.19    5.12    2.98     14.15   26.66   23.86     17.23   19.22   16.20      4.36   79.26   81.08   135.60   93.68   130.59   86.70 
 135   10.08    6.25     31.34    4.49    2.99     14.90   24.40   23.86     17.23   19.22   16.23      4.39   78.88   81.06   136.59   93.54   131.55   86.46 
 136   10.68    6.15     31.03    4.65    3.00     17.29   18.64   23.82     17.17   19.35   16.25      4.43   78.39   81.04   136.23   93.86   131.29   86.87 
 137   10.68    5.13     30.77    4.80    3.01     16.69   19.87   23.80     17.17   19.35   16.27      4.49   78.43   81.02   136.28   93.71   131.30   86.60 
 138   10.68    6.05     32.15    4.08    3.02     16.33   20.57   23.77     17.17   19.35   16.29      4.39   78.97   81.01   135.77   94.99   130.95   87.80 
 139   10.68    6.15     32.48    3.92    3.03     16.83   19.57   23.74     17.17   19.35   16.32      4.44   78.55   80.99   135.75   94.79   130.92   87.63 
 140   10.68    5.15     30.43    4.96    3.04     17.54   18.10   23.70     17.17   19.35   16.34      4.43   79.07   80.97   134.16   94.21   129.22   87.13 
 141    8.90    5.82     31.90    4.16    3.05     18.31   16.55   23.65     17.13   19.42   16.36      4.47   79.01   80.96   133.67   94.40   128.76   87.22 
 142    8.90    5.85     30.52    4.84    3.06     17.11   19.18   23.62     17.13   19.42   16.38      4.41   79.60   80.95   132.19   93.36   127.32   86.24 
 143    8.90    5.94     31.44    4.31    3.07     15.77   22.64   23.61     17.13   19.42   16.40      4.57   79.34   80.94   131.04   92.95   126.34   85.76 
 144    8.90    5.91     30.31    4.86    3.08     14.83   25.89   23.63     17.13   19.42   16.42      4.80   79.16   80.93   129.25   92.24   124.51   85.15 
 145    8.90    5.95     31.56    4.14    3.09     13.07   31.92   23.69     17.13   19.42   16.44      4.85   79.57   80.92   127.26   92.15   122.44   85.09 
 146   10.12    6.19     31.62    4.07    3.10     12.63   33.40   23.75     16.92   19.88   16.47      4.70   80.06   80.91   125.07   91.93   120.13   85.03 
 147   10.12    6.09     36.36    2.34    3.09     11.87   36.05   23.84     16.92   19.88   16.49      4.55   80.29   80.91   124.54   93.29   119.57   86.48 
 148   10.12    5.30     35.83    2.48    3.09     11.64   37.05   23.93     16.92   19.88   16.51      4.64   79.61   80.90   124.08   93.08   119.06   86.37 
 149   10.12    4.94     38.93    1.74    3.08     12.00   35.75   24.00     16.92   19.88   16.54      4.79   78.60   80.88   125.64   92.87   120.57   86.12 
 150   10.12    6.13     38.59    1.80    3.07     12.72   32.99   24.06     16.92   19.88   16.56      4.76   79.12   80.87   125.46   92.47   120.47   85.68 
 151    9.66    6.07     34.16    3.00    3.07     13.67   29.49   24.10     16.69   20.43   16.58      4.64   80.17   80.87   124.98   91.49   120.11   84.55 
 152    9.66    5.17     37.31    2.10    3.06     15.67   23.38   24.10     16.69   20.43   16.61      4.70   79.68   80.86   125.36   92.91   120.74   85.87 
 153    9.66    5.85     39.78    1.58    3.05     17.16   19.63   24.07     16.69   20.43   16.63      4.63   79.65   80.85   126.35   93.50   121.89   86.32 
 154    9.66    6.01     38.35    1.88    3.05     16.53   21.00   24.05     16.69   20.43   16.66      4.72   78.84   80.84   126.99   93.81   122.54   86.59 
 155    9.66    6.06     37.41    2.10    3.04     14.83   25.54   24.06     16.69   20.43   16.68      4.55   79.98   80.83   127.18   93.72   122.71   86.49 
 156   11.38    5.79     36.40    2.38    3.04     15.79   22.79   24.05     16.84   20.08   16.70      4.67   78.71   80.82   127.82   94.50   123.56   87.20 
 157   11.38    6.03     38.37    1.90    3.03     14.60   26.05   24.06     16.84   20.08   16.73      4.51   79.97   80.81   128.56   95.05   124.42   87.65 
 158   11.38    5.37     38.54    1.87    3.02     14.47   26.24   24.07     16.84   20.08   16.75      4.56   79.03   80.80   128.91   95.21   124.96   87.72 
 159   11.38    6.13     37.19    2.19    3.02     15.00   24.60   24.08     16.84   20.08   16.77      4.52   79.31   80.79   129.11   94.86   125.28   87.20 
 160   11.38    5.36     35.72    2.59    3.01     15.22   24.06   24.08     16.84   20.08   16.79      4.57   78.62   80.78   128.58   94.92   125.21   87.11 
 161    9.65    6.14     36.37    2.41    3.01     15.59   23.06   24.07     16.66   20.51   16.81      4.60   78.39   80.76   128.90   94.56   125.37   86.83 
 162    9.65    6.18     39.23    1.73    3.00     16.65   20.26   24.05     16.66   20.51   16.84      4.60   78.54   80.75   129.40   94.59   126.05   86.72 
 163    9.65    5.94     39.58    1.66    2.99     15.40   23.36   24.04     16.66   20.51   16.86      4.61   78.27   80.74   130.07   94.57   126.65   86.68 
 164    9.65    6.08     40.75    1.45    2.98     15.59   22.74   24.04     16.66   20.51   16.88      4.71   77.33   80.71   130.05   94.21   126.79   86.23 
 165    9.65    5.97     37.06    2.23    2.98     14.94   24.41   24.04     16.66   20.51   16.90      4.64   77.77   80.70   129.33   94.34   126.19   86.25 
 166   11.40    6.02     39.04    1.77    2.97     16.44   20.61   24.02     16.69   20.42   16.92      4.60   77.88   80.68   130.18   93.86   126.93   85.90 
 167   11.40    6.04     38.65    1.86    2.97     16.94   19.49   23.99     16.69   20.42   16.94      4.62   77.82   80.66   130.10   94.14   127.06   86.12 
 168   11.40    6.00     40.58    1.48    2.96     15.70   22.61   23.98     16.69   20.42   16.97      4.54   78.34   80.65   130.68   93.67   127.46   85.72 
 169   11.40    5.27     37.57    2.10    2.95     15.42   23.03   23.98     16.69   20.42   16.99      4.70   77.38   80.63   129.99   94.05   126.99   85.89 
 170   11.40    5.98     35.19    2.77    2.95     15.84   22.00   23.97     16.69   20.42   17.01      4.56   77.92   80.61   129.90   93.56   126.96   85.39 
 171   11.25    5.18     39.42    1.69    2.94     17.58   18.07   23.93     16.61   20.62   17.03      4.54   78.38   80.60   129.77   94.28   126.69   86.22 
 172   11.25    4.99     37.60    2.09    2.94     17.38   18.57   23.90     16.61   20.62   17.05      4.73   77.56   80.58   129.84   93.83   126.80   85.76 
 173   11.25    6.11     36.68    2.30    2.93     16.78   20.04   23.88     16.61   20.62   17.07      4.74   77.83   80.57   128.39   92.89   125.22   84.86 
 174   11.25    5.32     39.64    1.63    2.93     15.97   21.93   23.87     16.61   20.62   17.09      4.67   78.32   80.55   128.41   93.21   125.47   85.12 
 175   11.25    6.07     37.72    2.03    2.92     17.99   17.80   23.83     16.61   20.62   17.11      4.61   79.34   80.55   128.31   92.04   125.10   84.27 
 176   10.51    5.85     44.02    0.98    2.91     17.08   19.69   23.81     16.68   20.45   17.13      4.78   79.18   80.54   127.74   92.47   124.31   84.70 
 177   10.51    6.02     38.36    1.86    2.90     16.03   22.52   23.80     16.68   20.45   17.15      4.82   78.57   80.53   126.23   91.56   123.21   83.77 
 178   10.51    6.01     40.66    1.42    2.90     15.31   24.41   23.80     16.68   20.45   17.17      4.88   78.26   80.52   126.07   91.49   123.04   83.68 
 179   10.51    6.18     43.85    0.98    2.89     16.40   21.61   23.79     16.68   20.45   17.18      4.95   78.17   80.50   126.23   91.43   123.11   83.67 
 180   10.51    4.96     44.43    0.92    2.87     15.92   23.01   23.79     16.68   20.45   17.20      4.85   79.12   80.49   126.11   91.05   123.03   83.35 
 181   10.44    6.06     50.11    0.47    2.86     17.35   19.49   23.76     16.70   20.40   17.22      4.91   78.71   80.49   125.69   91.34   122.49   83.68 
 182   10.44    5.93     46.63    0.71    2.85     18.18   17.87   23.73     16.70   20.40   17.24      4.91   79.22   80.48   124.84   90.76   121.75   83.14 
 183   10.44    5.98     43.71    0.99    2.84     16.38   21.93   23.72     16.70   20.40   17.25      4.86   79.74   80.47   124.25   90.77   121.17   83.16 
 184   10.44    5.96     48.09    0.60    2.83     15.75   23.49   23.72     16.70   20.40   17.27      4.84   79.75   80.47   124.61   91.64   121.49   84.04 
 185   10.44    5.18     42.89    1.09    2.82     16.07   22.68   23.71     16.70   20.40   17.29      4.87   79.14   80.46   124.77   91.52   121.72   83.96 
 186   11.82    5.21     41.98    1.20    2.81     15.45   24.25   23.72     16.66   20.53   17.31      4.78   79.94   80.46   124.69   91.74   121.66   84.16 
 187   11.82    4.94     49.45    0.51    2.80     14.33   27.76   23.74     16.66   20.53   17.32      4.81   79.42   80.45   124.30   92.45   121.15   85.02 
 188   11.82    4.87     41.32    1.30    2.79     14.21   28.30   23.76     16.66   20.53   17.34      4.75   79.99   80.45   124.45   91.85   121.18   84.55 
 189   11.82    5.93     46.94    0.68    2.78     14.19   27.84   23.78     16.66   20.53   17.36      4.80   80.02   80.45   123.77   92.70   120.71   85.20 
 190   11.82    5.73     40.25    1.47    2.77     13.57   30.17   23.82     16.66   20.53   17.37      4.80   79.05   80.44   124.47   92.56   121.34   85.23 
 191   15.55    6.22     44.59    0.89    2.76     16.07   22.56   23.81     16.71   20.43   17.39      4.92   78.10   80.43   123.87   92.47   120.99   85.10 
 192   15.55    6.11     38.43    1.81    2.76     13.62   29.79   23.84     16.71   20.43   17.41      4.74   79.12   80.42   123.81   91.44   121.00   84.05 
 193   15.55    5.99     44.54    0.90    2.75     14.79   25.77   23.85     16.71   20.43   17.42      4.65   79.90   80.42   124.14   92.23   121.28   84.82 
 194   15.55    6.04     38.43    1.82    2.74     12.71   32.38   23.90     16.71   20.43   17.44      4.61   79.77   80.42   124.78   91.84   121.87   84.31 
 195   15.55    5.53     40.02    1.51    2.74     13.37   29.72   23.93     16.71   20.43   17.45      4.57   79.41   80.41   125.15   93.32   122.19   85.82 
 196   11.64    5.93     43.03    1.07    2.73     16.56   21.00   23.91     16.68   20.50   17.47      4.70   77.48   80.40   125.33   93.40   122.36   86.26 
 197   11.64    6.19     39.46    1.63    2.72     15.86   22.61   23.91     16.68   20.50   17.48      4.53   79.18   80.39   125.78   92.84   122.81   85.65 
 198   11.64    5.30     39.62    1.61    2.72     16.84   20.01   23.89     16.68   20.50   17.50      4.33   80.51   80.39   126.43   93.81   123.46   86.61 
 199   11.64    6.05     37.48    2.06    2.71     15.74   22.41   23.88     16.68   20.50   17.51      4.45   79.11   80.39   126.57   94.00   123.52   86.77 
 200   11.64    4.94     40.16    1.52    2.71     15.42   23.09   23.87     16.68   20.50   17.53      4.49   77.91   80.37   126.78   94.86   123.83   87.57 
 201   11.85    6.02     37.58    2.05    2.70     15.92   21.73   23.86     16.68   20.49   17.54      4.47   77.77   80.36   127.38   95.31   124.42   88.07 
 202   11.85    5.81     40.13    1.53    2.70     15.18   23.42   23.86     16.68   20.49   17.56      4.37   78.67   80.35   127.40   96.44   124.37   89.22 
 203   11.85    5.95     37.75    2.03    2.69     15.36   22.76   23.86     16.68   20.49   17.57      4.30   78.17   80.34   127.65   96.55   124.60   89.32 
 204   11.85    5.90     38.18    1.94    2.69     14.44   25.02   23.86     16.68   20.49   17.59      4.18   78.45   80.33   127.98   97.23   124.90   89.99 
 205   11.85    5.51     37.43    2.12    2.69     13.12   28.81   23.89     16.68   20.49   17.60      4.07   78.68   80.32   128.53   98.16   125.23   91.00 
 206   10.54    6.09     37.22    2.18    2.68     14.04   25.69   23.89     16.54   20.81   17.62      4.06   78.26   80.31   128.23   98.00   124.91   90.82 
 207   10.54    5.17     33.31    3.43    2.69     12.24   31.54   23.93     16.54   20.81   17.63      4.03   78.00   80.30   128.56   97.39   125.39   90.15 
 208   10.54    6.19     35.99    2.52    2.69     13.81   26.22   23.94     16.54   20.81   17.65      3.97   78.28   80.29   128.64   98.73   125.38   91.61 
 209   10.54    5.17     38.68    1.85    2.68     13.96   25.78   23.95     16.54   20.81   17.66      3.92   78.45   80.28   128.04   99.74   124.91   92.67 
 210   10.54    5.46     37.42    2.14    2.68     13.55   26.87   23.96     16.54   20.81   17.68      3.81   78.92   80.28   127.75   99.96   124.46   92.98 
 211   12.75    5.39     34.98    2.83    2.68     15.14   22.21   23.96     16.57   20.68   17.69      3.92   77.62   80.26   126.98   99.50   123.83   92.46 
 212   12.75    5.21     33.88    3.21    2.68     14.31   24.30   23.96     16.57   20.68   17.70      3.90   77.53   80.25   127.62  100.33   124.50   93.30 
 213   12.75    5.17     33.59    3.32    2.69     14.65   23.31   23.96     16.57   20.68   17.72      3.93   76.86   80.24   126.80   99.76   123.72   92.71 
 214   12.75    5.17     34.40    3.01    2.69     14.56   23.34   23.95     16.57   20.68   17.73      3.91   76.67   80.22   126.45  100.44   123.40   93.39 
 215   12.75    5.15     34.42    3.00    2.69     12.79   28.54   23.97     16.57   20.68   17.75      3.82   76.67   80.20   125.90   99.64   122.54   92.72 
 216   13.54    5.58     35.29    2.70    2.69     14.68   22.68   23.97     16.56   20.68   17.76      4.06   74.59   80.18   125.67   99.68   122.64   92.58 
 217   13.54    5.11     36.07    2.46    2.69     13.05   27.15   23.98     16.56   20.68   17.77      3.82   75.76   80.16   125.37  100.15   122.33   93.07 
 218   13.54    5.40     33.37    3.36    2.69     13.87   24.73   23.99     16.56   20.68   17.79      3.93   74.50   80.13   125.86   99.41   122.76   92.42 
 219   13.54    5.65     32.35    3.77    2.70     11.77   31.36   24.02     16.56   20.68   17.80      3.88   74.90   80.11   125.45   98.47   122.60   91.43 
 220   13.54    5.52     32.41    3.73    2.70     11.84   30.94   24.05     16.56   20.68   17.81      3.77   75.15   80.08   125.63   98.72   122.46   91.85 
 221   13.26    5.69     34.11    3.06    2.70     13.40   25.63   24.06     16.44   20.90   17.83      3.97   73.53   80.05   124.70   99.14   121.61   92.21 
 222   13.26    5.75     33.36    3.32    2.71     12.97   27.00   24.07     16.44   20.90   17.84      3.87   73.65   80.03   124.26   98.37   121.28   91.47 
 223   13.26    5.76     34.14    3.02    2.71     11.83   30.83   24.10     16.44   20.90   17.85      3.98   72.98   79.99   123.02   98.12   120.01   91.37 
 224   13.26    5.57     32.18    3.77    2.71     11.61   31.61   24.14     16.44   20.90   17.87      3.85   73.67   79.97   123.16   97.16   120.12   90.42 
 225   13.26    5.53     32.94    3.43    2.72     11.19   33.17   24.18     16.44   20.90   17.88      4.09   72.36   79.93   122.08   97.04   119.18   90.29 
 226   12.48    5.70     32.64    3.54    2.72     12.87   27.27   24.19     16.40   20.94   17.89      4.02   72.65   79.90   121.48   96.54   118.54   89.80 
 227   12.48    5.54     31.83    3.87    2.72     11.97   29.82   24.21     16.40   20.94   17.91      3.92   73.22   79.87   121.20   96.38   118.28   89.50 
 228   12.48    5.00     31.99    3.79    2.73     11.65   31.02   24.24     16.40   20.94   17.92      4.04   71.80   79.83   120.32   96.41   117.37   89.60 
 229   12.48    5.63     31.90    3.81    2.73     11.18   32.64   24.28     16.40   20.94   17.93      3.94   72.32   79.80   119.92   95.87   117.06   88.99 
 230   12.48    4.95     31.01    4.21    2.74     11.14   33.08   24.32     16.40   20.94   17.95      4.08   71.85   79.77   120.14   96.12   117.08   89.32 
 231   15.97    5.41     30.58    4.41    2.75     12.24   29.39   24.34     16.29   21.14   17.96      4.31   70.26   79.73   120.06   95.33   117.11   88.50 
 232   15.97    5.93     32.01    3.74    2.75     13.10   26.72   24.35     16.29   21.14   17.98      4.29   70.57   79.69   119.48   95.55   116.67   88.70 
 233   15.97    5.40     32.82    3.41    2.75     12.71   28.15   24.37     16.29   21.14   17.99      4.41   70.02   79.65   119.49   96.43   116.53   89.63 
 234   15.97    5.94     32.19    3.69    2.76     13.72   25.11   24.37     16.29   21.14   18.00      4.42   70.64   79.61   120.08   96.77   117.09   89.88 
 235   15.97    5.99     33.07    3.35    2.76     14.49   23.17   24.37     16.29   21.14   18.02      4.42   70.80   79.57   120.85   97.28   117.91   90.37 
 236   15.54    6.27     32.66    3.52    2.76     16.25   19.04   24.34     16.26   21.17   18.03      4.52   70.47   79.53   120.79   97.47   117.59   90.69 
 237   15.54    5.45     33.24    3.30    2.77     17.20   17.16   24.31     16.26   21.17   18.04      4.47   71.10   79.49   121.03   97.64   118.01   90.77 
 238   15.54    5.28     33.36    3.26    2.77     17.32   17.18   24.28     16.26   21.17   18.06      4.53   71.45   79.46   121.28   98.31   118.20   91.53 
 239   15.54    4.96     33.49    3.22    2.77     14.48   24.06   24.28     16.26   21.17   18.07      4.56   72.08   79.43   120.89   99.65   117.87   92.86 
 240   15.54    6.15     34.34    2.92    2.77     14.83   23.27   24.28     16.26   21.17   18.08      4.60   72.63   79.40   120.38   99.95   117.11   93.25 
 241   24.87    5.47     33.19    3.34    2.77     16.38   19.57   24.26     16.36   20.89   18.09      4.66   72.24   79.37   120.66   99.73   117.44   92.98 
 242   24.87    5.33     32.74    3.51    2.78     15.19   22.58   24.25     16.36   20.89   18.10      4.64   73.39   79.35   119.97   98.87   116.62   92.12 
 243   24.87    4.98     34.28    2.94    2.78     15.53   21.81   24.24     16.36   20.89   18.12      4.79   72.39   79.32   120.53   99.15   117.27   92.29 
 244   24.87    6.12     33.38    3.26    2.78     14.34   25.32   24.25     16.36   20.89   18.13      4.74   72.66   79.29   121.32   98.96   118.07   92.07 
 245   24.87    5.00     35.28    2.63    2.78     13.83   27.35   24.26     16.36   20.89   18.14      4.65   74.39   79.27   121.02   98.90   117.76   92.20 
 246   17.12    5.40     35.63    2.54    2.78     14.72   24.83   24.26     16.19   21.27   18.15      4.94   72.91   79.25   121.53   99.06   118.33   92.37 
 247   17.12    5.18     34.40    2.93    2.78     15.45   22.85   24.25     16.19   21.27   18.16      4.78   74.52   79.23   122.63   99.34   119.33   92.62 
 248   17.12    5.90     34.65    2.84    2.78     15.44   22.96   24.25     16.19   21.27   18.18      4.85   74.30   79.21   121.94   99.09   118.66   92.33 
 249   17.12    5.13     33.84    3.13    2.78     15.56   22.39   24.24     16.19   21.27   18.19      4.82   74.39   79.19   122.25   99.24   118.78   92.38 
 250   17.12    5.90     34.10    3.05    2.78     16.60   19.79   24.22     16.19   21.27   18.20      4.63   75.25   79.17   121.89   99.88   118.30   93.05 
 251   19.44    5.78     33.89    3.11    2.78     16.59   19.75   24.21     16.27   21.09   18.21      4.76   74.84   79.15   121.38  100.05   117.64   93.23 
 252   19.44    5.86     34.60    2.85    2.78     16.79   19.51   24.19     16.27   21.09   18.22      4.73   74.97   79.14   121.48   99.24   117.73   92.43 
 253   19.44    5.49     36.16    2.37    2.78     15.40   23.07   24.18     16.27   21.09   18.24      4.80   74.96   79.12   120.81   98.53   117.07   91.67 
 254   19.44    5.98     34.66    2.78    2.78     16.05   21.81   24.17     16.27   21.09   18.25      4.79   76.01   79.11   120.58   96.93   116.67   90.24 
 255   19.44    5.00     35.20    2.59    2.78     14.90   25.23   24.18     16.27   21.09   18.26      4.94   75.98   79.10   120.00   95.28   116.08   88.66 
 256   19.60    5.35     35.62    2.45    2.78     16.68   20.81   24.16     16.20   21.25   18.27      5.07   75.34   79.08   119.95   93.45   116.01   86.79 
 257   19.60    5.33     35.06    2.60    2.78     14.32   27.62   24.18     16.20   21.25   18.28      5.20   75.34   79.07   119.64   90.70   115.61   84.08 
 258   19.60    4.95     37.50    1.94    2.77     14.00   28.75   24.20     16.20   21.25   18.29      5.20   75.87   79.06   119.85   89.94   115.87   83.24 
 259   19.60    5.14     36.40    2.19    2.77     14.61   27.13   24.21     16.20   21.25   18.30      5.36   75.14   79.04   119.80   87.55   115.91   80.80 
 260   19.60    5.24     35.85    2.32    2.77     14.13   29.19   24.23     16.20   21.25   18.32      5.38   75.93   79.03   119.91   86.06   116.02   79.43 
 261   15.91    5.56     35.65    2.34    2.77     14.18   29.26   24.25     16.21   21.26   18.33      5.64   75.20   79.01   119.40   83.65   115.50   76.96 
 262   15.91    5.17     35.06    2.48    2.77     12.68   35.19   24.29     16.21   21.26   18.34      5.66   75.70   79.00   119.77   82.65   116.11   75.84 
 263   15.91    5.70     34.87    2.52    2.77     12.28   36.92   24.34     16.21   21.26   18.35      5.59   76.88   78.99   120.22   80.78   116.14   74.05 
 264   15.91    5.13     36.40    2.09    2.76     11.66   40.13   24.40     16.21   21.26   18.36      5.62   77.10   78.99   119.97   77.91   115.86   71.24 
 265   15.91    5.24     32.29    3.31    2.77     11.01   43.13   24.47     16.21   21.26   18.37      5.63   77.60   78.98   120.48   75.75   116.40   69.00 
 266   19.19    5.45     29.83    4.34    2.77     15.30   26.37   24.47     15.91   22.04   18.38      5.72   77.02   78.97   120.06   74.64   116.17   67.76 
 267   19.19    4.90     30.29    4.08    2.78     14.40   29.35   24.49     15.91   22.04   18.40      5.79   76.67   78.96   119.85   72.52   116.03   65.61 
 268   19.19    5.52     28.73    4.83    2.79     13.21   33.68   24.53     15.91   22.04   18.41      5.89   75.69   78.95   120.08   70.60   116.00   63.80 
 269   19.19    5.49     27.83    5.32    2.79     12.28   37.48   24.57     15.91   22.04   18.43      5.93   75.34   78.94   120.11   69.03   115.96   62.28 
 270   19.19    5.27     27.44    5.52    2.80     11.09   43.03   24.64     15.91   22.04   18.44      5.95   75.16   78.92   119.24   66.98   115.20   60.28 
 271   14.82    5.28     26.39    6.22    2.82     13.53   32.21   24.67     15.94   22.01   18.45      6.50   69.96   78.89   120.19   66.59   116.15   59.77 
 272   14.82    5.95     27.18    5.68    2.83     13.37   33.05   24.70     15.94   22.01   18.47      6.44   70.37   78.86   120.54   65.51   116.64   58.79 
 273   14.82    5.10     26.29    6.31    2.84     13.92   31.14   24.72     15.94   22.01   18.48      6.39   70.96   78.83   121.09   66.19   117.09   59.50 
 274   14.82    5.83     27.13    5.79    2.85     14.07   30.56   24.75     15.94   22.01   18.49      6.38   71.54   78.80   121.09   67.32   116.95   60.65 
 275   14.82    5.83     28.22    5.19    2.86     14.76   28.53   24.76     15.94   22.01   18.50      6.08   73.54   78.79   122.25   68.81   118.07   62.21 
 276   21.68    6.13     30.88    3.89    2.86     17.59   20.29   24.74     15.85   22.30   18.52      6.24   72.25   78.76   123.76   70.10   119.52   63.37 
 277   21.68    4.99     32.18    3.40    2.87     16.54   22.79   24.74     15.85   22.30   18.53      6.08   72.32   78.74   124.35   71.55   120.15   64.80 
 278   21.68    6.11     35.58    2.35    2.86     14.54   28.42   24.75     15.85   22.30   18.54      6.10   71.49   78.71   125.83   73.76   121.49   67.09 
 279   21.68    4.96     38.30    1.75    2.86     14.09   29.31   24.77     15.85   22.30   18.56      5.72   73.07   78.69   126.30   75.00   121.94   68.31 
 280   21.68    6.26     38.74    1.69    2.86     13.89   29.18   24.78     15.85   22.30   18.57      5.63   73.36   78.67   127.41   76.74   123.01   69.88 
 281   19.55    5.91     39.13    1.64    2.85     13.92   28.62   24.80     15.87   22.28   18.58      5.30   74.61   78.66   128.91   77.54   124.51   70.59 
 282   19.55    5.87     34.86    2.72    2.85     13.04   31.36   24.82     15.87   22.28   18.60      5.13   74.85   78.65   129.89   78.19   125.70   71.15 
 283   19.55    5.09     33.98    3.05    2.85     11.79   35.91   24.86     15.87   22.28   18.61      5.03   74.94   78.63   131.39   78.60   127.39   71.49 
 284   19.55    5.57     36.79    2.22    2.85     12.09   34.59   24.89     15.87   22.28   18.62      4.95   75.23   78.62   133.47   79.71   129.28   72.83 
 285   19.55    5.38     35.05    2.74    2.85     12.43   33.20   24.92     15.87   22.28   18.64      4.78   76.54   78.61   133.91   79.85   129.64   73.05 
 286   22.19    5.90     32.84    3.57    2.85     12.74   31.89   24.95     15.89   22.22   18.65      4.84   75.81   78.60   134.54   80.43   130.32   73.60 
 287   22.19    5.83     31.88    4.02    2.86     12.51   32.77   24.97     15.89   22.22   18.66      4.65   77.14   78.60   135.28   80.53   131.15   73.72 
 288   22.19    5.41     34.00    3.14    2.86     12.35   33.45   25.00     15.89   22.22   18.67      4.68   77.28   78.59   135.61   81.06   131.43   74.27 
 289   22.19    5.87     31.99    3.98    2.86     12.12   34.25   25.03     15.89   22.22   18.69      4.67   77.60   78.59   135.59   82.05   131.44   75.20 
 290   22.19    5.93     31.57    4.20    2.86     12.02   34.74   25.07     15.89   22.22   18.70      4.76   76.85   78.58   136.22   82.20   132.06   75.38 
 291   18.11    5.93     31.93    4.07    2.87     13.40   29.43   25.08     15.76   22.56   18.71      4.71   76.79   78.58   137.42   83.91   133.16   77.11 
 292   18.11    4.92     29.61    5.40    2.88     12.00   34.43   25.11     15.76   22.56   18.73      4.84   75.63   78.57   138.54   85.14   134.21   78.33 
 293   18.11    5.39     30.30    5.03    2.88     10.87   39.41   25.16     15.76   22.56   18.74      4.69   76.40   78.56   139.11   86.33   134.63   79.69 
 294   18.11    5.42     30.01    5.27    2.89     10.17   42.47   25.22     15.76   22.56   18.75      4.74   76.53   78.55   140.69   88.00   136.22   81.28 
 295   18.11    5.97     29.60    5.61    2.90      9.27   46.82   25.30     15.76   22.56   18.76      4.60   77.35   78.55   141.91   89.62   137.56   82.81 
 296   23.35    4.92     27.96    6.86    2.92      9.54   45.03   25.36     15.68   22.77   18.78      4.47   78.04   78.55   142.71   89.95   138.30   83.15 
 297   23.35    5.01     29.47    5.79    2.93      9.07   47.16   25.44     15.68   22.77   18.79      4.34   78.49   78.55   143.67   92.36   139.39   85.51 
 298   23.35    4.99     27.81    7.07    2.94      8.86   48.45   25.51     15.68   22.77   18.80      4.40   78.18   78.55   143.39   92.99   139.07   86.19 
 299   23.35    5.01     28.23    6.76    2.95      8.54   50.18   25.60     15.68   22.77   18.82      4.30   78.88   78.55   143.72   94.43   139.55   87.52 
 300   23.35    4.98     27.47    7.42    2.97      8.46   51.18   25.68     15.68   22.77   18.83      4.26   79.34   78.55   142.96   96.02   138.91   89.07 
 301   19.47    5.23     27.59    7.37    2.98     11.32   36.51   25.72     15.50   23.25   18.85      4.42   77.87   78.55   143.05   98.17   138.94   91.23 
 302   19.47    5.59     28.00    7.06    2.99     10.52   39.94   25.76     15.50   23.25   18.86      4.23   78.99   78.55   142.88  100.29   138.91   93.26 
 303   19.47    5.49     28.91    6.37    3.01      8.94   47.46   25.84     15.50   23.25   18.87      4.17   79.09   78.55   142.46  102.97   138.52   95.91 
 304   19.47    5.06     27.67    7.37    3.02      9.01   47.00   25.90     15.50   23.25   18.89      4.13   79.52   78.55   142.48  102.65   138.62   95.47 
 305   19.47    5.70     27.29    7.69    3.04      9.24   45.85   25.97     15.50   23.25   18.90      4.14   79.15   78.56   141.43  103.11   137.75   95.79 
 306   19.19    5.61     28.74    6.49    3.05     11.55   35.20   26.00     15.35   23.62   18.92      4.26   77.73   78.55   140.81  104.46   137.29   97.10 
 307   19.19    5.02     28.53    6.60    3.06     11.05   37.39   26.04     15.35   23.62   18.93      4.45   76.70   78.55   139.47  104.19   135.99   96.72 
 308   19.19    5.96     29.82    5.66    3.07     10.94   37.76   26.08     15.35   23.62   18.95      4.33   77.07   78.54   138.85  105.36   135.50   97.87 
 309   19.19    5.22     30.55    5.19    3.07     11.18   35.89   26.11     15.35   23.62   18.96      4.37   76.48   78.54   137.91  105.73   134.73   98.00 
 310   19.19    5.96     31.08    4.85    3.08     11.14   36.00   26.14     15.35   23.62   18.98      4.28   76.55   78.53   137.79  104.89   134.84   97.02 
 311   15.08    4.95     34.04    3.43    3.08     11.97   32.51   26.16     15.32   23.68   18.99      4.56   74.25   78.52   137.75  105.66   134.63   97.82 
 312   15.08    5.66     31.83    4.43    3.09     12.18   31.79   26.18     15.32   23.68   19.01      4.62   73.82   78.50   137.25  105.21   134.33   97.22 
 313   15.08    5.88     32.21    4.22    3.09     12.65   29.96   26.19     15.32   23.68   19.02      4.56   74.29   78.49   136.75  105.70   133.68   97.65 
 314   15.08    5.11     34.50    3.22    3.09     11.99   32.11   26.21     15.32   23.68   19.04      4.62   73.53   78.47   135.86  105.71   132.74   97.61 
 315   15.08    6.28     33.10    3.78    3.09     11.89   32.49   26.23     15.32   23.68   19.05      4.55   73.98   78.46   134.95  105.27   132.03   97.02 
 316   16.87    5.00     33.40    3.62    3.09     12.92   29.15   26.24     15.31   23.69   19.07      4.61   74.07   78.44   134.37  104.24   131.46   95.92 
 317   16.87    5.67     36.94    2.38    3.09     12.59   30.54   26.25     15.31   23.69   19.08      4.65   74.20   78.43   133.16  104.10   130.09   95.92 
 318   16.87    5.01     35.66    2.74    3.09     12.74   30.00   26.26     15.31   23.69   19.10      4.72   74.33   78.42   131.98  103.57   129.07   95.19 
 319   16.87    6.09     34.80    2.98    3.09     13.13   28.96   26.27     15.31   23.69   19.11      4.76   74.07   78.40   130.63  102.41   127.77   94.03 
 320   16.87    5.63     36.38    2.47    3.09     13.54   27.75   26.28     15.31   23.69   19.13      4.83   73.78   78.39   129.13  102.01   126.21   93.67 
 321   26.90    5.79     37.60    2.12    3.08     14.67   24.45   26.27     15.12   24.21   19.14      4.76   75.19   78.38   127.64  101.76   124.54   93.36 
 322   26.90    5.57     36.81    2.30    3.08     15.12   23.58   26.26     15.12   24.21   19.16      4.75   75.37   78.37   126.26  101.58   123.52   93.25 
 323   26.90    5.84     34.85    2.87    3.08     15.94   21.53   26.25     15.12   24.21   19.17      4.84   75.65   78.36   124.31  100.79   121.55   92.40 
 324   26.90    5.46     38.64    1.82    3.08     14.96   24.39   26.24     15.12   24.21   19.19      4.86   76.07   78.35   122.61  100.73   119.71   92.43 
 325   26.90    5.83     36.04    2.43    3.08     15.51   23.00   26.23     15.12   24.21   19.20      4.94   75.69   78.35   120.92   99.61   118.13   91.29 
 326   19.90    5.63     33.92    3.08    3.08     15.56   22.84   26.22     15.24   23.85   19.22      5.07   74.82   78.34   119.53   98.90   116.68   90.55 
 327   19.90    5.61     35.14    2.64    3.07     14.82   25.23   26.22     15.24   23.85   19.23      5.15   74.62   78.32   117.69   97.95   115.01   89.64 
 328   19.90    4.96     34.36    2.86    3.07     14.33   26.52   26.22     15.24   23.85   19.25      5.15   74.94   78.31   116.78   97.83   114.01   89.48 
 329   19.90    5.63     35.31    2.54    3.07     14.02   27.19   26.22     15.24   23.85   19.26      5.11   74.94   78.30   114.76   97.70   111.99   89.29 
 330   19.90    5.53     37.29    2.01    3.07     14.28   26.52   26.22     15.24   23.85   19.28      5.15   74.49   78.29   113.95   97.23   111.03   88.89 
 331   26.28    5.55     35.25    2.51    3.07     14.53   25.77   26.22     15.25   23.83   19.29      5.08   75.18   78.28   112.14   96.80   109.41   88.40 
 332   26.28    5.87     33.82    2.95    3.07     16.17   21.53   26.21     15.25   23.83   19.30      5.24   74.05   78.27   111.51   96.18   108.79   87.79 
 333   26.28    5.06     33.07    3.18    3.07     15.53   23.10   26.20     15.25   23.83   19.32      5.08   75.50   78.26   109.94   95.84   107.14   87.43 
 334   26.28    5.84     38.21    1.74    3.06     14.68   25.20   26.20     15.25   23.83   19.33      5.18   74.65   78.25   108.49   96.05   105.68   87.55 
 335   26.28    5.47     37.19    1.95    3.06     14.76   25.21   26.19     15.25   23.83   19.34      5.20   74.46   78.24   107.43   95.60   104.65   87.19 
 336   25.09    5.70     35.18    2.43    3.06     14.53   26.12   26.19     15.12   24.18   19.36      5.13   75.44   78.23   106.35   95.33   103.66   86.93 
 337   25.09    5.85     35.34    2.36    3.06     14.08   27.46   26.20     15.12   24.18   19.37      5.22   74.99   78.22   104.46   95.39   101.73   86.98 
 338   25.09    5.48     37.33    1.87    3.05     12.92   31.02   26.21     15.12   24.18   19.39      5.11   75.05   78.21   103.06   96.38   100.32   87.97 
 339   25.09    4.93     35.70    2.25    3.05     12.49   32.31   26.23     15.12   24.18   19.40      5.05   75.34   78.20   101.15   96.71    98.54   88.21 
 340   25.09    5.85     31.78    3.50    3.05     12.47   32.61   26.25     15.12   24.18   19.41      5.06   75.40   78.19    99.96   96.18    97.23   87.70 
 341   30.98    5.74     31.68    3.51    3.05     12.85   30.81   26.26     15.04   24.42   19.43      4.89   76.42   78.19    98.41   96.99    95.54   88.57 
 342   30.98    5.01     32.32    3.24    3.05     12.23   32.98   26.28     15.04   24.42   19.44      4.77   76.36   78.18    96.54   96.77    93.73   88.46 
 343   30.98    5.03     30.10    4.16    3.06     11.79   34.44   26.30     15.04   24.42   19.46      4.70   76.73   78.18    95.39   95.96    92.89   87.39 
 344   30.98    5.89     33.25    2.87    3.06     11.40   35.93   26.33     15.04   24.42   19.47      4.70   76.43   78.17    94.29   96.54    91.79   88.07 
 345   30.98    5.19     32.49    3.12    3.06     11.30   36.34   26.36     15.04   24.42   19.49      4.62   77.19   78.17    92.78   96.88    90.14   88.45 
 346   26.59    5.77     31.55    3.43    3.06     12.10   32.77   26.38     14.86   24.91   19.50      4.62   77.31   78.17    90.85   96.83    88.27   88.31 
 347   26.59    5.29     31.15    3.57    3.06     11.49   34.89   26.40     14.86   24.91   19.52      4.50   77.40   78.17    89.43   96.53    86.68   88.04 
 348   26.59    4.94     30.91    3.65    3.06     11.25   35.95   26.43     14.86   24.91   19.53      4.61   76.20   78.16    88.37   96.67    85.62   88.19 
 349   26.59    4.94     31.63    3.32    3.06     10.54   38.40   26.47     14.86   24.91   19.55      4.45   77.07   78.16    86.56   96.83    83.69   88.29 
 350   26.59    4.95     32.46    3.01    3.06      9.53   42.66   26.51     14.86   24.91   19.56      4.38   76.87   78.15    84.71   97.38    81.98   88.79 
 351   31.40    5.00     32.10    3.11    3.06     10.35   38.83   26.55     14.84   24.95   19.58      4.42   75.79   78.15    83.09   96.90    80.35   88.28 
 352   31.40    4.89     32.69    2.88    3.06      9.39   42.69   26.59     14.84   24.95   19.59      4.46   75.18   78.14    81.22   97.59    78.57   88.94 
 353   31.40    5.04     31.49    3.28    3.06      9.62   42.26   26.64     14.84   24.95   19.61      4.48   75.22   78.13    80.92   97.64    77.96   89.09 
 354   31.40    4.92     28.39    4.62    3.07      9.27   43.84   26.69     14.84   24.95   19.63      4.52   74.70   78.12    79.31   97.77    76.31   89.25 
 355   31.40    5.00     29.08    4.24    3.07      8.90   45.34   26.74     14.84   24.95   19.64      4.51   74.52   78.11    77.65   97.72    74.84   89.14 
 356   28.60    5.48     28.93    4.28    3.07     11.35   34.18   26.76     14.80   25.05   19.66      4.99   69.72   78.09    76.62   97.25    73.83   88.67 
 357   28.60    5.00     30.95    3.37    3.07     11.79   32.17   26.77     14.80   25.05   19.67      5.06   68.93   78.06    75.08   97.18    72.56   88.59 
 358   28.60    5.35     30.98    3.35    3.07     11.58   33.20   26.79     14.80   25.05   19.69      5.00   69.89   78.04    74.67   96.77    72.17   88.16 
 359   28.60    4.98     30.11    3.63    3.08     11.37   33.40   26.81     14.80   25.05   19.70      5.14   68.58   78.01    73.17   95.48    71.20   86.67 
 360   28.60    4.90     29.37    3.92    3.08     11.14   34.30   26.83     14.80   25.05   19.72      4.96   68.97   77.99    72.30   94.60    70.11   85.90 
 361   27.13    5.22     30.17    3.58    3.08     13.44   26.23   26.83     14.72   25.25   19.73      5.01   67.42   77.96    72.49   95.41    70.53   86.57 
 362   27.13    5.31     28.89    4.14    3.08     13.22   26.98   26.83     14.72   25.25   19.75      5.07   67.64   77.93    72.37   94.56    70.43   85.77 
 363   27.13    5.19     28.78    4.20    3.08     14.10   24.86   26.82     14.72   25.25   19.76      5.06   67.80   77.90    73.20   94.30    71.17   85.58 
 364   27.13    5.14     31.39    3.10    3.08     13.69   26.48   26.82     14.72   25.25   19.78      5.16   68.47   77.88    73.90   93.57    71.74   84.80 
 365   27.13    5.19     27.99    4.61    3.09     13.07   29.54   26.83     14.72   25.25   19.79      5.24   69.47   77.85    76.42   92.02    74.21   83.28 
 366   33.41    5.46     28.43    4.40    3.09     11.95   34.10   26.85     14.68   25.34   19.81      5.31   69.75   77.83    78.14   90.06    76.10   81.29 
 367   33.41    5.61     30.03    3.66    3.09     11.83   34.78   26.87     14.68   25.34   19.82      5.35   69.65   77.81    79.42   89.58    77.33   80.80 
 368   33.41    4.90     30.93    3.29    3.09     11.24   37.33   26.90     14.68   25.34   19.84      5.34   69.96   77.79    80.61   88.79    78.37   80.13 
 369   33.41    5.64     32.45    2.76    3.09     11.63   35.85   26.93     14.68   25.34   19.85      5.42   69.84   77.77    82.29   89.08    80.04   80.35 
 370   33.41    5.01     35.11    2.05    3.09     11.32   37.57   26.95     14.68   25.34   19.87      5.54   70.70   77.75    83.11   87.71    81.00   78.89 
 371   27.02    5.73     33.32    2.50    3.09     11.73   36.72   26.98     14.62   25.50   19.88      5.50   71.64   77.73    84.57   85.68    82.46   77.00 
 372   27.02    5.34     33.91    2.32    3.09     11.31   38.98   27.01     14.62   25.50   19.90      5.53   72.32   77.72    85.58   83.78    83.48   75.11 
 373   27.02    5.86     31.70    2.96    3.09     10.90   41.36   27.05     14.62   25.50   19.91      5.59   72.92   77.70    87.37   81.79    85.18   73.12 
 374   27.02    4.88     33.33    2.45    3.09     10.98   41.33   27.09     14.62   25.50   19.93      5.61   73.74   77.69    87.92   79.26    85.57   70.55 
 375   27.02    4.91     32.92    2.55    3.08     10.91   41.98   27.13     14.62   25.50   19.94      5.76   72.87   77.68    89.06   76.36    86.89   67.64 
 376   36.53    4.91     31.37    3.06    3.08     12.18   36.77   27.15     14.69   25.33   19.96      6.01   71.60   77.66    90.56   74.94    88.36   66.26 
 377   36.53    5.26     32.95    2.56    3.08     12.37   36.03   27.18     14.69   25.33   19.97      6.12   71.70   77.65    91.48   73.50    89.58   64.73 
 378   36.53    5.10     36.17    1.77    3.08     12.38   36.54   27.20     14.69   25.33   19.98      6.09   72.22   77.63    92.97   73.43    91.03   64.68 
 379   36.53    5.20     35.14    2.00    3.08     12.77   35.46   27.22     14.69   25.33   20.00      6.23   71.78   77.62    95.00   72.38    92.97   63.65 
 380   36.53    5.21     34.89    2.07    3.07     12.26   37.92   27.25     14.69   25.33   20.01      6.07   74.37   77.61    96.44   69.47    94.64   60.70 
 381   28.03    5.85     36.85    1.68    3.07     13.18   34.78   27.27     14.67   25.42   20.03      6.48   71.76   77.59    99.22   69.72    97.21   60.98 
 382   28.03    4.98     38.98    1.33    3.07     13.23   34.80   27.29     14.67   25.42   20.04      6.42   73.19   77.58   100.28   68.82    98.48   60.10 
 383   28.03    4.99     41.47    1.01    3.06     13.38   34.27   27.31     14.67   25.42   20.05      6.42   73.49   77.57   103.08   68.05   101.20   59.26 
 384   28.03    4.97     42.46    0.91    3.05     13.83   32.51   27.32     14.67   25.42   20.07      6.45   73.37   77.56   105.25   67.60   103.41   58.80 
 385   28.03    4.97     41.62    1.02    3.05     13.67   32.88   27.34     14.67   25.42   20.08      6.40   73.51   77.55   107.20   67.32   105.28   58.49 
 386   27.38    4.86     39.75    1.29    3.04     13.95   31.59   27.35     14.65   25.54   20.10      6.32   73.53   77.54   109.76   67.26   107.84   58.44 
 387   27.38    5.51     40.30    1.23    3.04     14.78   28.52   27.35     14.65   25.54   20.11      6.42   72.22   77.53   111.21   67.42   109.31   58.63 
 388   27.38    4.84     46.78    0.59    3.03     14.78   28.51   27.36     14.65   25.54   20.12      6.29   72.88   77.51   113.50   67.83   111.75   59.11 
 389   27.38    4.82     46.71    0.61    3.03     13.92   31.43   27.37     14.65   25.54   20.14      6.23   72.92   77.50   115.69   68.40   113.91   59.76 
 390   27.38    4.82     37.06    1.88    3.02     13.55   32.41   27.38     14.65   25.54   20.15      6.17   72.90   77.49   116.68   69.26   114.93   60.64 
 391   38.41    5.20     45.31    0.74    3.02     12.88   34.69   27.40     14.53   25.94   20.17      5.87   74.64   77.48   119.72   70.33   117.60   61.82 
 392   38.41    5.01     38.74    1.60    3.01     13.21   33.47   27.41     14.53   25.94   20.18      5.88   74.44   77.48   121.36   72.72   119.56   64.28 
 393   38.41    4.98     41.85    1.13    3.01     14.78   27.61   27.41     14.53   25.94   20.20      5.81   74.76   77.47   122.21   73.62   120.19   65.23 
 394   38.41    5.27     40.38    1.35    3.01     14.43   28.35   27.42     14.53   25.94   20.21      5.68   75.05   77.46   123.47   75.35   121.20   66.99 
 395   38.41    4.99     40.87    1.30    3.00     13.91   30.01   27.42     14.53   25.94   20.23      5.52   75.93   77.46   124.20   75.81   122.09   67.45 
 396   22.94    5.42     45.51    0.77    3.00     14.25   28.63   27.43     14.59   25.80   20.24      5.69   73.73   77.45   125.57   78.39   123.40   70.05 
 397   22.94    4.91     46.34    0.70    2.99     14.20   28.57   27.43     14.59   25.80   20.25      5.55   74.44   77.44   125.61   79.81   123.36   71.49 
 398   22.94    5.96     46.07    0.74    2.98     15.61   24.17   27.42     14.59   25.80   20.27      5.54   73.93   77.43   126.67   81.79   124.28   73.60 
 399   22.94    5.59     39.24    1.64    2.98     14.71   26.60   27.42     14.59   25.80   20.28      5.36   75.42   77.43   126.60   83.50   124.36   75.22 
 400   22.94    4.93     44.56    0.89    2.98     15.10   25.27   27.41     14.59   25.80   20.30      5.33   75.42   77.42   126.87   85.32   124.49   77.06 
 401   28.03    5.68     44.31    0.93    2.97     14.45   27.03   27.41     14.56   25.89   20.31      5.40   74.22   77.41   127.56   89.08   124.99   80.93 
 402   28.03    5.79     37.81    1.99    2.97     14.54   26.63   27.41     14.56   25.89   20.32      5.31   75.00   77.41   127.03   90.50   124.54   82.32 
 403   28.03    5.01     37.81    2.00    2.97     15.46   23.85   27.40     14.56   25.89   20.34      5.19   75.23   77.40   127.39   92.14   124.95   83.95 
 404   28.03    5.80     43.66    1.03    2.96     15.24   24.14   27.39     14.56   25.89   20.35      5.20   74.38   77.40   128.11   95.58   125.52   87.44 
 405   28.03    5.01     34.11    3.13    2.96     13.84   28.31   27.40     14.56   25.89   20.36      5.03   75.46   77.39   127.63   95.95   124.93   87.84 
 406   35.52    6.02     37.29    2.18    2.96     15.98   21.74   27.38     14.55   25.93   20.38      4.86   75.85   77.39   128.08   98.92   125.37   90.78 
 407   35.52    5.24     38.45    1.93    2.96     15.60   22.35   27.37     14.55   25.93   20.39      4.80   75.70   77.38   128.72  101.74   126.03   93.54 
 408   35.52    4.88     37.91    2.08    2.95     15.55   22.37   27.36     14.55   25.93   20.41      4.89   74.36   77.38   129.18  103.57   126.52   95.37 
 409   35.52    5.73     35.86    2.65    2.95     15.03   23.71   27.35     14.55   25.93   20.42      4.76   75.08   77.37   129.41  105.30   126.63   97.18 
 410   35.52    5.45     36.74    2.42    2.95     14.32   25.54   27.34     14.55   25.93   20.43      4.64   75.73   77.37   129.21  107.91   126.64   99.67 
 411   29.44    5.08     39.92    1.70    2.95     13.67   27.31   27.34     14.46   26.20   20.45      4.66   74.78   77.36   130.33  111.25   127.76  103.02 
 412   29.44    5.19     35.65    2.83    2.95     13.61   27.40   27.34     14.46   26.20   20.46      4.72   73.92   77.35   130.39  113.69   127.69  105.61 
 413   29.44    5.22     40.05    1.72    2.95     11.94   32.75   27.36     14.46   26.20   20.47      4.58   74.90   77.35   130.58  117.10   127.90  109.01 
 414   29.44    5.04     33.38    3.77    2.95     11.20   35.50   27.38     14.46   26.20   20.49      4.47   74.99   77.34   130.79  118.79   127.95  110.77 
 415   29.44    5.60     34.77    3.24    2.95     11.18   34.97   27.39     14.46   26.20   20.50      4.34   75.37   77.34   131.46  121.57   128.85  113.35 
 416   23.65    5.83     36.06    2.82    2.95     10.90   35.91   27.42     14.57   25.86   20.51      4.14   76.77   77.33   130.80  125.33   128.21  117.19 
 417   23.65    4.98     35.22    3.14    2.95     10.60   36.91   27.44     14.57   25.86   20.53      4.11   76.91   77.33   131.00  127.26   128.18  119.04 
 418   23.65    4.98     31.77    4.72    2.95     10.05   38.86   27.47     14.57   25.86   20.54      4.12   75.64   77.33   130.53  128.79   127.75  120.51 
 419   23.65    4.98     33.06    4.11    2.96      9.83   39.75   27.49     14.57   25.86   20.55      4.04   75.57   77.32   130.95  132.02   128.24  123.70 
 420   23.65    4.97     33.39    4.00    2.96      9.82   39.65   27.52     14.57   25.86   20.57      3.80   77.56   77.33   130.96  134.53   128.05  126.25 
 421   36.14    5.25     34.63    3.48    2.96     10.54   35.91   27.54     14.52   25.96   20.58      3.76   77.11   77.32   130.43  137.24   127.47  128.98 
 422   36.14    4.94     32.15    4.67    2.96     10.58   35.41   27.56     14.52   25.96   20.59      3.78   76.23   77.32   129.62  138.92   126.51  130.76 
 423   36.14    4.92     33.48    4.03    2.97      9.66   38.83   27.59     14.52   25.96   20.60      3.63   76.89   77.32   128.86  142.14   125.78  133.95 
 424   36.14    4.95     32.47    4.57    2.97      9.70   38.54   27.61     14.52   25.96   20.62      3.59   76.73   77.32   128.88  143.80   125.75  135.61 
 425   36.14    5.14     32.82    4.43    2.97      8.73   42.99   27.65     14.52   25.96   20.63      3.34   78.61   77.32   127.88  146.38   124.67  138.23 
 426   39.77    5.30     31.60    5.16    2.98      8.90   41.79   27.68     14.47   26.09   20.64      3.58   76.06   77.32   127.80  149.21   124.71  140.83 
 427   39.77    5.61     30.51    5.89    2.99      8.50   43.76   27.72     14.47   26.09   20.65      3.30   77.54   77.32   127.60  150.26   124.27  142.28 
 428   39.77    5.25     30.43    6.01    2.99      8.24   44.64   27.76     14.47   26.09   20.67      3.30   77.54   77.32   126.94  153.39   123.57  145.46 
 429   39.77    4.97     29.03    7.13    3.00      7.88   46.82   27.81     14.47   26.09   20.68      3.32   76.99   77.32   127.30  155.26   123.93  147.33 
 430   39.77    4.93     29.79    6.59    3.01      7.73   47.79   27.85     14.47   26.09   20.69      3.22   77.94   77.32   126.86  157.99   123.43  150.04 
 431   37.77    5.59     28.86    7.39    3.02      8.08   45.47   27.89     14.36   26.36   20.71      3.26   76.67   77.32   126.45  159.35   123.03  151.33 
 432   37.77    5.68     30.10    6.46    3.03      7.88   46.00   27.93     14.36   26.36   20.72      3.14   76.85   77.32   126.22  162.63   122.80  154.63 
 433   37.77    5.54     27.88    8.41    3.04      7.54   47.33   27.98     14.36   26.36   20.73      3.01   77.58   77.32   125.79  163.17   122.44  155.01 
 434   37.77    5.69     30.03    6.62    3.05      7.40   47.29   28.02     14.36   26.36   20.74      2.92   77.30   77.32   125.57  167.30   122.27  159.14 
 435   37.77    5.11     28.78    7.70    3.06      7.09   48.63   28.07     14.36   26.36   20.76      2.87   77.21   77.32   125.44  168.59   122.04  160.35 
 436   28.98    5.66     29.27    7.31    3.07      8.22   42.09   28.10     14.19   26.82   20.77      2.99   75.09   77.31   124.51  170.62   120.90  162.38 
 437   28.98    4.85     28.77    7.80    3.08      7.82   43.82   28.14     14.19   26.82   20.79      2.88   75.17   77.31   123.91  172.55   120.31  164.45 
 438   28.98    5.66     29.24    7.41    3.09      7.43   45.28   28.18     14.19   26.82   20.80      2.86   74.93   77.30   123.38  173.92   119.61  165.75 
 439   28.98    4.92     29.87    6.90    3.10      7.19   46.47   28.22     14.19   26.82   20.81      2.81   75.10   77.30   122.99  175.29   119.08  167.13 
 440   28.98    5.51     29.27    7.42    3.11      6.76   48.24   28.27     14.19   26.82   20.83      2.76   74.74   77.29   121.35  176.57   117.68  168.38 
 441   31.36    5.27     30.44    6.49    3.12      8.49   39.32   28.29     13.91   27.64   20.84      2.89   73.38   77.28   121.42  178.28   117.60  170.16 
 442   31.36    6.18     29.04    7.69    3.13      7.98   41.78   28.32     13.91   27.64   20.86      2.85   73.45   77.28   121.35  179.14   117.74  171.02 
 443   31.36    5.02     28.88    7.84    3.14      7.68   42.65   28.35     13.91   27.64   20.87      2.71   74.31   77.27   119.74  180.06   116.06  171.95 
 444   31.36    4.91     30.30    6.67    3.15      7.59   43.17   28.39     13.91   27.64   20.89      2.80   73.33   77.26   120.27  182.09   116.47  174.05 
 445   31.36    4.90     29.68    7.20    3.16      7.36   43.70   28.42     13.91   27.64   20.90      2.85   73.12   77.25   118.55  183.43   114.59  175.53 
 446   42.26    5.80     29.01    7.80    3.17      8.63   37.53   28.44     14.18   26.75   20.92      3.30   69.13   77.23   117.49  184.24   113.45  176.32 
 447   42.26    5.03     27.92    8.89    3.18      8.35   38.89   28.47     14.18   26.75   20.93      3.28   68.73   77.21   117.22  185.42   113.11  177.53 
 448   42.26    5.67     28.56    8.22    3.19      7.88   40.76   28.49     14.18   26.75   20.94      3.35   68.37   77.19   115.31  185.40   111.18  177.47 
 449   42.26    5.21     30.49    6.57    3.20      7.64   41.56   28.52     14.18   26.75   20.95      3.30   68.34   77.17   114.50  187.23   110.55  179.27 
 450   42.26    5.67     30.67    6.42    3.20      7.50   41.91   28.55     14.18   26.75   20.97      3.37   67.64   77.15   113.01  187.42   108.83  179.54 
 451   31.18    5.43     29.88    7.03    3.21      9.24   34.66   28.57     14.14   26.78   20.98      3.71   65.09   77.13   113.08  186.97   108.88  178.99 
 452   31.18    5.60     30.40    6.61    3.22      9.11   35.05   28.58     14.14   26.78   20.99      3.64   65.89   77.10   112.06  187.47   108.11  179.44 
 453   31.18    5.28     30.48    6.54    3.23      9.18   34.63   28.59     14.14   26.78   21.01      3.60   66.02   77.08   110.78  187.68   106.79  179.57 
 454   31.18    5.58     29.05    7.75    3.24      8.82   36.12   28.61     14.14   26.78   21.02      3.49   66.28   77.05   109.87  188.40   105.75  180.33 
 455   31.18    5.27     28.42    8.33    3.25      8.69   36.54   28.63     14.14   26.78   21.03      3.36   67.27   77.03   109.06  189.07   104.89  180.96 
 456   39.58    5.55     29.37    7.42    3.26     10.24   30.56   28.63     14.07   26.94   21.04      3.56   65.21   77.01   107.84  188.44   103.84  180.22 
 457   39.58    5.19     28.55    8.13    3.27     10.18   31.15   28.64     14.07   26.94   21.06      3.54   65.58   76.98   107.55  187.25   103.80  179.03 
 458   39.58    4.90     30.04    6.75    3.28      9.76   32.69   28.65     14.07   26.94   21.07      3.52   65.94   76.96   106.41  185.54   102.69  177.25 
 459   39.58    4.84     27.49    8.91    3.29      9.86   32.80   28.65     14.07   26.94   21.08      3.47   66.24   76.93   105.78  180.34   102.39  171.98 
 460   39.58    5.27     28.34    7.98    3.30      9.72   33.10   28.66     14.07   26.94   21.10      3.56   66.12   76.91   105.30  178.20   102.00  169.82 
 461   31.99    5.85     27.78    8.40    3.31     10.13   31.60   28.67     14.07   26.86   21.11      3.39   67.16   76.89   105.14  174.41   101.94  165.90 
 462   31.99    4.96     28.02    8.05    3.32      9.41   34.76   28.68     14.07   26.86   21.12      3.50   66.83   76.87   106.38  171.65   103.13  163.20 
 463   31.99    6.21     28.10    7.82    3.33      8.79   37.19   28.70     14.07   26.86   21.13      3.54   67.70   76.85   105.95  167.73   102.95  159.14 
 464   31.99    4.96     28.06    7.72    3.34      7.74   41.49   28.73     14.07   26.86   21.15      3.40   69.18   76.83   105.71  163.41   102.51  154.81 
 465   31.99    6.16     28.25    7.37    3.35      7.08   44.00   28.76     14.07   26.86   21.16      3.19   69.91   76.82   105.49  158.43   102.25  149.81 
 466   24.67    5.43     30.08    5.88    3.35      7.07   43.70   28.79     13.89   27.38   21.17      3.46   67.42   76.80   105.91  156.20   102.71  147.53 
 467   24.67    5.54     28.48    6.97    3.36      7.04   43.06   28.83     13.89   27.38   21.18      3.19   68.72   76.78   106.07  151.34   102.73  142.69 
 468   24.67    5.12     29.95    5.80    3.37      7.14   42.48   28.85     13.89   27.38   21.20      3.19   68.38   76.76   106.91  148.39   103.74  139.68 
 469   24.67    5.56     29.48    6.05    3.37      7.35   41.80   28.88     13.89   27.38   21.21      3.16   68.66   76.74   107.72  144.94   104.57  136.11 
 470   24.67    5.11     27.78    7.27    3.38      7.61   40.90   28.91     13.89   27.38   21.22      3.16   68.62   76.73   108.03  140.86   104.75  132.01 
 471   27.19    5.30     28.41    6.67    3.39      8.49   37.58   28.93     13.90   27.27   21.24      3.23   67.53   76.71   109.83  137.40   106.50  128.56 
 472   27.19    5.34     29.19    6.03    3.39      8.63   36.69   28.94     13.90   27.27   21.25      3.23   67.50   76.69   110.69  134.22   106.99  125.57 
 473   27.19    4.87     32.02    4.30    3.39      8.23   38.09   28.96     13.90   27.27   21.26      3.14   67.59   76.67   111.56  132.20   107.83  123.61 
 474   27.19    4.92     32.60    4.02    3.40      7.92   39.40   28.98     13.90   27.27   21.28      3.22   66.67   76.65   113.07  130.98   109.45  122.33 
 475   27.19    4.92     32.29    4.17    3.40      8.27   37.86   29.00     13.90   27.27   21.29      3.19   66.80   76.63   114.45  129.59   111.04  120.83 
 476   27.61    5.52     32.35    4.15    3.40      9.56   32.80   29.01     13.86   27.32   21.30      3.36   66.52   76.60   115.59  128.68   111.96  120.01 
 477   27.61    5.18     31.60    4.52    3.40      9.30   34.62   29.02     13.86   27.32   21.31      3.48   66.85   76.58   116.86  127.16   113.51  118.43 
 478   27.61    5.01     31.97    4.32    3.40      9.42   34.85   29.03     13.86   27.32   21.33      3.57   67.49   76.56   119.18  124.95   115.76  116.28 
 479   27.61    5.00     35.55    2.84    3.40      9.17   35.74   29.05     13.86   27.32   21.34      3.61   67.98   76.55   120.85  123.73   116.86  115.07 
 480   27.61    5.01     32.20    4.20    3.40      9.17   36.30   29.06     13.86   27.32   21.35      3.67   67.72   76.53   122.08  121.90   118.33  113.15 
 481   28.63    5.34     30.16    5.35    3.41      9.09   37.69   29.08     13.85   27.29   21.36      3.86   67.46   76.51   124.50  120.21   120.89  111.45 
 482   28.63    5.04     34.10    3.42    3.41      9.13   37.55   29.10     13.85   27.29   21.38      3.89   67.80   76.49   126.58  121.17   122.78  112.45 
 483   28.63    5.04     34.38    3.34    3.41      9.43   36.28   29.11     13.85   27.29   21.39      3.91   68.46   76.47   128.34  121.86   124.43  113.01 
 484   28.63    4.97     35.26    3.05    3.41      9.45   36.24   29.13     13.85   27.29   21.40      4.03   67.47   76.46   130.51  123.20   126.51  114.31 
 485   28.63    5.05     34.44    3.39    3.41      9.53   36.22   29.14     13.85   27.29   21.41      4.04   67.58   76.44   132.46  122.56   128.29  113.81 
 486   36.13    5.14     31.52    4.80    3.41     10.20   33.62   29.15     13.80   27.41   21.42      3.90   68.91   76.42   133.98  122.18   129.77  113.53 
 487   36.13    5.33     33.96    3.63    3.41      9.54   36.35   29.17     13.80   27.41   21.44      3.99   68.50   76.41   135.81  122.66   131.68  113.97 
 488   36.13    5.30     33.90    3.66    3.41      9.55   36.46   29.18     13.80   27.41   21.45      3.90   69.36   76.39   136.80  121.65   132.62  113.02 
 489   36.13    5.00     36.75    2.65    3.41      9.29   37.43   29.20     13.80   27.41   21.46      3.85   70.01   76.38   138.57  121.95   134.46  113.26 
 490   36.13    5.28     37.07    2.56    3.41      9.37   37.54   29.22     13.80   27.41   21.47      3.88   69.99   76.37   140.07  121.46   136.14  112.77 
 491   26.15    5.45     35.45    3.12    3.41     10.34   33.65   29.23     13.68   27.75   21.49      3.83   70.65   76.35   140.82  121.35   137.09  112.59 
 492   26.15    5.37     35.10    3.27    3.41     10.85   31.94   29.23     13.68   27.75   21.50      3.74   71.62   76.34   142.86  120.79   139.04  112.11 
 493   26.15    5.40     35.27    3.22    3.41     10.89   31.88   29.24     13.68   27.75   21.51      3.80   71.32   76.33   145.35  120.00   141.16  111.48 
 494   26.15    5.40     33.77    3.85    3.41      9.94   35.52   29.25     13.68   27.75   21.52      3.86   71.09   76.32   147.55  118.44   143.39  109.76 
 495   26.15    5.01     36.45    2.85    3.41      9.65   36.36   29.26     13.68   27.75   21.54      3.84   70.83   76.31   149.14  119.08   145.21  110.33 
 496   35.80    5.44     33.01    4.26    3.41      9.69   36.21   29.28     13.56   28.09   21.55      3.65   71.81   76.30   151.17  117.37   147.16  108.62 
 497   35.80    4.93     34.10    3.78    3.41     10.08   34.91   29.29     13.56   28.09   21.56      3.71   71.37   76.29   153.37  117.17   149.17  108.58 
 498   35.80    5.48     37.12    2.68    3.41      9.73   36.14   29.30     13.56   28.09   21.58      3.72   71.57   76.28   155.31  117.35   151.19  108.70 
 499   35.80    4.92     34.36    3.72    3.41      9.08   39.30   29.32     13.56   28.09   21.59      3.76   71.22   76.27   156.78  116.45   152.29  108.07 
 500   35.80    4.96     36.19    3.03    3.41      9.49   37.70   29.34     13.56   28.09   21.60      3.82   71.02   76.26   159.82  116.45   155.60  107.94 
 501   34.36    5.36     35.94    3.16    3.41      9.37   38.05   29.36     13.64   27.77   21.61      4.05   69.47   76.25   162.48  116.19   158.24  107.66 
 502   34.36    5.25     34.48    3.78    3.41      9.21   38.66   29.37     13.64   27.77   21.63      3.96   69.72   76.24   164.79  115.73   160.67  107.14 
 503   34.36    5.34     34.13    3.98    3.41      8.48   42.27   29.40     13.64   27.77   21.64      3.87   70.19   76.22   167.77  115.26   163.80  106.70 
 504   34.36    5.22     33.39    4.38    3.41      8.80   40.83   29.42     13.64   27.77   21.65      4.11   68.52   76.21   168.28  115.78   164.50  107.25 
 505   34.36    5.14     32.40    4.98    3.41      8.45   42.30   29.45     13.64   27.77   21.66      3.94   70.34   76.20   171.48  115.71   167.69  107.08 
 506   37.53    5.71     30.71    6.14    3.42      8.38   42.80   29.48     13.59   27.91   21.68      3.91   70.13   76.19   173.97  116.33   170.40  107.65 
 507   37.53    4.98     31.92    5.39    3.42      7.91   45.04   29.51     13.59   27.91   21.69      3.90   69.68   76.17   177.12  116.59   173.30  108.06 
 508   37.53    5.31     32.29    5.22    3.43      7.59   46.03   29.54     13.59   27.91   21.70      3.87   69.71   76.16   179.04  118.14   175.34  109.44 
 509   37.53    5.14     31.78    5.59    3.43      7.64   45.64   29.57     13.59   27.91   21.71      3.93   68.68   76.15   179.85  119.03   176.31  110.36 
 510   37.53    5.00     30.08    6.89    3.44      7.60   46.11   29.60     13.59   27.91   21.72      3.92   68.79   76.13   181.65  120.08   177.97  111.57 
 511   38.61    5.00     30.16    6.90    3.44      7.99   43.51   29.63     13.32   28.74   21.74      3.88   68.41   76.12   182.61  122.59   178.99  114.07 
 512   38.61    5.08     30.38    6.79    3.45      8.09   42.83   29.66     13.32   28.74   21.75      3.86   67.84   76.10   184.23  124.70   180.51  116.28 
 513   38.61    5.46     30.53    6.75    3.46      8.23   41.27   29.68     13.32   28.74   21.77      3.86   67.24   76.08   184.82  128.17   181.24  119.62 
 514   38.61    4.96     31.11    6.35    3.46      8.39   40.09   29.70     13.32   28.74   21.78      3.80   66.80   76.06   185.18  130.91   181.49  122.47 
 515   38.61    5.39     30.54    6.84    3.47      8.44   39.37   29.72     13.32   28.74   21.79      3.80   66.02   76.04   185.20  133.31   181.52  124.90 
 516   39.89    5.79     31.74    6.01    3.47      9.02   36.58   29.73     13.33   28.64   21.81      3.80   65.29   76.02   186.40  136.34   182.60  128.02 
 517   39.89    4.92     30.43    7.06    3.48      8.69   37.50   29.75     13.33   28.64   21.82      3.83   64.80   76.00   186.49  138.61   182.61  130.34 
 518   39.89    5.51     30.39    7.16    3.49      8.42   38.43   29.76     13.33   28.64   21.83      3.70   65.36   75.98   187.86  140.25   183.94  131.99 
 519   39.89    5.09     29.41    8.11    3.50      8.25   39.23   29.78     13.33   28.64   21.84      3.81   64.62   75.96   190.18  140.79   186.42  132.49 
 520   39.89    5.61     30.46    7.23    3.50      7.86   40.83   29.80     13.33   28.64   21.86      3.94   63.88   75.94   192.70  140.52   188.65  132.18 
 521   43.86    5.04     31.02    6.80    3.51      8.01   40.30   29.82     13.40   28.37   21.87      4.06   63.42   75.91   194.47  139.92   190.33  131.64 
 522   43.86    5.15     28.79    8.85    3.52      7.66   42.25   29.85     13.40   28.37   21.88      4.06   64.02   75.89   195.58  138.06   191.49  129.74 
 523   43.86    4.89     29.29    8.33    3.53      7.38   44.69   29.87     13.40   28.37   21.90      4.08   64.31   75.87   196.66  135.77   192.41  127.73 
 524   43.86    5.15     29.51    8.09    3.54      7.74   43.52   29.90     13.40   28.37   21.91      4.20   64.52   75.85   198.73  131.91   194.61  123.92 
 525   43.86    5.18     30.17    7.46    3.55      7.80   43.73   29.93     13.40   28.37   21.92      4.16   66.00   75.83   200.27  128.59   196.10  120.59 
 526   44.90    4.84     29.79    7.76    3.55      8.31   41.52   29.95     13.23   28.89   21.93      4.07   67.34   75.81   200.86  124.33   196.53  116.43 
 527   44.90    4.92     29.16    8.29    3.56      8.24   42.10   29.97     13.23   28.89   21.95      4.05   67.64   75.80   202.15  118.99   197.88  111.05 
 528   44.90    4.91     28.84    8.54    3.57      7.87   43.82   30.00     13.23   28.89   21.96      4.09   67.19   75.78   202.27  115.02   197.88  107.12 
 529   44.90    4.91     29.62    7.76    3.58      7.45   45.72   30.03     13.23   28.89   21.97      3.97   68.03   75.76   202.90  111.72   198.35  103.89 
 530   44.90    4.90     31.50    6.20    3.59      6.95   47.63   30.06     13.23   28.89   21.99      3.77   69.00   75.75   203.94  110.12   199.48  102.29 
 531   37.91    5.54     30.36    7.04    3.59      7.60   44.56   30.09     13.19   28.97   22.00      4.01   66.93   75.74   203.45  107.72   199.10   99.85 
 532   37.91    5.11     29.28    7.95    3.60      7.56   45.20   30.12     13.19   28.97   22.01      4.01   66.96   75.72   202.64  104.62   198.09   96.95 
 533   37.91    4.98     29.90    7.37    3.61      7.73   43.97   30.14     13.19   28.97   22.03      4.07   66.98   75.70   203.45  102.24   198.79   94.60 
 534   37.91    5.43     29.84    7.36    3.61      7.70   44.40   30.17     13.19   28.97   22.04      4.01   67.36   75.69   202.73   99.73   197.94   92.18 
 535   37.91    5.16     30.95    6.40    3.62      7.69   44.93   30.20     13.19   28.97   22.05      4.24   66.27   75.67   202.18   97.18   197.55   89.57 
 536   39.23    5.03     29.73    7.33    3.63      8.73   40.02   30.21     13.10   29.20   22.06      4.32   65.68   75.65   201.14   93.57   196.29   86.05 
 537   39.23    5.59     30.14    6.95    3.63      8.70   39.79   30.23     13.10   29.20   22.08      4.43   64.78   75.63   201.51   91.41   196.86   83.69 
 538   39.23    5.01     29.90    7.13    3.64      8.50   39.86   30.25     13.10   29.20   22.09      4.48   63.84   75.61   202.46   87.92   197.58   80.57 
 539   39.23    5.40     29.18    7.75    3.65      8.05   40.59   30.27     13.10   29.20   22.10      4.36   62.89   75.58   203.71   83.74   198.84   76.34 
 540   39.23    5.16     29.43    7.49    3.65      7.60   41.54   30.29     13.10   29.20   22.12      4.18   62.39   75.56   204.11   80.90   199.15   73.63 
 541   37.09    5.43     29.54    7.37    3.66      7.33   41.68   30.31     13.17   28.93   22.13      3.85   62.49   75.54   204.56   78.78   199.64   71.48 
 542   37.09    5.07     28.33    8.48    3.67      6.83   43.53   30.34     13.17   28.93   22.14      3.65   62.87   75.51   204.13   76.98   199.13   69.80 
 543   37.09    4.98     28.15    8.64    3.68      6.53   44.58   30.36     13.17   28.93   22.15      3.52   62.74   75.49   204.06   74.28   199.02   67.22 
 544   37.09    4.99     27.63    9.14    3.69      6.44   45.28   30.39     13.17   28.93   22.17      3.49   62.44   75.47   203.46   73.33   198.71   66.10 
 545   37.09    4.94     27.93    8.79    3.70      6.50   45.05   30.42     13.17   28.93   22.18      3.49   62.79   75.44   203.54   74.08   199.14   66.67 
 546   52.06    5.03     28.01    8.66    3.71      8.11   38.62   30.43     12.99   29.47   22.19      3.80   61.72   75.42   201.99   73.88   197.48   66.57 
 547   52.06    5.02     28.10    8.55    3.72      8.63   37.91   30.45     12.99   29.47   22.21      4.10   61.75   75.39   200.50   73.79   196.11   66.41 
 548   52.06    5.02     27.76    8.84    3.73      8.97   38.25   30.46     12.99   29.47   22.22      4.29   62.81   75.37   198.33   76.02   193.90   68.68 
 549   52.06    4.93     27.64    8.93    3.74      8.94   39.99   30.48     12.99   29.47   22.23      4.44   64.15   75.35   196.59   78.11   192.26   70.68 
 550   52.06    4.92     29.41    7.23    3.74      9.01   40.81   30.50     12.99   29.47   22.25      4.57   65.02   75.33   195.55   79.31   191.40   71.86 
 551   38.05    4.97     28.98    7.56    3.75      9.56   38.74   30.51     13.11   29.04   22.26      4.79   65.23   75.31   193.66   80.51   189.27   72.87 
 552   38.05    4.94     28.78    7.71    3.76      9.64   39.24   30.53     13.11   29.04   22.27      4.89   65.19   75.29   192.02   82.33   187.84   74.47 
 553   38.05    4.93     29.26    7.25    3.76      9.66   39.51   30.54     13.11   29.04   22.28      4.96   65.51   75.28   189.98   83.57   185.62   75.68 
 554   38.05    4.95     31.56    5.52    3.76      9.74   40.12   30.56     13.11   29.04   22.30      4.98   65.84   75.26   188.42   86.65   184.79   78.51 
 555   38.05    4.94     32.04    5.19    3.77      9.62   40.97   30.58     13.11   29.04   22.31      4.98   66.31   75.24   186.38   88.63   182.76   80.50 
 556   30.37    5.01     31.48    5.48    3.77     10.16   38.86   30.59     13.08   29.09   22.32      5.20   65.37   75.22   183.31   89.69   179.52   81.66 
 557   30.37    4.89     33.66    4.22    3.77     10.26   38.21   30.61     13.08   29.09   22.33      5.31   65.26   75.21   180.71   92.37   177.00   84.00 
 558   30.37    5.00     33.18    4.39    3.77      9.71   40.63   30.63     13.08   29.09   22.34      5.19   65.71   75.19   178.16   92.48   174.41   84.11 
 559   30.37    4.95     37.08    2.77    3.77     10.02   38.91   30.64     13.08   29.09   22.36      5.04   66.37   75.17   175.19   94.56   171.72   86.12 
 560   30.37    5.00     34.32    3.75    3.77     10.03   38.82   30.65     13.08   29.09   22.37      5.19   66.23   75.16   171.22   94.21   167.83   85.74 
 561   40.66    5.62     39.40    2.06    3.77     10.97   34.61   30.66     13.10   29.02   22.38      5.09   66.67   75.14   168.91   95.41   165.49   86.97 
 562   40.66    5.20     33.94    3.83    3.77     10.62   35.77   30.67     13.10   29.02   22.39      4.86   67.68   75.13   166.03   95.88   162.45   87.63 
 563   40.66    5.60     36.74    2.73    3.77     10.19   37.71   30.68     13.10   29.02   22.40      4.88   68.13   75.12   164.30   95.66   160.94   87.19 
 564   40.66    5.09     33.59    3.85    3.77      9.26   42.35   30.70     13.10   29.02   22.41      4.69   69.85   75.11   160.87   95.13   157.76   86.52 
 565   40.66    5.61     35.61    2.99    3.76      8.91   44.24   30.73     13.10   29.02   22.43      4.86   68.88   75.10   156.56   96.38   153.56   87.74 
 566   43.74    5.55     32.10    4.43    3.77      9.02   43.59   30.75     12.98   29.41   22.44      4.88   68.94   75.09   153.65   99.23   150.96   90.54 
 567   43.74    4.93     29.85    5.65    3.77      8.75   45.56   30.78     12.98   29.41   22.45      4.64   71.09   75.08   149.85   99.70   147.21   91.02 
 568   43.74    4.93     28.96    6.18    3.77      8.60   45.44   30.80     12.98   29.41   22.46      4.63   70.41   75.07   145.69  101.79   142.91   93.14 
 569   43.74    5.59     29.61    5.67    3.78      8.15   46.65   30.83     12.98   29.41   22.48      4.39   70.45   75.06   142.86  102.53   140.30   93.85 
 570   43.74    5.46     28.17    6.72    3.78      8.47   44.62   30.85     12.98   29.41   22.49      4.36   69.44   75.05   143.36  102.82   140.14   94.36 
 571   34.51    4.95     30.92    4.92    3.78     10.23   37.97   30.87     12.98   29.38   22.50      4.61   69.45   75.04   144.11  101.64   140.94   93.18 
 572   34.51    5.53     33.82    3.60    3.78     10.41   37.84   30.88     12.98   29.38   22.51      4.85   69.37   75.03   147.99  102.47   144.22   94.20 
 573   34.51    5.21     36.26    2.77    3.78     11.93   32.64   30.88     12.98   29.38   22.52      4.91   69.97   75.02   151.93   99.98   148.05   91.79 
 574   34.51    5.19     33.81    3.76    3.78     10.06   40.84   30.90     12.98   29.38   22.54      5.31   68.03   75.01   157.93   97.67   153.68   89.61 
 575   34.51    5.55     33.00    4.23    3.78     10.04   40.28   30.92     12.98   29.38   22.55      5.37   67.61   75.00   161.06   99.01   156.87   90.83 
 576   30.41    4.94     30.62    5.69    3.79     10.85   36.80   30.93     12.94   29.53   22.56      5.28   67.72   74.99   165.09   98.11   161.01   89.91 
 577   30.41    5.16     28.20    7.71    3.79     10.82   36.26   30.94     12.94   29.53   22.57      5.33   67.31   74.97   168.79   97.30   164.50   89.06 
 578   30.41    5.11     29.10    7.06    3.80     10.77   35.45   30.94     12.94   29.53   22.58      5.38   65.92   74.96   173.40   97.82   168.83   89.65 
 579   30.41    5.05     28.07    8.05    3.81     10.65   35.70   30.95     12.94   29.53   22.60      5.27   65.67   74.94   175.39   96.59   170.93   88.40 
 580   30.41    5.10     28.78    7.47    3.81     10.31   36.56   30.96     12.94   29.53   22.61      5.34   64.53   74.92   178.23   96.54   173.67   88.45 
 581   37.43    5.78     27.65    8.60    3.82     10.39   35.52   30.97     12.93   29.56   22.62      5.06   65.64   74.91   180.02   95.94   175.27   87.89 
 582   37.43    5.26     29.09    7.24    3.83     10.14   35.84   30.98     12.93   29.56   22.63      4.91   66.03   74.89   181.14   93.29   176.38   85.22 
 583   37.43    4.93     29.31    7.00    3.83     10.60   34.82   30.98     12.93   29.56   22.64      5.14   64.29   74.87   179.23   93.31   174.63   85.04 
 584   37.43    5.24     27.75    8.32    3.84     10.51   35.92   30.99     12.93   29.56   22.66      5.19   64.27   74.86   176.77   93.50   172.25   85.35 
 585   37.43    4.93     27.19    8.76    3.85     10.59   35.79   31.00     12.93   29.56   22.67      5.17   64.93   74.84   173.28   94.56   168.32   86.56 
 586   35.01    5.57     27.41    8.49    3.86     10.60   36.54   31.01     12.90   29.61   22.68      5.25   64.52   74.82   170.37   96.27   165.53   88.47 
 587   35.01    5.66     27.15    8.69    3.86     10.40   37.05   31.02     12.90   29.61   22.69      5.38   63.80   74.80   167.94   97.83   163.03   89.82 
 588   35.01    5.00     26.90    8.91    3.87     11.10   34.27   31.03     12.90   29.61   22.70      5.19   64.34   74.78   164.24  101.35   159.23   93.45 
 589   35.01    5.00     27.14    8.61    3.88     11.01   34.60   31.03     12.90   29.61   22.71      5.32   63.61   74.77   161.87  103.38   156.87   95.49 
 590   35.01    5.00     26.42    9.23    3.89     10.88   35.52   31.04     12.90   29.61   22.73      5.11   65.49   74.75   156.93  105.90   151.80   98.13 
 591   42.33    5.09     27.52    8.02    3.90      9.60   40.14   31.06     12.82   29.87   22.74      5.00   65.93   74.73   154.28  108.23   149.35  100.31 
 592   42.33    4.92     29.55    6.24    3.90     10.08   37.65   31.07     12.82   29.87   22.75      4.77   67.16   74.72   150.66  109.95   145.51  102.38 
 593   42.33    4.83     31.93    4.65    3.90     10.01   37.50   31.08     12.82   29.87   22.76      4.61   68.72   74.71   147.10  111.43   141.75  104.03 
 594   42.33    5.02     33.97    3.62    3.90      9.73   38.37   31.09     12.82   29.87   22.77      4.52   69.65   74.70   142.10  113.40   136.67  106.06 
 595   42.33    4.95     32.58    4.22    3.90     10.39   35.16   31.10     12.82   29.87   22.79      4.62   68.39   74.69   140.89  114.55   135.11  107.36 
 596   35.79    4.96     32.45    4.24    3.90     10.75   33.45   31.10     12.85   29.74   22.80      4.41   69.01   74.68   138.52  116.03   132.66  108.96 
 597   35.79    5.34     34.83    3.22    3.90     10.22   35.15   31.11     12.85   29.74   22.81      4.50   68.30   74.67   135.14  118.80   129.45  111.58 
 598   35.79    4.95     29.48    5.99    3.90     10.33   34.45   31.11     12.85   29.74   22.82      4.54   67.02   74.66   132.26  120.67   126.25  113.70 
 599   35.79    5.21     29.41    6.06    3.91     10.01   34.95   31.12     12.85   29.74   22.83      4.44   66.21   74.65   131.00  123.36   124.94  116.35 
 600   35.79    4.92     28.96    6.45    3.91      9.11   38.30   31.13     12.85   29.74   22.84      4.30   65.41   74.63   130.20  125.17   124.15  118.36 
 601   39.12    4.93     27.11    8.10    3.92      8.43   41.46   31.15     12.83   29.79   22.86      4.31   65.27   74.61   130.55  127.13   124.41  120.35 
 602   39.12    5.30     26.83    8.45    3.93      6.85   50.35   31.18     12.83   29.79   22.87      4.15   66.77   74.60   131.30  130.57   124.96  124.00 
 603   39.12    5.41     27.35    8.08    3.93      6.81   50.95   31.21     12.83   29.79   22.88      4.10   67.32   74.59   131.14  133.67   125.27  126.71 
 604   39.12    5.32     26.66    8.89    3.94      6.77   51.68   31.25     12.83   29.79   22.89      4.02   68.61   74.58   131.61  137.20   125.96  130.10 
 605   39.12    5.42     25.44   10.46    3.95      6.12   55.65   31.29     12.83   29.79   22.90      3.77   70.49   74.57   131.35  140.93   125.80  133.72 
 606   39.19    5.46     27.62    8.26    3.96      6.49   49.21   31.32     12.78   29.93   22.91      3.35   71.06   74.57   132.97  146.48   127.32  139.41 
 607   39.19    5.47     26.34    9.73    3.97      5.49   52.78   31.35     12.78   29.93   22.92      3.15   69.73   74.56   133.57  148.87   128.00  141.86 
 608   39.19    5.46     26.78    9.35    3.98      4.58   56.60   31.39     12.78   29.93   22.94      2.78   70.55   74.55   133.03  151.84   127.36  144.91 
 609   39.19    5.43     23.21   14.22    4.00      4.93   51.99   31.43     12.78   29.93   22.95      2.52   70.50   74.55   133.33  175.92   127.57  169.07 
 610   39.19    5.41     19.55   21.83    4.02      6.89   40.71   31.44     12.78   29.93   22.96      4.34   54.71   74.51   131.11  185.95   125.41  179.03 
 611   29.41    5.51     20.62   19.53    4.05      7.45   37.49   31.45     12.44   31.05   22.97      5.25   48.02   74.47   129.70  186.90   124.46  179.70 
 612   29.41    5.45     22.52   15.79    4.07      7.40   37.62   31.46     12.44   31.05   22.99      5.26   47.65   74.43   131.00  185.39   125.80  178.15 
 613   29.41    5.46     22.07   16.69    4.09      7.38   37.47   31.47     12.44   31.05   23.00      5.31   47.04   74.38   130.91  187.92   125.80  180.68 
 614   29.41    5.45     22.76   15.39    4.11      7.50   36.78   31.48     12.44   31.05   23.01      5.19   47.45   74.34   130.96  186.90   125.94  179.63 
 615   29.41    5.46     21.94   16.81    4.13      7.69   36.04   31.49     12.44   31.05   23.03      5.45   46.00   74.29   131.04  187.06   125.97  179.97 
 616   31.41    5.54     21.13   18.28    4.15      8.23   33.75   31.49     12.45   30.97   23.04      5.55   45.26   74.24   130.37  186.75   125.12  179.80 
 617   31.41    5.52     20.86   18.72    4.18      8.14   34.13   31.50     12.45   30.97   23.05      5.69   44.65   74.20   130.57  185.62   125.36  178.63 
 618   31.41    5.55     20.29   19.85    4.20      7.98   34.87   31.50     12.45   30.97   23.06      5.56   45.45   74.15   130.70  185.64   125.91  178.47 
 619   31.41    5.60     19.26   22.12    4.23      7.73   36.05   31.51     12.45   30.97   23.08      5.64   45.24   74.10   130.52  186.04   125.81  178.83 
 620   31.41    5.60     18.43   24.12    4.26      7.73   36.57   31.52     12.45   30.97   23.09      5.62   45.82   74.06   129.96  186.07   124.98  179.12 
