   6    0.40    6.24     38.63    1.92    1.00     20.82   12.61   15.16    320.23    0.00   70.94      4.07   82.82   84.74   145.34   82.71   141.54   75.07 
   7    0.40    5.67     39.21    1.80    1.12     20.11   13.59   14.94    320.23    0.00   60.80      4.11   82.36   84.40   144.76   84.05   140.91   76.46 
   8    0.40    5.74     38.45    1.97    1.22     18.59   16.17   15.09    320.23    0.00   53.20      3.99   83.22   84.25   144.87   84.27   141.06   76.65 
   9    0.40    5.83     35.57    2.76    1.39     17.54   18.23   15.44    320.23    0.00   47.29      4.07   82.06   84.01   144.87   84.78   140.90   77.25 
  10    0.40    5.76     38.17    2.03    1.46     16.36   20.69   15.97    320.23    0.00   42.56      3.88   83.85   83.99   144.79   86.37   140.93   78.72 
  11    0.01    5.81     38.90    1.88    1.50     26.20    6.66   15.12    315.38    0.00   38.69      4.20   80.81   83.70   144.70   86.87   140.93   79.17 
  12    0.01    5.74     38.39    1.99    1.54     25.65    7.08   14.45    315.38    0.00   35.47      4.06   81.89   83.55   144.58   87.16   140.76   79.47 
  13    0.01    5.80     38.73    1.91    1.57     23.26    9.33   14.06    315.38    0.00   32.74      4.10   81.33   83.38   144.06   87.15   140.29   79.50 
  14    0.01    5.75     40.21    1.61    1.57     20.76   12.43   13.94    315.38    0.00   30.40      4.09   81.40   83.24   143.79   88.02   140.05   80.37 
  15    0.01    5.80     37.00    2.34    1.62     18.62   15.90   14.07    315.38    0.00   28.38      4.08   81.57   83.13   144.48   86.97   140.67   79.27 
  16    0.01    5.72     37.61    2.19    1.66     26.73    6.24   13.58     35.29    2.34   26.75      4.14   80.78   82.98   143.57   88.17   139.82   80.50 
  17    0.01    5.80     43.84    1.06    1.62     22.09   10.62   13.41     35.29    2.34   25.31      4.15   80.94   82.86   143.47   88.57   139.78   80.83 
  18    0.01    5.71     34.14    3.26    1.71     20.54   12.91   13.38     35.29    2.34   24.04      4.18   80.56   82.73   144.07   87.37   140.21   79.86 
  19    0.01    5.82     36.87    2.38    1.75     20.65   12.58   13.34     35.29    2.34   22.89      4.05   81.89   82.69   142.73   88.59   138.79   81.01 
  20    0.01    5.76     37.26    2.27    1.77     22.31   10.39   13.19     35.29    2.34   21.87      4.15   81.08   82.61   143.84   88.40   139.98   80.76 
  21    0.00    5.81     39.79    1.70    1.77     22.29   10.32   13.05     34.19    2.65   20.95      4.17   80.78   82.52   142.90   89.80   139.06   82.09 
  22    0.00    4.64     33.63    3.44    1.85     21.74   11.06   12.96     34.19    2.65   20.12      4.17   80.70   82.44   143.31   88.42   139.30   80.80 
  23    0.00    5.84     34.87    2.99    1.90     23.19    9.44   12.81     34.19    2.65   19.36      4.40   79.13   82.30   142.72   89.10   138.87   81.44 
  24    0.00    4.63     32.89    3.77    1.97     19.94   13.72   12.85     34.19    2.65   18.66      4.22   80.57   82.22   142.29   89.18   138.61   81.48 
  25    0.00    5.83     33.83    3.38    2.03     23.72    8.86   12.69     34.19    2.65   18.02      4.35   79.71   82.12   142.85   89.67   139.08   82.01 
  26    0.00    4.62     34.71    3.05    2.07     25.59    7.18   12.48     30.65    3.98   17.48      4.30   80.09   82.05   142.62   89.77   138.87   82.17 
  27    0.00    5.83     37.02    2.34    2.08     23.37    9.19   12.36     30.65    3.98   16.98      4.17   81.29   82.02   142.32   90.51   138.53   82.80 
  28    0.00    5.73     36.21    2.56    2.10     22.85    9.82   12.26     30.65    3.98   16.52      4.23   80.89   81.98   141.93   90.19   137.98   82.59 
  29    0.00    5.81     36.01    2.61    2.11     23.34    9.33   12.16     30.65    3.98   16.09      4.26   81.01   81.94   141.44   90.22   137.64   82.60 
  30    0.00    5.25     33.73    3.39    2.16     20.33   13.19   12.20     30.65    3.98   15.68      4.15   81.64   81.93   141.90   89.43   138.08   81.84 
  31    0.00    5.78     34.67    3.03    2.18     23.38    9.37   12.11     29.79    4.42   15.32      4.39   80.20   81.88   140.67   89.38   136.84   81.85 
  32    0.00    5.80     31.08    4.55    2.26     19.02   15.74   12.22     29.79    4.42   14.98      4.42   81.18   81.86   140.40   88.32   136.61   80.75 
  33    0.00    5.76     31.16    4.44    2.32     16.42   21.60   12.50     29.79    4.42   14.66      4.38   82.99   81.89   138.49   87.34   134.86   79.70 
  34    0.00    5.78     32.31    3.82    2.37     14.37   27.53   12.95     29.79    4.42   14.36      4.57   82.51   81.91   136.54   87.63   132.87   79.95 
  35    0.00    5.80     32.47    3.69    2.41     12.94   33.29   13.53     29.79    4.42   14.07      4.72   82.24   81.92   133.93   86.46   130.52   78.83 
  36    0.00    5.78     30.87    4.36    2.46     16.27   22.40   13.77     30.39    4.31   13.80      4.74   83.10   81.95   132.22   86.04   128.71   78.15 
  37    0.00    5.83     32.23    3.67    2.49     13.30   31.77   14.26     30.39    4.31   13.55      4.74   82.41   81.96   129.53   84.90   126.16   77.00 
  38    0.00    5.23     29.30    5.07    2.56     12.49   34.83   14.80     30.39    4.31   13.30      4.60   83.48   82.00   129.25   83.94   125.82   76.09 
  39    0.00    5.78     29.84    4.73    2.62     12.00   36.96   15.37     30.39    4.31   13.07      4.67   82.92   82.03   128.40   84.12   125.11   76.26 
  40    0.00    5.85     30.95    4.15    2.66     11.82   38.03   15.94     30.39    4.31   12.85      4.70   82.83   82.05   127.11   83.99   123.85   76.19 
  41    0.00    5.73     30.73    4.26    2.69     24.66    8.68   15.76     27.43    6.25   12.69      5.24   78.14   81.95   127.63   83.89   124.20   76.13 
  42    0.00    5.75     29.63    4.84    2.75     21.23   12.95   15.69     27.43    6.25   12.54      5.46   76.63   81.83   128.75   83.13   125.31   75.36 
  43    0.00    5.73     32.05    3.66    2.77     17.22   20.41   15.80     27.43    6.25   12.39      5.32   78.28   81.74   128.18   83.61   124.66   75.77 
  44    0.00    5.83     33.02    3.29    2.78     16.08   23.58   15.98     27.43    6.25   12.25      5.35   77.82   81.65   129.24   82.65   125.50   74.94 
  45    0.00    4.64     32.52    3.49    2.79     14.44   28.92   16.27     27.43    6.25   12.12      5.62   76.23   81.53   131.01   81.57   126.80   74.18 
  46    0.00    5.75     32.59    3.48    2.81     21.28   13.30   16.20     28.13    5.87   11.98      5.64   77.01   81.43   132.35   80.57   128.16   73.24 
  47    0.00    5.83     33.22    3.26    2.82     18.71   17.80   16.24     28.13    5.87   11.85      5.60   77.04   81.34   133.65   79.54   129.53   72.20 
  48    0.00    5.74     34.05    2.98    2.82     16.34   23.13   16.38     28.13    5.87   11.73      5.42   77.98   81.27   134.32   79.27   130.30   71.86 
  49    0.00    5.78     33.84    3.06    2.83     15.40   25.69   16.57     28.13    5.87   11.61      5.48   77.54   81.20   135.13   79.63   131.14   72.22 
  50    0.00    5.83     34.08    2.99    2.83     16.06   23.49   16.71     28.13    5.87   11.49      5.47   76.96   81.11   136.02   80.18   131.86   72.74 
  51    0.00    4.61     37.36    2.08    2.82     17.75   19.18   16.76     26.75    6.99   11.41      5.12   79.35   81.08   135.39   82.16   131.27   74.69 
  52    0.00    5.74     37.98    1.95    2.80     18.00   18.62   16.79     26.75    6.99   11.32      4.93   80.51   81.07   136.22   82.98   132.32   75.47 
  53    0.00    5.77     37.30    2.13    2.79     16.24   22.39   16.90     26.75    6.99   11.24      4.86   80.32   81.05   137.31   84.85   133.12   77.39 
  54    0.00    5.81     37.68    2.06    2.77     14.75   26.28   17.07     26.75    6.99   11.16      4.81   80.11   81.03   137.12   86.16   133.01   78.61 
  55    0.00    5.73     35.00    2.82    2.77     13.75   29.22   17.29     26.75    6.99   11.09      4.71   80.17   81.02   137.55   88.99   133.53   81.43 
  56    0.00    5.75     34.94    2.89    2.78     17.83   17.93   17.30     25.72    7.52   11.02      4.57   80.15   81.00   138.06   92.08   134.05   84.47 
  57    0.00    5.81     36.05    2.58    2.77     15.59   22.77   17.40     25.72    7.52   10.96      4.32   81.44   81.01   137.32   94.36   133.27   86.81 
  58    0.00    5.72     37.01    2.32    2.76     13.98   27.16   17.57     25.72    7.52   10.90      4.41   79.73   80.99   137.64   96.81   133.56   89.34 
  59    0.00    5.83     32.75    3.82    2.78     12.46   32.12   17.81     25.72    7.52   10.84      4.27   80.54   80.98   137.31   97.79   133.28   90.26 
  60    0.00    5.76     30.95    4.75    2.82     11.41   35.94   18.12     25.72    7.52   10.79      4.09   81.06   80.98   137.19   99.15   132.85   91.77 
  61    0.00    5.80     30.14    5.23    2.85     17.78   17.15   18.10     24.86    7.78   10.74      4.01   81.29   80.99   136.91  101.07   132.42   93.84 
  62    0.00    5.28     28.98    6.02    2.91     14.59   24.77   18.21     24.86    7.78   10.69      3.86   82.21   81.01   136.21  102.93   131.84   95.72 
  63    0.00    5.82     29.17    5.93    2.95     13.49   27.34   18.35     24.86    7.78   10.65      3.72   82.19   81.03   136.13  105.88   131.75   98.63 
  64    0.00    5.28     29.72    5.60    3.00     11.48   33.93   18.60     24.86    7.78   10.60      3.47   82.85   81.05   135.32  108.45   131.17  101.12 
  65    0.00    5.79     29.04    6.10    3.04     10.63   36.68   18.88     24.86    7.78   10.56      3.40   82.58   81.08   135.84  109.21   131.10  102.07 
  66    0.00    5.30     28.54    6.54    3.10     17.02   17.52   18.85     23.44    8.71   10.53      3.50   80.92   81.08   137.12  110.29   132.26  103.17 
  67    0.00    5.81     29.13    6.17    3.14     15.90   19.98   18.87     23.44    8.71   10.50      3.54   80.12   81.06   138.14  111.49   133.50  104.34 
  68    0.00    5.72     29.05    6.29    3.19     14.42   23.57   18.94     23.44    8.71   10.48      3.52   80.03   81.05   139.55  111.99   134.82  104.88 
  69    0.00    5.76     29.54    6.00    3.23     12.15   30.47   19.11     23.44    8.71   10.45      3.52   79.67   81.03   140.41  112.93   135.71  105.88 
  70    0.00    5.83     28.65    6.72    3.28     11.63   32.54   19.30     23.44    8.71   10.43      3.44   80.42   81.02   142.22  112.72   137.36  105.76 
  71    0.00    5.68     30.26    5.64    3.31     15.76   20.12   19.31     22.12    9.72   10.42      3.56   79.77   81.00   144.04  114.06   139.17  107.06 
  72    0.00    5.73     28.80    6.73    3.36     12.91   28.09   19.43     22.12    9.72   10.41      3.61   79.01   80.97   144.90  113.18   140.03  106.22 
  73    0.00    5.09     31.06    5.22    3.39     11.75   31.48   19.60     22.12    9.72   10.40      3.35   81.08   80.97   147.12  114.44   142.15  107.43 
  74    0.00    5.34     29.75    6.11    3.42     10.53   36.30   19.82     22.12    9.72   10.39      3.24   81.21   80.98   148.55  113.20   143.68  106.23 
  75    0.00    5.73     30.66    5.48    3.45      9.52   41.15   20.11     22.12    9.72   10.38      3.23   81.67   80.99   148.76  111.80   143.80  104.98 
  76    0.00    5.09     31.82    4.76    3.47     16.09   19.77   20.10     22.13    9.62   10.37      3.70   79.10   80.96   148.31  110.77   143.44  104.03 
  77    0.00    5.76     31.98    4.62    3.48     13.31   27.78   20.20     22.13    9.62   10.36      3.81   80.19   80.95   147.96  108.19   143.07  101.32 
  78    0.00    4.61     33.37    3.89    3.49     11.38   35.28   20.40     22.13    9.62   10.35      3.90   80.48   80.94   147.47  106.33   142.56   99.42 
  79    0.00    4.63     38.31    2.17    3.47     10.50   39.41   20.64     22.13    9.62   10.34      3.96   80.83   80.94   147.28  105.18   142.27   98.28 
  80    0.00    4.64     36.17    2.75    3.46     10.09   42.35   20.91     22.13    9.62   10.33      4.00   81.39   80.95   146.37  102.14   141.34   95.37 
  81    0.00    5.72     36.15    2.73    3.45     16.28   21.07   20.91     21.98   10.40   10.33      4.43   77.93   80.91   146.39   99.47   141.41   92.72 
  82    0.00    5.09     38.63    2.03    3.43     15.30   23.38   20.94     21.98   10.40   10.33      4.63   76.98   80.86   146.09   98.55   140.86   91.79 
  83    0.00    5.27     36.06    2.72    3.43     13.91   27.23   21.02     21.98   10.40   10.33      4.59   76.89   80.82   145.18   97.05   140.01   90.15 
  84    0.00    5.75     38.47    2.05    3.41     13.79   27.65   21.10     21.98   10.40   10.33      4.63   76.03   80.76   145.29   96.37   140.45   89.32 
  85    0.00    5.66     36.28    2.64    3.40     13.34   29.12   21.19     21.98   10.40   10.34      4.47   77.41   80.72   145.52   95.01   140.79   87.88 
  86    0.00    5.11     36.47    2.58    3.39     18.67   15.57   21.12     23.87    8.70   10.32      4.81   74.73   80.65   145.56   94.94   140.41   87.85 
  87    0.00    5.26     38.95    1.93    3.37     17.44   18.15   21.09     23.87    8.70   10.30      4.69   75.12   80.59   145.65   93.64   141.01   86.39 
  88    0.00    5.74     39.18    1.87    3.36     19.97   13.51   21.00     23.87    8.70   10.28      5.00   73.15   80.50   145.03   94.48   140.34   87.24 
  89    0.00    5.64     40.81    1.55    3.34     18.16   16.78   20.96     23.87    8.70   10.26      4.94   74.02   80.43   144.81   94.03   140.01   86.93 
  90    0.00    5.58     36.46    2.54    3.33     16.62   20.21   20.95     23.87    8.70   10.24      4.82   75.16   80.37   143.52   91.98   138.94   84.75 
  91    0.00    5.72     42.41    1.27    3.31     18.53   16.46   20.90     21.99   10.76   10.25      4.91   75.32   80.31   143.51   91.56   139.02   84.40 
  92    0.00    4.62     41.74    1.35    3.28     16.87   20.19   20.89     21.99   10.76   10.26      5.10   74.97   80.26   142.18   89.32   137.65   82.19 
  93    0.00    4.62     38.19    2.02    3.27     15.24   24.57   20.93     21.99   10.76   10.26      5.00   76.62   80.22   140.78   88.35   136.40   81.08 
  94    0.00    4.63     38.09    2.00    3.26     13.61   30.10   21.03     21.99   10.76   10.27      5.26   75.74   80.17   139.43   87.45   135.26   80.09 
  95    0.00    4.63     40.54    1.49    3.24     12.03   36.52   21.19     21.99   10.76   10.27      5.21   77.60   80.14   136.95   85.15   132.79   77.67 
  96    0.00    4.60     40.90    1.40    3.22     19.17   16.38   21.14     23.24    9.80   10.27      5.28   78.32   80.12   134.81   84.74   130.83   77.25 
  97    0.00    4.63     37.26    2.09    3.21     14.59   28.23   21.21     23.24    9.80   10.26      5.50   77.78   80.10   133.31   83.31   129.31   75.82 
  98    0.00    4.62     35.19    2.60    3.20     13.52   32.07   21.33     23.24    9.80   10.26      5.51   78.44   80.08   130.31   83.19   126.38   75.71 
  99    0.00    5.72     33.87    2.99    3.20     12.41   36.66   21.48     23.24    9.80   10.25      5.37   79.84   80.08   128.96   82.11   125.16   74.58 
 100    0.00    5.67     32.06    3.63    3.20     11.28   41.92   21.68     23.24    9.80   10.25      5.31   80.55   80.09   127.24   82.63   123.36   75.15 
 101    0.00    5.74     31.76    3.72    3.21     23.23   10.64   21.58     23.68    9.93   10.24      5.68   77.21   80.06   125.91   82.02   122.11   74.60 
 102    0.00    5.19     29.99    4.53    3.22     18.61   18.05   21.54     23.68    9.93   10.24      5.52   78.38   80.04   125.35   82.74   121.50   75.38 
 103    0.00    5.24     32.11    3.54    3.22     18.59   17.96   21.51     23.68    9.93   10.24      5.50   78.64   80.03   124.16   81.95   120.32   74.54 
 104    0.00    5.74     33.21    3.12    3.22     19.34   16.62   21.46     23.68    9.93   10.24      5.54   78.29   80.01   124.14   81.77   120.47   74.37 
 105    0.00    5.68     34.42    2.71    3.22     18.28   18.73   21.43     23.68    9.93   10.23      5.67   77.33   79.98   123.02   81.68   119.48   74.21 
 106    0.00    5.05     34.24    2.76    3.21     24.08    9.58   21.32     23.16   10.69   10.24      5.69   77.03   79.96   122.84   81.26   119.17   73.82 
 107    0.00    5.25     34.69    2.62    3.21     20.22   15.04   21.26     23.16   10.69   10.24      5.76   76.07   79.92   123.19   80.81   119.50   73.41 
 108    0.00    5.76     39.39    1.53    3.19     16.72   22.40   21.27     23.16   10.69   10.25      5.70   76.63   79.89   122.63   80.13   119.05   72.71 
 109    0.00    5.20     35.74    2.34    3.19     16.65   22.36   21.28     23.16   10.69   10.25      5.67   76.56   79.86   124.85   81.04   120.98   73.53 
 110    0.00    4.61     40.50    1.37    3.17     16.74   21.77   21.29     23.16   10.69   10.25      5.64   76.65   79.83   124.92   81.81   121.15   74.15 
 111    0.00    4.62     42.00    1.16    3.15     19.00   16.74   21.25     23.99    9.63   10.25      5.25   78.10   79.81   126.99   81.81   123.10   74.24 
 112    0.00    4.63     47.85    0.60    3.13     18.06   18.60   21.22     23.99    9.63   10.24      5.21   77.90   79.80   127.30   82.72   123.33   75.25 
 113    0.00    5.77     51.78    0.39    3.10     16.47   22.01   21.23     23.99    9.63   10.24      5.11   78.34   79.78   128.49   83.80   124.66   76.21 
 114    0.00    5.20     43.11    1.06    3.09     15.81   23.58   21.25     23.99    9.63   10.23      5.02   78.71   79.78   130.00   83.73   126.05   76.18 
 115    0.00    5.26     38.95    1.72    3.07     15.38   24.57   21.28     23.99    9.63   10.23      5.02   78.41   79.76   130.38   84.41   126.32   76.90 
 116    0.00    5.73     41.28    1.33    3.06     18.94   16.19   21.24     23.38    9.96   10.22      4.76   79.99   79.77   131.22   85.58   127.18   78.03 
 117    0.00    5.18     37.10    2.18    3.05     16.40   21.63   21.24     23.38    9.96   10.22      4.94   78.55   79.75   132.20   86.71   127.84   79.36 
 118    0.00    4.60     36.00    2.52    3.05     14.76   26.00   21.28     23.38    9.96   10.22      4.65   80.01   79.76   133.82   88.66   129.55   81.34 
 119    0.00    4.61     33.10    3.55    3.05     13.12   30.76   21.36     23.38    9.96   10.22      4.36   81.53   79.77   134.51   89.20   130.31   81.72 
 120    0.00    4.61     33.40    3.46    3.05     12.38   33.25   21.46     23.38    9.96   10.22      4.25   81.97   79.79   134.94   91.00   130.38   83.77 
 121    0.00    5.72     31.90    4.13    3.06     19.61   14.38   21.40     23.63    9.30   10.21      4.58   78.94   79.78   134.98   91.20   130.33   83.90 
 122    0.00    5.66     33.54    3.43    3.07     16.72   19.80   21.39     23.63    9.30   10.20      4.40   79.60   79.78   134.88   92.80   130.27   85.48 
 123    0.00    5.71     34.59    3.03    3.07     16.79   19.73   21.37     23.63    9.30   10.19      4.31   80.16   79.78   135.32   93.07   130.48   85.93 
 124    0.00    5.11     33.73    3.37    3.07     15.81   22.13   21.38     23.63    9.30   10.19      4.46   79.17   79.78   135.31   93.72   130.47   86.60 
 125    0.00    5.27     30.26    5.08    3.08     15.60   22.75   21.39     23.63    9.30   10.18      4.45   79.09   79.77   135.88   93.48   130.73   86.57 
 126    0.00    5.72     31.75    4.30    3.09     19.49   14.33   21.33     24.85    7.82   10.16      4.33   79.37   79.77   137.04   94.42   131.91   87.48 
 127    0.00    5.10     30.41    5.04    3.11     17.87   17.05   21.30     24.85    7.82   10.14      4.19   79.93   79.77   136.74   95.06   131.66   87.97 
 128    0.00    4.61     30.07    5.25    3.13     16.20   20.57   21.29     24.85    7.82   10.12      4.28   79.03   79.77   136.29   95.32   131.12   88.21 
 129    0.00    4.61     29.75    5.43    3.14     18.15   16.73   21.26     24.85    7.82   10.11      4.24   79.16   79.76   136.63   94.03   131.49   87.06 
 130    0.00    4.63     29.94    5.29    3.16     17.95   16.98   21.23     24.85    7.82   10.09      4.29   79.14   79.76   136.43   93.77   131.27   86.64 
 131    0.00    5.30     31.63    4.35    3.17     19.62   13.95   21.17     24.26    8.21   10.07      4.25   79.34   79.75   136.78   94.17   131.47   87.06 
 132    0.00    5.76     32.61    3.88    3.18     17.66   17.50   21.14     24.26    8.21   10.06      4.46   77.46   79.74   136.92   94.24   131.62   87.12 
 133    0.00    5.10     31.25    4.52    3.19     18.90   15.13   21.10     24.26    8.21   10.05      4.13   80.10   79.74   136.58   93.07   131.33   85.87 
 134    0.00    4.61     30.14    5.15    3.20     18.62   15.72   21.06     24.26    8.21   10.03      4.36   78.22   79.73   136.60   92.63   131.20   85.56 
 135    0.00    4.63     31.34    4.49    3.21     19.31   14.55   21.01     24.26    8.21   10.02      4.42   77.67   79.71   136.55   93.65   131.25   86.62 
 136    0.00    4.63     32.73    3.83    3.21     22.30   10.23   20.93     26.07    6.65    9.99      4.41   77.86   79.70   136.93   94.58   131.73   87.40 
 137    0.00    4.62     30.61    4.89    3.23     21.84   10.82   20.86     26.07    6.65    9.97      4.43   77.77   79.68   136.52   93.44   131.40   86.15 
 138    0.00    4.62     31.17    4.57    3.24     20.87   12.21   20.79     26.07    6.65    9.95      4.34   78.35   79.68   136.34   93.38   131.32   86.17 
 139    0.00    4.63     30.90    4.71    3.25     19.76   13.68   20.74     26.07    6.65    9.92      4.42   77.80   79.66   135.96   93.42   130.59   86.17 
 140    0.00    4.61     31.59    4.34    3.25     20.91   12.03   20.68     26.07    6.65    9.90      4.38   78.49   79.65   135.30   94.02   130.11   86.70 
 141    0.00    5.31     30.05    5.14    3.27     20.37   12.90   20.63     24.12    8.32    9.89      4.55   77.24   79.64   134.12   92.75   128.86   85.50 
 142    0.00    5.73     30.70    4.74    3.28     19.04   15.12   20.59     24.12    8.32    9.88      4.49   78.00   79.62   133.27   92.77   127.82   85.69 
 143    0.00    5.68     31.67    4.19    3.28     17.40   18.54   20.57     24.12    8.32    9.87      4.70   77.23   79.61   132.12   92.36   126.84   85.19 
 144    0.00    4.61     31.16    4.41    3.29     15.14   24.27   20.60     24.12    8.32    9.85      4.89   77.17   79.59   129.94   92.51   124.64   85.24 
 145    0.00    4.63     31.07    4.38    3.30     13.47   29.70   20.66     24.12    8.32    9.84      5.00   76.55   79.57   127.73   91.71   122.35   84.53 
 146    0.00    4.64     31.73    4.02    3.30     18.55   16.37   20.63     24.98    7.74    9.83      4.80   77.58   79.56   125.91   91.72   120.43   84.59 
 147    0.00    5.72     32.91    3.48    3.31     15.49   23.08   20.65     24.98    7.74    9.82      4.69   77.54   79.54   124.94   91.76   119.53   84.65 
 148    0.00    5.63     33.78    3.14    3.30     14.77   24.96   20.68     24.98    7.74    9.80      4.80   76.42   79.52   124.11   92.52   118.59   85.50 
 149    0.00    5.75     32.41    3.67    3.31     15.06   24.21   20.70     24.98    7.74    9.79      4.95   75.26   79.49   124.18   91.58   118.66   84.49 
 150    0.00    5.62     35.61    2.54    3.30     15.70   22.51   20.71     24.98    7.74    9.77      4.91   75.73   79.47   125.50   91.90   120.07   84.73 
 151    0.00    5.76     35.71    2.51    3.30     21.51   11.62   20.65     22.85    9.90    9.77      4.94   75.37   79.44   125.12   92.08   119.69   85.05 
 152    0.00    5.61     34.39    2.94    3.29     19.32   14.87   20.61     22.85    9.90    9.78      5.02   75.29   79.41   125.73   91.84   120.35   84.66 
 153    0.00    5.73     35.48    2.60    3.29     17.45   18.40   20.60     22.85    9.90    9.78      4.77   76.63   79.40   126.72   92.43   121.50   85.09 
 154    0.00    5.61     37.19    2.15    3.28     16.21   20.96   20.60     22.85    9.90    9.78      4.89   75.41   79.37   127.12   93.63   121.93   86.19 
 155    0.00    5.74     33.72    3.21    3.28     15.54   22.62   20.62     22.85    9.90    9.78      4.66   76.99   79.35   126.56   93.06   121.58   85.55 
 156    0.00    5.61     32.89    3.56    3.28     20.89   12.14   20.56     23.90    8.72    9.77      4.79   75.39   79.33   127.29   93.68   122.40   86.05 
 157    0.00    5.75     34.10    3.11    3.28     17.48   17.90   20.54     23.90    8.72    9.76      4.55   77.03   79.31   128.02   94.24   123.26   86.48 
 158    0.00    5.08     34.20    3.08    3.28     16.73   19.37   20.54     23.90    8.72    9.76      4.59   76.15   79.29   128.38   94.39   123.81   86.53 
 159    0.00    5.34     33.32    3.42    3.28     16.44   19.89   20.53     23.90    8.72    9.75      4.53   76.61   79.28   128.58   94.04   124.15   86.00 
 160    0.00    5.75     37.57    2.10    3.28     14.76   24.46   20.56     23.90    8.72    9.74      4.56   76.38   79.26   129.91   94.97   125.69   86.97 
 161    0.00    5.14     35.13    2.77    3.27     16.57   19.89   20.55     25.22    7.32    9.73      4.70   75.63   79.24   128.77   94.45   124.70   86.40 
 162    0.00    4.61     38.47    1.89    3.26     20.67   12.45   20.50     25.22    7.32    9.72      4.65   75.86   79.22   130.26   93.91   126.23   85.91 
 163    0.00    4.61     38.07    1.98    3.26     18.72   15.52   20.47     25.22    7.32    9.70      4.72   75.78   79.19   130.14   94.29   126.16   86.22 
 164    0.00    4.61     34.93    2.84    3.25     18.46   15.90   20.44     25.22    7.32    9.69      4.82   74.81   79.17   129.97   92.84   126.25   84.61 
 165    0.00    4.62     40.32    1.53    3.24     18.48   15.91   20.42     25.22    7.32    9.67      4.72   75.34   79.14   130.72   94.10   127.10   85.84 
 166    0.00    4.64     41.07    1.40    3.23     23.07    9.36   20.35     23.88    8.56    9.66      4.77   74.87   79.12   130.90   94.09   127.23   85.81 
 167    0.00    4.93     34.73    2.91    3.23     21.45   11.26   20.30     23.88    8.56    9.66      4.74   75.06   79.09   130.19   93.00   126.70   84.67 
 168    0.00    5.15     39.15    1.75    3.22     22.05   10.58   20.24     23.88    8.56    9.65      4.70   75.19   79.07   130.99   93.40   127.61   85.11 
 169    0.00    4.63     39.26    1.73    3.21     19.44   14.25   20.20     23.88    8.56    9.65      4.87   74.32   79.04   130.45   94.33   126.97   86.03 
 170    0.00    4.62     37.18    2.20    3.21     22.05   10.62   20.15     23.88    8.56    9.64      4.76   75.07   79.02   130.90   93.70   127.42   85.46 
 171    0.00    5.35     36.92    2.26    3.20     18.66   15.74   20.12     25.21    7.34    9.63      4.84   74.78   79.00   129.52   93.87   125.96   85.71 
 172    0.00    5.76     33.27    3.44    3.20     21.82   10.89   20.07     25.21    7.34    9.61      5.04   73.71   78.96   129.14   92.83   125.66   84.54 
 173    0.00    5.19     37.61    2.07    3.20     22.30   10.33   20.01     25.21    7.34    9.60      5.04   73.80   78.93   129.46   92.72   125.91   84.44 
 174    0.00    4.63     35.24    2.71    3.19     19.41   14.47   19.98     25.21    7.34    9.59      4.96   74.52   78.91   128.07   92.12   124.48   83.92 
 175    0.00    4.63     36.67    2.29    3.19     19.78   13.92   19.94     25.21    7.34    9.57      4.86   75.56   78.89   128.50   91.91   124.86   83.71 
 176    0.00    4.64     35.36    2.65    3.18     21.53   11.60   19.90     25.20    7.41    9.56      5.00   74.99   78.87   127.49   90.82   123.85   82.82 
 177    0.00    5.74     37.38    2.08    3.18     19.44   14.77   19.87     25.20    7.41    9.55      5.09   74.86   78.85   127.25   90.97   123.32   83.05 
 178    0.00    5.60     38.20    1.89    3.17     18.94   15.59   19.84     25.20    7.41    9.54      5.14   74.54   78.82   126.50   90.93   122.83   82.89 
 179    0.00    5.71     38.57    1.80    3.16     16.72   20.12   19.85     25.20    7.41    9.52      5.23   73.95   78.79   125.68   90.94   121.69   83.03 
 180    0.00    5.57     36.81    2.20    3.16     17.97   17.41   19.83     25.20    7.41    9.51      5.09   74.86   78.77   125.95   90.02   122.14   81.99 
 181    0.00    5.73     40.47    1.44    3.15     22.67   10.13   19.78     25.03    7.74    9.50      4.85   76.92   78.76   125.53   90.32   121.59   82.34 
 182    0.00    5.12     37.90    1.93    3.14     21.50   11.73   19.73     25.03    7.74    9.49      4.89   76.91   78.75   125.14   89.69   121.43   81.76 
 183    0.00    5.33     37.63    1.99    3.14     19.15   15.23   19.71     25.03    7.74    9.48      4.80   77.61   78.75   124.71   89.93   120.91   81.93 
 184    0.00    5.73     37.78    1.95    3.13     18.46   16.48   19.69     25.03    7.74    9.47      4.75   77.86   78.74   124.56   90.32   120.55   82.46 
 185    0.00    5.15     36.90    2.16    3.12     17.73   17.83   19.68     25.03    7.74    9.47      4.76   77.15   78.73   124.46   90.45   120.66   82.54 
 186    0.00    4.63     36.49    2.27    3.12     23.17    9.51   19.63     26.06    6.88    9.45      4.60   78.67   78.73   124.39   90.66   120.60   82.73 
 187    0.00    4.63     41.01    1.35    3.11     17.86   17.37   19.61     26.06    6.88    9.44      4.61   78.28   78.73   124.23   91.66   120.38   83.70 
 188    0.00    4.63     38.58    1.78    3.10     19.39   14.66   19.59     26.06    6.88    9.42      4.49   78.79   78.73   124.34   91.45   120.38   83.72 
 189    0.00    5.34     37.61    1.99    3.10     16.72   19.77   19.59     26.06    6.88    9.41      4.62   78.11   78.73   123.51   91.36   119.62   83.58 
 190    0.00    5.74     37.51    2.01    3.09     17.14   18.87   19.59     26.06    6.88    9.40      4.53   78.34   78.72   124.21   91.47   120.39   83.71 
 191    0.00    5.11     37.57    1.99    3.09     20.32   13.07   19.55     24.87    7.77    9.39      4.66   77.02   78.72   124.62   91.50   120.89   83.75 
 192    0.00    4.63     38.49    1.80    3.08     16.75   19.35   19.55     24.87    7.77    9.38      4.44   78.66   78.71   123.78   91.99   119.87   84.20 
 193    0.00    4.64     40.76    1.38    3.07     19.11   14.95   19.53     24.87    7.77    9.37      4.37   78.54   78.71   124.68   92.03   120.88   84.41 
 194    0.00    4.64     35.84    2.45    3.07     16.78   19.31   19.53     24.87    7.77    9.36      4.37   78.71   78.71   124.58   91.24   120.55   83.70 
 195    0.00    5.72     37.44    2.04    3.06     17.49   17.63   19.52     24.87    7.77    9.36      4.33   78.59   78.71   124.87   91.72   121.00   84.03 
 196    0.00    5.59     39.38    1.64    3.05     21.40   11.30   19.47     24.57    7.91    9.35      4.58   75.54   78.70   125.14   92.34   121.15   84.85 
 197    0.00    5.75     34.56    2.87    3.05     19.63   13.68   19.44     24.57    7.91    9.34      4.37   77.11   78.69   125.59   91.77   121.59   84.24 
 198    0.00    5.03     35.71    2.52    3.05     20.96   11.64   19.41     24.57    7.91    9.33      4.23   77.63   78.68   126.24   92.74   122.25   85.19 
 199    0.00    5.31     36.17    2.40    3.05     19.72   13.39   19.37     24.57    7.91    9.33      4.31   76.72   78.67   126.42   93.74   122.67   86.18 
 200    0.00    5.74     37.21    2.14    3.04     18.72   14.95   19.35     24.57    7.91    9.32      4.38   75.61   78.66   126.23   94.31   122.39   86.78 
 201    0.00    5.56     35.53    2.60    3.04     21.23   11.10   19.31     25.23    7.14    9.31      4.47   74.70   78.64   126.89   94.28   122.84   86.82 
 202    0.00    4.92     37.31    2.12    3.04     20.75   11.71   19.27     25.23    7.14    9.30      4.34   75.47   78.62   126.76   94.74   122.82   87.27 
 203    0.00    5.27     35.07    2.76    3.03     19.01   14.13   19.25     25.23    7.14    9.29      4.24   75.60   78.61   126.91   95.55   122.95   88.03 
 204    0.00    5.73     35.11    2.76    3.03     17.97   15.75   19.23     25.23    7.14    9.28      4.10   76.01   78.60   127.24   96.23   123.25   88.71 
 205    0.00    5.06     35.46    2.66    3.03     16.04   19.45   19.23     25.23    7.14    9.27      4.04   75.75   78.58   127.78   97.16   123.56   89.75 
 206    0.00    4.63     33.98    3.17    3.03     18.35   14.82   19.21     24.87    7.19    9.26      3.97   75.82   78.57   127.49   97.00   123.25   89.58 
 207    0.00    4.62     33.85    3.23    3.03     15.76   19.87   19.21     24.87    7.19    9.25      3.98   75.28   78.55   128.83   97.88   124.91   90.26 
 208    0.00    4.64     35.96    2.53    3.03     18.04   15.21   19.20     24.87    7.19    9.24      3.89   75.70   78.54   128.08   98.60   123.90   91.19 
 209    0.00    5.29     34.60    2.95    3.03     18.21   14.78   19.17     24.87    7.19    9.23      3.81   76.06   78.53   127.44   98.35   123.20   90.91 
 210    0.00    5.73     36.30    2.43    3.03     16.50   17.93   19.17     24.87    7.19    9.22      3.68   76.24   78.52   126.86   99.49   122.73   92.06 
 211    0.00    4.64     34.94    2.84    3.03     21.79    9.76   19.12     24.26    7.42    9.21      4.01   73.18   78.49   126.95   99.68   122.71   92.42 
 212    0.00    4.62     33.51    3.35    3.03     20.71   10.97   19.09     24.26    7.42    9.20      3.98   73.49   78.47   126.48   99.73   122.41   92.37 
 213    0.00    4.93     32.33    3.83    3.03     17.61   15.57   19.07     24.26    7.42    9.19      4.04   72.68   78.44   126.28   99.25   122.22   91.80 
 214    0.00    5.26     33.25    3.44    3.03     17.58   15.49   19.05     24.26    7.42    9.18      3.99   72.74   78.41   126.15   99.92   122.00   92.53 
 215    0.00    4.64     35.98    2.51    3.03     16.02   18.68   19.05     24.26    7.42    9.17      3.87   72.80   78.39   125.38  100.38   121.30   93.19 
 216    0.00    4.61     36.25    2.41    3.03     20.98   10.48   19.01     23.61    7.82    9.17      4.22   69.89   78.35   125.34  100.06   121.35   92.82 
 217    0.00    4.62     33.09    3.47    3.03     19.45   12.44   18.98     23.61    7.82    9.16      3.96   71.83   78.32   125.29   98.65   121.37   91.39 
 218    0.00    4.62     32.13    3.87    3.03     18.38   14.00   18.96     23.61    7.82    9.16      4.07   70.70   78.28   125.08   98.20   121.10   90.97 
 219    0.00    4.62     33.10    3.46    3.04     16.59   16.97   18.95     23.61    7.82    9.15      4.03   70.53   78.25   125.14   98.88   121.01   91.64 
 220    0.00    5.73     34.35    2.98    3.04     16.00   18.16   18.94     23.61    7.82    9.14      3.94   70.54   78.21   124.45   98.95   120.57   91.68 
 221    0.00    5.08     32.56    3.66    3.04     20.08   11.32   18.91     24.69    6.75    9.13      4.14   68.92   78.17   123.94   97.85   120.00   90.63 
 222    0.00    4.61     33.85    3.14    3.04     18.96   12.75   18.88     24.69    6.75    9.12      4.08   69.00   78.13   123.54   98.44   119.50   91.25 
 223    0.00    4.62     32.77    3.54    3.04     17.77   14.60   18.86     24.69    6.75    9.11      4.14   68.56   78.09   123.53   97.89   119.44   90.71 
 224    0.00    4.64     34.01    3.05    3.04     15.77   18.57   18.86     24.69    6.75    9.10      4.08   68.72   78.04   122.44   98.03   118.63   90.89 
 225    0.00    5.72     33.11    3.37    3.04     14.33   22.02   18.88     24.69    6.75    9.09      4.32   67.10   78.00   121.76   97.06   118.10   89.93 
 226    0.00    5.58     32.75    3.49    3.04     20.10   11.28   18.84     24.01    7.17    9.08      4.31   67.43   77.95   121.15   96.57   117.47   89.44 
 227    0.00    5.71     32.45    3.61    3.05     16.40   17.22   18.84     24.01    7.17    9.07      4.21   67.91   77.90   121.27   97.10   117.58   89.98 
 228    0.00    5.56     31.41    4.05    3.05     16.48   17.05   18.83     24.01    7.17    9.07      4.35   67.00   77.86   120.54   96.39   116.92   89.21 
 229    0.00    5.74     31.30    4.08    3.06     15.79   18.53   18.83     24.01    7.17    9.06      4.25   67.69   77.81   120.21   95.84   116.44   88.77 
 230    0.00    5.57     30.71    4.36    3.06     15.25   19.76   18.83     24.01    7.17    9.05      4.42   66.95   77.77   119.73   95.55   116.03   88.41 
 231    0.00    5.72     30.27    4.57    3.07     17.88   14.66   18.81     23.15    7.93    9.04      4.64   65.35   77.71   119.66   94.77   116.08   87.58 
 232    0.00    5.09     31.57    3.93    3.07     17.60   15.28   18.80     23.15    7.93    9.04      4.65   65.55   77.66   119.08   94.98   115.65   87.77 
 233    0.00    5.27     31.63    3.91    3.08     21.78    9.51   18.76     23.15    7.93    9.03      4.75   65.02   77.60   119.75   95.81   116.14   88.66 
 234    0.00    5.73     31.20    4.13    3.08     23.04    8.28   18.71     23.15    7.93    9.03      4.75   65.82   77.55   119.95   95.96   116.28   88.80 
 235    0.00    5.55     32.17    3.72    3.08     20.85   10.70   18.68     23.15    7.93    9.03      4.73   66.06   77.51   120.72   96.47   117.10   89.29 
 236    0.00    5.27     32.31    3.66    3.09     18.19   14.62   18.66     23.68    7.63    9.02      4.65   67.16   77.46   120.45   97.03   116.52   90.02 
 237    0.00    5.73     32.81    3.47    3.09     18.52   14.15   18.64     23.68    7.63    9.01      4.64   67.63   77.42   120.69   97.20   116.95   90.07 
 238    0.00    5.09     34.10    3.00    3.09     17.30   16.42   18.63     23.68    7.63    9.01      4.66   68.23   77.38   120.73   98.41   117.08   91.23 
 239    0.00    5.25     32.69    3.53    3.09     15.91   19.37   18.64     23.68    7.63    9.00      4.63   69.06   77.35   120.35   98.69   116.71   91.42 
 240    0.00    5.75     33.12    3.37    3.09     16.37   18.48   18.64     23.68    7.63    9.00      4.63   69.36   77.31   119.84   98.99   115.93   91.84 
 241    0.00    5.53     32.28    3.71    3.09     22.99    8.70   18.59     25.57    6.33    8.99      4.66   69.33   77.28   120.12   98.77   116.27   91.56 
 242    0.00    5.32     32.70    3.52    3.09     20.15   12.18   18.57     25.57    6.33    8.97      4.64   70.35   77.25   119.56   98.73   115.78   91.54 
 243    0.00    5.74     34.59    2.84    3.09     17.95   15.82   18.56     25.57    6.33    8.96      4.84   69.47   77.22   120.13   99.00   116.43   91.70 
 244    0.00    5.10     34.84    2.76    3.09     16.67   18.62   18.56     25.57    6.33    8.95      4.75   70.23   77.19   120.51   98.96   116.77   91.78 
 245    0.00    5.28     33.57    3.20    3.09     14.69   23.66   18.58     25.57    6.33    8.94      4.59   72.64   77.17   120.75   98.12   117.07   90.94 
 246    0.00    5.76     33.66    3.19    3.09     22.56    9.63   18.54     24.81    7.21    8.93      4.90   70.77   77.15   121.25   98.29   117.64   91.10 
 247    0.00    5.52     33.53    3.24    3.09     20.30   12.57   18.52     24.81    7.21    8.93      4.70   72.57   77.13   121.70   98.30   118.18   91.07 
 248    0.00    5.33     35.36    2.62    3.09     19.42   13.81   18.50     24.81    7.21    8.92      4.79   72.13   77.11   121.62   99.33   117.89   92.08 
 249    0.00    5.73     35.62    2.55    3.09     17.29   17.71   18.49     24.81    7.21    8.91      4.72   72.49   77.09   121.10   99.56   117.39   92.33 
 250    0.00    5.05     32.60    3.62    3.09     17.51   17.07   18.49     24.81    7.21    8.91      4.54   73.61   77.08   120.71   99.08   116.88   91.73 
 251    0.00    5.31     31.73    3.99    3.09     22.04   10.22   18.46     25.08    7.20    8.90      4.87   71.51   77.05   120.72   98.90   116.71   91.71 
 252    0.00    5.75     35.67    2.52    3.09     23.11    9.12   18.42     25.08    7.20    8.89      4.82   72.05   77.03   120.81   99.26   116.77   92.09 
 253    0.00    5.55     36.52    2.27    3.09     18.89   14.91   18.40     25.08    7.20    8.89      4.83   72.49   77.02   120.14   98.55   116.12   91.34 
 254    0.00    4.63     35.84    2.43    3.09     18.56   15.81   18.39     25.08    7.20    8.88      4.75   74.11   77.00   119.92   96.95   115.71   89.92 
 255    0.00    4.62     33.28    3.23    3.09     16.43   20.61   18.40     25.08    7.20    8.87      4.96   73.55   76.99   119.74   94.12   115.77   87.06 
 256    0.00    4.62     33.65    3.07    3.09     20.78   12.66   18.38     26.04    6.60    8.86      5.04   73.59   76.98   119.94   92.58   115.85   85.60 
 257    0.00    5.29     34.52    2.76    3.09     17.45   18.70   18.38     26.04    6.60    8.86      5.14   74.09   76.97   119.22   90.58   115.39   83.45 
 258    0.00    5.75     35.13    2.55    3.08     17.64   18.41   18.38     26.04    6.60    8.85      5.11   74.99   76.96   119.87   88.76   115.74   81.71 
 259    0.00    5.55     33.18    3.17    3.08     15.76   23.07   18.40     26.04    6.60    8.84      5.35   73.55   76.94   119.82   86.37   115.78   79.27 
 260    0.00    5.28     33.89    2.90    3.08     14.96   25.57   18.43     26.04    6.60    8.83      5.32   74.65   76.94   119.27   85.00   115.50   77.82 
 261    0.00    5.76     33.34    3.05    3.08     21.26   12.51   18.41     26.81    6.42    8.82      5.75   72.13   76.92   119.39   82.59   115.41   75.49 
 262    0.00    4.99     38.10    1.75    3.08     16.76   21.35   18.42     26.81    6.42    8.81      5.78   72.72   76.90   118.94   81.49   115.44   74.20 
 263    0.00    5.30     36.84    2.00    3.07     16.68   21.73   18.43     26.81    6.42    8.80      5.76   73.28   76.89   119.24   78.82   115.50   71.63 
 264    0.00    5.74     39.13    1.52    3.07     14.37   28.67   18.47     26.81    6.42    8.79      5.76   73.90   76.88   118.98   75.95   115.21   68.82 
 265    0.00    5.52     35.12    2.39    3.07     12.83   34.33   18.53     26.81    6.42    8.78      5.79   74.62   76.87   118.66   75.41   115.16   68.14 
 266    0.00    4.62     34.15    2.64    3.06     22.64   11.21   18.50     26.98    6.63    8.78      6.16   71.82   76.85   118.90   73.08   115.30   65.91 
 267    0.00    4.65     34.24    2.59    3.06     20.49   14.38   18.48     26.98    6.63    8.77      6.31   71.01   76.83   118.69   70.96   115.16   63.77 
 268    0.00    4.63     30.55    3.92    3.07     18.33   18.55   18.49     26.98    6.63    8.76      6.41   70.48   76.80   118.54   70.25   114.98   63.10 
 269    0.00    5.78     30.83    3.77    3.07     16.67   22.21   18.50     26.98    6.63    8.75      6.41   70.56   76.78   118.63   67.78   114.86   60.60 
 270    0.00    4.63     29.65    4.28    3.07     14.98   27.17   18.53     26.98    6.63    8.74      6.48   69.54   76.75   118.76   65.67   114.77   58.81 
 271    0.00    4.62     28.98    4.61    3.08     21.80   12.42   18.51     27.45    6.46    8.74      6.89   65.88   76.71   119.32   64.93   115.52   58.01 
 272    0.00    4.62     29.10    4.55    3.08     21.64   12.52   18.49     27.45    6.46    8.73      6.79   67.02   76.68   118.76   64.76   114.84   57.84 
 273    0.00    5.75     29.09    4.57    3.09     21.03   13.57   18.47     27.45    6.46    8.72      6.78   67.06   76.64   119.60   64.62   115.48   57.92 
 274    0.00    5.53     30.19    4.07    3.09     19.24   16.88   18.46     27.45    6.46    8.71      6.70   68.10   76.61   120.18   65.59   116.17   58.89 
 275    0.00    5.74     31.05    3.75    3.09     17.86   19.90   18.47     27.45    6.46    8.70      6.39   70.06   76.59   121.57   67.42   117.85   60.52 
 276    0.00    5.00     33.98    2.73    3.09     21.69   12.71   18.45     24.77    8.86    8.70      6.54   69.15   76.56   122.20   68.79   118.23   61.91 
 277    0.00    5.34     35.45    2.33    3.09     18.59   18.02   18.45     24.77    8.86    8.70      6.33   69.94   76.54   123.11   70.07   119.29   63.07 
 278    0.00    5.75     37.36    1.91    3.09     16.44   22.80   18.46     24.77    8.86    8.70      6.36   69.05   76.51   124.50   72.87   120.73   65.83 
 279    0.00    5.57     38.11    1.79    3.08     13.95   29.73   18.50     24.77    8.86    8.71      5.86   71.61   76.49   125.92   73.68   121.87   66.73 
 280    0.00    4.84     36.02    2.31    3.08     12.75   33.52   18.56     24.77    8.86    8.71      5.68   72.54   76.48   126.86   75.22   122.83   68.15 
 281    0.00    4.64     35.90    2.38    3.08     18.96   16.21   18.55     26.21    7.36    8.70      5.51   72.45   76.46   128.17   76.85   124.04   69.84 
 282    0.00    4.84     33.42    3.21    3.08     17.17   19.70   18.55     26.21    7.36    8.70      5.32   73.56   76.45   129.80   77.23   125.91   70.08 
 283    0.00    5.75     32.37    3.67    3.08     13.98   27.93   18.58     26.21    7.36    8.69      5.20   73.73   76.44   131.22   77.83   127.48   70.56 
 284    0.00    5.52     32.53    3.63    3.08     12.87   31.65   18.63     26.21    7.36    8.69      5.00   74.96   76.44   132.44   78.59   128.55   71.45 
 285    0.00    5.72     30.98    4.38    3.09     11.32   37.54   18.70     26.21    7.36    8.68      4.69   76.92   76.44   132.86   78.48   128.92   71.37 
 286    0.00    5.52     29.67    5.14    3.09     20.35   13.13   18.68     25.99    7.06    8.68      4.95   74.28   76.43   133.67   78.88   129.80   71.68 
 287    0.00    5.73     29.21    5.46    3.10     17.28   18.88   18.68     25.99    7.06    8.67      4.67   76.28   76.43   134.24   79.40   130.42   72.34 
 288    0.00    5.05     30.57    4.66    3.11     16.42   20.81   18.69     25.99    7.06    8.67      4.71   76.44   76.43   134.56   79.69   130.71   72.59 
 289    0.00    5.38     29.59    5.25    3.11     15.17   24.13   18.70     25.99    7.06    8.66      4.70   76.48   76.43   134.93   80.48   131.10   73.39 
 290    0.00    5.72     29.10    5.59    3.12     13.09   30.71   18.75     25.99    7.06    8.65      4.77   76.14   76.43   135.57   80.62   131.73   73.56 
 291    0.00    5.09     29.71    5.26    3.13     18.37   16.70   18.74     26.77    6.32    8.65      4.56   77.61   76.44   136.97   81.99   133.18   74.90 
 292    0.00    4.61     27.00    7.30    3.14     17.37   18.72   18.74     26.77    6.32    8.64      4.70   76.34   76.44   137.35   82.84   133.46   75.82 
 293    0.00    5.35     28.81    5.97    3.15     14.21   26.82   18.77     26.77    6.32    8.63      4.55   77.65   76.44   138.68   84.84   134.82   77.71 
 294    0.00    5.77     27.58    6.96    3.17     13.16   30.59   18.81     26.77    6.32    8.62      4.57   77.64   76.44   139.58   85.77   135.69   78.76 
 295    0.00    5.54     27.00    7.56    3.18     10.95   38.97   18.87     26.77    6.32    8.61      4.41   78.83   76.45   140.69   87.61   136.97   80.33 
 296    0.00    5.32     27.04    7.62    3.20     15.88   21.94   18.88     24.20    8.52    8.61      4.66   76.18   76.45   141.88   89.62   138.23   82.32 
 297    0.00    4.62     26.37    8.28    3.21     13.56   28.60   18.92     24.20    8.52    8.61      4.49   77.21   76.45   141.76   90.19   138.02   82.92 
 298    0.00    5.14     25.77    8.94    3.23     13.29   29.58   18.95     24.20    8.52    8.61      4.58   76.47   76.45   142.06   91.35   138.60   83.96 
 299    0.00    4.65     26.05    8.68    3.25     12.96   30.59   18.99     24.20    8.52    8.61      4.48   77.13   76.46   142.23   92.94   138.65   85.57 
 300    0.00    4.64     26.08    8.71    3.27     12.24   33.48   19.04     24.20    8.52    8.61      4.45   77.65   76.46   142.10   94.89   138.79   87.47 
 301    0.00    5.36     25.67    9.20    3.29     16.24   20.94   19.05     23.75    8.87    8.61      4.39   77.94   76.46   142.26   96.26   139.09   88.70 
 302    0.00    5.76     25.95    8.95    3.31     13.51   28.44   19.08     23.75    8.87    8.61      4.17   79.16   76.47   142.10   98.39   139.07   90.74 
 303    0.00    5.50     26.07    8.84    3.33     11.51   35.38   19.13     23.75    8.87    8.62      4.05   79.97   76.48   141.07  100.52   137.96   92.83 
 304    0.00    4.87     25.18    9.83    3.35     11.21   36.69   19.19     23.75    8.87    8.62      4.02   80.15   76.50   140.30  101.02   137.24   93.31 
 305    0.00    4.62     25.50    9.46    3.37     11.03   37.23   19.25     23.75    8.87    8.62      4.02   80.00   76.51   140.30  101.63   137.37   93.82 
 306    0.00    4.62     26.66    8.24    3.38     16.36   20.19   19.25     22.56    9.97    8.62      4.17   78.21   76.51   139.68  102.99   136.92   95.16 
 307    0.00    5.35     26.42    8.42    3.40     13.78   27.35   19.28     22.56    9.97    8.63      4.39   77.06   76.52   138.14  102.79   135.47   94.96 
 308    0.00    5.76     26.77    8.05    3.41     11.55   35.33   19.33     22.56    9.97    8.63      4.24   77.93   76.52   137.11  103.33   134.45   95.56 
 309    0.00    5.56     26.83    7.96    3.43     11.30   36.13   19.38     22.56    9.97    8.63      4.22   77.91   76.52   136.91  102.87   134.36   95.04 
 310    0.00    4.85     27.89    7.00    3.44     10.78   37.91   19.44     22.56    9.97    8.64      4.19   78.08   76.53   137.50  102.57   135.01   94.60 
 311    0.00    4.65     29.34    5.90    3.45     16.81   18.87   19.44     23.50    8.87    8.64      4.38   76.39   76.53   136.71  103.22   134.14   95.26 
 312    0.00    4.63     27.56    7.24    3.46     15.22   22.76   19.45     23.50    8.87    8.64      4.38   76.31   76.53   136.65  102.23   134.24   94.19 
 313    0.00    5.75     28.16    6.72    3.47     14.04   26.03   19.47     23.50    8.87    8.64      4.29   77.16   76.53   136.14  103.12   133.85   95.02 
 314    0.00    5.01     28.46    6.46    3.48     12.45   31.33   19.51     23.50    8.87    8.64      4.33   77.07   76.53   135.02  102.28   132.73   94.16 
 315    0.00    5.32     28.98    6.08    3.49     10.97   37.44   19.57     23.50    8.87    8.64      4.25   77.99   76.54   135.11  102.59   132.97   94.41 
 316    0.00    5.75     29.17    5.88    3.50     18.03   16.59   19.56     22.71    9.62    8.65      4.59   75.81   76.53   133.82  101.87   131.57   93.61 
 317    0.00    5.50     28.80    6.07    3.51     14.89   23.96   19.57     22.71    9.62    8.65      4.52   76.71   76.54   132.62  100.33   130.41   92.06 
 318    0.00    4.83     28.41    6.30    3.51     13.47   28.18   19.60     22.71    9.62    8.65      4.64   76.21   76.53   130.65  100.06   128.50   91.70 
 319    0.00    4.66     28.81    5.95    3.52     13.51   28.33   19.63     22.71    9.62    8.66      4.67   75.92   76.53   130.27   99.26   128.00   90.95 
 320    0.00    4.63     30.21    5.01    3.53     14.34   25.88   19.65     22.71    9.62    8.66      4.71   75.97   76.53   128.64   99.45   126.67   91.11 
 321    0.00    5.76     30.76    4.66    3.53     20.01   13.52   19.63     21.12   11.72    8.67      4.93   75.02   76.53   127.15   99.20   125.01   90.78 
 322    0.00    5.49     29.36    5.43    3.54     20.25   13.31   19.61     21.12   11.72    8.68      4.97   74.65   76.52   125.53   98.39   123.47   90.03 
 323    0.00    5.77     28.40    6.02    3.54     20.18   13.39   19.59     21.12   11.72    8.69      5.05   74.68   76.51   123.58   97.60   121.51   89.18 
 324    0.00    5.48     29.74    5.08    3.55     18.20   16.99   19.58     21.12   11.72    8.70      5.06   75.13   76.51   122.36   97.39   120.38   88.92 
 325    0.00    5.77     30.29    4.71    3.55     16.60   20.38   19.58     21.12   11.72    8.71      5.15   74.62   76.50   120.15   97.24   118.09   88.77 
 326    0.00    4.97     28.73    5.61    3.56     22.48   10.42   19.56     25.22    7.51    8.70      5.12   74.58   76.50   118.77   96.29   116.83   87.84 
 327    0.00    5.30     31.07    4.21    3.56     17.52   18.52   19.55     25.22    7.51    8.70      5.19   74.89   76.49   117.22   96.36   115.31   87.86 
 328    0.00    5.75     28.79    5.42    3.57     19.08   15.48   19.54     25.22    7.51    8.69      5.14   75.30   76.49   115.54   94.77   113.49   86.33 
 329    0.00    5.48     29.04    5.23    3.57     16.99   19.60   19.54     25.22    7.51    8.69      5.10   75.14   76.49   114.28   94.82   112.42   86.36 
 330    0.00    4.63     29.78    4.76    3.57     17.90   17.70   19.53     25.22    7.51    8.69      5.15   74.95   76.48   113.45   94.27   111.52   85.80 
 331    0.00    4.64     29.84    4.68    3.58     19.08   15.43   19.52     24.60    8.18    8.69      5.04   75.77   76.48   111.62   94.31   109.84   85.78 
 332    0.00    4.65     29.18    5.02    3.58     21.58   11.64   19.50     24.60    8.18    8.68      5.23   74.47   76.47   110.90   93.96   108.96   85.45 
 333    0.00    5.79     29.98    4.54    3.58     17.83   17.87   19.49     24.60    8.18    8.68      5.05   76.06   76.47   109.37   94.35   107.41   85.87 
 334    0.00    5.00     30.48    4.24    3.59     18.05   17.35   19.49     24.60    8.18    8.68      5.11   75.62   76.47   108.20   93.52   106.40   84.96 
 335    0.00    5.30     29.67    4.62    3.59     18.21   17.16   19.48     24.60    8.18    8.68      5.14   75.34   76.47   106.77   92.86   104.92   84.33 
 336    0.00    5.77     29.54    4.65    3.59     19.35   15.12   19.47     23.71    9.08    8.68      5.22   74.98   76.46   105.22   92.67   103.24   84.21 
 337    0.00    5.02     30.33    4.21    3.59     19.21   15.34   19.45     23.71    9.08    8.68      5.35   74.10   76.45   103.54   93.28   101.72   84.76 
 338    0.00    4.64     29.18    4.78    3.60     17.78   17.87   19.45     23.71    9.08    8.68      5.15   74.57   76.45   102.02   93.08   100.15   84.55 
 339    0.00    5.76     28.45    5.17    3.60     15.57   23.22   19.46     23.71    9.08    8.68      5.15   74.43   76.44   100.70   93.53    98.76   85.11 
 340    0.00    4.96     27.48    5.74    3.61     14.94   24.82   19.48     23.71    9.08    8.69      5.15   75.09   76.44    98.92   93.42    97.05   84.94 
 341    0.00    5.30     27.64    5.59    3.62     18.59   16.09   19.47     23.56    9.25    8.69      5.08   74.98   76.43    97.37   94.23    95.36   85.79 
 342    0.00    5.79     27.58    5.60    3.62     16.65   20.04   19.47     23.56    9.25    8.69      4.89   75.31   76.43    95.49   94.01    93.53   85.68 
 343    0.00    5.52     27.76    5.45    3.63     14.85   24.47   19.48     23.56    9.25    8.69      4.84   75.60   76.43    94.12   94.29    92.45   85.92 
 344    0.00    5.15     27.95    5.28    3.63     14.38   25.70   19.50     23.56    9.25    8.69      4.76   76.15   76.43    93.24   93.78    91.59   85.33 
 345    0.00    4.63     27.85    5.31    3.64     13.94   26.98   19.52     23.56    9.25    8.69      4.82   75.87   76.43    91.94   94.35    90.23   85.91 
 346    0.00    4.65     27.49    5.47    3.64     22.64    9.78   19.49     24.08    8.46    8.69      4.86   75.23   76.42    90.01   94.30    88.36   85.78 
 347    0.00    5.75     27.03    5.73    3.65     19.68   13.66   19.48     24.08    8.46    8.69      4.71   75.26   76.42    88.59   94.00    86.78   85.50 
 348    0.00    4.99     27.14    5.63    3.65     18.48   15.62   19.47     24.08    8.46    8.69      4.88   73.74   76.41    87.15   94.21    85.56   85.67 
 349    0.00    5.26     27.51    5.34    3.66     16.56   19.17   19.47     24.08    8.46    8.69      4.68   74.78   76.41    85.34   94.37    83.64   85.75 
 350    0.00    5.75     27.50    5.33    3.66     15.52   21.58   19.47     24.08    8.46    8.69      4.59   74.78   76.40    84.28   94.92    82.41   86.37 
 351    0.00    5.49     27.85    5.07    3.67     20.33   12.34   19.45     24.29    7.97    8.69      4.79   72.64   76.39    82.61   94.82    80.72   86.30 
 352    0.00    4.81     27.84    5.03    3.67     18.18   15.56   19.44     24.29    7.97    8.69      4.87   71.78   76.38    80.79   95.13    79.00   86.54 
 353    0.00    4.61     28.30    4.74    3.67     16.71   18.46   19.44     24.29    7.97    8.68      4.85   71.87   76.37    79.42   95.47    77.73   86.96 
 354    0.00    4.62     27.12    5.34    3.68     15.25   21.63   19.44     24.29    7.97    8.68      4.81   71.63   76.35    77.81   95.60    76.09   87.11 
 355    0.00    5.73     27.24    5.25    3.68     14.62   22.96   19.45     24.29    7.97    8.68      4.79   71.50   76.34    76.14   95.55    74.61   87.03 
 356    0.00    5.02     27.50    5.04    3.69     18.07   15.41   19.44     25.81    6.45    8.67      4.79   70.31   76.32    75.37   95.53    74.15   86.99 
 357    0.00    5.26     28.56    4.43    3.69     19.73   12.66   19.42     25.81    6.45    8.67      4.84   69.98   76.30    73.83   95.02    72.53   86.49 
 358    0.00    5.74     27.86    4.79    3.69     19.36   13.20   19.41     25.81    6.45    8.66      4.86   70.32   76.29    73.02   94.31    71.77   85.69 
 359    0.00    5.09     28.55    4.35    3.69     17.18   17.12   19.40     25.81    6.45    8.66      4.98   68.68   76.27    72.69   93.98    71.22   85.42 
 360    0.00    4.64     28.30    4.44    3.70     15.58   20.55   19.40     25.81    6.45    8.65      4.91   68.91   76.25    72.26   93.96    70.87   85.35 
 361    0.00    5.26     28.04    4.57    3.70     19.00   13.76   19.39     24.26    7.55    8.65      5.13   66.70   76.22    71.63   93.18    70.22   84.58 
 362    0.00    5.76     27.74    4.72    3.70     20.89   11.18   19.36     24.26    7.55    8.64      5.12   66.81   76.19    72.38   93.70    70.99   85.06 
 363    0.00    5.11     28.71    4.24    3.70     20.36   11.98   19.34     24.26    7.55    8.64      5.14   67.19   76.17    72.52   93.69    71.06   85.02 
 364    0.00    4.61     29.36    3.91    3.70     17.91   16.28   19.34     24.26    7.55    8.64      5.13   68.25   76.15    73.55   92.11    72.24   83.48 
 365    0.00    5.76     28.28    4.46    3.70     14.69   24.44   19.35     24.26    7.55    8.63      5.14   69.80   76.13    75.27   91.27    73.87   82.78 
 366    0.00    5.03     28.54    4.35    3.71     18.22   16.51   19.34     25.68    6.57    8.63      4.95   72.06   76.12    77.43   89.70    75.89   80.99 
 367    0.00    5.28     28.70    4.27    3.71     17.61   17.95   19.34     25.68    6.57    8.62      4.99   72.17   76.11    79.03   88.43    77.59   79.81 
 368    0.00    5.76     31.43    3.10    3.71     15.55   22.64   19.35     25.68    6.57    8.62      4.98   72.82   76.10    80.02   88.48    78.58   79.87 
 369    0.00    5.06     34.81    2.10    3.70     14.85   24.67   19.36     25.68    6.57    8.61      5.03   73.22   76.09    81.08   87.97    79.77   79.36 
 370    0.00    4.62     32.56    2.75    3.70     15.14   24.49   19.38     25.68    6.57    8.61      5.14   73.94   76.08    82.51   86.15    81.07   77.62 
 371    0.00    5.28     34.30    2.23    3.70     19.35   15.33   19.37     26.93    6.15    8.60      5.66   70.83   76.07    83.85   85.13    82.36   76.59 
 372    0.00    5.78     36.00    1.83    3.69     16.48   21.52   19.37     26.93    6.15    8.59      5.59   71.91   76.06    84.55   83.29    83.05   74.79 
 373    0.00    5.05     34.62    2.11    3.69     15.92   23.46   19.38     26.93    6.15    8.59      5.61   72.57   76.05    86.21   80.61    84.68   72.13 
 374    0.00    4.62     33.74    2.33    3.68     14.72   27.35   19.40     26.93    6.15    8.58      5.51   74.70   76.05    87.36   78.09    85.83   69.66 
 375    0.00    5.27     33.99    2.26    3.68     13.30   32.62   19.44     26.93    6.15    8.57      5.63   74.64   76.04    88.55   76.07    86.92   67.71 
 376    0.00    5.74     34.34    2.17    3.67     19.34   16.40   19.43     26.77    6.71    8.57      6.08   72.00   76.03    89.65   75.64    88.13   67.31 
 377    0.00    5.42     35.01    2.02    3.67     19.09   17.08   19.42     26.77    6.71    8.56      6.17   72.19   76.02    90.85   73.52    89.43   65.16 
 378    0.00    4.78     35.71    1.86    3.67     16.28   23.91   19.44     26.77    6.71    8.56      6.05   73.51   76.02    92.78   71.59    91.60   63.20 
 379    0.00    4.61     34.25    2.22    3.66     14.89   28.45   19.46     26.77    6.71    8.55      6.12   74.03   76.01    94.80   70.53    93.54   62.16 
 380    0.00    4.61     34.05    2.28    3.66     13.25   34.83   19.50     26.77    6.71    8.55      5.85   77.80   76.01    96.56   69.13    95.22   60.74 
 381    0.00    5.27     34.77    2.13    3.65     19.87   16.66   19.49     26.43    7.44    8.55      6.63   71.93   76.00    99.16   67.64    97.99   59.34 
 382    0.00    5.74     32.88    2.69    3.65     18.01   20.78   19.50     26.43    7.44    8.54      6.50   74.43   76.00   101.30   66.43   100.23   58.08 
 383    0.00    5.41     36.37    1.82    3.65     17.48   22.17   19.50     26.43    7.44    8.54      6.46   75.17   76.00   103.02   65.97   101.97   57.63 
 384    0.00    4.63     34.56    2.27    3.64     15.45   28.06   19.53     26.43    7.44    8.54      6.41   75.79   76.00   105.46   64.77   104.42   56.44 
 385    0.00    5.29     39.93    1.24    3.64     14.34   31.93   19.56     26.43    7.44    8.53      6.28   76.85   76.00   107.20   65.32   106.16   57.04 
 386    0.00    5.73     37.44    1.68    3.63     22.73   12.18   19.54     28.56    6.18    8.53      6.54   74.17   75.99   109.02   64.73   107.95   56.55 
 387    0.00    4.99     42.39    0.97    3.63     21.20   14.42   19.53     28.56    6.18    8.52      6.57   73.46   75.99   110.87   65.64   109.93   57.46 
 388    0.00    4.61     39.32    1.39    3.62     18.50   19.67   19.53     28.56    6.18    8.52      6.38   74.72   75.98   113.50   65.83   112.60   57.67 
 389    0.00    5.29     41.05    1.17    3.61     17.99   20.73   19.53     28.56    6.18    8.51      6.26   75.29   75.98   114.97   67.17   113.88   59.06 
 390    0.00    5.75     38.99    1.50    3.61     15.43   27.76   19.55     28.56    6.18    8.50      6.19   75.18   75.98   117.33   67.94   116.15   59.94 
 391    0.00    4.98     37.65    1.78    3.60     20.24   15.62   19.54     26.69    7.65    8.50      6.17   74.90   75.98   118.92   69.10   118.06   60.96 
 392    0.00    4.59     36.55    2.05    3.60     17.90   20.02   19.54     26.69    7.65    8.50      6.16   74.04   75.97   119.73   70.69   118.71   62.46 
 393    0.00    4.63     38.16    1.73    3.59     17.88   19.97   19.54     26.69    7.65    8.50      6.01   74.16   75.97   121.50   71.62   120.48   63.46 
 394    0.00    4.65     37.97    1.79    3.59     17.79   20.22   19.54     26.69    7.65    8.50      5.88   74.50   75.96   123.04   73.16   121.99   65.11 
 395    0.00    5.76     33.90    2.90    3.59     14.56   29.23   19.57     26.69    7.65    8.49      5.62   76.61   75.97   123.34   73.88   121.96   65.94 
 396    0.00    5.43     32.97    3.26    3.59     20.62   14.32   19.56     26.87    7.14    8.49      5.88   73.79   75.96   124.46   75.20   123.20   67.18 
 397    0.00    5.75     33.50    3.09    3.59     20.44   14.64   19.54     26.87    7.14    8.49      5.70   74.96   75.96   124.59   77.06   123.04   69.19 
 398    0.00    5.43     34.77    2.71    3.58     19.72   15.58   19.53     26.87    7.14    8.48      5.67   74.58   75.96   126.06   79.36   124.76   71.30 
 399    0.00    5.75     33.03    3.34    3.58     18.95   16.82   19.53     26.87    7.14    8.48      5.48   75.18   75.95   125.86   81.72   124.26   73.66 
 400    0.00    4.92     38.14    1.86    3.58     17.11   20.59   19.53     26.87    7.14    8.48      5.41   75.53   75.95   126.22   84.28   124.55   76.19 
 401    0.00    5.33     34.00    3.05    3.58     18.14   18.23   19.53     26.28    7.33    8.47      5.49   74.25   75.95   125.77   86.69   124.06   78.64 
 402    0.00    5.74     32.14    3.82    3.58     21.30   12.63   19.51     26.28    7.33    8.47      5.39   74.53   75.94   126.73   88.31   125.00   80.29 
 403    0.00    4.62     32.22    3.81    3.58     18.87   16.45   19.50     26.28    7.33    8.47      5.29   74.99   75.94   126.38   90.40   124.58   82.34 
 404    0.00    4.62     34.87    2.84    3.58     17.84   18.38   19.50     26.28    7.33    8.47      5.20   74.79   75.94   127.10   93.84   125.16   85.82 
 405    0.00    4.62     35.64    2.62    3.57     16.52   21.12   19.50     26.28    7.33    8.46      5.09   75.41   75.94   126.88   96.76   125.10   88.67 
 406    0.00    4.61     33.31    3.45    3.57     21.13   12.35   19.48     24.63    8.49    8.46      5.11   74.26   75.93   127.23   97.69   125.29   89.64 
 407    0.00    4.66     34.17    3.16    3.57     20.31   13.33   19.47     24.63    8.49    8.46      4.96   74.98   75.93   127.87  100.51   125.95   92.41 
 408    0.00    4.83     35.27    2.81    3.57     19.88   13.84   19.46     24.63    8.49    8.46      5.02   74.06   75.93   128.04  102.92   126.26   94.70 
 409    0.00    4.64     35.66    2.72    3.57     18.16   16.86   19.45     24.63    8.49    8.46      4.86   74.80   75.92   127.83  105.50   126.14   97.37 
 410    0.00    4.64     34.10    3.28    3.57     16.70   19.86   19.45     24.63    8.49    8.46      4.78   75.05   75.92   127.86  107.23   126.19   99.09 
 411    0.00    5.75     34.93    3.02    3.57     20.01   13.49   19.44     26.01    6.88    8.46      4.46   77.27   75.93   128.78  110.14   127.18  102.00 
 412    0.00    4.97     31.65    4.48    3.57     17.34   18.10   19.43     26.01    6.88    8.46      4.56   76.03   75.93   128.99  112.24   127.45  104.04 
 413    0.00    5.36     34.35    3.31    3.57     16.00   20.86   19.44     26.01    6.88    8.45      4.35   77.12   75.93   129.18  115.66   127.65  107.43 
 414    0.00    5.74     30.17    5.45    3.57     13.96   26.20   19.45     26.01    6.88    8.45      4.23   77.11   75.93   129.39  117.34   127.70  109.17 
 415    0.00    5.46     31.79    4.57    3.58     13.43   27.45   19.47     26.01    6.88    8.44      4.06   77.96   75.94   129.42  120.60   127.66  112.41 
 416    0.00    4.62     29.47    6.03    3.58     16.36   19.62   19.47     25.32    7.15    8.44      3.90   79.16   75.94   129.93  121.85   128.08  113.71 
 417    0.00    5.39     30.09    5.67    3.59     14.93   23.02   19.48     25.32    7.15    8.44      3.78   79.54   75.95   129.80  124.73   128.18  116.54 
 418    0.00    5.74     28.89    6.58    3.59     14.05   24.95   19.49     25.32    7.15    8.43      3.87   78.33   75.96   129.44  126.93   127.44  118.74 
 419    0.00    5.03     29.03    6.54    3.60     13.31   27.25   19.51     25.32    7.15    8.43      3.74   78.49   75.96   129.24  129.62   127.44  121.44 
 420    0.00    4.63     29.00    6.63    3.61     12.24   30.62   19.54     25.32    7.15    8.43      3.51   80.52   75.97   128.55  132.20   126.65  124.05 
 421    0.00    5.74     30.63    5.51    3.61     17.24   17.12   19.53     24.35    7.69    8.43      3.66   78.51   75.98   128.12  135.25   126.20  127.20 
 422    0.00    4.63     28.64    7.00    3.62     14.90   22.07   19.54     24.35    7.69    8.42      3.76   77.07   75.98   127.47  136.61   125.45  128.56 
 423    0.00    4.64     28.92    6.82    3.63     13.36   25.97   19.55     24.35    7.69    8.42      3.57   78.04   75.99   127.41  139.07   125.12  131.01 
 424    0.00    4.63     28.76    7.01    3.64     12.81   27.60   19.57     24.35    7.69    8.42      3.51   78.01   75.99   126.78  141.38   124.54  133.35 
 425    0.00    5.73     29.29    6.65    3.64     10.24   36.72   19.61     24.35    7.69    8.42      3.24   79.64   76.00   125.75  144.42   123.67  136.32 
 426    0.00    5.40     28.20    7.63    3.65     19.49   12.55   19.60     24.14    7.55    8.42      3.58   76.35   76.00   125.70  146.80   123.51  138.59 
 427    0.00    5.77     29.04    6.97    3.66     16.13   18.31   19.59     24.14    7.55    8.42      3.21   78.18   76.01   124.95  149.65   122.72  141.69 
 428    0.00    4.97     27.57    8.35    3.67     14.44   22.16   19.60     24.14    7.55    8.41      3.31   77.53   76.01   124.81  151.22   122.72  143.16 
 429    0.00    5.38     28.08    7.95    3.68     11.79   30.07   19.62     24.14    7.55    8.41      3.23   77.27   76.01   124.57  154.77   122.48  146.71 
 430    0.00    5.77     26.64    9.47    3.69     11.50   30.71   19.65     24.14    7.55    8.41      3.19   77.79   76.02   123.82  155.40   121.52  147.37 
 431    0.00    5.41     26.54    9.65    3.71     19.01   12.88   19.63     23.15    8.13    8.41      3.34   75.13   76.02   123.88  157.29   121.48  149.29 
 432    0.00    4.77     26.84    9.40    3.72     16.08   17.93   19.63     23.15    8.13    8.41      3.28   75.03   76.01   123.88  159.78   121.49  151.78 
 433    0.00    5.77     25.82   10.66    3.74     14.04   22.24   19.64     23.15    8.13    8.41      3.09   76.35   76.01   122.73  161.21   120.43  153.19 
 434    0.00    4.95     25.90   10.65    3.75     12.62   26.01   19.65     23.15    8.13    8.41      2.93   76.42   76.02   122.53  163.34   120.26  155.31 
 435    0.00    5.34     25.94   10.68    3.77     12.20   26.94   19.67     23.15    8.13    8.41      2.82   77.15   76.02   121.80  165.80   119.43  157.82 
 436    0.00    5.75     26.07   10.56    3.79     19.29   11.72   19.65     24.07    7.04    8.40      2.94   75.05   76.02   121.03  167.57   118.58  159.66 
 437    0.00    5.37     25.70   11.10    3.80     16.24   16.37   19.64     24.07    7.04    8.40      2.85   75.03   76.01   120.20  169.42   117.72  161.54 
 438    0.00    4.77     26.14   10.58    3.82     15.34   18.04   19.64     24.07    7.04    8.40      2.83   74.80   76.01   119.90  170.86   117.29  163.00 
 439    0.00    5.76     26.64   10.01    3.83     13.72   21.74   19.64     24.07    7.04    8.39      2.75   75.15   76.01   119.52  172.24   116.78  164.37 
 440    0.00    5.32     26.53   10.17    3.85     11.80   26.82   19.66     24.07    7.04    8.39      2.75   74.66   76.01   119.19  173.74   116.50  165.95 
 441    0.00    5.77     26.82    9.85    3.86     18.65   12.16   19.64     23.24    7.29    8.39      3.03   72.37   76.00   118.72  174.80   116.01  166.88 
 442    0.00    5.33     25.96   10.96    3.88     16.27   15.74   19.63     23.24    7.29    8.39      2.95   72.30   75.99   117.42  176.00   114.51  168.10 
 443    0.00    5.74     26.77   10.00    3.89     14.92   18.27   19.63     23.24    7.29    8.38      2.73   73.55   75.98   117.27  177.91   114.32  170.20 
 444    0.00    5.34     27.23    9.50    3.90     13.64   20.99   19.63     23.24    7.29    8.38      2.91   72.01   75.97   116.41  179.35   113.40  171.53 
 445    0.00    5.75     26.86    9.97    3.92     12.65   23.59   19.64     23.24    7.29    8.38      2.86   72.07   75.97   116.49  180.53   113.54  172.76 
 446    0.00    5.31     27.05    9.77    3.93     17.08   13.94   19.63     21.05    9.05    8.38      3.14   70.28   75.95   114.87  182.30   111.78  174.54 
 447    0.00    5.73     25.56   11.67    3.95     15.15   17.51   19.62     21.05    9.05    8.38      3.10   69.45   75.94   114.54  182.40   111.56  174.60 
 448    0.00    5.31     26.33   10.63    3.96     13.35   21.49   19.63     21.05    9.05    8.38      3.14   69.64   75.92   113.19  182.87   110.27  175.04 
 449    0.00    5.77     26.86    9.98    3.97     11.95   24.79   19.64     21.05    9.05    8.38      3.12   69.47   75.91   110.72  183.92   107.86  175.99 
 450    0.00    4.90     27.20    9.57    3.99     12.12   24.48   19.65     21.05    9.05    8.39      3.17   68.09   75.89   110.39  184.13   107.54  176.30 
 451    0.00    5.31     27.32    9.43    4.00     18.70   11.39   19.63     21.20    8.65    8.39      3.77   63.84   75.87   109.26  184.50   106.30  176.70 
 452    0.00    5.78     27.29    9.46    4.01     17.89   12.63   19.62     21.20    8.65    8.39      3.65   64.54   75.84   109.29  184.45   106.40  176.58 
 453    0.00    5.36     27.82    8.89    4.02     16.02   15.65   19.61     21.20    8.65    8.39      3.64   64.90   75.82   108.27  185.28   105.54  177.41 
 454    0.00    4.75     26.90    9.93    4.03     16.52   14.70   19.60     21.20    8.65    8.39      3.51   65.42   75.79   106.79  186.24   103.91  178.41 
 455    0.00    5.77     26.17   10.79    4.05     14.97   17.60   19.59     21.20    8.65    8.39      3.38   66.56   75.77   106.27  186.31   103.58  178.39 
 456    0.00    5.35     27.25    9.47    4.06     19.03   10.96   19.57     22.76    7.18    8.39      3.63   64.10   75.75   104.65  186.31   101.84  178.36 
 457    0.00    5.74     25.93   10.99    4.08     18.26   12.21   19.56     22.76    7.18    8.38      3.61   64.41   75.72   104.62  184.15   102.26  176.11 
 458    0.00    5.32     26.24   10.45    4.09     16.08   15.69   19.55     22.76    7.18    8.38      3.67   64.22   75.70   103.18  181.62   100.56  173.61 
 459    0.00    5.73     26.21   10.33    4.10     14.38   19.18   19.55     22.76    7.18    8.38      3.52   64.64   75.67   103.20  178.68   100.75  170.56 
 460    0.00    5.34     26.09   10.35    4.12     12.68   23.21   19.56     22.76    7.18    8.38      3.67   64.26   75.65   103.01  175.62   100.60  167.41 
 461    0.00    5.77     26.61    9.61    4.13     18.62   11.69   19.54     24.94    5.64    8.37      3.64   64.32   75.62   102.76  173.09   100.65  164.80 
 462    0.00    5.36     26.08   10.07    4.14     15.24   17.21   19.53     24.94    5.64    8.36      3.79   63.60   75.60   102.63  169.26   100.48  160.96 
 463    0.00    5.77     26.78    9.11    4.15     12.60   23.52   19.54     24.94    5.64    8.36      3.77   64.11   75.57   103.28  165.95   101.23  157.65 
 464    0.00    4.91     27.27    8.45    4.16      9.63   32.70   19.57     24.94    5.64    8.35      3.68   65.90   75.55   102.61  162.41   100.79  154.08 
 465    0.00    5.27     26.88    8.63    4.17      8.41   37.44   19.61     24.94    5.64    8.35      3.38   67.12   75.54   103.38  156.86   101.64  148.43 
 466    0.00    5.77     26.54    8.85    4.18     14.69   17.80   19.61     21.61    8.26    8.35      3.94   63.25   75.51   103.18  152.80   101.33  144.42 
 467    0.00    4.93     26.04    9.23    4.19     13.31   20.91   19.61     21.61    8.26    8.35      3.56   64.86   75.49   104.22  148.76   102.63  140.36 
 468    0.00    4.61     28.15    7.14    4.20     14.08   19.00   19.61     21.61    8.26    8.35      3.65   64.06   75.46   104.65  146.92   103.10  138.52 
 469    0.00    5.29     28.20    7.01    4.21     13.17   21.14   19.61     21.61    8.26    8.35      3.54   65.11   75.44   105.10  143.88   103.66  135.41 
 470    0.00    5.73     26.76    8.17    4.21     11.86   24.94   19.62     21.61    8.26    8.35      3.48   65.66   75.42   106.50  139.74   104.96  131.30 
 471    0.00    4.94     27.45    7.46    4.22     16.97   13.80   19.61     21.33    8.29    8.35      3.67   64.30   75.40   107.32  136.42   105.80  127.86 
 472    0.00    4.60     28.27    6.71    4.23     15.03   17.29   19.61     21.33    8.29    8.35      3.68   63.89   75.37   108.74  133.55   106.84  125.09 
 473    0.00    4.62     29.93    5.48    4.23     13.32   21.18   19.61     21.33    8.29    8.35      3.61   64.20   75.35   109.66  131.16   107.74  122.85 
 474    0.00    4.63     28.07    6.78    4.23     12.51   23.19   19.62     21.33    8.29    8.35      3.69   63.43   75.32   111.10  128.27   109.07  119.76 
 475    0.00    5.28     29.17    5.97    4.24     14.12   19.38   19.62     21.33    8.29    8.34      3.73   62.84   75.30   112.48  127.85   110.91  119.41 
 476    0.00    5.74     28.78    6.26    4.24     18.37   12.02   19.60     21.96    7.81    8.34      3.66   64.68   75.27   113.93  126.72   112.36  118.10 
 477    0.00    5.40     28.06    6.79    4.25     16.94   14.56   19.59     21.96    7.81    8.34      3.71   65.60   75.25   115.65  124.79   113.98  116.30 
 478    0.00    4.97     29.34    5.84    4.25     15.12   18.34   19.59     21.96    7.81    8.34      3.78   66.80   75.24   117.16  123.49   115.53  115.00 
 479    0.00    4.62     31.19    4.70    4.25     13.83   21.56   19.59     21.96    7.81    8.34      3.67   68.37   75.22   118.58  122.03   116.62  113.68 
 480    0.00    5.31     30.80    4.94    4.25     12.03   26.88   19.61     21.96    7.81    8.34      3.71   68.87   75.21   120.05  121.30   118.03  112.99 
 481    0.00    4.63     30.80    4.96    4.25     16.50   16.35   19.60     24.50    6.20    8.33      3.82   69.54   75.20   122.06  120.92   119.98  112.56 
 482    0.00    4.63     31.86    4.42    4.25     14.89   20.06   19.60     24.50    6.20    8.33      3.71   70.86   75.19   124.42  120.65   122.45  112.26 
 483    0.00    4.63     30.55    5.19    4.26     14.38   21.69   19.60     24.50    6.20    8.33      3.87   71.17   75.18   126.22  120.22   124.32  111.92 
 484    0.00    5.28     30.48    5.30    4.26     13.61   23.90   19.61     24.50    6.20    8.32      3.94   70.82   75.17   128.49  121.14   126.77  112.83 
 485    0.00    4.62     31.13    4.97    4.26     12.14   28.42   19.63     24.50    6.20    8.32      3.95   71.58   75.16   129.91  121.63   128.25  113.37 
 486    0.00    4.64     29.07    6.37    4.26     18.46   13.83   19.62     23.44    7.59    8.32      3.67   74.14   75.16   131.58  121.03   129.94  112.77 
 487    0.00    5.72     30.18    5.60    4.27     17.76   15.07   19.61     23.44    7.59    8.31      3.81   73.56   75.16   133.39  120.98   131.68  112.74 
 488    0.00    4.92     30.13    5.65    4.27     15.50   19.64   19.61     23.44    7.59    8.31      3.74   74.54   75.16   134.75  119.95   132.94  111.73 
 489    0.00    5.44     30.86    5.22    4.27     15.06   20.79   19.61     23.44    7.59    8.31      3.69   75.09   75.16   136.23  119.71   134.48  111.52 
 490    0.00    5.95     32.00    4.59    4.27     14.35   22.76   19.62     23.44    7.59    8.31      3.66   75.65   75.16   137.74  119.82   136.17  111.59 
 491    0.00    4.98     30.97    5.22    4.27     14.75   21.86   19.62     22.46    8.83    8.31      3.47   77.77   75.16   138.65  119.63   137.17  111.43 
 492    0.00    4.59     31.60    4.88    4.28     15.58   20.03   19.62     22.46    8.83    8.31      3.37   78.71   75.17   141.42  119.31   140.00  111.03 
 493    0.00    4.62     31.80    4.80    4.28     15.00   21.58   19.63     22.46    8.83    8.31      3.47   78.41   75.18   143.29  118.72   141.83  110.58 
 494    0.00    4.62     30.35    5.70    4.28     13.60   25.53   19.64     22.46    8.83    8.31      3.50   78.70   75.18   145.55  116.84   143.81  108.70 
 495    0.00    5.74     30.34    5.75    4.28     12.57   28.54   19.66     22.46    8.83    8.32      3.53   77.89   75.19   146.70  116.41   144.86  108.29 
 496    0.00    5.27     30.23    5.86    4.29     21.65   10.10   19.64     24.05    7.59    8.31      3.61   76.87   75.19   149.00  115.94   147.25  107.87 
 497    0.00    5.76     29.88    6.15    4.29     17.27   16.60   19.63     24.05    7.59    8.31      3.59   77.58   75.20   151.04  115.20   149.02  106.99 
 498    0.00    4.63     30.48    5.76    4.29     18.07   15.39   19.62     24.05    7.59    8.31      3.56   77.63   75.20   152.87  114.47   150.95  106.45 
 499    0.00    4.62     29.92    6.20    4.30     15.55   20.41   19.63     24.05    7.59    8.31      3.66   77.53   75.21   154.97  114.12   153.24  105.95 
 500    0.00    4.63     31.04    5.48    4.30     14.48   23.19   19.63     24.05    7.59    8.31      3.58   78.12   75.21   157.61  114.30   155.83  106.16 
 501    0.00    5.77     29.82    6.39    4.30     17.03   17.24   19.63     21.88    9.85    8.31      3.66   77.59   75.22   160.15  113.18   158.40  104.97 
 502    0.00    4.90     29.60    6.62    4.31     15.30   21.03   19.63     21.88    9.85    8.31      3.67   76.81   75.22   162.85  113.04   161.15  104.82 
 503    0.00    5.26     30.53    6.03    4.31     13.84   24.88   19.64     21.88    9.85    8.32      3.53   77.85   75.22   165.48  113.59   163.46  105.46 
 504    0.00    5.78     30.32    6.23    4.31     13.15   26.78   19.66     21.88    9.85    8.32      3.73   76.39   75.23   166.98  113.83   165.30  105.59 
 505    0.00    5.33     30.80    5.98    4.32     12.00   30.48   19.68     21.88    9.85    8.32      3.50   78.09   75.23   170.51  114.66   168.90  106.39 
 506    0.00    4.66     29.32    7.21    4.32     17.04   16.98   19.67     23.26    8.39    8.32      3.57   77.10   75.24   173.00  115.29   171.58  107.02 
 507    0.00    5.32     29.12    7.44    4.33     14.04   23.77   19.68     23.26    8.39    8.32      3.55   76.73   75.24   174.63  115.29   173.27  107.00 
 508    0.00    5.81     29.32    7.35    4.34     13.44   25.09   19.69     23.26    8.39    8.32      3.41   77.40   75.24   177.10  116.27   175.57  107.92 
 509    0.00    4.93     29.78    7.03    4.34     12.41   28.36   19.71     23.26    8.39    8.32      3.55   75.45   75.24   178.76  117.52   177.38  109.26 
 510    0.00    4.63     28.97    7.83    4.35     11.57   30.85   19.73     23.26    8.39    8.32      3.52   75.38   75.24   179.88  119.62   178.42  111.37 
 511    0.00    4.64     28.69    8.17    4.36     17.16   16.08   19.72     22.91    8.49    8.32      3.09   78.34   75.25   181.34  121.38   179.96  113.14 
 512    0.00    4.66     28.72    8.22    4.36     14.86   20.53   19.72     22.91    8.49    8.32      3.06   77.56   75.26   182.34  123.76   181.00  115.43 
 513    0.00    4.63     28.61    8.42    4.37     12.76   25.59   19.74     22.91    8.49    8.32      2.94   77.40   75.26   182.87  126.96   181.32  118.67 
 514    0.00    4.63     28.85    8.25    4.38     12.01   27.53   19.75     22.91    8.49    8.33      2.88   76.38   75.26   183.26  129.42   181.57  121.15 
 515    0.00    5.32     29.16    8.02    4.39     11.79   28.20   19.77     22.91    8.49    8.33      2.68   77.17   75.27   184.50  132.02   183.11  123.82 
 516    0.00    5.79     28.86    8.36    4.39     15.27   18.61   19.76     23.30    7.66    8.32      3.02   73.41   75.26   184.64  134.18   183.23  125.98 
 517    0.00    4.64     29.06    8.27    4.40     13.48   22.53   19.77     23.30    7.66    8.32      3.03   72.89   75.26   186.42  137.07   184.97  128.81 
 518    0.00    5.77     28.63    8.76    4.41     14.66   19.77   19.77     23.30    7.66    8.32      2.82   74.58   75.26   187.71  138.23   185.97  130.11 
 519    0.00    5.32     27.47   10.14    4.42     13.06   23.61   19.78     23.30    7.66    8.32      2.97   73.46   75.25   189.10  138.62   187.22  130.50 
 520    0.00    4.70     28.34    9.22    4.43     11.74   27.67   19.79     23.30    7.66    8.32      3.13   72.49   75.25   190.62  138.92   188.72  130.86 
 521    0.00    4.64     28.25    9.35    4.44     15.52   17.92   19.79     21.89    8.60    8.32      3.40   70.62   75.24   192.11  137.81   190.15  129.77 
 522    0.00    5.74     26.79   11.14    4.45     11.43   29.11   19.81     21.89    8.60    8.32      3.37   71.55   75.23   193.75  135.85   191.69  127.89 
 523    0.00    4.90     27.63   10.08    4.46      9.72   35.87   19.84     21.89    8.60    8.32      3.43   72.16   75.23   195.05  134.04   192.98  126.07 
 524    0.00    4.61     27.53   10.17    4.47      9.11   38.97   19.87     21.89    8.60    8.32      3.57   72.29   75.22   195.84  131.01   194.07  122.93 
 525    0.00    4.64     27.55   10.09    4.48      8.74   42.02   19.92     21.89    8.60    8.32      3.58   73.54   75.22   197.73  126.51   195.66  118.63 
 526    0.00    4.65     27.91    9.63    4.49     13.85   23.35   19.92     22.31    8.46    8.32      3.85   72.09   75.21   198.26  123.71   196.36  115.61 
 527    0.00    4.64     26.98   10.66    4.51     10.75   33.86   19.95     22.31    8.46    8.32      3.73   73.29   75.21   199.27  117.79   197.02  109.80 
 528    0.00    4.58     27.74    9.70    4.52      9.67   38.58   19.98     22.31    8.46    8.32      3.93   71.76   75.20   200.61  114.56   198.50  106.52 
 529    0.00    5.31     27.44    9.97    4.53      8.84   41.96   20.03     22.31    8.46    8.32      3.94   71.53   75.19   200.99  109.77   198.43  101.79 
 530    0.00    5.77     28.15    9.12    4.53      8.34   44.07   20.07     22.31    8.46    8.32      3.81   72.07   75.19   201.59  107.16   199.11   99.17 
 531    0.00    5.36     27.15   10.19    4.55     14.93   20.73   20.07     22.34    8.87    8.32      4.65   65.41   75.17   201.08  104.11   198.50   96.23 
 532    0.00    4.68     27.36    9.92    4.56     14.96   20.73   20.07     22.34    8.87    8.33      4.67   65.21   75.15   200.92  102.46   198.19   94.66 
 533    0.00    4.64     26.97   10.33    4.57     13.22   25.23   20.08     22.34    8.87    8.33      4.62   66.09   75.13   200.84   99.74   198.06   91.66 
 534    0.00    5.78     27.03   10.17    4.58     12.59   27.22   20.10     22.34    8.87    8.33      4.54   66.23   75.12   200.12   97.22   197.21   89.21 
 535    0.00    4.62     28.41    8.57    4.58     12.42   28.03   20.11     22.34    8.87    8.33      4.82   64.89   75.10   199.82   95.38   196.95   87.33 
 536    0.00    5.75     27.32    9.66    4.59     16.29   17.97   20.11     23.11    8.11    8.33      4.55   66.63   75.08   198.79   91.77   195.70   83.75 
 537    0.00    4.93     27.49    9.44    4.60     15.94   18.52   20.10     23.11    8.11    8.33      4.72   65.06   75.06   199.14   89.32   196.04   81.27 
 538    0.00    4.63     27.89    8.99    4.61     14.66   20.88   20.11     23.11    8.11    8.33      4.69   64.53   75.04   200.51   85.65   197.38   77.62 
 539    0.00    4.64     26.41   10.65    4.62     12.35   26.56   20.12     23.11    8.11    8.33      4.64   63.32   75.02   200.66   81.42   197.39   73.43 
 540    0.00    5.79     27.01    9.90    4.63     11.26   29.48   20.14     23.11    8.11    8.33      4.49   62.74   75.00   201.11   79.71   197.90   71.81 
 541    0.00    4.94     26.91    9.97    4.64     14.85   19.16   20.13     23.10    7.90    8.33      4.33   61.81   74.97   201.14   77.97   197.97   70.04 
 542    0.00    4.63     26.55   10.41    4.65     14.32   19.57   20.13     23.10    7.90    8.32      4.28   61.25   74.95   201.87   74.10   198.39   66.37 
 543    0.00    4.64     26.12   10.92    4.66     14.15   19.77   20.13     23.10    7.90    8.32      4.21   60.48   74.92   201.43   72.53   197.87   64.76 
 544    0.00    5.17     26.09   10.92    4.68     13.90   20.47   20.13     23.10    7.90    8.32      4.23   59.84   74.89   201.12   72.53   197.94   64.68 
 545    0.00    4.64     25.82   11.20    4.69     13.26   22.09   20.14     23.10    7.90    8.32      4.13   60.68   74.87   200.14   70.72   196.84   62.84 
 546    0.00    4.65     26.18   10.70    4.70     18.22   12.61   20.12     23.56    6.79    8.32      4.60   58.61   74.84   199.42   69.82   195.97   61.89 
 547    0.00    5.77     26.32   10.50    4.71     16.91   15.24   20.11     23.56    6.79    8.32      4.76   58.60   74.81   198.39   71.65   195.30   63.58 
 548    0.00    5.31     27.44    9.17    4.72     13.10   24.45   20.12     23.56    6.79    8.31      4.86   60.31   74.78   197.96   73.30   195.26   65.19 
 549    0.00    4.65     25.96   10.83    4.73     12.40   28.53   20.14     23.56    6.79    8.31      4.85   61.82   74.76   194.13   76.63   191.31   68.62 
 550    0.00    4.62     27.26    9.26    4.74     12.66   28.29   20.15     23.56    6.79    8.31      4.98   63.53   74.74   193.02   78.74   190.46   70.48 
 551    0.00    4.65     27.38    9.08    4.74     18.08   15.34   20.14     22.73    8.20    8.31      5.12   64.57   74.72   191.86   79.13   189.31   70.84 
 552    0.00    5.17     27.26    9.18    4.75     15.86   20.12   20.14     22.73    8.20    8.31      5.28   63.86   74.70   190.22   80.96   187.91   72.51 
 553    0.00    4.64     28.02    8.36    4.76     14.27   24.54   20.15     22.73    8.20    8.31      5.34   64.06   74.68   188.62   82.53   186.28   74.14 
 554    0.00    4.65     28.71    7.65    4.76     12.21   31.63   20.17     22.73    8.20    8.31      5.28   65.29   74.66   186.02   85.09   183.70   76.69 
 555    0.00    4.65     28.75    7.59    4.77     10.85   37.40   20.20     22.73    8.20    8.31      5.28   65.71   74.65   184.02   87.13   181.92   78.76 
 556    0.00    4.68     28.32    7.89    4.77     13.92   26.29   20.21     23.05    8.93    8.31      5.21   66.80   74.63   180.95   88.18   178.67   79.88 
 557    0.00    4.63     29.05    7.17    4.78     12.17   32.31   20.23     23.05    8.93    8.31      5.24   67.37   74.62   178.38   89.89   176.09   81.63 
 558    0.00    5.74     30.44    6.02    4.78     10.77   37.58   20.27     23.05    8.93    8.31      5.01   69.44   74.61   175.74   91.55   173.58   83.34 
 559    0.00    5.29     29.36    6.74    4.78      9.47   42.97   20.31     23.05    8.93    8.31      4.72   71.45   74.61   173.65   90.46   171.38   82.25 
 560    0.00    4.89     30.61    5.76    4.79      8.36   49.73   20.36     23.05    8.93    8.31      4.84   71.32   74.60   170.80   91.83   168.86   83.59 
 561    0.00    5.36     30.95    5.44    4.79     17.16   18.03   20.36     22.19   10.10    8.32      5.17   68.62   74.59   167.66   91.98   165.71   83.76 
 562    0.00    4.67     29.31    6.52    4.79     13.26   27.90   20.37     22.19   10.10    8.32      4.90   70.11   74.58   165.12   92.82   163.13   84.56 
 563    0.00    5.76     29.62    6.18    4.79     12.74   30.02   20.39     22.19   10.10    8.32      5.00   70.19   74.57   162.67   92.02   161.12   83.73 
 564    0.00    5.18     29.22    6.36    4.80     10.63   38.64   20.42     22.19   10.10    8.33      4.76   72.81   74.57   160.19   92.33   158.63   83.96 
 565    0.00    4.65     28.49    6.79    4.80      8.97   47.31   20.47     22.19   10.10    8.33      4.66   73.86   74.57   156.16   91.93   154.91   83.63 
 566    0.00    5.19     26.37    8.56    4.81     16.09   20.57   20.47     22.72    9.55    8.33      4.74   73.67   74.57   153.08   93.59   151.86   85.09 
 567    0.00    4.64     26.26    8.53    4.81     12.46   31.41   20.49     22.72    9.55    8.33      4.54   75.29   74.57   149.34   95.57   148.13   87.08 
 568    0.00    5.79     25.71    8.98    4.82      9.54   42.91   20.52     22.72    9.55    8.34      4.18   76.98   74.57   145.18   97.66   143.83   89.18 
 569    0.00    4.64     25.16    9.47    4.83      7.81   50.82   20.58     22.72    9.55    8.34      3.89   77.62   74.58   143.28   97.88   141.77   89.43 
 570    0.00    5.78     24.82    9.88    4.84      7.25   53.48   20.64     22.72    9.55    8.34      3.68   77.48   74.58   142.36   98.44   141.02   89.97 
 571    0.00    5.25     26.64    8.06    4.84     16.07   20.30   20.63     22.63    9.46    8.34      4.19   74.73   74.58   143.43   97.83   141.61   89.51 
 572    0.00    4.87     25.88    8.98    4.85     12.94   30.06   20.65     22.63    9.46    8.34      4.47   74.98   74.58   147.26   96.19   145.52   87.85 
 573    0.00    5.34     28.35    6.88    4.85     11.14   37.66   20.68     22.63    9.46    8.35      4.67   74.72   74.59   150.86   95.67   149.00   87.38 
 574    0.00    4.91     30.04    5.81    4.86      9.54   45.22   20.72     22.63    9.46    8.35      4.84   74.05   74.58   156.24   96.08   154.08   87.72 
 575    0.00    4.64     29.46    6.36    4.86      9.79   43.82   20.76     22.63    9.46    8.35      4.86   73.68   74.58   160.58   95.87   158.13   87.64 
 576    0.00    5.78     29.26    6.66    4.86     14.42   25.62   20.77     21.51   11.25    8.35      5.18   71.12   74.58   164.84   96.25   162.69   87.98 
 577    0.00    4.90     27.26    8.60    4.87     11.85   33.95   20.80     21.51   11.25    8.36      5.07   71.88   74.57   168.54   95.43   166.22   87.08 
 578    0.00    4.62     27.26    8.73    4.87     10.38   39.88   20.83     21.51   11.25    8.36      5.04   71.06   74.57   172.03   95.86   169.69   87.50 
 579    0.00    5.77     26.86    9.25    4.88      9.63   42.67   20.87     21.51   11.25    8.37      4.78   72.76   74.56   174.54   95.02   172.18   86.57 
 580    0.00    4.74     26.70    9.49    4.89      8.74   46.75   20.91     21.51   11.25    8.37      4.72   72.32   74.56   176.69   94.22   174.26   85.80 
 581    0.00    4.62     25.42   11.12    4.90     14.57   23.74   20.92     21.73   10.76    8.38      4.86   70.32   74.55   177.55   93.77   175.16   85.24 
 582    0.00    4.66     27.27    8.93    4.91     13.89   25.10   20.92     21.73   10.76    8.38      4.84   69.98   74.54   179.05   92.60   176.74   84.06 
 583    0.00    4.62     27.47    8.66    4.91     14.50   23.79   20.93     21.73   10.76    8.39      5.05   68.33   74.53   177.92   91.41   175.56   82.92 
 584    0.00    4.66     26.06   10.11    4.92     16.53   19.13   20.92     21.73   10.76    8.39      5.04   68.41   74.52   175.27   91.30   172.86   82.85 
 585    0.00    5.19     25.94   10.11    4.93     17.93   16.43   20.92     21.73   10.76    8.39      5.14   68.02   74.51   172.20   92.33   169.46   83.95 
 586    0.00    4.63     25.70   10.34    4.94     14.78   23.64   20.92     20.67   11.76    8.40      5.06   68.48   74.50   169.59   93.03   166.87   84.61 
 587    0.00    4.65     25.45   10.57    4.95     13.56   27.59   20.93     20.67   11.76    8.41      5.20   67.40   74.49   166.48   96.06   163.70   87.71 
 588    0.00    5.78     25.54   10.42    4.96     12.08   32.79   20.95     20.67   11.76    8.41      4.95   68.55   74.48   162.91   99.90   160.18   91.54 
 589    0.00    4.81     25.32   10.60    4.97     11.51   34.79   20.98     20.67   11.76    8.42      5.06   68.12   74.47   159.87  101.99   157.39   93.49 
 590    0.00    4.62     25.37   10.42    4.98     10.57   38.80   21.01     20.67   11.76    8.42      4.84   70.31   74.46   156.17  104.38   153.40   96.10 
 591    0.00    4.65     24.55   11.30    4.99     12.20   31.48   21.02     22.32   10.03    8.43      4.57   72.10   74.46   151.59  105.57   148.68   97.37 
 592    0.00    5.30     26.11    9.28    5.00     10.42   37.91   21.05     22.32   10.03    8.43      4.37   73.18   74.45   148.05  107.68   144.84   99.58 
 593    0.00    4.65     26.21    8.99    5.00      9.63   41.09   21.09     22.32   10.03    8.43      4.24   74.09   74.45   144.25  107.63   140.87   99.66 
 594    0.00    4.65     27.09    7.99    5.01      8.71   45.09   21.13     22.32   10.03    8.43      4.09   75.19   74.46   140.79  109.03   137.47  100.99 
 595    0.00    4.66     25.68    9.33    5.02      8.57   45.40   21.17     22.32   10.03    8.44      4.09   74.81   74.46   137.64  109.87   134.16  101.88 
 596    0.00    4.66     26.81    8.11    5.02     15.00   21.39   21.17     20.27   12.08    8.44      3.88   75.18   74.46   135.74  112.12   132.24  104.19 
 597    0.00    4.63     26.61    8.30    5.03     13.56   24.75   21.17     20.27   12.08    8.45      3.89   74.84   74.46   132.99  114.05   129.48  106.05 
 598    0.00    5.75     25.07    9.96    5.03     11.04   32.53   21.19     20.27   12.08    8.45      3.86   73.65   74.46   131.24  116.86   127.47  108.93 
 599    0.00    5.18     24.23   11.01    5.04      9.52   37.73   21.22     20.27   12.08    8.46      3.52   74.38   74.46   129.54  118.43   125.69  110.59 
 600    0.00    4.62     25.57    9.52    5.05      8.09   42.47   21.26     20.27   12.08    8.47      3.25   74.34   74.46   127.94  122.48   123.95  114.70 
 601    0.00    4.64     24.50   10.93    5.06     15.49   17.86   21.25     19.40   12.32    8.47      3.76   69.43   74.45   127.55  124.92   123.60  117.05 
 602    0.00    5.86     24.49   11.07    5.07     11.19   29.82   21.26     19.40   12.32    8.48      3.46   71.73   74.44   127.82  128.16   123.80  120.36 
 603    0.00    5.78     24.66   11.01    5.08      8.29   42.70   21.30     19.40   12.32    8.49      3.43   72.82   74.44   128.25  131.08   124.28  123.25 
 604    0.00    5.83     24.11   11.93    5.09      6.75   52.43   21.35     19.40   12.32    8.49      3.20   75.83   74.44   129.26  134.26   125.27  126.36 
 605    0.00    5.78     23.71   12.77    5.11      5.73   58.53   21.41     19.40   12.32    8.50      2.87   78.83   74.45   129.30  138.80   125.55  130.86 
 606    0.00    5.86     24.13   12.35    5.12     11.31   28.51   21.43     20.92    9.95    8.50      2.89   75.02   74.45   129.45  142.56   125.60  134.65 
 607    0.00    5.75     24.36   12.22    5.13      7.52   41.19   21.46     20.92    9.95    8.50      2.65   74.25   74.45   130.40  146.64   126.54  138.71 
 608    0.00    5.84     26.08   10.13    5.14      5.42   50.54   21.51     20.92    9.95    8.51      2.12   75.79   74.45   131.44  151.29   127.65  143.42 
 609    0.00    5.78     25.22   11.27    5.15      4.22   56.62   21.56     20.92    9.95    8.51      1.80   75.82   74.46   130.49  152.41   126.51  144.40 
 610    0.00    5.84     26.10   10.27    5.16      3.78   60.09   21.63     20.92    9.95    8.51      1.78   75.90   74.46   130.31  155.76   126.57  147.64 
 611    0.00    5.80     24.82   12.03    5.17     10.95   26.34   21.63     15.31   16.55    8.52      2.91   65.63   74.44   129.62  157.13   125.66  149.07 
 612    0.00    5.87     24.88   12.04    5.18      8.44   35.71   21.66     15.31   16.55    8.54      2.88   66.19   74.43   129.76  159.07   125.67  151.06 
 613    0.00    5.76     24.05   13.29    5.19      7.10   41.70   21.69     15.31   16.55    8.55      2.78   66.30   74.42   128.55  159.87   124.74  151.82 
 614    0.00    5.85     24.18   13.07    5.20      6.55   44.05   21.73     15.31   16.55    8.56      2.68   66.85   74.40   128.19  160.93   124.22  152.94 
 615    0.00    5.78     24.88   11.97    5.22      6.65   43.37   21.76     15.31   16.55    8.58      2.82   65.73   74.39   126.69  160.67   122.68  152.44 
 616    0.00    5.88     25.98   10.46    5.22     12.97   20.82   21.76     17.67   12.26    8.58      3.01   63.64   74.37   126.50  160.01   122.42  152.09 
 617    0.00    5.78     25.37   11.14    5.23     10.23   28.39   21.77     17.67   12.26    8.59      3.10   63.34   74.35   125.32  158.04   121.35  150.09 
 618    0.00    5.86     25.81   10.52    5.24      8.83   33.21   21.79     17.67   12.26    8.59      2.93   64.70   74.34   124.51  158.09   120.38  150.19 
 619    0.00    5.76     26.11   10.06    5.25      7.43   38.76   21.82     17.67   12.26    8.60      2.95   64.52   74.32   123.17  156.62   119.19  148.67 
 620    0.00    5.84     27.66    8.33    5.25      6.85   41.94   21.85     17.67   12.26    8.61      2.96   65.44   74.31   123.44  157.10   119.14  149.47 
