   6    1.73   11.09     38.63    1.92    1.00     18.24   16.98   15.89     54.06    0.27   70.98      3.92   84.27   84.98   145.34   82.71   141.54   75.07 
   7    1.73   10.81     39.21    1.80    1.12     19.04   15.38   15.82     54.06    0.27   60.88      3.97   83.72   84.80   144.76   84.05   140.91   76.46 
   8    1.73   10.71     38.45    1.97    1.22     16.82   19.83   16.32     54.06    0.27   53.31      3.86   84.51   84.77   144.87   84.27   141.06   76.65 
   9    1.73   10.86     35.57    2.76    1.39     16.43   20.72   16.81     54.06    0.27   47.41      3.93   83.52   84.63   144.87   84.78   140.90   77.25 
  10    1.73   10.71     38.14    2.04    1.46     15.23   23.55   17.48     54.06    0.27   42.70      3.75   85.16   84.68   144.14   86.04   140.26   78.38 
  11    1.92   11.23     38.34    2.00    1.51     24.90    7.72   16.60     53.99    0.28   38.84      3.97   82.91   84.52   144.05   86.54   140.26   78.83 
  12    1.92   11.10     37.58    2.19    1.56     25.56    7.14   15.81     53.99    0.28   35.63      3.85   83.92   84.47   143.93   86.83   140.09   79.13 
  13    1.92   11.25     39.07    1.84    1.58     20.21   13.25   15.61     53.99    0.28   32.91      3.87   83.40   84.39   143.28   87.17   139.37   79.52 
  14    1.92   11.11     35.33    2.83    1.67     19.63   14.12   15.50     53.99    0.28   30.58      3.84   83.64   84.33   143.88   86.60   140.09   78.84 
  15    1.92   11.22     36.19    2.57    1.73     19.88   13.77   15.39     53.99    0.28   28.56      3.86   83.47   84.28   143.82   86.64   140.00   78.93 
  16    2.37   10.93     36.20    2.57    1.79     22.98    9.57   15.02     39.29    1.49   26.87      3.88   83.27   84.21   143.32   87.76   139.47   80.03 
  17    2.37   11.10     38.72    1.92    1.79     18.94   15.22   15.04     39.29    1.49   25.37      3.84   83.53   84.17   142.82   87.74   138.97   80.00 
  18    2.37   10.97     38.03    2.08    1.81     20.19   13.25   14.94     39.29    1.49   24.05      3.87   83.37   84.13   142.94   88.69   138.96   81.09 
  19    2.37   11.09     36.50    2.49    1.85     19.58   14.15   14.90     39.29    1.49   22.86      3.78   84.29   84.14   142.23   88.74   138.37   81.00 
  20    2.37   10.92     36.28    2.54    1.88     19.67   13.94   14.85     39.29    1.49   21.79      3.83   83.63   84.11   142.85   88.14   139.08   80.31 
  21    3.31   11.35     39.32    1.79    1.88     19.04   14.96   14.85     39.72    1.41   20.82      3.86   82.98   84.06   142.38   89.81   138.51   82.06 
  22    3.31   11.15     33.94    3.32    1.94     16.93   19.24   15.05     39.72    1.41   19.94      3.83   83.34   84.03   142.79   88.43   138.74   80.77 
  23    3.31   10.99     34.46    3.14    1.99     20.40   12.89   14.96     39.72    1.41   19.13      4.07   82.06   83.94   142.45   88.98   138.67   81.16 
  24    3.31   10.97     32.52    3.93    2.07     18.87   15.39   14.98     39.72    1.41   18.39      3.91   83.15   83.91   142.02   89.06   138.41   81.21 
  25    3.31   11.35     35.57    2.77    2.10     23.24    9.26   14.75     39.72    1.41   17.72      4.07   81.98   83.83   141.67   90.36   137.69   82.69 
  26    5.80   11.67     33.87    3.36    2.15     21.00   12.04   14.64     53.90    0.28   17.04      4.02   82.07   83.76   142.31   89.40   138.30   81.73 
  27    5.80   11.67     35.46    2.79    2.17     20.12   13.46   14.60     53.90    0.28   16.42      3.94   83.12   83.74   141.55   89.91   137.74   82.27 
  28    5.80   11.79     38.11    2.06    2.17     22.64    9.97   14.43     53.90    0.28   15.85      3.99   82.89   83.71   141.16   90.72   137.20   83.08 
  29    5.80   11.85     37.98    2.08    2.17     22.04   10.72   14.31     53.90    0.28   15.31      4.00   83.05   83.69   140.85   90.74   136.97   83.10 
  30    5.80   11.40     36.38    2.50    2.18     18.01   17.07   14.40     53.90    0.28   14.81      3.90   83.69   83.69   139.67   90.18   135.80   82.52 
  31    9.27   11.35     36.44    2.47    2.19     20.84   12.48   14.34     33.58    2.85   14.42      4.25   80.94   83.60   140.08   89.90   136.17   82.34 
  32    9.27   12.03     31.99    4.09    2.25     18.53   16.37   14.40     33.58    2.85   14.06      4.21   82.51   83.56   139.72   88.60   135.95   80.87 
  33    9.27   11.34     33.96    3.21    2.28     15.08   24.63   14.71     33.58    2.85   13.72      4.21   83.93   83.57   137.02   88.22   133.44   80.32 
  34    9.27   11.97     34.20    3.08    2.30     13.64   29.91   15.16     33.58    2.85   13.40      4.42   82.97   83.56   136.00   88.48   132.71   80.66 
  35    9.27   11.33     33.55    3.26    2.33     12.59   34.35   15.71     33.58    2.85   13.10      4.53   83.36   83.55   132.87   86.33   129.71   78.49 
  36   26.75   11.58     31.65    3.99    2.37     17.04   20.99   15.85     27.19    5.99   12.90      4.64   83.62   83.55   131.68   86.17   128.82   78.33 
  37   26.75   11.54     32.11    3.72    2.41     13.42   31.31   16.27     27.19    5.99   12.72      4.68   83.83   83.56   129.20   84.30   125.90   76.37 
  38   26.75   11.58     31.84    3.78    2.45     13.15   32.40   16.69     27.19    5.99   12.54      4.54   84.39   83.58   127.40   83.84   124.59   75.85 
  39   26.75   11.31     31.60    3.86    2.48     11.83   37.61   17.23     27.19    5.99   12.37      4.61   83.60   83.58   127.20   83.78   124.33   75.73 
  40   26.75   11.63     32.40    3.51    2.51     11.63   38.45   17.76     27.19    5.99   12.21      4.59   83.85   83.59   126.04   83.49   122.92   75.53 
  41   10.15   11.84     32.32    3.54    2.53     20.56   13.76   17.66     54.04    0.27   11.92      4.85   81.00   83.53   126.57   83.40   123.28   75.46 
  42   10.15   11.64     32.81    3.35    2.55     20.78   13.42   17.56     54.04    0.27   11.64      5.04   79.51   83.43   126.70   82.96   123.53   74.93 
  43   10.15   11.83     32.94    3.31    2.57     16.90   21.05   17.64     54.04    0.27   11.38      4.89   80.93   83.37   127.67   82.17   124.52   74.10 
  44   10.15   11.87     35.27    2.54    2.57     15.54   24.98   17.81     54.04    0.27   11.13      5.02   80.11   83.30   128.35   82.15   124.80   74.29 
  45   10.15   10.49     37.69    1.93    2.56     13.87   30.53   18.09     54.04    0.27   10.88      5.24   78.85   83.20   129.05   80.98   125.37   73.23 
  46   38.11   12.34     37.40    2.00    2.54     22.16   11.88   17.96     28.64    5.16   10.76      5.42   77.75   83.08   130.40   79.98   126.72   72.29 
  47   38.11   11.95     37.55    1.98    2.53     18.42   18.21   17.96     28.64    5.16   10.64      5.38   77.93   82.97   131.69   78.96   128.09   71.26 
  48   38.11   12.40     38.08    1.87    2.52     15.24   25.97   18.13     28.64    5.16   10.53      5.25   78.54   82.88   132.36   78.68   128.87   70.93 
  49   38.11   12.36     43.75    0.98    2.49     14.14   29.19   18.36     28.64    5.16   10.42      5.27   78.43   82.79   133.13   77.74   129.34   70.03 
  50   38.11   11.19     44.00    0.96    2.46     14.91   26.81   18.52     28.64    5.16   10.31      5.23   78.08   82.69   133.68   79.20   129.96   71.58 
  51   77.29   12.06     39.25    1.67    2.44     16.50   22.36   18.60     22.98    9.97   10.31      5.17   78.23   82.61   133.90   79.06   130.25   71.48 
  52   77.29   11.54     43.57    1.02    2.41     15.39   25.19   18.73     22.98    9.97   10.30      4.90   80.60   82.57   134.34   81.51   130.47   74.01 
  53   77.29   11.46     43.43    1.05    2.39     15.39   24.66   18.84     22.98    9.97   10.29      4.89   79.68   82.51   135.52   83.28   131.49   75.70 
  54   77.29   11.28     41.16    1.38    2.37     15.32   24.97   18.95     22.98    9.97   10.29      4.88   79.48   82.46   136.59   87.02   132.88   79.46 
  55   77.29   11.92     39.83    1.62    2.35     16.26   22.22   19.01     22.98    9.97   10.28      4.80   79.96   82.41   135.37   88.90   131.61   81.38 
  56  211.37   10.30     33.84    3.28    2.37     16.46   21.45   19.06     21.93   11.30   10.30      4.59   80.32   82.37   137.37   90.77   133.35   83.39 
  57  211.37   12.03     33.07    3.63    2.39     15.27   24.25   19.15     21.93   11.30   10.32      4.29   82.35   82.37   137.09   93.01   133.08   85.65 
  58  211.37   11.92     35.09    2.89    2.40     14.39   26.28   19.27     21.93   11.30   10.33      4.39   80.75   82.35   136.63   95.72   132.47   88.38 
  59  211.37   11.47     31.92    4.21    2.43     14.94   24.47   19.36     21.93   11.30   10.35      4.21   81.66   82.33   136.88   97.29   133.01   89.75 
  60  211.37   11.75     32.68    3.89    2.46     12.38   32.08   19.57     21.93   11.30   10.37      4.08   81.54   82.32   135.93  100.06   131.95   92.47 
  61   37.60   12.70     32.05    4.20    2.49     16.82   19.00   19.56     25.52    7.46   10.32      3.95   81.62   82.31   135.53  102.15   131.74   94.43 
  62   37.60   12.74     31.65    4.43    2.52     13.75   26.87   19.68     25.52    7.46   10.27      3.82   81.86   82.30   135.28  104.75   131.34   97.16 
  63   37.60   12.87     30.96    4.83    2.55     12.51   30.28   19.85     25.52    7.46   10.23      3.60   82.59   82.31   134.59  106.95   130.76   99.24 
  64   37.60   12.61     28.51    6.43    2.61      9.78   40.89   20.18     25.52    7.46   10.18      3.24   83.87   82.33   133.91  107.38   129.91   99.74 
  65   37.60   12.82     30.08    5.41    2.66      9.81   40.09   20.48     25.52    7.46   10.14      3.18   83.48   82.35   134.60  109.92   130.44  102.34 
  66   27.13   10.75     29.48    5.87    2.71     16.76   17.96   20.44     24.43    8.41   10.12      3.42   80.81   82.33   135.88  111.00   131.60  103.44 
  67   27.13   11.89     29.17    6.15    2.76     14.58   23.04   20.48     24.43    8.41   10.09      3.41   80.58   82.30   137.09  111.57   132.55  104.12 
  68   27.13   10.95     29.69    5.85    2.80     13.97   24.45   20.54     24.43    8.41   10.07      3.38   80.23   82.27   138.41  112.65   134.03  105.12 
  69   27.13   10.80     28.88    6.48    2.86     12.18   30.15   20.68     24.43    8.41   10.04      3.34   80.20   82.24   139.57  112.68   135.28  105.10 
  70   27.13   10.77     29.28    6.25    2.90     11.09   33.87   20.87     24.43    8.41   10.02      3.33   80.26   82.21   140.73  113.74   136.46  106.10 
  71   23.75   11.16     29.83    5.93    2.95     17.02   17.07   20.81     28.92    4.97    9.95      3.43   79.31   82.17   142.63  114.35   138.25  106.70 
  72   23.75   11.25     30.58    5.49    2.98     12.69   28.04   20.92     28.92    4.97    9.88      3.42   79.06   82.13   144.67  114.91   140.24  107.30 
  73   23.75   11.21     30.30    5.70    3.02     11.39   32.27   21.07     28.92    4.97    9.81      3.21   80.75   82.11   145.65  114.84   141.18  107.22 
  74   23.75   11.00     29.82    6.06    3.06      9.82   38.33   21.30     28.92    4.97    9.74      3.07   80.94   82.09   147.20  114.22   142.49  106.70 
  75   23.75   11.34     29.00    6.64    3.11      8.72   43.99   21.61     28.92    4.97    9.68      3.02   81.83   82.09   147.75  111.19   143.07  103.66 
  76   25.62   11.04     30.08    5.81    3.14     13.87   24.66   21.65     27.28    5.95    9.63      3.41   79.95   82.06   147.50  110.20   142.47  102.83 
  77   25.62   10.94     33.31    3.96    3.15     11.04   34.63   21.82     27.28    5.95    9.58      3.58   79.98   82.03   147.01  110.49   141.95  103.13 
  78   25.62   11.97     32.26    4.42    3.17     10.93   36.22   22.00     27.28    5.95    9.54      3.59   80.83   82.02   146.42  106.78   141.43   99.37 
  79   25.62   10.71     34.15    3.51    3.17     11.31   35.40   22.17     27.28    5.95    9.49      3.77   80.67   82.00   147.09  103.54   142.21   96.06 
  80   25.62   11.08     34.27    3.42    3.18     11.73   34.07   22.32     27.28    5.95    9.45      3.98   80.18   81.98   146.21  101.23   141.44   93.69 
  81   30.52   12.18     33.83    3.57    3.18     16.60   19.76   22.29     26.61    6.40    9.41      4.34   77.46   81.92   145.95   98.83   140.97   91.52 
  82   30.52   12.66     34.59    3.23    3.18     14.02   26.62   22.34     26.61    6.40    9.37      4.58   76.17   81.85   145.39   96.57   140.37   89.26 
  83   30.52   12.50     35.08    3.04    3.18     12.29   32.75   22.46     26.61    6.40    9.34      4.55   76.32   81.79   144.81   96.37   139.85   89.16 
  84   30.52   11.94     38.73    1.99    3.17     12.21   32.58   22.59     26.61    6.40    9.30      4.56   76.30   81.72   146.17   94.80   141.23   87.32 
  85   30.52   12.01     34.83    3.12    3.17     12.24   32.22   22.70     26.61    6.40    9.27      4.36   77.55   81.67   145.20   94.87   140.20   87.39 
  86   23.00   11.96     34.86    3.10    3.17     18.23   16.35   22.62     24.87    7.81    9.25      4.56   75.43   81.60   145.64   93.21   140.73   85.79 
  87   23.00   11.30     36.95    2.43    3.16     16.84   19.09   22.58     24.87    7.81    9.24      4.52   76.16   81.54   145.27   93.51   140.33   86.05 
  88   23.00   12.08     35.43    2.89    3.15     17.84   17.06   22.52     24.87    7.81    9.22      4.77   74.35   81.45   145.08   92.36   140.38   84.80 
  89   23.00   11.18     39.25    1.85    3.14     17.71   17.30   22.46     24.87    7.81    9.20      4.74   74.90   81.38   145.43   92.31   140.58   84.75 
  90   23.00   12.04     37.58    2.23    3.13     17.04   18.84   22.42     24.87    7.81    9.19      4.60   75.93   81.32   145.05   90.97   140.25   83.36 
  91   26.97   10.71     38.86    1.91    3.12     20.46   12.83   22.32     25.40    7.33    9.17      4.62   76.53   81.27   144.50   89.68   139.78   82.11 
  92   26.97   10.69     46.82    0.75    3.09     16.90   19.50   22.29     25.40    7.33    9.15      4.78   76.27   81.21   143.78   89.37   139.06   81.82 
  93   26.97   10.76     41.45    1.39    3.07     15.36   23.47   22.30     25.40    7.33    9.13      4.67   77.85   81.18   142.67   87.49   137.95   79.90 
  94   26.97   10.82     39.14    1.78    3.06     14.49   26.31   22.34     25.40    7.33    9.11      4.93   76.91   81.13   138.95   85.48   134.52   77.72 
  95   26.97   10.78     39.77    1.63    3.04     15.19   24.61   22.37     25.40    7.33    9.09      5.13   76.57   81.08   137.21   84.14   132.87   76.32 
  96   36.39   10.59     40.67    1.44    3.03     17.77   18.71   22.33     25.81    7.00    9.07      5.27   76.59   81.04   135.60   83.16   131.29   75.36 
  97   36.39   11.81     38.25    1.86    3.01     13.80   29.96   22.41     25.81    7.00    9.05      5.44   76.47   80.99   132.55   82.82   128.18   75.10 
  98   36.39   10.82     37.09    2.09    3.01     13.67   30.68   22.49     25.81    7.00    9.03      5.55   76.33   80.94   130.40   82.34   126.23   74.56 
  99   36.39   10.65     34.47    2.79    3.00     12.84   33.69   22.60     25.81    7.00    9.01      5.43   77.72   80.91   128.48   81.83   124.41   73.94 
 100   36.39   11.95     32.76    3.35    3.01     13.09   33.42   22.71     25.81    7.00    8.99      5.42   77.78   80.88   127.32   82.23   123.44   74.46 
 101   38.69   10.87     31.78    3.71    3.01     18.75   17.12   22.66     22.98    9.73    8.99      5.77   75.39   80.82   125.68   82.29   121.71   74.39 
 102   38.69   10.71     31.79    3.69    3.02     17.17   20.39   22.63     22.98    9.73    9.00      5.58   75.95   80.78   125.08   81.82   120.98   73.97 
 103   38.69   10.75     32.81    3.27    3.02     15.51   25.23   22.66     22.98    9.73    9.01      5.55   76.17   80.73   123.64   81.96   120.00   74.27 
 104   38.69   10.73     34.03    2.84    3.02     16.97   21.38   22.65     22.98    9.73    9.01      5.62   76.25   80.69   123.90   81.53   120.25   73.86 
 105   38.69   10.68     35.27    2.46    3.02     16.97   21.34   22.64     22.98    9.73    9.02      5.76   75.41   80.64   122.79   81.45   119.26   73.71 
 106   26.53   12.34     35.76    2.31    3.01     19.61   15.70   22.57     23.53    9.18    9.02      5.78   75.13   80.59   122.01   81.00   118.43   73.25 
 107   26.53   12.35     36.54    2.12    3.00     19.59   15.81   22.51     23.53    9.18    9.02      5.82   74.26   80.53   122.36   80.55   118.77   72.85 
 108   26.53   12.43     37.42    1.92    2.99     18.58   17.65   22.46     23.53    9.18    9.03      5.78   74.49   80.47   123.07   79.57   119.69   71.68 
 109   26.53   12.34     37.88    1.83    2.98     17.67   19.59   22.44     23.53    9.18    9.03      5.78   74.08   80.41   123.60   79.71   120.42   71.80 
 110   26.53   12.38     40.70    1.34    2.97     16.25   22.92   22.44     23.53    9.18    9.03      5.74   74.46   80.36   124.46   80.08   121.34   72.09 
 111   27.82   10.84     36.93    2.08    2.96     17.54   19.51   22.41     22.32   10.60    9.04      5.43   76.04   80.32   125.41   79.82   122.20   71.80 
 112   27.82   12.52     37.95    1.87    2.95     16.07   22.95   22.42     22.32   10.60    9.06      5.38   75.40   80.28   126.17   81.08   122.96   73.07 
 113   27.82   12.55     36.87    2.14    2.94     16.54   21.50   22.41     22.32   10.60    9.07      5.29   75.66   80.23   127.69   81.62   123.95   73.74 
 114   27.82   12.12     40.76    1.39    2.93     15.98   22.91   22.41     22.32   10.60    9.08      5.30   74.91   80.19   128.58   83.80   124.96   75.96 
 115   27.82   12.56     36.84    2.19    2.92     15.63   23.64   22.43     22.32   10.60    9.10      5.30   74.74   80.14   128.96   84.48   125.23   76.67 
 116   28.96   10.79     36.44    2.32    2.92     17.40   19.19   22.40     23.06    9.75    9.10      5.16   75.52   80.10   129.81   85.54   126.05   77.77 
 117   28.96   10.87     38.66    1.82    2.91     15.42   23.90   22.41     23.06    9.75    9.11      5.34   74.00   80.05   132.01   87.40   128.09   79.67 
 118   28.96   10.77     33.35    3.42    2.91     14.99   24.82   22.43     23.06    9.75    9.11      5.15   74.70   80.00   133.48   87.83   129.48   80.04 
 119   28.96   10.87     31.22    4.41    2.92     14.98   24.45   22.45     23.06    9.75    9.12      4.91   75.68   79.97   134.50   88.26   130.24   80.52 
 120   28.96   10.83     31.33    4.39    2.93     15.02   24.16   22.46     23.06    9.75    9.12      4.82   75.69   79.93   134.60   90.17   130.29   82.45 
 121   34.81   11.75     32.21    3.99    2.94     17.45   18.10   22.43     23.11    9.70    9.13      5.00   74.08   79.88   134.64   91.72   130.18   84.03 
 122   34.81   12.23     29.94    5.19    2.96     15.27   23.14   22.43     23.11    9.70    9.13      4.81   74.87   79.84   134.09   91.22   129.44   83.65 
 123   34.81   12.38     32.32    3.94    2.97     17.31   18.32   22.40     23.11    9.70    9.14      4.79   74.89   79.80   134.35   92.65   129.50   85.24 
 124   34.81   11.70     32.10    4.06    2.98     16.35   20.63   22.38     23.11    9.70    9.14      4.91   74.17   79.76   135.19   92.89   130.31   85.57 
 125   34.81   11.72     29.30    5.68    3.00     14.96   24.21   22.40     23.11    9.70    9.15      4.90   74.33   79.71   135.81   92.86   130.78   85.65 
 126   37.03   10.78     30.79    4.80    3.01     15.52   22.37   22.40     22.53   10.36    9.16      4.73   75.19   79.68   136.38   94.40   131.49   87.05 
 127   37.03   10.67     29.62    5.52    3.03     15.33   22.73   22.40     22.53   10.36    9.17      4.58   75.72   79.65   137.14   94.23   132.23   86.88 
 128   37.03   10.69     29.36    5.69    3.06     15.00   23.45   22.41     22.53   10.36    9.17      4.63   75.52   79.61   136.70   94.48   131.69   87.11 
 129   37.03   11.61     29.97    5.29    3.07     16.53   19.75   22.39     22.53   10.36    9.18      4.66   75.04   79.58   136.35   94.59   131.41   87.18 
 130   37.03   12.31     28.96    5.92    3.09     16.43   20.12   22.37     22.53   10.36    9.19      4.65   75.15   79.54   135.98   93.33   131.04   85.96 
 131   41.26   10.77     30.24    5.10    3.11     20.33   12.85   22.30     23.24    9.53    9.20      4.53   76.35   79.52   136.48   93.40   131.57   85.98 
 132   41.26   10.82     30.61    4.88    3.12     19.62   13.93   22.23     23.24    9.53    9.20      4.75   74.63   79.48   136.75   93.02   131.65   85.66 
 133   41.26   10.77     31.12    4.59    3.13     15.90   21.18   22.23     23.24    9.53    9.20      4.43   77.27   79.47   136.32   93.28   131.09   85.90 
 134   41.26   10.94     29.20    5.74    3.15     17.80   17.33   22.19     23.24    9.53    9.20      4.64   75.50   79.44   135.82   92.49   130.76   85.20 
 135   41.26   10.82     29.24    5.72    3.17     18.77   15.42   22.14     23.24    9.53    9.21      4.73   74.87   79.40   136.23   92.11   131.26   84.68 
 136   34.90   10.76     28.94    5.92    3.19     17.89   17.19   22.10     22.57   10.28    9.21      4.83   73.95   79.36   135.87   92.44   131.00   85.09 
 137   34.90   10.75     30.38    5.02    3.21     18.22   16.48   22.06     22.57   10.28    9.22      4.86   74.22   79.32   136.07   93.67   131.21   86.28 
 138   34.90   10.66     29.97    5.25    3.22     18.82   15.38   22.01     22.57   10.28    9.23      4.75   75.02   79.29   136.15   92.63   131.22   85.26 
 139   34.90   10.87     29.28    5.67    3.24     18.56   15.84   21.97     22.57   10.28    9.24      4.86   74.38   79.26   134.99   92.89   129.99   85.50 
 140   34.90   10.81     29.07    5.79    3.26     16.52   20.26   21.96     22.57   10.28    9.24      4.80   74.88   79.23   133.99   93.07   129.01   85.78 
 141   38.01   11.26     29.41    5.53    3.27     17.86   17.39   21.93     22.27   10.63    9.25      4.79   75.30   79.20   133.05   93.02   128.21   85.64 
 142   38.01   12.32     29.05    5.73    3.29     18.17   16.85   21.89     22.27   10.63    9.26      4.76   75.93   79.18   132.36   92.17   127.42   84.82 
 143   38.01   12.32     32.33    3.89    3.29     16.12   21.51   21.89     22.27   10.63    9.27      4.95   75.59   79.15   131.22   93.58   126.11   86.37 
 144   38.01   11.06     30.95    4.51    3.30     15.37   24.10   21.90     22.27   10.63    9.28      5.09   75.85   79.13   129.61   92.52   124.85   85.19 
 145   38.01   12.21     32.93    3.54    3.30     13.66   29.64   21.96     22.27   10.63    9.29      5.18   75.81   79.11   127.13   93.13   122.11   86.06 
 146   43.17   10.85     35.41    2.63    3.30     15.92   22.55   21.96     22.25   10.65    9.30      5.07   76.03   79.08   125.84   93.32   120.61   86.32 
 147   43.17   10.94     37.09    2.15    3.29     14.75   25.55   21.98     22.25   10.65    9.31      4.88   76.59   79.07   124.88   93.37   119.70   86.38 
 148   43.17   10.82     39.62    1.60    3.28     13.62   28.97   22.03     22.25   10.65    9.32      5.03   75.35   79.04   124.38   94.26   119.27   87.32 
 149   43.17   10.87     38.33    1.86    3.27     15.33   23.85   22.04     22.25   10.65    9.33      5.11   74.77   79.01   124.25   93.74   119.19   86.69 
 150   43.17   10.79     37.27    2.10    3.26     15.93   22.44   22.05     22.25   10.65    9.34      5.20   73.95   78.98   124.56   92.69   119.63   85.62 
 151   38.86   12.93     38.30    1.86    3.25     16.37   21.46   22.04     21.86   11.15    9.35      5.09   75.22   78.96   125.28   92.70   120.17   85.75 
 152   38.86   12.62     40.28    1.49    3.24     18.06   17.46   22.01     21.86   11.15    9.36      5.19   75.02   78.93   125.41   94.19   120.38   87.08 
 153   38.86   11.93     47.06    0.69    3.23     15.71   22.76   22.02     21.86   11.15    9.37      4.93   76.12   78.91   126.41   94.78   121.53   87.52 
 154   38.86   11.93     41.13    1.37    3.21     15.16   23.99   22.03     21.86   11.15    9.38      5.05   74.66   78.88   126.84   94.68   121.92   87.29 
 155   38.86   12.61     35.86    2.51    3.21     14.93   24.56   22.05     21.86   11.15    9.40      4.88   75.75   78.86   126.05   94.64   121.36   87.08 
 156   47.79   12.12     35.59    2.61    3.21     19.34   14.65   22.00     22.42   10.46    9.40      5.08   73.43   78.83   126.77   95.26   122.18   87.59 
 157   47.79   11.84     34.84    2.86    3.20     15.99   21.44   22.00     22.42   10.46    9.41      4.88   74.70   78.80   127.21   95.24   122.66   87.53 
 158   47.79   12.32     39.81    1.61    3.19     16.03   21.14   21.99     22.42   10.46    9.42      4.90   74.03   78.77   128.44   96.25   124.08   88.37 
 159   47.79   11.84     37.37    2.14    3.19     15.82   21.84   21.99     22.42   10.46    9.42      4.80   74.78   78.75   128.14   96.67   124.17   88.77 
 160   47.79   12.32     35.98    2.52    3.18     15.57   22.58   21.99     22.42   10.46    9.43      4.89   74.22   78.72   129.85   94.57   125.95   86.54 
 161   37.93   12.43     39.33    1.71    3.17     18.31   16.39   21.96     21.54   11.57    9.44      4.99   73.93   78.69   129.26   95.58   125.30   87.60 
 162   37.93   10.80     38.42    1.90    3.17     18.80   15.46   21.92     21.54   11.57    9.45      4.97   73.69   78.66   129.17   95.13   125.24   87.11 
 163   37.93   10.90     36.42    2.40    3.16     14.96   23.88   21.93     21.54   11.57    9.47      4.98   73.65   78.63   128.79   95.47   125.05   87.33 
 164   37.93   10.97     37.63    2.08    3.15     15.74   22.01   21.93     21.54   11.57    9.48      5.03   73.14   78.59   129.56   93.98   125.92   85.81 
 165   37.93   12.02     35.02    2.81    3.15     16.07   21.24   21.93     21.54   11.57    9.49      5.02   73.15   78.56   129.42   93.37   125.89   85.19 
 166   41.23   12.19     38.46    1.89    3.14     19.15   14.85   21.88     21.70   11.35    9.50      5.02   73.30   78.53   129.54   94.95   126.13   86.73 
 167   41.23   12.26     36.99    2.25    3.14     19.13   14.99   21.84     21.70   11.35    9.52      4.97   73.52   78.50   130.09   93.80   126.71   85.63 
 168   41.23   12.18     39.52    1.68    3.13     17.41   18.29   21.82     21.70   11.35    9.53      4.93   73.97   78.47   130.29   93.85   126.82   85.72 
 169   41.23   11.90     35.14    2.78    3.13     18.36   16.35   21.79     21.70   11.35    9.54      5.08   73.05   78.44   129.68   93.41   126.45   85.12 
 170   41.23   10.79     34.18    3.11    3.13     18.52   16.00   21.75     21.70   11.35    9.55      5.01   73.65   78.41   129.57   93.58   126.07   85.43 
 171   45.60   12.54     34.39    3.02    3.13     17.06   19.00   21.74     21.73   11.30    9.56      4.88   74.78   78.39   129.28   92.91   125.86   84.66 
 172   45.60   12.75     36.95    2.25    3.12     18.56   16.02   21.71     21.73   11.30    9.57      5.07   73.99   78.36   129.37   94.35   126.02   86.04 
 173   45.60   12.03     36.76    2.28    3.12     20.54   12.83   21.65     21.73   11.30    9.58      5.07   74.12   78.34   128.41   93.12   124.98   84.87 
 174   45.60   12.69     35.62    2.59    3.11     17.81   17.64   21.63     21.73   11.30    9.59      5.04   74.31   78.32   127.56   92.80   124.17   84.58 
 175   45.60   11.96     37.98    1.97    3.11     17.32   18.74   21.61     21.73   11.30    9.60      4.92   75.64   78.30   127.99   92.59   124.55   84.38 
 176   42.72   10.72     41.81    1.26    3.10     17.82   17.63   21.59     21.39   11.74    9.61      5.14   74.45   78.28   127.41   93.01   123.75   84.81 
 177   42.72   10.72     40.82    1.40    3.09     17.60   18.14   21.57     21.39   11.74    9.62      5.15   73.99   78.26   126.60   92.50   122.91   84.34 
 178   42.72   10.71     36.10    2.40    3.08     15.86   22.17   21.58     21.39   11.74    9.63      5.20   73.63   78.23   125.14   91.56   121.51   83.38 
 179   42.72   10.80     38.20    1.88    3.08     15.85   22.19   21.58     21.39   11.74    9.65      5.31   72.96   78.20   127.04   90.79   123.54   82.49 
 180   42.72   10.79     36.38    2.32    3.07     16.73   20.09   21.57     21.39   11.74    9.66      5.22   73.76   78.18   125.10   90.31   121.54   82.10 
 181   72.22   11.95     37.69    1.98    3.07     16.95   19.65   21.56     21.78   11.23    9.67      5.35   72.58   78.14   126.21   89.95   122.74   81.68 
 182   72.22   12.33     36.40    2.29    3.06     16.94   19.66   21.55     21.78   11.23    9.67      5.35   73.04   78.12   124.59   89.56   121.09   81.32 
 183   72.22   11.03     35.35    2.58    3.06     16.56   20.47   21.54     21.78   11.23    9.68      5.24   73.60   78.09   123.99   89.58   120.51   81.34 
 184   72.22   12.15     35.09    2.66    3.06     16.82   19.95   21.54     21.78   11.23    9.69      5.19   73.69   78.07   123.77   89.76   120.37   81.59 
 185   72.22   12.54     35.01    2.69    3.06     16.28   21.11   21.53     21.78   11.23    9.70      5.21   73.16   78.04   123.75   90.09   120.25   81.95 
 186   59.66   12.38     37.42    2.04    3.05     15.13   24.06   21.55     21.58   11.50    9.71      5.18   73.74   78.02   124.36   90.96   121.17   82.72 
 187   59.66   12.38     35.03    2.68    3.05     15.41   23.08   21.55     21.58   11.50    9.72      5.22   73.03   77.99   123.63   90.34   120.30   82.11 
 188   59.66   12.45     35.32    2.59    3.05     15.34   23.14   21.56     21.58   11.50    9.73      5.06   73.75   77.97   123.94   90.69   120.63   82.42 
 189   59.66   10.95     33.57    3.17    3.05     14.35   25.74   21.59     21.58   11.50    9.74      5.17   72.69   77.94   123.07   90.27   119.75   82.03 
 190   59.66   12.45     33.62    3.14    3.05     14.12   26.50   21.61     21.58   11.50    9.75      5.11   72.67   77.91   123.98   90.29   120.51   82.14 
 191   50.54   12.16     33.83    3.07    3.05     19.12   14.86   21.58     21.29   11.88    9.76      5.12   72.51   77.89   123.39   90.20   120.18   82.01 
 192   50.54   12.10     34.07    2.99    3.05     18.62   15.72   21.55     21.29   11.88    9.77      4.91   73.77   77.86   123.78   90.60   120.55   82.46 
 193   50.54   11.75     33.63    3.15    3.05     16.89   19.14   21.53     21.29   11.88    9.78      4.88   74.09   77.84   123.89   90.08   120.76   81.96 
 194   50.54   11.20     32.38    3.65    3.05     14.90   23.60   21.54     21.29   11.88    9.79      4.81   74.13   77.83   123.94   90.14   120.45   81.98 
 195   50.54   12.16     34.24    2.94    3.05     15.42   22.12   21.55     21.29   11.88    9.80      4.73   73.94   77.81   124.60   90.83   121.19   82.63 
 196   66.04   12.14     32.67    3.54    3.05     17.29   17.70   21.53     21.37   11.76    9.81      4.84   72.39   77.78   125.06   90.39   121.60   82.18 
 197   66.04   12.19     32.60    3.60    3.06     16.58   19.09   21.51     21.37   11.76    9.82      4.62   73.71   77.76   124.96   91.27   121.55   83.07 
 198   66.04   12.19     33.68    3.18    3.06     16.33   19.50   21.50     21.37   11.76    9.83      4.47   74.28   77.74   125.60   92.23   122.21   84.03 
 199   66.04   10.90     31.52    4.10    3.06     16.44   19.10   21.49     21.37   11.76    9.84      4.57   73.03   77.72   125.94   92.05   122.59   83.84 
 200   66.04   10.82     30.72    4.52    3.07     15.11   22.35   21.50     21.37   11.76    9.85      4.59   72.39   77.69   125.90   92.04   122.66   83.93 
 201   73.41   12.16     33.11    3.43    3.07     19.34   13.70   21.46     21.41   11.68    9.86      4.59   72.26   77.66   126.48   93.45   123.02   85.46 
 202   73.41   11.63     33.55    3.27    3.07     17.17   17.34   21.44     21.41   11.68    9.87      4.51   73.25   77.64   126.37   93.67   123.16   85.49 
 203   73.41   11.83     30.48    4.68    3.08     16.10   19.45   21.43     21.41   11.68    9.88      4.43   72.62   77.62   126.61   93.78   123.39   85.58 
 204   73.41   11.91     32.20    3.86    3.08     15.99   19.58   21.42     21.41   11.68    9.89      4.27   73.14   77.59   127.20   95.25   123.90   87.12 
 205   73.41   10.79     29.72    5.15    3.09     15.13   21.41   21.42     21.41   11.68    9.90      4.21   73.21   77.57   127.08   94.66   123.64   86.55 
 206   54.00   10.73     32.90    3.58    3.10     15.74   19.77   21.41     21.21   11.93    9.91      4.23   72.55   77.55   127.51   96.65   123.94   88.63 
 207   54.00   10.82     30.78    4.59    3.10     15.32   20.82   21.41     21.21   11.93    9.92      4.25   72.24   77.52   127.12   96.39   123.65   88.39 
 208   54.00   12.13     32.30    3.85    3.11     14.05   23.81   21.42     21.21   11.93    9.92      4.19   72.48   77.50   127.74   97.15   124.36   89.08 
 209   54.00   12.07     31.92    4.02    3.11     15.08   20.93   21.42     21.21   11.93    9.93      4.07   73.04   77.48   126.96   97.28   123.49   89.17 
 210   54.00   12.19     31.18    4.38    3.12     12.09   29.26   21.45     21.21   11.93    9.94      3.91   73.09   77.46   126.66   97.51   123.03   89.49 
 211   77.70   10.60     29.29    5.45    3.13     13.21   25.55   21.47     21.11   12.04    9.95      4.06   71.46   77.43   125.89   97.05   122.42   88.96 
 212   77.70   10.57     30.27    4.87    3.14     15.79   18.96   21.46     21.11   12.04    9.96      4.04   71.49   77.40   125.88   98.33   122.64   90.18 
 213   77.70   10.62     29.42    5.36    3.15     14.15   22.69   21.47     21.11   12.04    9.97      4.07   70.88   77.37   125.92   97.79   122.63   89.61 
 214   77.70   10.62     30.19    4.89    3.15     13.79   23.50   21.48     21.11   12.04    9.98      4.04   70.55   77.34   125.79   98.46   122.39   90.33 
 215   77.70   10.61     31.24    4.32    3.16     14.80   20.83   21.47     21.11   12.04    9.99      3.90   71.01   77.31   124.90   98.39   121.37   90.39 
 216   83.01   12.10     31.77    4.04    3.16     19.60   11.93   21.43     21.08   12.03   10.00      4.31   67.79   77.26   124.87   98.07   121.43   90.04 
 217   83.01   12.20     30.56    4.65    3.17     17.74   14.75   21.40     21.08   12.03   10.01      4.06   69.26   77.23   124.55   97.34   121.21   89.31 
 218   83.01   12.40     31.09    4.36    3.18     16.27   17.36   21.38     21.08   12.03   10.02      4.14   68.40   77.19   124.24   97.66   120.87   89.66 
 219   83.01   12.41     30.13    4.87    3.18     14.39   21.45   21.38     21.08   12.03   10.03      4.11   68.25   77.15   124.88   97.13   121.33   89.26 
 220   83.01   12.24     30.06    4.89    3.19     13.95   22.28   21.38     21.08   12.03   10.04      4.04   68.44   77.11   123.76   96.81   120.58   88.69 
 221   70.95   12.39     30.90    4.43    3.20     15.56   18.53   21.37     20.81   12.37   10.05      4.14   67.04   77.06   123.41   97.06   120.29   88.99 
 222   70.95   11.79     30.07    4.85    3.20     14.90   19.76   21.36     20.81   12.37   10.06      4.04   67.50   77.02   123.59   96.52   119.88   88.62 
 223   70.95   12.18     30.54    4.58    3.21     13.85   22.42   21.37     20.81   12.37   10.07      4.11   66.89   76.97   122.35   96.27   118.61   88.53 
 224   70.95   12.22     30.13    4.77    3.22     13.77   22.47   21.37     20.81   12.37   10.08      4.05   67.12   76.93   122.36   95.85   118.98   87.91 
 225   70.95   11.95     30.60    4.50    3.22     12.69   25.46   21.39     20.81   12.37   10.09      4.29   65.53   76.88   121.29   95.74   118.06   87.78 
 226   91.63   11.96     30.45    4.55    3.23     17.05   15.36   21.37     20.86   12.26   10.10      4.38   64.66   76.82   120.68   95.24   117.42   87.29 
 227   91.63   12.26     29.12    5.29    3.24     14.79   19.67   21.36     20.86   12.26   10.11      4.27   65.26   76.77   120.58   94.63   117.22   86.58 
 228   91.63   12.29     29.12    5.27    3.25     14.65   20.07   21.35     20.86   12.26   10.12      4.38   64.01   76.72   119.69   94.66   116.30   86.69 
 229   91.63   12.20     29.06    5.28    3.26     13.95   21.72   21.35     20.86   12.26   10.13      4.27   64.72   76.66   119.30   94.12   116.01   86.07 
 230   91.63   12.21     28.18    5.83    3.27     13.29   23.54   21.36     20.86   12.26   10.14      4.42   63.95   76.61   119.20   93.68   115.98   85.62 
 231   95.17   12.29     27.87    6.02    3.28     15.04   19.28   21.35     20.91   12.14   10.15      4.49   63.68   76.55   118.84   92.87   115.50   84.83 
 232   95.17   12.43     29.41    5.04    3.29     16.69   16.11   21.33     20.91   12.14   10.15      4.46   64.00   76.50   119.18   93.91   115.95   85.89 
 233   95.17   12.42     29.32    5.10    3.29     18.18   13.59   21.30     20.91   12.14   10.16      4.60   63.60   76.44   118.59   93.94   115.34   85.83 
 234   95.17   12.48     28.70    5.52    3.30     19.54   11.66   21.26     20.91   12.14   10.17      4.59   63.86   76.39   119.18   94.28   115.91   86.08 
 235   95.17   12.43     29.53    5.03    3.31     21.30    9.59   21.21     20.91   12.14   10.18      4.58   63.95   76.34   120.01   94.80   116.61   86.72 
 236   62.76   11.02     29.02    5.36    3.32     18.21   13.84   21.18     20.39   12.84   10.19      4.75   63.20   76.28   119.93   95.00   116.71   86.85 
 237   62.76   12.12     31.45    4.06    3.32     18.37   13.72   21.15     20.39   12.84   10.20      4.78   63.45   76.23   120.23   96.59   116.91   88.52 
 238   62.76   11.00     30.80    4.38    3.33     17.01   16.09   21.12     20.39   12.84   10.21      4.81   64.24   76.18   120.28   96.74   117.02   88.56 
 239   62.76   11.04     30.06    4.78    3.33     15.96   18.39   21.11     20.39   12.84   10.22      4.77   64.99   76.13   119.54   97.25   116.28   89.15 
 240   62.76   11.05     30.15    4.74    3.34     14.43   22.10   21.12     20.39   12.84   10.24      4.79   65.59   76.09   119.03   97.54   115.47   89.55 
 241   56.23   10.57     29.69    4.99    3.35     16.06   18.47   21.11     20.37   12.83   10.25      4.82   65.42   76.04   119.31   97.33   115.82   89.27 
 242   56.23   10.60     29.90    4.86    3.35     14.23   22.94   21.11     20.37   12.83   10.26      4.85   66.06   76.00   119.30   97.17   115.94   89.02 
 243   56.23   12.02     30.75    4.41    3.36     15.06   21.59   21.12     20.37   12.83   10.27      5.05   65.44   75.96   119.46   96.96   115.64   89.36 
 244   56.23   12.60     30.49    4.55    3.36     14.80   22.40   21.12     20.37   12.83   10.28      4.99   66.84   75.92   120.25   96.77   116.44   89.14 
 245   56.23   11.45     31.11    4.25    3.37     13.99   24.80   21.14     20.37   12.83   10.29      4.87   68.67   75.89   119.90   96.94   116.28   89.31 
 246   97.67   10.67     30.98    4.34    3.37     18.49   14.97   21.11     20.63   12.43   10.30      5.10   67.47   75.85   120.40   97.11   116.86   89.48 
 247   97.67   11.65     29.71    5.02    3.38     16.86   18.07   21.10     20.63   12.43   10.31      4.91   69.07   75.83   121.03   96.38   117.48   88.73 
 248   97.67   11.45     29.98    4.87    3.38     15.69   20.80   21.10     20.63   12.43   10.31      4.99   68.85   75.80   121.11   96.60   117.46   88.99 
 249   97.67   11.16     31.13    4.27    3.39     16.38   19.21   21.09     20.63   12.43   10.32      5.00   68.89   75.77   120.75   97.61   116.79   90.14 
 250   97.67   11.76     29.66    5.08    3.39     15.85   20.39   21.09     20.63   12.43   10.33      4.80   70.07   75.75   120.64   97.62   116.59   90.15 
 251   96.54   10.61     29.59    5.11    3.40     19.62   13.15   21.05     20.65   12.38   10.34      5.02   69.05   75.72   120.12   97.79   115.91   90.33 
 252   96.54   11.84     30.68    4.47    3.40     18.88   14.52   21.03     20.65   12.38   10.35      5.01   69.35   75.70   120.22   96.98   116.00   89.54 
 253   96.54   12.43     30.92    4.33    3.41     20.94   11.52   20.99     20.65   12.38   10.36      5.10   69.18   75.67   119.55   96.27   115.35   88.78 
 254   96.54   12.58     31.26    4.11    3.41     18.43   15.69   20.97     20.65   12.38   10.36      5.05   70.49   75.65   119.32   94.67   114.93   87.36 
 255   96.54   10.80     32.03    3.73    3.41     16.75   19.17   20.96     20.65   12.38   10.37      5.25   69.94   75.63   119.17   93.47   114.83   86.08 
 256  109.27   11.64     30.85    4.24    3.41     17.99   16.77   20.95     20.64   12.39   10.38      5.30   69.86   75.61   118.83   91.12   114.46   83.72 
 257  109.27   11.94     29.83    4.75    3.42     15.83   21.44   20.95     20.64   12.39   10.39      5.44   69.40   75.58   118.46   88.74   113.96   81.25 
 258  109.27   11.85     33.21    3.18    3.42     14.36   25.48   20.97     20.64   12.39   10.40      5.43   69.59   75.56   118.66   87.98   114.23   80.40 
 259  109.27   12.15     32.17    3.56    3.42     15.48   22.65   20.97     20.64   12.39   10.40      5.53   69.11   75.53   119.32   86.11   114.68   78.65 
 260  109.27   11.87     31.35    3.89    3.42     13.17   29.82   21.01     20.64   12.39   10.41      5.57   69.67   75.51   118.49   84.15   113.85   76.70 
 261   76.10   12.54     31.87    3.62    3.42     16.11   21.50   21.01     20.16   13.10   10.42      5.85   68.38   75.48   118.86   82.09   114.23   74.64 
 262   76.10   11.95     35.57    2.34    3.42     14.54   26.16   21.03     20.16   13.10   10.43      5.88   68.91   75.46   118.17   80.64   113.81   73.05 
 263   76.10   10.79     34.42    2.65    3.42     13.32   30.53   21.06     20.16   13.10   10.44      5.84   69.55   75.44   118.37   78.21   113.97   70.70 
 264   76.10   11.99     37.31    1.88    3.41     11.91   36.14   21.12     20.16   13.10   10.45      5.85   70.33   75.42   118.12   76.07   113.51   68.67 
 265   76.10   10.74     36.00    2.16    3.40     11.14   39.59   21.19     20.16   13.10   10.46      5.83   71.06   75.40   118.75   74.17   114.09   66.77 
 266  109.34   11.13     34.31    2.59    3.40     14.30   27.44   21.22     20.24   12.99   10.47      6.14   68.80   75.38   118.82   72.68   114.11   65.24 
 267  109.34   10.86     32.93    3.01    3.40     14.05   28.68   21.24     20.24   12.99   10.48      6.17   68.60   75.35   118.73   71.57   114.53   64.02 
 268  109.34   12.20     32.66    3.07    3.40     13.65   30.01   21.28     20.24   12.99   10.49      6.30   68.40   75.32   118.58   68.77   114.52   61.10 
 269  109.34   12.13     33.27    2.85    3.40     12.03   35.73   21.33     20.24   12.99   10.50      6.38   67.47   75.30   118.67   66.29   114.38   58.61 
 270  109.34   11.71     30.38    3.93    3.40     11.87   36.03   21.38     20.24   12.99   10.51      6.35   67.43   75.27   118.23   65.34   113.56   57.80 
 271  111.04   10.65     29.78    4.21    3.40     18.31   17.20   21.37     20.17   13.12   10.52      6.86   62.29   75.22   118.80   64.59   114.34   56.99 
 272  111.04   10.75     30.78    3.75    3.40     18.39   17.14   21.35     20.17   13.12   10.53      6.78   63.12   75.17   119.35   63.50   115.02   55.94 
 273  111.04   10.76     29.69    4.27    3.41     18.67   16.66   21.34     20.17   13.12   10.54      6.73   63.74   75.13   119.57   64.34   115.21   56.77 
 274  111.04   10.70     32.85    3.00    3.40     17.46   19.17   21.33     20.17   13.12   10.55      6.71   64.19   75.09   120.62   64.32   116.10   56.82 
 275  111.04   10.69     32.51    3.17    3.40     16.16   22.41   21.33     20.17   13.12   10.56      6.32   66.65   75.06   121.04   66.80   116.41   59.37 
 276   67.64   11.90     34.42    2.59    3.40     17.33   19.32   21.32     19.76   13.76   10.57      6.36   66.61   75.03   122.56   68.09   117.86   60.52 
 277   67.64   12.12     34.99    2.46    3.40     15.94   22.40   21.33     19.76   13.76   10.58      6.22   66.86   75.00   123.45   69.62   118.81   61.94 
 278   67.64   11.90     33.28    3.06    3.40     14.59   25.92   21.34     19.76   13.76   10.59      6.20   66.11   74.97   123.16   72.02   118.48   64.37 
 279   67.64   11.81     31.27    3.93    3.40     13.50   28.69   21.37     19.76   13.76   10.60      5.88   67.34   74.94   124.59   72.49   119.85   64.83 
 280   67.64   12.13     30.54    4.34    3.40     12.56   31.20   21.41     19.76   13.76   10.61      5.78   67.40   74.91   125.71   74.23   120.92   66.39 
 281   83.42   12.57     28.40    5.63    3.41     12.36   31.67   21.44     20.01   13.39   10.62      5.67   67.18   74.89   126.30   74.54   121.45   66.73 
 282   83.42   11.32     36.37    2.29    3.41     11.86   33.15   21.48     20.01   13.39   10.63      5.42   67.87   74.86   131.23   77.91   126.18   70.24 
 283   83.42   11.31     31.59    4.02    3.41     11.94   32.62   21.52     20.01   13.39   10.64      5.37   68.25   74.84   130.99   78.36   125.99   70.66 
 284   83.42   12.11     30.97    4.35    3.41     12.11   31.76   21.56     20.01   13.39   10.65      5.22   68.64   74.82   132.51   78.11   127.74   70.32 
 285   83.42   16.55     29.93    4.94    3.42     11.29   34.67   21.61     20.01   13.39   10.66      5.03   69.76   74.80   132.96   78.25   128.09   70.56 
 286  105.41   17.47     28.89    5.62    3.42     17.17   17.55   21.59     19.78   13.73   10.67      5.20   68.00   74.78   133.59   78.83   128.77   71.10 
 287  105.41   16.46     28.87    5.68    3.43     15.76   20.58   21.59     19.78   13.73   10.68      5.03   69.22   74.76   134.37   79.70   129.44   72.04 
 288  105.41   18.47     30.32    4.79    3.44     15.04   22.58   21.59     19.78   13.73   10.69      5.04   69.34   74.74   134.70   79.93   129.90   72.25 
 289  105.41   18.72     29.48    5.32    3.44     14.25   24.76   21.60     19.78   13.73   10.70      5.06   69.60   74.72   135.07   80.71   130.29   73.05 
 290  105.41   16.99     30.51    4.75    3.45     12.52   30.26   21.63     19.78   13.73   10.71      5.15   68.98   74.70   135.87   82.19   131.11   74.53 
 291  142.70   17.82     29.73    5.25    3.45     15.93   20.19   21.63     19.65   13.92   10.73      4.98   70.21   74.68   136.97   82.56   132.09   74.80 
 292  142.70   16.64     27.91    6.58    3.46     14.02   25.00   21.64     19.65   13.92   10.74      5.09   68.67   74.66   137.67   84.38   132.83   76.57 
 293  142.70   18.00     28.46    6.22    3.47     12.74   29.16   21.66     19.65   13.92   10.75      4.92   69.76   74.65   138.57   85.24   133.61   77.57 
 294  142.70   15.32     27.36    7.14    3.49     11.69   32.87   21.70     19.65   13.92   10.76      4.96   69.92   74.63   139.35   86.39   134.42   78.65 
 295  142.70   17.05     26.77    7.76    3.50     10.18   39.12   21.76     19.65   13.92   10.77      4.78   71.15   74.62   140.58   88.01   135.78   80.17 
 296  147.65   16.74     26.79    7.85    3.52     13.69   26.04   21.78     19.96   13.43   10.78      4.84   70.16   74.60   141.77   90.02   137.04   82.15 
 297  147.65   16.88     25.81    8.83    3.53     11.09   34.86   21.82     19.96   13.43   10.79      4.70   70.92   74.59   141.36   90.38   136.71   82.41 
 298  147.65   16.61     26.76    7.98    3.55     11.36   33.56   21.86     19.96   13.43   10.80      4.75   70.58   74.58   142.52   93.10   137.85   85.07 
 299  147.65   16.77     26.53    8.23    3.56     11.21   34.40   21.90     19.96   13.43   10.80      4.63   71.07   74.57   142.39   94.02   137.83   86.03 
 300  147.65   17.02     26.06    8.73    3.58     10.94   35.39   21.95     19.96   13.43   10.81      4.67   71.14   74.56   142.02   95.55   137.56   87.46 
 301   84.99   15.71     26.28    8.57    3.60     14.09   24.46   21.95     19.50   14.14   10.82      4.74   70.11   74.54   142.10   97.82   137.72   89.66 
 302   84.99   18.12     26.61    8.29    3.61     11.68   32.12   21.99     19.50   14.14   10.84      4.52   71.51   74.53   141.93   99.95   137.71   91.68 
 303   84.99   19.75     25.30    9.66    3.63     10.46   36.87   22.04     19.50   14.14   10.85      4.32   72.75   74.52   141.23   99.75   137.14   91.42 
 304   84.99   19.03     25.84    9.10    3.65     10.65   36.15   22.08     19.50   14.14   10.86      4.46   71.67   74.52   140.81  102.01   136.80   93.71 
 305   84.99   19.76     26.40    8.52    3.67     10.30   37.55   22.13     19.50   14.14   10.87      4.38   72.55   74.51   140.03  103.45   136.10   95.11 
 306   80.59   15.50     26.72    8.19    3.68     15.45   20.90   22.13     19.22   14.59   10.88      4.19   73.90   74.51   139.41  103.64   135.55   95.36 
 307   80.59   17.05     27.66    7.30    3.69     11.25   33.98   22.17     19.22   14.59   10.89      4.38   73.27   74.50   138.32  104.49   134.52   96.15 
 308   80.59   17.03     26.54    8.26    3.71      9.12   43.15   22.24     19.22   14.59   10.90      4.22   73.95   74.50   138.05  102.96   134.24   94.59 
 309   80.59   18.46     28.45    6.60    3.72      9.79   39.94   22.29     19.22   14.59   10.92      4.34   72.79   74.50   137.63  104.46   133.84   96.16 
 310   80.59   18.80     30.13    5.41    3.72     10.26   37.79   22.34     19.22   14.59   10.93      4.28   73.30   74.49   137.51  104.63   133.95   96.23 
 311  139.96   16.28     29.76    5.62    3.73     14.30   23.87   22.35     19.48   14.14   10.94      4.62   70.75   74.48   136.79  103.82   133.35   95.44 
 312  139.96   15.00     29.54    5.76    3.74     13.62   25.64   22.36     19.48   14.14   10.95      4.73   70.36   74.47   136.41  104.26   132.97   95.74 
 313  139.96   15.37     29.45    5.80    3.74     12.22   30.55   22.39     19.48   14.14   10.96      4.66   70.85   74.45   135.21  104.58   131.95   96.14 
 314  139.96   15.28     29.54    5.71    3.75     11.67   32.67   22.42     19.48   14.14   10.97      4.71   71.01   74.44   134.94  103.37   131.66   94.93 
 315  139.96   14.97     31.14    4.73    3.75     11.25   34.51   22.46     19.48   14.14   10.98      4.69   71.65   74.43   134.61  104.41   131.17   96.05 
 316   88.69   15.60     31.83    4.34    3.75     14.18   24.80   22.46     18.88   15.15   10.99      4.83   71.31   74.42   133.52  103.87   130.39   95.30 
 317   88.69   16.77     32.36    4.03    3.75     12.75   29.79   22.49     18.88   15.15   11.00      4.74   72.27   74.42   132.39  102.65   129.21   94.25 
 318   88.69   15.72     32.40    3.98    3.76     13.04   28.85   22.51     18.88   15.15   11.02      5.01   71.26   74.41   130.14  102.96   127.18   94.47 
 319   88.69   14.63     32.05    4.10    3.76     13.88   26.52   22.52     18.88   15.15   11.03      4.99   71.59   74.40   129.04  101.59   126.01   93.15 
 320   88.69   16.56     32.80    3.72    3.76     13.67   27.23   22.54     18.88   15.15   11.04      5.12   71.15   74.39   127.53  101.19   124.45   92.80 
 321  125.13   19.25     34.80    2.92    3.75     16.56   19.68   22.53     19.03   14.87   11.06      5.21   71.21   74.38   125.87  101.49   123.03   92.97 
 322  125.13   17.44     34.67    2.95    3.75     16.80   19.37   22.52     19.03   14.87   11.07      5.15   72.05   74.37   124.97  101.08   122.08   92.64 
 323  125.13   17.76     32.52    3.75    3.75     16.84   19.30   22.51     19.03   14.87   11.08      5.22   72.07   74.36   123.02  100.29   120.11   91.78 
 324  125.13   16.95     35.74    2.54    3.75     16.57   20.03   22.50     19.03   14.87   11.09      5.25   72.36   74.36   121.81  100.08   118.99   91.51 
 325  125.13   17.86     33.29    3.33    3.75     16.07   21.35   22.50     19.03   14.87   11.10      5.33   71.88   74.35   119.79   98.72   116.95   90.19 
 326  128.83   17.19     30.70    4.47    3.75     17.88   17.37   22.48     19.05   14.84   11.11      5.48   70.68   74.34   118.13   97.65   115.28   89.08 
 327  128.83   18.69     32.41    3.61    3.75     18.18   16.98   22.46     19.05   14.84   11.13      5.48   71.17   74.33   116.56   97.07   113.83   88.54 
 328  128.83   17.91     33.90    3.01    3.75     16.40   20.56   22.46     19.05   14.84   11.14      5.43   71.70   74.32   114.72   97.59   111.94   89.00 
 329  128.83   18.80     31.56    3.91    3.75     16.54   20.17   22.45     19.05   14.84   11.15      5.33   71.82   74.31   113.54   96.29   110.77   87.67 
 330  128.83   17.62     32.60    3.44    3.75     16.58   20.27   22.44     19.05   14.84   11.16      5.51   70.55   74.30   112.73   95.82   109.81   87.27 
 331   88.11   18.02     32.58    3.42    3.74     16.47   20.41   22.44     18.94   15.03   11.17      5.51   70.68   74.29   110.90   95.85   108.13   87.23 
 332   88.11   17.96     32.18    3.56    3.74     18.65   15.96   22.42     18.94   15.03   11.18      5.62   69.88   74.28   110.18   95.51   107.24   86.92 
 333   88.11   16.97     33.72    2.95    3.74     16.70   19.99   22.41     18.94   15.03   11.19      5.45   71.33   74.27   108.67   96.04   105.81   87.52 
 334   88.11   17.00     34.09    2.80    3.74     15.69   22.34   22.41     18.94   15.03   11.21      5.45   71.42   74.26   107.07   95.14   104.23   86.51 
 335   88.11   17.35     33.87    2.85    3.74     16.24   21.21   22.41     18.94   15.03   11.22      5.58   70.40   74.25   106.35   94.68   103.65   86.07 
 336  114.48   17.54     33.59    2.92    3.73     17.34   18.81   22.40     18.91   15.09   11.23      5.54   71.22   74.24   104.79   94.49   101.96   85.97 
 337  114.48   17.59     33.28    3.00    3.73     17.00   19.50   22.39     18.91   15.09   11.24      5.62   70.71   74.23   102.91   94.55   100.04   86.02 
 338  114.48   17.66     35.23    2.38    3.73     14.81   24.75   22.39     18.91   15.09   11.25      5.46   71.20   74.22   102.41   95.64    99.58   87.00 
 339  114.48   17.65     32.49    3.25    3.73     14.37   25.98   22.41     18.91   15.09   11.26      5.37   71.81   74.21   100.30   95.56    97.51   86.98 
 340  114.48   17.40     30.05    4.27    3.73     14.21   26.70   22.42     18.91   15.09   11.27      5.46   71.51   74.21    99.38   95.09    96.62   86.50 
 341   86.79   19.31     29.93    4.29    3.73     16.16   20.88   22.41     18.90   15.12   11.29      5.44   71.33   74.20    96.74   95.48    93.89   86.89 
 342   86.79   17.85     29.58    4.45    3.73     15.39   22.64   22.41     18.90   15.12   11.30      5.32   70.51   74.19    95.37   95.32    92.38   86.72 
 343   86.79   17.06     29.49    4.47    3.73     13.39   28.41   22.43     18.90   15.12   11.31      5.28   70.61   74.18    94.53   95.44    91.84   86.76 
 344   86.79   17.08     34.03    2.62    3.73     12.81   30.21   22.45     18.90   15.12   11.32      5.23   71.00   74.17    93.76   96.61    90.77   87.95 
 345   86.79   17.77     30.59    3.87    3.73     13.16   29.25   22.47     18.90   15.12   11.33      5.16   71.60   74.16    92.19   95.82    89.20   87.34 
 346   90.24   15.29     29.07    4.56    3.73     15.17   23.05   22.48     18.70   15.46   11.34      5.35   70.10   74.15    90.75   95.42    87.74   86.83 
 347   90.24   14.98     29.26    4.43    3.74     14.78   23.71   22.48     18.70   15.46   11.35      5.27   69.93   74.14    88.92   95.41    85.73   86.71 
 348   90.24   16.19     29.10    4.49    3.74     13.98   26.02   22.49     18.70   15.46   11.37      5.37   68.58   74.12    87.85   95.56    84.68   86.86 
 349   90.24   16.19     29.06    4.47    3.74     13.23   27.99   22.50     18.70   15.46   11.38      5.24   69.21   74.11    85.99   95.41    82.82   86.65 
 350   90.24   14.40     30.09    3.95    3.74     12.41   30.46   22.53     18.70   15.46   11.39      5.18   69.00   74.09    84.60   96.34    81.35   87.60 
 351  156.61   17.11     30.51    3.73    3.74     17.10   17.75   22.51     19.02   14.91   11.40      5.26   67.93   74.07    82.94   96.24    79.67   87.53 
 352  156.61   16.92     29.56    4.12    3.74     15.29   21.81   22.51     19.02   14.91   11.41      5.32   67.34   74.06    81.82   96.37    78.42   87.72 
 353  156.61   17.83     29.53    4.11    3.74     13.55   26.56   22.52     19.02   14.91   11.42      5.31   67.80   74.04    79.59   96.20    76.29   87.56 
 354  156.61   17.48     29.41    4.10    3.74     12.50   29.60   22.54     19.02   14.91   11.43      5.27   67.23   74.02    77.76   97.09    74.82   88.37 
 355  156.61   18.17     28.44    4.57    3.75     12.07   31.06   22.57     19.02   14.91   11.44      5.18   67.54   74.00    76.54   96.44    73.81   87.76 
 356  138.55   17.26     28.92    4.29    3.75     14.67   22.65   22.57     18.82   15.24   11.45      5.24   66.35   73.98    74.76   95.94    72.31   87.23 
 357  138.55   18.37     28.82    4.30    3.75     15.76   20.18   22.56     18.82   15.24   11.46      5.23   66.14   73.96    74.21   95.29    71.63   86.58 
 358  138.55   18.38     29.22    4.10    3.75     15.92   19.76   22.55     18.82   15.24   11.47      5.27   66.82   73.94    73.42   95.19    70.97   86.36 
 359  138.55   18.38     30.21    3.59    3.75     14.94   21.97   22.55     18.82   15.24   11.48      5.36   65.50   73.91    72.11   94.66    69.51   85.82 
 360  138.55   17.55     29.49    3.87    3.75     14.08   24.60   22.56     18.82   15.24   11.49      5.28   65.60   73.89    72.54   94.91    69.83   86.08 
 361  134.13   19.12     30.39    3.49    3.75     17.10   17.08   22.54     18.87   15.14   11.50      5.33   64.62   73.86    71.75   94.67    69.41   85.78 
 362  134.13   18.02     28.91    4.12    3.75     17.66   16.08   22.52     18.87   15.14   11.51      5.33   64.87   73.84    71.64   93.82    69.31   84.98 
 363  134.13   17.50     29.36    3.93    3.75     18.06   15.69   22.51     18.87   15.14   11.52      5.26   65.19   73.82    72.53   94.02    70.15   85.18 
 364  134.13   17.57     31.02    3.23    3.75     16.04   20.33   22.50     18.87   15.14   11.53      5.32   66.32   73.79    73.58   92.92    71.17   84.19 
 365  134.13   18.08     28.48    4.36    3.75     14.39   25.09   22.51     18.87   15.14   11.54      5.38   67.56   73.78    75.01   91.23    72.56   82.51 
 366  146.92   13.80     28.56    4.34    3.75     13.78   27.66   22.52     18.99   14.92   11.55      5.36   68.36   73.76    77.48   89.70    74.76   80.96 
 367  146.92   16.38     29.66    3.82    3.75     13.22   29.98   22.54     18.99   14.92   11.56      5.47   68.21   73.75    79.44   89.27    77.05   80.65 
 368  146.92   17.58     30.34    3.52    3.75     12.99   30.04   22.56     18.99   14.92   11.57      5.47   68.96   73.73    79.78   87.79    77.51   78.95 
 369  146.92   17.49     33.87    2.35    3.75     12.84   31.19   22.58     18.99   14.92   11.58      5.53   68.36   73.72    81.09   87.58    78.69   78.92 
 370  146.92   18.39     32.30    2.83    3.75     12.14   34.32   22.62     18.99   14.92   11.59      5.64   69.30   73.71    83.07   86.40    80.69   77.58 
 371  116.17   19.00     32.38    2.78    3.74     15.96   22.39   22.62     18.51   15.78   11.60      5.98   67.64   73.69    83.90   84.45    81.68   75.64 
 372  116.17   18.85     32.40    2.76    3.74     15.38   24.23   22.62     18.51   15.78   11.61      5.99   67.94   73.68    85.06   82.46    82.64   73.71 
 373  116.17   18.13     35.64    1.88    3.74     12.89   32.54   22.65     18.51   15.78   11.62      6.08   68.40   73.66    85.68   81.40    82.95   72.70 
 374  116.17   17.17     35.27    1.96    3.73     14.00   29.05   22.66     18.51   15.78   11.63      6.01   69.55   73.65    86.96   79.09    84.62   70.40 
 375  116.17   17.31     35.51    1.90    3.73     13.56   31.06   22.69     18.51   15.78   11.64      6.13   69.56   73.64    88.14   77.07    85.71   68.46 
 376  178.97   16.72     33.89    2.29    3.72     16.92   21.40   22.68     18.75   15.36   11.65      6.31   69.11   73.63    89.64   75.64    87.18   67.08 
 377  178.97   17.11     34.21    2.21    3.72     15.58   25.10   22.69     18.75   15.36   11.66      6.36   69.43   73.62    90.84   73.53    88.48   64.92 
 378  178.97   17.09     39.94    1.14    3.71     14.75   28.00   22.70     18.75   15.36   11.67      6.30   70.29   73.61    91.83   73.02    89.68   64.43 
 379  178.97   18.40     38.06    1.43    3.70     12.73   35.79   22.74     18.75   15.36   11.68      6.44   70.24   73.60    94.04   70.90    91.88   62.30 
 380  178.97   18.25     36.51    1.72    3.70     13.27   34.07   22.77     18.75   15.36   11.69      6.33   72.38   73.60    95.79   69.50    93.55   60.89 
 381  134.64   12.62     37.29    1.60    3.69     15.52   26.56   22.78     18.65   15.58   11.70      6.83   69.21   73.58    97.50   69.68    95.30   61.02 
 382  134.64   14.73     35.61    1.96    3.69     15.48   26.93   22.79     18.65   15.58   11.71      6.75   70.29   73.58    99.77   67.55    97.67   58.87 
 383  134.64   14.93     36.61    1.77    3.68     14.31   30.95   22.81     18.65   15.58   11.72      6.78   70.44   73.57   101.48   67.09    99.41   58.41 
 384  134.64   17.11     33.81    2.48    3.68     14.69   29.69   22.83     18.65   15.58   11.73      6.85   70.47   73.56   104.61   64.58   102.93   55.85 
 385  134.64   17.26     36.74    1.80    3.68     16.22   24.78   22.83     18.65   15.58   11.74      6.75   70.90   73.55   106.23   65.43   104.55   56.70 
 386  163.57   14.10     34.45    2.37    3.67     17.63   21.08   22.83     18.61   15.70   11.75      6.73   70.69   73.55   108.05   64.83   106.35   56.21 
 387  163.57   16.17     34.69    2.34    3.67     15.82   25.89   22.84     18.61   15.70   11.76      6.81   69.59   73.54   110.34   64.62   108.69   56.03 
 388  163.57   15.73     39.84    1.31    3.66     16.04   25.37   22.84     18.61   15.70   11.77      6.70   70.20   73.53   112.53   66.15   110.61   57.73 
 389  163.57   16.79     44.25    0.81    3.66     14.05   31.79   22.87     18.61   15.70   11.78      6.65   70.54   73.52   116.45   68.49   114.38   60.10 
 390  163.57   16.01     39.61    1.40    3.65     14.92   28.29   22.88     18.61   15.70   11.79      6.62   70.78   73.51   117.40   69.01   115.53   60.54 
 391  111.44   19.41     39.41    1.46    3.65     15.05   27.39   22.89     18.48   15.96   11.80      6.36   71.64   73.51   119.49   69.47   117.49   60.99 
 392  111.44   18.74     39.51    1.46    3.64     14.24   29.68   22.91     18.48   15.96   11.81      6.40   70.57   73.50   120.53   72.14   118.59   63.62 
 393  111.44   19.14     42.11    1.10    3.63     14.16   29.66   22.93     18.48   15.96   11.82      6.29   70.51   73.49   122.82   73.65   120.66   65.20 
 394  111.44   17.83     39.18    1.55    3.63     14.53   28.02   22.94     18.48   15.96   11.84      6.20   70.58   73.48   124.86   74.73   122.61   66.26 
 395  111.44   18.02     41.47    1.21    3.62     14.51   28.06   22.95     18.48   15.96   11.85      5.99   71.67   73.48   124.32   76.91   122.33   68.46 
 396  136.95   17.75     45.31    0.79    3.61     17.78   19.05   22.94     18.52   15.92   11.86      6.32   68.76   73.47   125.61   77.97   123.34   69.55 
 397  136.95   18.32     39.27    1.59    3.61     17.14   20.36   22.94     18.52   15.92   11.87      6.15   69.40   73.46   127.03   79.16   124.79   70.75 
 398  136.95   18.76     42.01    1.17    3.60     17.06   20.37   22.93     18.52   15.92   11.88      6.08   69.54   73.45   126.63   81.05   124.24   72.68 
 399  136.95   17.96     39.29    1.63    3.60     16.53   21.35   22.92     18.52   15.92   11.89      5.93   70.22   73.44   126.93   83.43   124.31   75.05 
 400  136.95   18.40     41.70    1.23    3.59     15.68   23.44   22.93     18.52   15.92   11.90      5.86   70.61   73.43   127.30   84.79   124.77   76.35 
 401  162.39   17.60     36.62    2.25    3.59     17.44   19.04   22.92     18.69   15.63   11.91      5.90   69.66   73.42   126.86   87.20   124.28   78.81 
 402  162.39   20.00     33.47    3.28    3.59     16.71   20.68   22.91     18.69   15.63   11.92      5.77   70.25   73.42   127.81   88.82   125.22   80.47 
 403  162.39   17.50     38.05    1.95    3.58     17.36   18.90   22.90     18.69   15.63   11.92      5.66   70.64   73.41   128.15   92.02   125.49   83.58 
 404  162.39   15.59     35.27    2.71    3.58     17.27   18.86   22.89     18.69   15.63   11.93      5.69   69.62   73.40   128.54   93.86   125.81   85.37 
 405  162.39   15.70     32.75    3.66    3.58     16.09   21.56   22.89     18.69   15.63   11.94      5.51   70.44   73.39   126.68   95.97   123.72   87.71 
 406  168.13   19.48     35.86    2.57    3.58     17.23   18.63   22.88     18.64   15.74   11.95      5.55   69.43   73.38   127.12   98.94   124.17   90.65 
 407  168.13   18.56     38.31    1.96    3.58     16.12   20.95   22.87     18.64   15.74   11.96      5.47   69.44   73.37   128.18  101.81   125.21   93.50 
 408  168.13   17.21     36.91    2.33    3.57     16.26   20.45   22.87     18.64   15.74   11.97      5.60   68.05   73.36   128.30  103.57   125.21   95.28 
 409  168.13   18.56     34.07    3.26    3.57     15.65   21.79   22.86     18.64   15.74   11.98      5.42   68.95   73.35   127.98  105.10   124.92   96.78 
 410  168.13   17.86     35.45    2.81    3.57     15.24   22.75   22.86     18.64   15.74   11.99      5.29   69.50   73.34   129.03  107.55   126.13   99.14 
 411  187.66   18.98     35.55    2.82    3.57     16.20   20.06   22.86     18.40   16.16   12.00      5.29   68.98   73.33   128.60  110.77   125.70  102.34 
 412  187.66   17.99     33.17    3.76    3.57     15.78   20.94   22.85     18.40   16.16   12.01      5.34   67.75   73.32   129.14  113.19   126.22  104.82 
 413  187.66   17.05     36.40    2.62    3.57     14.50   23.93   22.85     18.40   16.16   12.02      5.15   68.93   73.30   129.33  116.60   126.43  108.21 
 414  187.66   18.07     34.23    3.42    3.57     12.98   28.11   22.87     18.40   16.16   12.03      5.03   68.99   73.29   130.35  119.46   127.53  110.96 
 415  187.66   17.14     31.91    4.51    3.57     13.44   26.50   22.88     18.40   16.16   12.04      4.83   69.98   73.29   129.82  120.72   126.94  112.30 
 416  121.08   18.55     32.43    4.29    3.57     12.84   28.17   22.89     18.38   16.19   12.05      4.78   70.16   73.28   129.66  124.13   126.66  115.68 
 417  121.08   18.30     31.69    4.72    3.57     12.61   28.65   22.90     18.38   16.19   12.06      4.68   70.25   73.27   129.85  126.05   126.62  117.55 
 418  121.08   17.97     31.39    4.94    3.58     11.58   32.02   22.92     18.38   16.19   12.07      4.70   68.97   73.26   129.88  128.88   126.60  120.37 
 419  121.08   18.35     30.76    5.36    3.58     11.50   32.25   22.95     18.38   16.19   12.08      4.63   69.21   73.25   129.57  131.04   126.35  122.66 
 420  121.08   18.29     30.48    5.59    3.59     10.72   35.07   22.98     18.38   16.19   12.09      4.38   71.24   73.25   129.53  133.23   126.34  124.76 
 421  126.12   18.82     33.04    4.18    3.59     12.66   27.84   22.99     18.20   16.51   12.10      4.41   70.14   73.24   129.15  136.61   125.72  128.38 
 422  126.12   18.67     31.61    4.97    3.59     10.18   36.50   23.02     18.20   16.51   12.11      4.43   69.67   73.23   127.63  139.05   124.26  130.85 
 423  126.12   17.86     30.10    5.95    3.60     10.28   35.87   23.05     18.20   16.51   12.12      4.31   69.97   73.22   127.89  140.07   124.61  131.81 
 424  126.12   18.78     30.31    5.86    3.60     10.13   36.36   23.08     18.20   16.51   12.13      4.25   70.19   73.22   127.64  142.59   124.50  134.24 
 425  126.12   17.29     31.21    5.33    3.60      8.98   41.41   23.12     18.20   16.51   12.14      4.00   71.99   73.21   127.34  145.56   123.81  137.40 
 426  170.69   17.37     29.76    6.38    3.61     12.85   26.24   23.13     18.19   16.51   12.15      3.98   71.90   73.21   127.28  147.94   123.63  139.69 
 427  170.69   17.12     30.06    6.20    3.62     12.34   27.68   23.14     18.19   16.51   12.16      3.68   73.18   73.21   126.34  150.24   122.83  142.10 
 428  170.69   17.81     29.32    6.83    3.62     11.22   31.30   23.16     18.19   16.51   12.17      3.72   72.90   73.21   126.14  152.73   122.39  144.67 
 429  170.69   18.70     27.28    8.72    3.64     10.20   35.10   23.19     18.19   16.51   12.18      3.69   72.55   73.21   125.90  153.72   122.22  145.63 
 430  170.69   17.84     27.22    8.86    3.65      9.45   38.13   23.22     18.19   16.51   12.19      3.57   73.32   73.21   125.24  155.84   121.61  147.64 
 431  183.50   17.33     27.07    9.08    3.66     12.20   27.59   23.23     18.42   16.07   12.20      3.96   69.45   73.20   125.06  157.80   121.32  149.64 
 432  183.50   18.54     27.45    8.76    3.67     11.76   28.92   23.25     18.42   16.07   12.21      3.82   69.59   73.19   124.79  160.41   120.82  152.38 
 433  183.50   17.16     27.65    8.64    3.68     10.62   32.90   23.27     18.42   16.07   12.22      3.66   70.68   73.19   125.14  163.03   121.11  155.00 
 434  183.50   18.69     27.93    8.42    3.70     10.26   33.89   23.29     18.42   16.07   12.23      3.62   70.51   73.18   124.19  165.53   120.24  157.44 
 435  183.50   17.15     27.15    9.29    3.71      9.42   36.89   23.32     18.42   16.07   12.24      3.55   70.54   73.17   123.10  167.15   119.30  159.08 
 436  203.77   19.26     27.36    9.11    3.72     13.16   23.82   23.33     18.16   16.52   12.25      3.47   70.31   73.17   122.52  168.91   118.64  160.92 
 437  203.77   17.49     27.18    9.36    3.73     12.77   24.69   23.33     18.16   16.52   12.26      3.38   70.41   73.16   122.10  171.00   117.99  163.16 
 438  203.77   18.01     27.68    8.86    3.75     12.29   25.96   23.34     18.16   16.52   12.27      3.38   70.19   73.15   121.80  172.44   117.55  164.65 
 439  203.77   17.41     28.28    8.28    3.76     11.15   29.45   23.35     18.16   16.52   12.27      3.33   70.50   73.15   121.41  173.82   117.03  166.05 
 440  203.77   18.56     27.83    8.76    3.77     10.22   32.33   23.37     18.16   16.52   12.28      3.35   69.80   73.14   120.29  175.16   115.86  167.51 
 441  138.80   17.66     28.79    7.85    3.78     14.50   19.61   23.36     17.84   17.10   12.30      3.64   67.38   73.13   119.84  176.80   115.55  169.07 
 442  138.80   19.18     27.95    8.72    3.79     13.58   21.79   23.36     17.84   17.10   12.31      3.58   67.13   73.11   119.58  178.01   115.28  170.31 
 443  138.80   17.68     27.78    8.90    3.80     13.27   22.35   23.36     17.84   17.10   12.32      3.46   67.93   73.10   118.83  178.94   114.55  171.12 
 444  138.80   19.21     28.20    8.50    3.81     12.61   23.92   23.36     17.84   17.10   12.33      3.55   67.02   73.09   118.05  180.16   113.78  172.28 
 445  138.80   17.56     27.68    9.07    3.82     11.45   27.41   23.37     17.84   17.10   12.34      3.52   66.80   73.07   117.82  181.39   113.32  173.63 
 446  215.51   17.64     27.87    8.90    3.83     15.17   17.51   23.35     18.32   16.14   12.35      3.43   67.90   73.06   116.18  183.15   111.77  175.33 
 447  215.51   17.11     26.72   10.20    3.85     13.71   20.74   23.35     18.32   16.14   12.36      3.36   67.42   73.05   115.66  183.99   111.29  176.08 
 448  215.51   18.86     27.44    9.35    3.86     12.26   24.44   23.35     18.32   16.14   12.36      3.35   67.91   73.04   114.22  184.18   109.62  176.42 
 449  215.51   17.64     27.64    9.12    3.87     11.03   28.13   23.36     18.32   16.14   12.37      3.33   67.73   73.03   113.28  184.44   108.75  176.74 
 450  215.51   17.13     28.17    8.56    3.88     10.37   30.27   23.37     18.32   16.14   12.38      3.42   67.08   73.01   112.53  185.06   108.20  177.16 
 451  202.34   17.09     28.32    8.41    3.89     12.90   22.34   23.37     17.97   16.77   12.39      3.72   64.57   72.99   110.62  185.52   106.15  177.67 
 452  202.34   16.77     28.46    8.26    3.90     12.56   23.57   23.37     17.97   16.77   12.40      3.61   64.95   72.98   111.01  185.61   106.75  177.72 
 453  202.34   17.22     28.95    7.80    3.91     11.82   25.72   23.38     17.97   16.77   12.41      3.62   65.62   72.96   110.28  186.26   106.08  178.39 
 454  202.34   16.73     27.80    8.95    3.92     11.30   27.11   23.39     17.97   16.77   12.42      3.50   66.05   72.94   108.96  187.06   104.36  179.34 
 455  202.34   17.43     27.22    9.57    3.93     11.05   27.70   23.40     17.97   16.77   12.43      3.39   66.88   72.93   107.47  187.59   103.02  179.81 
 456  190.41   18.28     28.40    8.30    3.94     13.64   20.71   23.39     18.09   16.49   12.44      3.61   64.47   72.91   107.06  187.33   102.48  179.62 
 457  190.41   17.08     27.36    9.33    3.95     13.20   22.03   23.39     18.09   16.49   12.45      3.61   64.99   72.90   106.42  185.84   102.43  177.82 
 458  190.41   17.71     27.46    9.08    3.97     14.07   20.08   23.38     18.09   16.49   12.46      3.62   64.94   72.88   105.79  182.86   101.81  174.81 
 459  190.41   18.97     27.30    9.11    3.98     12.06   25.06   23.38     18.09   16.49   12.46      3.56   65.30   72.86   104.49  179.97   100.69  171.88 
 460  190.41   17.85     26.81    9.52    3.99     10.71   29.21   23.40     18.09   16.49   12.47      3.63   64.97   72.84   104.17  176.44   100.64  168.26 
 461  147.09   16.69     27.68    8.49    4.00     11.50   26.82   23.40     17.85   16.92   12.48      3.51   65.53   72.83   104.60  174.16   101.12  166.06 
 462  147.09   17.90     26.61    9.47    4.01      9.47   33.93   23.43     17.85   16.92   12.49      3.64   65.42   72.81   105.17  169.78   101.53  161.65 
 463  147.09   17.74     27.92    7.99    4.02      8.01   40.20   23.46     17.85   16.92   12.50      3.60   66.33   72.80   105.51  167.27   101.92  159.21 
 464  147.09   17.16     26.79    8.93    4.03      6.42   47.54   23.51     17.85   16.92   12.51      3.45   68.53   72.79   104.58  161.82   101.11  153.64 
 465  147.09   16.29     27.70    7.86    4.04      6.11   50.13   23.57     17.85   16.92   12.52      3.18   68.65   72.78   106.81  158.15   103.62  149.75 
 466  135.43   17.73     27.78    7.67    4.05     12.26   23.97   23.57     17.70   17.18   12.53      4.11   63.05   72.76   105.81  154.06   102.67  145.63 
 467  135.43   17.90     27.71    7.62    4.05     11.02   27.48   23.58     17.70   17.18   12.54      3.75   64.44   72.74   106.52  150.65   103.44  142.19 
 468  135.43   17.71     28.53    6.84    4.06     10.38   29.74   23.59     17.70   17.18   12.55      3.80   63.94   72.72   107.75  147.41   104.95  138.89 
 469  135.43   17.05     29.61    5.96    4.06      9.69   32.06   23.61     17.70   17.18   12.56      3.75   64.61   72.71   107.76  144.95   104.80  136.54 
 470  135.43   18.29     27.53    7.48    4.07      9.00   35.08   23.64     17.70   17.18   12.57      3.60   65.46   72.69   108.40  140.57   105.14  132.11 
 471  168.25   18.16     28.85    6.35    4.08     12.42   23.66   23.64     17.69   17.15   12.58      3.97   62.76   72.67   109.37  137.55   106.26  129.20 
 472  168.25   16.60     28.93    6.21    4.08     11.46   26.63   23.64     17.69   17.15   12.59      3.87   63.17   72.65   110.99  133.99   107.96  125.68 
 473  168.25   16.33     31.30    4.68    4.08     11.04   27.75   23.65     17.69   17.15   12.60      3.76   63.62   72.63   111.99  131.82   108.83  123.39 
 474  168.25   16.75     31.56    4.53    4.08     10.42   30.10   23.67     17.69   17.15   12.61      3.84   62.90   72.61   113.87  130.37   110.79  122.12 
 475  168.25   16.38     30.70    5.01    4.08     10.86   28.39   23.68     17.69   17.15   12.62      3.84   62.98   72.59   114.96  128.68   111.86  120.13 
 476  226.62   17.36     30.69    5.02    4.09     15.91   16.05   23.66     17.90   16.72   12.63      4.02   62.50   72.57   116.34  127.75   113.22  119.21 
 477  226.62   16.80     31.06    4.81    4.09     13.66   21.12   23.65     17.90   16.72   12.64      4.12   62.87   72.55   117.50  126.75   114.34  118.28 
 478  226.62   16.66     31.30    4.67    4.09     13.29   22.58   23.65     17.90   16.72   12.64      4.14   63.96   72.53   119.40  124.51   116.20  116.14 
 479  226.62   18.56     32.70    3.95    4.09     12.37   25.37   23.66     17.90   16.72   12.65      4.11   64.95   72.51   120.92  122.60   117.71  114.17 
 480  226.62   18.74     31.68    4.46    4.09     10.86   30.42   23.67     17.90   16.72   12.66      4.18   65.07   72.50   122.02  121.52   118.60  113.14 
 481  239.81   16.96     31.38    4.65    4.09     14.35   20.81   23.66     17.86   16.75   12.67      4.18   66.23   72.49   123.84  120.78   120.37  112.50 
 482  239.81   16.41     32.77    3.99    4.09     13.01   24.66   23.67     17.86   16.75   12.68      4.17   66.74   72.47   126.20  120.51   122.85  112.18 
 483  239.81   18.01     32.03    4.38    4.09     11.93   28.22   23.67     17.86   16.75   12.69      4.27   67.18   72.46   128.12  120.59   124.68  112.30 
 484  239.81   17.93     31.89    4.50    4.09     11.56   29.57   23.69     17.86   16.75   12.70      4.40   66.29   72.45   130.18  121.42   126.82  113.13 
 485  239.81   15.71     32.76    4.11    4.09     10.55   33.39   23.71     17.86   16.75   12.70      4.35   67.29   72.44   131.78  121.78   128.49  113.57 
 486  198.76   16.17     30.39    5.48    4.09     13.41   24.26   23.71     17.66   17.12   12.71      4.24   68.41   72.43   133.29  121.40   129.98  113.28 
 487  198.76   15.44     30.99    5.10    4.10     12.57   26.91   23.71     17.66   17.12   12.72      4.35   67.99   72.42   135.48  120.97   132.16  112.86 
 488  198.76   15.74     32.50    4.30    4.10     11.60   30.21   23.73     17.66   17.12   12.73      4.32   68.60   72.41   136.60  120.94   133.53  112.77 
 489  198.76   14.47     32.82    4.17    4.10     11.09   32.11   23.75     17.66   17.12   12.74      4.27   69.35   72.41   138.68  120.18   135.54  112.00 
 490  198.76   14.46     33.25    3.98    4.10     10.47   34.85   23.77     17.66   17.12   12.75      4.32   69.13   72.40   139.80  119.92   136.89  111.67 
 491  144.25   15.26     32.52    4.36    4.10     12.71   27.10   23.77     17.55   17.31   12.76      4.26   69.87   72.40   140.71  119.73   137.91  111.49 
 492  144.25   12.82     32.75    4.28    4.10     13.11   25.96   23.78     17.55   17.31   12.77      4.21   70.53   72.39   143.48  119.41   140.73  111.09 
 493  144.25   11.71     32.84    4.26    4.10     12.98   26.65   23.78     17.55   17.31   12.78      4.21   70.66   72.39   145.35  118.82   142.58  110.64 
 494  144.25   13.10     31.87    4.78    4.10     11.74   30.39   23.80     17.55   17.31   12.79      4.25   70.71   72.39   147.40  117.37   144.15  109.13 
 495  144.25   13.63     34.28    3.65    4.10     11.13   32.33   23.82     17.55   17.31   12.79      4.25   69.65   72.38   148.98  118.02   145.95  109.73 
 496  228.31   15.53     32.42    4.55    4.10     11.49   31.17   23.83     17.61   17.17   12.80      4.05   71.25   72.38   151.95  116.94   148.93  108.70 
 497  228.31   15.21     35.15    3.35    4.10     11.00   32.70   23.85     17.61   17.17   12.81      4.07   71.41   72.38   153.58  117.53   150.27  109.37 
 498  228.31   14.19     36.31    2.94    4.10     10.84   33.20   23.87     17.61   17.17   12.82      3.99   71.95   72.37   155.13  117.02   151.75  108.83 
 499  228.31   14.35     34.50    3.66    4.10     10.85   33.20   23.89     17.61   17.17   12.83      4.04   71.54   72.37   157.12  116.24   153.66  108.02 
 500  228.31   15.80     33.32    4.22    4.10     11.03   32.61   23.90     17.61   17.17   12.84      4.05   71.24   72.37   159.53  115.14   155.99  106.90 
 501  220.63   13.85     34.25    3.83    4.09     17.64   15.21   23.89     17.71   16.97   12.85      4.35   68.83   72.36   162.34  115.41   158.83  107.17 
 502  220.63   16.78     33.10    4.43    4.10     16.50   17.34   23.87     17.71   16.97   12.86      4.22   69.51   72.36   164.64  114.96   161.25  106.66 
 503  220.63   13.52     33.04    4.51    4.10     11.88   29.57   23.88     17.71   16.97   12.86      4.07   70.39   72.35   167.42  114.68   164.08  106.39 
 504  220.63   14.31     33.62    4.26    4.10     10.91   32.74   23.90     17.71   16.97   12.87      4.22   69.62   72.35   169.03  115.27   165.55  107.02 
 505  220.63   14.39     31.41    5.58    4.10      9.45   38.61   23.93     17.71   16.97   12.88      4.03   71.04   72.35   169.96  116.22   166.15  108.16 
 506  208.51   12.07     29.91    6.73    4.10     18.51   13.59   23.91     17.58   17.20   12.89      4.06   70.43   72.34   172.46  116.85   168.85  108.73 
 507  208.51   12.36     29.60    7.04    4.11     12.44   27.13   23.92     17.58   17.20   12.90      4.06   69.90   72.34   174.09  116.84   170.54  108.69 
 508  208.51   13.38     29.92    6.86    4.12     12.88   25.53   23.92     17.58   17.20   12.91      3.97   70.26   72.33   176.56  117.82   172.81  109.67 
 509  208.51   13.02     30.88    6.19    4.12     11.88   28.39   23.93     17.58   17.20   12.91      4.11   68.55   72.33   178.26  119.56   174.75  111.28 
 510  208.51   13.12     29.27    7.56    4.13     11.02   31.30   23.94     17.58   17.20   12.92      4.06   68.55   72.32   179.76  120.66   176.06  112.45 
 511  201.60   15.82     29.57    7.39    4.13     13.04   24.50   23.94     17.58   17.19   12.93      3.87   69.17   72.31   181.56  122.71   177.85  114.49 
 512  201.60   13.22     29.25    7.74    4.14     12.14   26.85   23.95     17.58   17.19   12.94      3.78   69.21   72.31   182.68  124.60   178.96  116.34 
 513  201.60   15.50     28.77    8.27    4.15     11.36   29.02   23.96     17.58   17.19   12.95      3.67   69.16   72.30   183.29  127.29   179.45  119.09 
 514  201.60   14.14     29.34    7.79    4.16     10.52   31.67   23.97     17.58   17.19   12.96      3.62   68.59   72.29   183.65  130.03   179.70  121.95 
 515  201.60   11.98     28.88    8.28    4.16     10.20   32.38   23.99     17.58   17.19   12.96      3.47   68.78   72.29   183.67  132.43   179.74  124.38 
 516  149.31   16.07     30.18    7.19    4.17     12.53   24.40   23.99     17.33   17.66   12.97      3.64   66.74   72.28   183.98  136.61   180.11  128.55 
 517  149.31   12.52     29.23    8.11    4.18     11.28   28.12   24.00     17.33   17.66   12.98      3.64   66.39   72.26   185.28  137.97   181.46  130.02 
 518  149.31   11.69     29.90    7.58    4.18     10.06   31.71   24.01     17.33   17.66   12.99      3.50   67.20   72.25   186.37  140.81   182.53  132.63 
 519  149.31   12.77     29.09    8.42    4.19     10.49   30.30   24.03     17.33   17.66   13.00      3.53   66.85   72.24   188.62  141.64   184.37  133.71 
 520  149.31   13.54     29.41    8.16    4.20     10.02   31.95   24.04     17.33   17.66   13.01      3.67   65.84   72.23   190.69  140.94   186.32  133.03 
 521  187.75   14.97     29.72    7.89    4.21     10.72   29.55   24.05     17.57   17.14   13.02      3.96   64.06   72.22   192.47  140.29   188.01  132.42 
 522  187.75   12.43     28.05    9.63    4.22      9.58   34.20   24.07     17.57   17.14   13.02      3.93   64.97   72.20   194.10  138.34   189.57  130.58 
 523  187.75   11.91     28.65    8.96    4.23      8.60   38.72   24.10     17.57   17.14   13.03      3.99   65.35   72.19   195.41  136.53   190.85  128.77 
 524  187.75   15.26     28.91    8.67    4.23      8.29   40.73   24.13     17.57   17.14   13.04      4.15   65.16   72.18   197.09  132.82   192.64  124.98 
 525  187.75   15.12     27.70    9.92    4.25      8.11   42.37   24.17     17.57   17.14   13.05      4.13   66.18   72.16   197.99  127.15   193.46  119.34 
 526  227.78   13.56     27.53   10.07    4.26     10.83   31.25   24.18     17.33   17.59   13.06      4.13   66.70   72.15   198.19  123.98   193.73  116.12 
 527  227.78   14.38     28.36    9.09    4.27      9.02   38.54   24.21     17.33   17.59   13.07      4.07   67.37   72.14   199.96  120.65   195.25  112.93 
 528  227.78   13.57     28.41    8.98    4.27      9.10   38.05   24.23     17.33   17.59   13.07      3.99   67.89   72.14   201.02  115.93   196.17  108.25 
 529  227.78   13.30     28.89    8.43    4.28      8.42   41.03   24.27     17.33   17.59   13.08      4.02   67.58   72.13   201.66  112.64   196.64  105.03 
 530  227.78   15.42     29.01    8.27    4.29      7.96   42.93   24.30     17.33   17.59   13.09      3.80   68.89   72.12   201.76  109.55   196.73  101.87 
 531  175.87   13.45     28.15    9.09    4.30     11.22   29.37   24.31     17.24   17.76   13.10      4.07   66.47   72.11   201.44  106.90   195.97   99.37 
 532  175.87   12.32     28.23    8.97    4.31     10.54   31.87   24.32     17.24   17.76   13.11      4.04   66.61   72.10   201.87  103.91   196.48   96.59 
 533  175.87   14.20     27.68    9.51    4.32     10.11   33.89   24.34     17.24   17.76   13.12      4.04   66.90   72.09   201.06  102.16   195.84   94.74 
 534  175.87   15.69     27.83    9.28    4.33      9.90   34.88   24.36     17.24   17.76   13.13      4.02   67.47   72.08   200.47  100.59   195.25   93.17 
 535  175.87   15.45     28.71    8.28    4.33      9.80   35.41   24.38     17.24   17.76   13.13      4.21   66.78   72.07   200.10   98.27   194.81   90.82 
 536  145.21   15.66     27.93    9.01    4.34     11.22   30.26   24.39     16.99   18.25   13.14      4.29   65.90   72.06   199.13   95.14   193.73   87.78 
 537  145.21   14.24     29.17    7.78    4.35     11.25   29.49   24.40     16.99   18.25   13.15      4.44   64.71   72.05   200.62   91.57   195.17   84.20 
 538  145.21   14.85     27.75    9.12    4.36     11.62   28.05   24.41     16.99   18.25   13.16      4.45   63.81   72.03   200.40   89.11   195.05   81.66 
 539  145.21   13.84     26.95   10.02    4.37     10.67   30.44   24.42     16.99   18.25   13.17      4.38   63.13   72.02   201.23   85.08   195.66   77.82 
 540  145.21   13.91     27.71    9.13    4.38      9.79   32.50   24.44     16.99   18.25   13.18      4.26   62.20   72.00   202.37   81.50   196.85   74.24 
 541  223.76   12.93     27.00    9.87    4.39     10.86   28.32   24.44     17.22   17.74   13.19      4.14   60.66   71.98   202.07   80.45   196.68   73.07 
 542  223.76   14.02     26.69   10.25    4.40      9.92   30.72   24.45     17.22   17.74   13.20      3.99   61.30   71.96   202.55   78.44   196.98   71.41 
 543  223.76   13.43     26.45   10.51    4.41     10.00   30.00   24.47     17.22   17.74   13.21      3.86   60.82   71.94   202.22   75.57   196.53   68.47 
 544  223.76   13.27     26.19   10.79    4.42     10.03   30.12   24.48     17.22   17.74   13.22      3.87   60.29   71.91   201.87   74.79   196.56   67.69 
 545  223.76   13.94     26.25   10.66    4.43      9.57   31.86   24.49     17.22   17.74   13.22      3.82   61.13   71.89   201.29   73.22   195.92   66.09 
 546  210.39   14.19     27.06    9.67    4.44     12.04   24.11   24.49     16.93   18.30   13.23      4.20   59.55   71.87   200.87   72.73   195.36   65.31 
 547  210.39   15.07     26.67   10.08    4.45     13.22   21.89   24.48     16.93   18.30   13.24      4.33   59.48   71.85   199.07   74.76   193.65   67.21 
 548  210.39   13.50     26.37   10.38    4.46     11.92   26.53   24.49     16.93   18.30   13.25      4.54   60.35   71.83   196.95   76.01   191.41   68.46 
 549  210.39   13.78     26.53   10.14    4.47     11.88   27.75   24.49     16.93   18.30   13.26      4.63   61.66   71.81   195.46   77.90   190.21   70.27 
 550  210.39   12.34     27.32    9.20    4.48     11.12   31.12   24.51     16.93   18.30   13.27      4.76   62.74   71.79   193.72   78.58   188.48   70.87 
 551  193.69   12.69     28.03    8.43    4.49     11.61   29.82   24.51     17.02   18.08   13.28      4.77   64.20   71.78   192.87   81.23   187.69   73.42 
 552  193.69   12.64     26.82    9.66    4.50     11.68   30.43   24.53     17.02   18.08   13.29      4.91   63.92   71.77   190.09   82.05   185.10   74.05 
 553  193.69   11.63     28.37    8.03    4.51     10.97   33.26   24.54     17.02   18.08   13.30      4.96   64.56   71.75   189.39   83.15   184.52   75.04 
 554  193.69   12.16     28.85    7.54    4.51     11.23   33.02   24.56     17.02   18.08   13.30      4.98   64.89   71.74   186.50   86.36   182.07   78.03 
 555  193.69   13.60     29.32    7.10    4.52     10.31   36.98   24.58     17.02   18.08   13.31      5.04   65.42   71.73   184.46   88.34   180.04   80.03 
 556  249.66   14.46     29.70    6.73    4.52     11.46   32.33   24.59     16.97   18.18   13.32      5.12   64.95   71.72   181.68   90.02   177.26   81.60 
 557  249.66   13.76     30.14    6.32    4.52     10.02   38.44   24.62     16.97   18.18   13.33      5.16   64.94   71.70   179.02   91.17   174.57   82.82 
 558  249.66   13.42     31.05    5.61    4.52      9.73   38.90   24.64     16.97   18.18   13.34      5.07   65.52   71.69   175.72   93.06   171.23   84.56 
 559  249.66   14.57     31.32    5.38    4.53      9.69   38.93   24.67     16.97   18.18   13.35      4.94   65.95   71.68   172.97   93.59   168.43   85.29 
 560  249.66   14.22     31.25    5.35    4.53      9.69   39.06   24.69     16.97   18.18   13.36      5.06   66.06   71.67   171.30   92.56   167.03   83.99 
 561  245.54   12.28     34.43    3.65    4.53     11.40   32.34   24.71     16.80   18.52   13.37      5.34   63.34   71.66   169.09   93.72   164.99   85.26 
 562  245.54   13.20     30.70    5.56    4.53     10.55   34.61   24.73     16.80   18.52   13.37      5.12   64.31   71.64   165.54   94.17   161.32   85.57 
 563  245.54   12.54     32.34    4.53    4.53      9.79   37.88   24.75     16.80   18.52   13.38      5.15   64.26   71.63   162.98   93.97   158.85   85.29 
 564  245.54   13.33     29.03    6.50    4.53      9.19   41.27   24.78     16.80   18.52   13.39      4.97   65.85   71.62   161.45   92.53   157.66   83.68 
 565  245.54   13.23     32.43    4.31    4.53      9.13   41.38   24.81     16.80   18.52   13.40      5.10   65.44   71.61   157.10   95.16   153.57   86.19 
 566  181.19   12.48     27.24    7.75    4.54     10.08   37.19   24.83     16.81   18.49   13.41      5.10   65.17   71.60   155.38   95.65   151.76   86.69 
 567  181.19   11.95     28.12    6.89    4.54      8.48   44.78   24.87     16.81   18.49   13.42      4.94   66.31   71.59   149.65   97.79   146.04   88.78 
 568  181.19   12.38     27.34    7.44    4.55      8.36   44.78   24.90     16.81   18.49   13.43      4.73   66.90   71.58   144.82   99.57   141.36   90.55 
 569  181.19   13.37     27.75    7.03    4.55      7.53   47.89   24.94     16.81   18.49   13.44      4.49   67.07   71.57   142.43  100.51   139.23   91.42 
 570  181.19   12.39     27.86    6.96    4.55      8.30   43.95   24.97     16.81   18.49   13.45      4.54   65.80   71.56   141.90  101.73   138.82   92.71 
 571  176.19   13.11     30.06    5.44    4.56     12.69   27.45   24.98     16.67   18.79   13.46      4.69   66.43   71.55   142.80  100.76   139.15   91.96 
 572  176.19   12.48     27.39    7.54    4.56     11.24   33.49   24.99     16.67   18.79   13.47      4.87   67.08   71.55   147.22   97.89   143.14   89.25 
 573  176.19   13.19     28.68    6.63    4.56      9.85   39.78   25.02     16.67   18.79   13.47      4.99   67.76   71.54   149.35   97.02   145.22   88.35 
 574  176.19   11.13     34.89    3.32    4.56      9.26   42.62   25.05     16.67   18.79   13.48      5.05   67.82   71.53   156.64   99.04   152.38   90.37 
 575  176.19   12.68     30.77    5.47    4.56     11.09   34.51   25.07     16.67   18.79   13.49      4.96   68.26   71.53   161.75   96.55   157.15   88.04 
 576  179.40   14.35     30.51    5.77    4.57     12.33   29.97   25.07     16.39   19.40   13.50      5.31   65.39   71.52   166.01   96.87   161.58   88.37 
 577  179.40   13.27     27.23    8.62    4.57      9.87   39.33   25.10     16.39   19.40   13.51      5.24   66.08   71.51   167.70   98.01   162.60   89.74 
 578  179.40   13.01     27.36    8.63    4.58      9.73   39.83   25.12     16.39   19.40   13.52      5.23   65.66   71.50   171.42   98.38   166.94   89.73 
 579  179.40   13.61     26.68    9.44    4.59     10.53   35.75   25.14     16.39   19.40   13.53      5.09   66.28   71.49   173.88   96.59   169.07   88.07 
 580  179.40   13.95     26.53    9.68    4.60     10.07   37.41   25.16     16.39   19.40   13.54      5.18   64.95   71.48   176.03   95.80   171.14   87.32 
 581  156.70   12.48     26.02   10.38    4.61      9.56   39.20   25.19     16.39   19.39   13.55      4.63   68.30   71.47   177.73   97.22   172.60   88.85 
 582  156.70   12.58     26.99    9.22    4.62      9.92   37.42   25.21     16.39   19.39   13.56      4.50   68.78   71.47   178.20   95.47   173.43   86.93 
 583  156.70   13.00     26.55    9.63    4.62      9.56   39.48   25.23     16.39   19.39   13.57      4.71   67.81   71.46   176.10   94.37   170.88   86.17 
 584  156.70   13.40     26.11   10.04    4.63      9.30   41.12   25.26     16.39   19.39   13.58      4.73   67.95   71.46   174.61   95.80   169.31   87.64 
 585  156.70   14.65     25.58   10.55    4.64      9.52   40.07   25.29     16.39   19.39   13.59      4.71   68.07   71.45   171.72   92.93   166.17   84.93 
 586  280.28   11.78     26.75    9.16    4.65     12.09   29.97   25.29     16.58   18.95   13.60      5.36   63.27   71.44   169.65   96.94   164.09   88.91 
 587  280.28   12.29     25.29   10.77    4.66     11.28   33.40   25.31     16.58   18.95   13.61      5.34   63.14   71.42   165.32   98.05   159.68   90.20 
 588  280.28   11.61     25.92    9.97    4.67     10.85   35.08   25.32     16.58   18.95   13.62      5.26   63.51   71.41   162.63  102.17   157.19   94.28 
 589  280.28   12.25     25.47   10.43    4.68     10.33   36.76   25.34     16.58   18.95   13.63      5.34   63.06   71.39   159.09  103.98   153.58   95.96 
 590  280.28   13.38     25.29   10.51    4.69     10.64   35.06   25.36     16.58   18.95   13.64      5.12   64.60   71.38   155.55  105.60   149.92   97.61 
 591  179.12   11.85     27.22    8.31    4.70     11.38   31.67   25.37     16.39   19.37   13.65      4.85   65.57   71.37   152.89  109.01   147.37  101.07 
 592  179.12   13.00     28.18    7.31    4.70     11.31   31.28   25.38     16.39   19.37   13.66      4.65   66.59   71.36   148.49  110.41   142.72  102.60 
 593  179.12   13.57     31.38    4.96    4.70     10.07   35.83   25.40     16.39   19.37   13.67      4.71   65.70   71.35   145.94  111.88   140.26  104.10 
 594  179.12   12.64     33.85    3.67    4.70      9.95   36.36   25.42     16.39   19.37   13.68      4.62   66.72   71.35   142.64  113.12   136.82  105.51 
 595  179.12   13.75     28.74    6.57    4.70      9.91   36.86   25.44     16.39   19.37   13.69      4.58   66.97   71.34   138.59  112.54   132.74  105.09 
 596  221.23   15.80     32.12    4.40    4.70     10.27   34.64   25.45     16.37   19.38   13.70      4.63   65.96   71.33   136.99  115.78   131.24  108.24 
 597  221.23   15.11     31.84    4.55    4.70      8.91   40.87   25.48     16.37   19.38   13.71      4.59   66.32   71.32   134.21  117.62   128.32  110.34 
 598  221.23   15.37     29.10    6.26    4.70      9.85   36.07   25.50     16.37   19.38   13.72      4.80   64.30   71.31   132.45  120.43   126.32  113.31 
 599  221.23   14.55     27.17    7.84    4.71      9.78   35.80   25.51     16.37   19.38   13.73      4.66   63.77   71.30   128.96  121.65   122.91  114.63 
 600  221.23   14.73     27.65    7.49    4.71      9.86   34.96   25.53     16.37   19.38   13.74      4.54   62.93   71.28   129.16  124.24   122.91  117.46 
 601  243.68   12.39     26.31    8.88    4.72     11.06   30.11   25.54     16.37   19.38   13.74      4.55   62.53   71.27   128.77  126.68   122.52  119.80 
 602  243.68   14.19     26.13    9.16    4.73      8.21   42.27   25.56     16.37   19.38   13.75      4.18   65.34   71.26   129.04  129.93   122.74  123.14 
 603  243.68   14.71     26.38    9.03    4.74      8.53   41.10   25.59     16.37   19.38   13.76      4.07   66.65   71.25   129.47  132.84   123.22  126.01 
 604  243.68   14.75     25.58   10.07    4.74      8.41   42.14   25.62     16.37   19.38   13.77      3.95   68.04   71.25   129.99  136.02   123.76  129.14 
 605  243.68   14.97     24.40   11.80    4.76      7.59   46.58   25.65     16.37   19.38   13.78      3.75   69.73   71.24   130.89  139.47   124.79  132.45 
 606  250.79   13.36     25.23   10.88    4.77      5.74   56.19   25.70     16.31   19.49   13.79      3.22   71.88   71.24   131.08  143.69   124.65  136.88 
 607  250.79   13.48     26.34    9.72    4.77      5.00   55.73   25.75     16.31   19.49   13.80      3.05   71.25   71.24   133.13  148.95   127.26  141.57 
 608  250.79   14.00     25.03   11.44    4.79      4.92   54.87   25.80     16.31   19.49   13.81      2.77   70.83   71.24   131.66  149.77   126.15  142.36 
 609  250.79   14.56     26.72    9.49    4.79      4.38   56.19   25.85     16.31   19.49   13.82      2.48   71.36   71.24   132.17  154.03   126.65  146.62 
 610  250.79   14.69     22.81   15.00    4.81      3.85   55.30   25.90     16.31   19.49   13.83      2.50   70.44   71.24   124.96  176.87   119.39  169.54 
 611  223.84   15.45     24.59   12.36    4.82     15.04   15.15   25.88     16.08   19.97   13.84      4.58   51.00   71.21   125.05  176.95   119.45  169.69 
 612  223.84   14.52     24.52   12.55    4.83     11.92   21.27   25.87     16.08   19.97   13.85      4.52   50.36   71.18   124.37  179.13   118.96  171.77 
 613  223.84   13.78     24.11   13.21    4.85      9.84   26.51   25.87     16.08   19.97   13.86      4.66   49.07   71.14   124.03  181.93   118.49  174.70 
 614  223.84   14.69     25.38   11.39    4.86      9.41   27.93   25.88     16.08   19.97   13.87      4.53   49.55   71.10   124.50  181.03   118.79  173.91 
 615  223.84   14.76     25.22   11.52    4.87      9.37   28.15   25.88     16.08   19.97   13.88      4.90   47.49   71.07   124.35  180.23   118.61  173.16 
 616  249.35   13.59     23.76   13.50    4.88     13.87   16.66   25.87     16.14   19.80   13.89      5.51   44.07   71.02   123.58  180.74   117.77  173.72 
 617  249.35   13.43     24.15   12.81    4.90     11.92   21.02   25.86     16.14   19.80   13.90      5.67   43.51   70.98   123.09  178.49   117.23  171.58 
 618  249.35   12.98     23.55   13.65    4.91     10.99   23.28   25.85     16.14   19.80   13.91      5.52   44.36   70.93   122.79  178.40   116.45  171.83 
 619  249.35   13.81     22.10   15.96    4.93     10.28   25.79   25.85     16.14   19.80   13.92      5.60   43.98   70.89   123.84  179.57   117.48  173.02 
 620  249.35   14.14     21.47   16.99    4.95      9.55   28.08   25.86     16.14   19.80   13.93      5.65   44.38   70.85   122.61  178.77   116.23  172.18 
