   6    1.61    7.57     38.63    1.92    1.00     18.24   16.98   15.89     54.06    0.27   70.98      3.92   84.27   84.98   145.34   82.71   141.54   75.07 
   7    1.61    7.59     39.21    1.80    1.12     19.04   15.38   15.82     54.06    0.27   60.88      3.97   83.72   84.80   144.76   84.05   140.91   76.46 
   8    1.61    7.57     38.45    1.97    1.22     16.82   19.83   16.32     54.06    0.27   53.31      3.86   84.51   84.77   144.87   84.27   141.06   76.65 
   9    1.61    7.53     35.57    2.76    1.39     16.43   20.72   16.81     54.06    0.27   47.41      3.93   83.52   84.63   144.87   84.78   140.90   77.25 
  10    1.61    7.51     38.14    2.04    1.46     15.23   23.55   17.48     54.06    0.27   42.70      3.75   85.16   84.68   144.14   86.04   140.26   78.38 
  11    1.76    8.00     38.34    2.00    1.51     24.90    7.72   16.60     53.99    0.28   38.84      3.97   82.91   84.52   144.05   86.54   140.26   78.83 
  12    1.76    7.88     37.58    2.19    1.56     25.56    7.14   15.81     53.99    0.28   35.63      3.85   83.92   84.47   143.93   86.83   140.09   79.13 
  13    1.76    7.91     39.07    1.84    1.58     20.21   13.25   15.61     53.99    0.28   32.91      3.87   83.40   84.39   143.28   87.17   139.37   79.52 
  14    1.76    7.91     35.33    2.83    1.67     19.63   14.12   15.50     53.99    0.28   30.58      3.84   83.64   84.33   143.88   86.60   140.09   78.84 
  15    1.76    7.90     36.19    2.57    1.73     19.88   13.77   15.39     53.99    0.28   28.56      3.86   83.47   84.28   143.82   86.64   140.00   78.93 
  16    2.22    8.32     36.20    2.57    1.79     22.98    9.57   15.02     39.29    1.49   26.87      3.88   83.27   84.21   143.32   87.76   139.47   80.03 
  17    2.22    8.30     38.72    1.92    1.79     18.94   15.22   15.04     39.29    1.49   25.37      3.84   83.53   84.17   142.82   87.74   138.97   80.00 
  18    2.22    8.28     38.03    2.08    1.81     20.19   13.25   14.94     39.29    1.49   24.05      3.87   83.38   84.13   142.94   88.69   138.96   81.09 
  19    2.22    8.31     36.50    2.49    1.85     19.58   14.15   14.90     39.29    1.49   22.86      3.78   84.29   84.14   142.23   88.74   138.37   81.00 
  20    2.22    8.33     36.28    2.54    1.88     19.67   13.94   14.85     39.29    1.49   21.79      3.83   83.63   84.11   142.85   88.14   139.08   80.31 
  21    2.97    8.39     39.32    1.79    1.88     19.04   14.96   14.85     39.72    1.41   20.82      3.87   82.97   84.06   142.38   89.81   138.51   82.06 
  22    2.97    8.28     33.94    3.32    1.94     17.43   18.17   15.00     39.72    1.41   19.94      3.82   83.39   84.03   142.79   88.43   138.74   80.77 
  23    2.97    8.29     34.46    3.14    1.99     20.33   13.01   14.92     39.72    1.41   19.13      4.07   82.04   83.94   142.45   88.98   138.67   81.16 
  24    2.97    8.26     32.52    3.93    2.07     18.87   15.39   14.94     39.72    1.41   18.39      3.91   83.14   83.91   142.02   89.06   138.41   81.21 
  25    2.97    8.33     35.57    2.77    2.10     23.24    9.26   14.71     39.72    1.41   17.72      4.07   81.97   83.83   141.67   90.36   137.69   82.69 
  26    5.47    8.68     33.87    3.36    2.15     20.88   12.21   14.61     53.90    0.28   17.04      4.02   82.06   83.76   142.31   89.40   138.30   81.73 
  27    5.47    8.61     35.46    2.79    2.17     20.12   13.46   14.57     53.90    0.28   16.42      3.94   83.14   83.74   141.55   89.91   137.74   82.27 
  28    5.47    8.65     38.11    2.06    2.17     22.64    9.97   14.41     53.90    0.28   15.85      3.99   82.90   83.71   141.16   90.72   137.20   83.08 
  29    5.47    8.65     37.98    2.08    2.17     21.83   10.98   14.29     53.90    0.28   15.31      4.00   83.03   83.69   140.85   90.74   136.97   83.10 
  30    5.47    8.66     36.38    2.50    2.18     18.01   17.07   14.38     53.90    0.28   14.81      3.90   83.67   83.69   139.67   90.18   135.80   82.52 
  31    8.60    9.01     36.44    2.47    2.19     20.84   12.48   14.32     33.58    2.85   14.42      4.26   80.78   83.59   140.08   89.90   136.17   82.34 
  32    8.60    9.02     34.02    3.24    2.22     17.98   17.55   14.42     33.58    2.85   14.06      4.21   82.49   83.56   138.90   89.32   135.23   81.63 
  33    8.60    9.03     35.10    2.82    2.24     16.31   21.62   14.64     33.58    2.85   13.72      4.26   83.62   83.56   137.63   88.94   134.13   81.15 
  34    8.60    9.01     34.68    2.91    2.26     14.59   26.77   15.00     33.58    2.85   13.40      4.45   83.08   83.54   135.04   87.79   131.58   80.01 
  35    8.60    9.05     33.78    3.18    2.28     12.70   33.77   15.53     33.58    2.85   13.10      4.60   82.88   83.53   133.31   86.83   130.29   78.91 
  36    8.72    9.00     31.87    3.89    2.33     18.60   17.45   15.59     37.79    1.77   12.79      4.62   83.78   83.53   131.51   86.15   128.73   78.22 
  37    8.72    8.99     32.20    3.68    2.37     15.25   25.61   15.86     37.79    1.77   12.49      4.66   83.97   83.55   129.25   84.54   126.62   76.52 
  38    8.72    8.97     30.14    4.60    2.42     13.33   32.15   16.29     37.79    1.77   12.21      4.55   84.63   83.57   128.53   83.88   125.75   76.03 
  39    8.72    9.00     31.86    3.75    2.46     13.19   32.72   16.71     37.79    1.77   11.94      4.59   84.54   83.60   127.11   83.97   124.27   76.18 
  40    8.72    8.97     31.41    3.94    2.50     12.71   34.54   17.15     37.79    1.77   11.68      4.61   84.43   83.62   126.78   83.84   124.00   76.00 
  41   76.37    9.39     31.15    4.06    2.53     18.41   17.99   17.17     22.65   10.20   11.65      4.82   82.42   83.59   127.31   83.74   124.36   75.93 
  42   76.37    9.38     29.95    4.66    2.58     16.91   21.50   17.28     22.65   10.20   11.61      5.00   81.20   83.53   128.43   82.98   125.47   75.16 
  43   76.37    9.36     31.53    3.89    2.61     15.62   25.07   17.46     22.65   10.20   11.58      4.91   82.78   83.52   128.54   82.36   125.28   74.65 
  44   76.37    9.39     34.12    2.89    2.62     15.61   25.33   17.64     22.65   10.20   11.55      5.02   81.84   83.48   128.83   82.08   125.44   74.47 
  45   76.37    9.34     37.36    2.00    2.61     13.49   32.33   17.96     22.65   10.20   11.52      5.25   80.51   83.41   129.21   80.94   125.80   73.28 
  46   29.91    9.70     36.35    2.26    2.60     19.73   15.78   17.91     34.28    2.71   11.33      5.52   78.19   83.30   130.59   80.29   126.98   72.66 
  47   29.91    9.76     38.15    1.85    2.58     18.73   17.76   17.91     34.28    2.71   11.14      5.44   77.95   83.18   131.86   78.78   128.45   71.16 
  48   29.91    9.70     36.89    2.14    2.57     16.24   23.38   18.03     34.28    2.71   10.97      5.32   78.68   83.09   132.99   78.94   129.59   71.30 
  49   29.91    9.72     39.23    1.64    2.56     14.80   27.54   18.22     34.28    2.71   10.80      5.33   78.57   83.00   133.34   78.87   130.06   71.20 
  50   29.91    9.73     38.89    1.72    2.54     15.74   24.72   18.35     34.28    2.71   10.64      5.32   78.12   82.90   134.80   79.22   131.32   71.68 
  51  165.38    9.71     40.94    1.37    2.52     17.52   19.98   18.38     18.56   16.67   10.76      4.99   80.92   82.86   135.30   81.08   131.79   73.53 
  52  165.38    9.79     42.96    1.10    2.49     17.25   20.58   18.42     18.56   16.67   10.87      4.82   82.27   82.85   135.35   81.86   131.83   74.36 
  53  165.38    9.73     40.72    1.43    2.47     13.55   30.81   18.66     18.56   16.67   10.98      4.74   81.75   82.83   135.35   82.98   132.20   75.20 
  54  165.38    9.73     34.76    2.88    2.48     12.41   34.87   18.96     18.56   16.67   11.08      4.67   81.24   82.80   135.81   84.71   132.42   77.02 
  55  165.38    9.76     35.20    2.76    2.48     13.26   31.25   19.18     18.56   16.67   11.19      4.53   81.78   82.78   136.75   88.38   133.34   80.69 
  56   79.18   10.10     33.57    3.38    2.50     17.86   18.28   19.17     20.74   13.02   11.22      4.55   80.77   82.75   137.29   90.79   133.84   83.22 
  57   79.18   10.13     32.18    4.02    2.52     15.70   23.10   19.23     20.74   13.02   11.25      4.35   81.95   82.73   137.08   92.69   133.67   85.10 
  58   79.18   10.08     34.10    3.24    2.54     14.39   26.42   19.36     20.74   13.02   11.28      4.43   80.55   82.69   136.98   95.35   132.98   88.03 
  59   79.18   10.13     30.90    4.73    2.57     13.30   29.51   19.53     20.74   13.02   11.31      4.26   81.46   82.67   137.60   96.84   133.55   89.42 
  60   79.18   10.11     33.52    3.53    2.59     12.46   32.00   19.74     20.74   13.02   11.34      4.06   81.82   82.66   136.36  100.38   132.34   93.00 
  61   40.86   10.15     32.63    3.93    2.61     16.73   19.31   19.73     22.39   10.75   11.33      3.97   81.88   82.65   135.96  102.48   132.12   94.95 
  62   40.86   10.15     32.13    4.19    2.64     15.42   22.29   19.77     22.39   10.75   11.32      3.88   82.08   82.64   135.71  105.07   131.73   97.68 
  63   40.86   10.14     31.57    4.50    2.67     13.14   28.52   19.91     22.39   10.75   11.31      3.64   82.80   82.64   134.74  107.25   130.78   99.91 
  64   40.86   10.16     31.08    4.79    2.70     11.10   35.35   20.15     22.39   10.75   11.30      3.36   83.71   82.66   134.93  109.33   131.00  101.97 
  65   40.86   10.11     29.65    5.69    2.75     10.29   38.74   20.44     22.39   10.75   11.29      3.31   83.59   82.67   135.29  109.63   131.18  102.34 
  66   24.41   10.14     29.08    6.14    2.80     17.17   17.46   20.39     24.53    8.35   11.25      3.57   80.67   82.64   136.57  110.71   132.34  103.43 
  67   24.41   10.15     30.53    5.25    2.83     14.48   23.52   20.44     24.53    8.35   11.21      3.62   80.05   82.60   137.28  112.48   132.93  105.25 
  68   24.41   10.12     29.47    6.00    2.88     13.45   26.49   20.53     24.53    8.35   11.16      3.54   79.89   82.56   139.11  112.36   134.78  105.11 
  69   24.41   10.11     28.77    6.56    2.93     12.31   30.19   20.67     24.53    8.35   11.12      3.54   79.63   82.52   140.27  112.39   136.03  105.09 
  70   24.41   10.15     29.24    6.28    2.98     11.01   34.64   20.87     24.53    8.35   11.08      3.53   79.72   82.48   141.08  113.49   136.64  106.26 
  71   24.06   10.11     30.76    5.32    3.01     14.19   23.92   20.91     26.04    6.96   11.03      3.63   78.68   82.43   142.90  114.83   138.45  107.56 
  72   24.06   10.13     30.58    5.48    3.05     12.63   28.83   21.02     26.04    6.96   10.97      3.61   78.45   82.37   145.25  114.52   140.67  107.37 
  73   24.06   10.13     30.45    5.60    3.08     11.88   31.01   21.16     26.04    6.96   10.91      3.42   80.15   82.34   146.23  114.45   141.61  107.29 
  74   24.06   10.09     29.86    6.03    3.12     10.32   36.85   21.37     26.04    6.96   10.86      3.32   80.01   82.31   147.55  113.91   142.71  106.86 
  75   24.06   10.14     30.11    5.84    3.16      9.05   42.66   21.65     26.04    6.96   10.81      3.27   80.98   82.29   147.60  112.28   142.75  105.18 
  76   21.79   10.05     29.88    5.94    3.20     14.41   23.65   21.68     27.22    6.03   10.75      3.55   79.75   82.26   147.24  110.07   142.50  102.97 
  77   21.79   10.09     31.36    4.96    3.22     13.98   25.71   21.73     27.22    6.03   10.68      3.72   79.96   82.23   146.78  108.68   141.96  101.84 
  78   21.79   10.09     32.28    4.41    3.23     11.72   33.95   21.89     27.22    6.03   10.62      3.90   80.35   82.20   146.28  106.82   141.44   99.95 
  79   21.79   10.09     36.66    2.63    3.23     11.24   36.44   22.07     27.22    6.03   10.57      3.97   80.59   82.18   146.65  105.23   141.76   98.39 
  80   21.79   10.12     35.35    3.02    3.22     11.88   34.67   22.23     27.22    6.03   10.51      4.12   80.59   82.16   146.09  101.96   141.14   95.24 
  81   24.77   10.14     34.96    3.13    3.22     17.25   18.70   22.19     24.88    7.86   10.48      4.34   79.11   82.13   145.67   99.87   140.83   93.00 
  82   24.77   10.15     35.40    2.95    3.22     16.17   21.16   22.18     24.88    7.86   10.45      4.57   77.43   82.07   145.01   98.31   139.94   91.53 
  83   24.77   10.09     36.78    2.50    3.21     15.13   23.98   22.20     24.88    7.86   10.41      4.55   77.34   82.01   145.36   96.85   140.40   90.07 
  84   24.77   10.13     37.21    2.37    3.20     14.69   25.19   22.23     24.88    7.86   10.38      4.61   77.09   81.95   144.89   95.78   139.95   88.97 
  85   24.77   10.17     35.05    3.04    3.20     14.52   25.61   22.27     24.88    7.86   10.35      4.47   78.00   81.91   145.08   94.82   140.16   87.96 
  86   22.15   10.07     36.32    2.62    3.19     19.75   13.94   22.18     25.25    7.54   10.32      4.56   77.22   81.85   145.48   95.40   140.65   88.43 
  87   22.15   10.03     36.94    2.43    3.18     17.97   17.14   22.12     25.25    7.54   10.29      4.42   78.22   81.81   144.70   94.51   140.04   87.46 
  88   22.15   10.05     40.47    1.62    3.17     15.72   22.30   22.12     25.25    7.54   10.26      4.72   76.09   81.75   145.38   93.88   140.52   86.88 
  89   22.15   10.06     37.80    2.19    3.16     18.42   16.33   22.05     25.25    7.54   10.23      4.70   76.64   81.69   144.27   92.74   139.52   85.58 
  90   22.15   10.09     38.52    2.00    3.14     16.28   20.97   22.04     25.25    7.54   10.20      4.59   77.35   81.64   144.18   91.95   139.39   84.82 
  91   23.02   10.14     40.87    1.51    3.12     17.50   18.50   22.00     25.08    7.68   10.17      4.72   76.96   81.59   143.27   91.53   138.61   84.47 
  92   23.02   10.12     40.08    1.64    3.11     15.85   22.50   22.01     25.08    7.68   10.14      4.96   76.12   81.53   141.87   89.57   137.29   82.37 
  93   23.02   10.10     45.30    0.89    3.08     15.64   23.53   22.03     25.08    7.68   10.12      4.89   77.36   81.48   142.51   87.87   137.98   80.73 
  94   23.02   10.08     53.97    0.32    3.05     15.76   23.61   22.04     25.08    7.68   10.09      5.08   77.59   81.44   140.41   85.60   135.95   78.45 
  95   23.02   10.14     40.63    1.47    3.04     14.65   27.31   22.10     25.08    7.68   10.07      5.11   78.84   81.42   138.66   85.59   134.14   78.45 
  96   27.08   10.13     42.46    1.17    3.02     17.28   20.66   22.08     25.41    7.40   10.04      5.26   78.88   81.39   136.05   84.22   131.76   77.01 
  97   27.08   10.16     35.59    2.53    3.01     14.95   27.40   22.14     25.41    7.40   10.01      5.50   78.56   81.36   134.54   82.79   130.24   75.58 
  98   27.08   10.12     35.67    2.46    3.01     14.22   30.00   22.22     25.41    7.40    9.98      5.52   79.02   81.34   131.48   82.10   127.50   74.75 
  99   27.08   10.09     32.63    3.45    3.01     14.39   29.50   22.29     25.41    7.40    9.96      5.53   79.21   81.31   130.21   81.86   126.32   74.45 
 100   27.08   10.13     31.48    3.88    3.02     15.05   27.77   22.35     25.41    7.40    9.93      5.54   79.37   81.30   128.39   81.99   124.69   74.65 
 101   25.64   10.13     30.70    4.20    3.03     17.05   21.68   22.34     23.84    8.93    9.92      5.77   77.82   81.26   126.75   82.06   122.96   74.58 
 102   25.64   10.10     31.30    3.90    3.04     16.78   22.65   22.34     23.84    8.93    9.91      5.60   78.37   81.23   125.36   81.81   121.71   74.54 
 103   25.64   10.08     30.01    4.51    3.06     19.06   17.42   22.29     23.84    8.93    9.90      5.60   78.70   81.21   125.83   82.01   122.12   74.75 
 104   25.64   10.17     31.77    3.69    3.06     17.43   20.91   22.28     23.84    8.93    9.89      5.63   78.55   81.18   124.83   82.03   121.33   74.66 
 105   25.64   10.10     32.12    3.53    3.07     18.50   18.53   22.25     23.84    8.93    9.88      5.78   77.03   81.14   124.47   81.70   120.90   74.37 
 106   30.32   10.11     33.36    3.05    3.07     21.71   12.81   22.16     24.36    8.46    9.87      5.77   77.04   81.10   123.59   81.14   120.01   73.81 
 107   30.32   10.08     33.34    3.06    3.07     20.02   15.59   22.10     24.36    8.46    9.86      5.83   76.33   81.06   123.94   80.70   120.35   73.40 
 108   30.32   10.08     32.67    3.31    3.07     16.19   24.28   22.12     24.36    8.46    9.84      5.78   76.85   81.02   125.19   80.56   121.29   73.39 
 109   30.32   10.09     39.52    1.52    3.05     15.87   25.12   22.14     24.36    8.46    9.83      5.78   76.72   80.98   123.58   79.93   120.40   72.55 
 110   30.32   10.08     36.78    2.10    3.05     16.83   22.34   22.15     24.36    8.46    9.82      5.66   77.51   80.95   126.09   81.38   122.23   74.15 
 111   33.95   10.16     41.62    1.21    3.03     17.64   20.13   22.13     24.73    8.15    9.80      5.56   77.14   80.92   126.74   82.20   123.00   74.96 
 112   33.95   10.11     41.43    1.25    3.01     16.75   22.42   22.13     24.73    8.15    9.79      5.48   77.11   80.88   127.82   81.69   124.11   74.58 
 113   33.95   10.09     46.50    0.71    2.99     15.67   25.09   22.16     24.73    8.15    9.78      5.43   77.50   80.85   128.62   82.84   125.09   75.65 
 114   33.95   10.08     41.64    1.25    2.98     15.58   24.63   22.18     24.73    8.15    9.76      5.36   77.22   80.82   129.72   83.41   125.88   76.07 
 115   33.95   10.09     36.45    2.30    2.97     15.92   23.49   22.19     24.73    8.15    9.75      5.39   76.15   80.78   129.58   83.87   125.93   76.41 
 116   28.91   10.11     36.26    2.37    2.97     18.79   16.80   22.14     23.77    9.14    9.74      5.19   76.76   80.74   130.41   84.67   126.66   77.27 
 117   28.91   10.06     34.55    2.92    2.97     15.73   23.68   22.16     23.77    9.14    9.74      5.34   75.66   80.70   131.19   86.31   127.29   78.94 
 118   28.91   10.13     35.40    2.70    2.96     15.89   22.91   22.16     23.77    9.14    9.73      5.10   76.51   80.67   133.03   89.10   128.81   81.88 
 119   28.91   10.08     35.41    2.73    2.96     15.74   22.87   22.17     23.77    9.14    9.73      4.88   77.35   80.64   134.26   90.72   130.02   83.49 
 120   28.91   10.10     32.80    3.71    2.97     16.39   21.17   22.16     23.77    9.14    9.72      4.80   77.51   80.61   133.83   91.52   129.51   84.36 
 121   28.59   10.13     33.04    3.62    2.97     17.34   18.76   22.13     22.90   10.11    9.72      4.94   76.21   80.58   133.87   93.07   129.41   85.94 
 122   28.59   10.11     30.92    4.64    2.99     17.06   19.37   22.11     22.90   10.11    9.73      4.75   76.88   80.54   133.32   92.57   128.69   85.56 
 123   28.59   10.18     32.80    3.73    2.99     16.92   19.62   22.09     22.90   10.11    9.73      4.70   77.25   80.52   133.58   94.01   128.76   87.16 
 124   28.59   10.15     33.00    3.66    3.00     16.36   21.10   22.08     22.90   10.11    9.73      4.81   76.60   80.49   134.43   94.24   129.58   87.48 
 125   28.59   10.16     31.97    4.17    3.01     15.32   23.59   22.09     22.90   10.11    9.74      4.85   76.46   80.45   135.34   95.45   130.47   88.72 
 126   32.55   10.14     31.46    4.44    3.02     16.94   19.42   22.07     23.27    9.67    9.74      4.70   76.79   80.43   135.99   95.29   131.12   88.53 
 127   32.55   10.15     31.88    4.26    3.03     15.20   23.24   22.08     23.27    9.67    9.74      4.55   77.53   80.40   136.20   97.03   131.40   90.12 
 128   32.55   10.10     31.39    4.51    3.04     14.29   25.71   22.11     23.27    9.67    9.74      4.51   77.51   80.38   135.75   97.29   130.86   90.36 
 129   32.55   10.14     31.52    4.43    3.05     15.19   23.28   22.12     23.27    9.67    9.73      4.54   77.04   80.35   135.82   96.64   131.06   89.60 
 130   32.55   10.10     32.46    3.96    3.06     16.51   20.09   22.10     23.27    9.67    9.73      4.51   77.39   80.33   136.08   96.32   131.05   89.45 
 131   29.78   10.12     31.44    4.44    3.07     18.45   16.18   22.06     22.98    9.99    9.74      4.42   78.37   80.32   135.79   95.20   130.78   88.33 
 132   29.78   10.18     32.30    4.01    3.08     20.71   12.45   21.98     22.98    9.99    9.74      4.69   76.30   80.29   135.93   95.27   130.93   88.40 
 133   29.78   10.10     33.19    3.62    3.08     17.20   18.59   21.96     22.98    9.99    9.74      4.39   78.82   80.27   136.22   95.66   131.18   88.82 
 134   29.78   10.13     30.68    4.84    3.09     16.94   19.41   21.94     22.98    9.99    9.74      4.47   78.16   80.26   135.54   94.42   130.48   87.64 
 135   29.78   10.07     31.11    4.61    3.10     18.58   15.94   21.90     22.98    9.99    9.74      4.64   76.90   80.23   135.65   95.34   130.76   88.46 
 136   37.76   10.10     32.16    4.09    3.11     18.37   16.43   21.86     22.64   10.37    9.75      4.66   76.57   80.21   136.31   94.78   131.43   87.91 
 137   37.76   10.11     31.16    4.59    3.12     21.48   11.49   21.78     22.64   10.37    9.75      4.75   76.36   80.18   135.68   94.97   130.72   88.19 
 138   37.76   10.13     32.30    4.01    3.13     20.32   12.90   21.72     22.64   10.37    9.76      4.66   77.06   80.16   135.63   95.88   130.65   88.87 
 139   37.76   10.08     31.48    4.40    3.14     21.09   12.03   21.65     22.64   10.37    9.76      4.66   76.56   80.13   134.77   95.48   129.98   88.62 
 140   37.76   10.11     30.30    5.03    3.15     18.13   17.13   21.61     22.64   10.37    9.77      4.69   77.39   80.11   133.81   94.51   129.00   87.73 
 141   32.95   10.09     30.63    4.81    3.16     18.71   16.06   21.57     22.50   10.52    9.77      4.75   77.43   80.09   132.59   94.74   127.64   88.00 
 142   32.95   10.14     32.14    4.02    3.17     20.04   13.95   21.52     22.50   10.52    9.78      4.68   78.21   80.08   132.42   94.24   127.47   87.66 
 143   32.95   10.12     31.99    4.04    3.18     17.79   18.31   21.50     22.50   10.52    9.78      4.89   77.82   80.06   130.67   93.90   125.81   87.29 
 144   32.95   10.13     32.29    3.87    3.18     14.89   25.82   21.53     22.50   10.52    9.79      5.09   77.74   80.05   129.09   93.98   124.28   87.23 
 145   32.95   10.08     32.34    3.79    3.18     13.67   30.58   21.59     22.50   10.52    9.79      5.18   77.32   80.03   127.87   92.04   122.65   85.71 
 146   33.48   10.12     34.67    2.86    3.18     13.62   29.55   21.64     22.26   10.83    9.80      5.02   78.00   80.01   124.76   94.31   119.81   87.62 
 147   33.48   10.13     33.01    3.43    3.18     12.92   32.14   21.72     22.26   10.83    9.81      4.81   78.26   80.00   124.85   91.72   119.99   84.86 
 148   33.48   10.13     34.12    3.02    3.18     12.70   32.72   21.79     22.26   10.83    9.81      4.99   76.83   79.98   124.02   92.47   119.06   85.70 
 149   33.48   10.10     33.93    3.09    3.18     13.60   30.02   21.85     22.26   10.83    9.82      5.14   75.48   79.95   125.20   91.52   120.23   84.83 
 150   33.48   10.13     34.49    2.89    3.18     15.54   24.07   21.86     22.26   10.83    9.83      5.12   76.24   79.93   124.70   91.50   119.53   84.99 
 151   31.23   10.11     33.34    3.30    3.18     16.68   21.17   21.86     21.73   11.52    9.84      5.20   75.46   79.90   125.09   90.99   119.91   84.51 
 152   31.23   10.10     36.35    2.34    3.18     18.95   16.28   21.82     21.73   11.52    9.85      5.20   75.90   79.87   125.46   92.40   120.53   85.82 
 153   31.23   10.13     36.68    2.26    3.17     18.47   17.24   21.79     21.73   11.52    9.86      5.15   75.85   79.84   126.54   92.51   121.70   85.86 
 154   31.23   10.09     35.01    2.76    3.17     18.12   17.81   21.76     21.73   11.52    9.87      5.25   75.11   79.81   126.49   92.86   121.79   86.10 
 155   31.23   10.14     40.88    1.41    3.16     15.57   23.88   21.78     21.73   11.52    9.88      5.07   76.28   79.79   127.71   94.10   123.07   87.37 
 156   34.47   10.11     38.62    1.84    3.15     17.22   19.57   21.76     21.67   11.61    9.89      5.16   75.62   79.76   128.44   94.72   123.88   87.87 
 157   34.47   10.13     38.21    1.94    3.14     15.27   24.49   21.78     21.67   11.61    9.90      4.90   77.33   79.75   128.87   94.70   124.35   87.82 
 158   34.47   10.03     38.40    1.90    3.13     14.65   26.14   21.81     21.67   11.61    9.91      4.94   76.60   79.73   129.23   94.85   124.88   87.87 
 159   34.47   10.11     37.06    2.22    3.13     15.99   22.27   21.81     21.67   11.61    9.92      4.88   76.99   79.71   129.43   94.50   125.19   87.34 
 160   34.47   10.11     35.82    2.56    3.12     15.16   24.55   21.83     21.67   11.61    9.94      5.00   75.80   79.69   128.90   94.55   125.09   87.22 
 161   47.32   10.11     37.73    2.06    3.12     20.69   13.01   21.77     22.40   10.67    9.94      5.06   75.40   79.66   130.07   94.13   126.06   86.86 
 162   47.32   10.13     39.36    1.70    3.11     17.99   17.70   21.75     22.40   10.67    9.94      4.98   76.03   79.64   129.99   93.92   126.00   86.66 
 163   47.32   10.10     37.75    2.06    3.10     16.14   21.82   21.75     22.40   10.67    9.95      5.03   75.60   79.61   130.65   93.66   126.60   86.35 
 164   47.32   10.12     41.10    1.40    3.09     15.27   24.09   21.76     22.40   10.67    9.95      5.08   75.18   79.59   130.90   93.85   126.96   86.50 
 165   47.32   10.10     38.48    1.89    3.08     15.26   24.22   21.78     22.40   10.67    9.96      5.02   75.47   79.56   130.76   93.25   126.93   85.87 
 166   40.67   10.12     38.92    1.80    3.08     20.95   12.53   21.72     21.63   11.66    9.97      4.97   76.00   79.54   130.95   93.24   127.06   85.85 
 167   40.67   10.11     38.66    1.85    3.07     20.20   13.66   21.67     21.63   11.66    9.98      4.95   75.97   79.52   130.86   93.51   127.17   86.05 
 168   40.67   10.10     39.87    1.61    3.06     17.32   18.98   21.66     21.63   11.66    9.99      4.95   75.87   79.50   131.38   93.20   127.81   85.59 
 169   40.67   10.10     40.22    1.55    3.05     18.48   16.61   21.63     21.63   11.66   10.00      5.06   75.15   79.47   131.09   93.67   127.33   86.15 
 170   40.67   10.14     36.48    2.39    3.05     19.47   14.85   21.59     21.63   11.66   10.01      4.92   75.96   79.45   131.01   93.18   127.31   85.63 
 171   46.78   10.12     43.88    1.01    3.03     16.45   20.91   21.58     21.70   11.56   10.02      4.92   76.22   79.43   130.64   94.20   126.97   86.63 
 172   46.78   10.14     40.07    1.57    3.03     16.27   21.47   21.58     21.70   11.56   10.03      5.04   75.88   79.41   130.72   93.74   127.08   86.16 
 173   46.78   10.07     38.76    1.81    3.02     18.65   16.48   21.55     21.70   11.56   10.03      5.06   75.90   79.39   129.76   92.51   126.05   84.99 
 174   46.78   10.10     40.66    1.45    3.01     18.05   17.77   21.53     21.70   11.56   10.04      5.03   76.36   79.37   129.35   92.50   125.67   85.05 
 175   46.78   10.12     39.86    1.58    3.00     16.73   20.49   21.53     21.70   11.56   10.05      4.98   77.18   79.36   128.31   92.55   124.91   84.88 
 176   42.32   10.16     40.48    1.47    2.99     18.00   17.67   21.50     21.71   11.55   10.06      5.17   75.76   79.34   127.01   92.73   123.67   84.96 
 177   42.32   10.10     41.71    1.27    2.98     17.68   18.43   21.49     21.71   11.55   10.07      5.22   75.08   79.32   126.61   92.16   123.32   84.41 
 178   42.32   10.11     42.92    1.10    2.97     16.60   20.89   21.48     21.71   11.55   10.08      5.25   74.58   79.29   126.47   91.67   123.08   83.94 
 179   42.32   10.05     47.80    0.62    2.96     17.06   19.88   21.47     21.71   11.55   10.09      5.35   74.11   79.26   126.28   91.76   122.87   84.08 
 180   42.32   10.05     40.43    1.45    2.95     16.33   21.50   21.47     21.71   11.55   10.09      5.25   75.01   79.24   125.05   91.33   121.54   83.60 
 181   61.34   10.10     46.45    0.72    2.94     18.86   16.14   21.45     21.87   11.34   10.10      5.34   74.10   79.21   125.09   91.58   121.55   83.92 
 182   61.34   10.16     43.33    1.03    2.93     19.16   15.70   21.41     21.87   11.34   10.11      5.33   74.57   79.18   124.24   91.00   120.82   83.37 
 183   61.34   10.11     40.61    1.41    2.92     17.52   18.93   21.40     21.87   11.34   10.11      5.27   75.14   79.16   123.64   91.01   120.24   83.39 
 184   61.34   10.13     41.64    1.25    2.91     16.50   21.36   21.40     21.87   11.34   10.12      5.25   75.06   79.14   123.42   91.19   120.09   83.63 
 185   61.34   10.14     43.88    0.97    2.90     16.35   21.56   21.40     21.87   11.34   10.13      5.22   74.90   79.12   124.17   91.76   120.79   84.19 
 186   68.77   10.12     44.11    0.94    2.89     19.72   14.58   21.36     21.71   11.55   10.14      5.24   74.91   79.09   124.09   91.98   120.73   84.39 
 187   68.77   10.15     51.12    0.42    2.88     15.48   23.61   21.38     21.71   11.55   10.14      5.24   74.60   79.07   123.83   92.70   120.60   85.07 
 188   68.77   10.08     43.44    1.02    2.87     13.91   28.44   21.41     21.71   11.55   10.15      5.13   75.10   79.05   123.98   92.10   120.63   84.60 
 189   68.77   10.13     44.13    0.94    2.86     14.17   27.49   21.45     21.71   11.55   10.16      5.25   74.41   79.02   123.50   92.34   120.05   84.89 
 190   68.77   10.09     44.65    0.88    2.85     13.23   30.72   21.49     21.71   11.55   10.16      5.17   74.80   79.00   123.48   92.80   120.21   85.40 
 191   49.07   10.05     45.41    0.81    2.84     19.09   15.66   21.46     21.42   11.94   10.17      5.15   74.80   78.98   123.89   92.82   120.71   85.45 
 192   49.07   10.12     40.72    1.39    2.83     18.45   16.74   21.44     21.42   11.94   10.18      4.98   76.07   78.96   124.13   92.33   120.91   84.90 
 193   49.07   10.12     45.75    0.78    2.82     16.84   19.99   21.43     21.42   11.94   10.19      4.88   76.65   78.95   124.24   92.88   120.80   85.55 
 194   49.07   10.14     43.98    0.96    2.81     14.52   26.01   21.46     21.42   11.94   10.20      4.85   76.32   78.94   124.41   93.32   121.34   85.91 
 195   49.07   10.11     42.37    1.15    2.80     14.43   25.75   21.48     21.42   11.94   10.21      4.80   76.55   78.93   124.62   93.13   121.22   85.63 
 196   70.49   10.10     42.08    1.20    2.79     19.18   14.93   21.44     21.28   12.13   10.22      4.79   75.12   78.91   125.45   93.59   121.98   86.20 
 197   70.49   10.10     39.43    1.64    2.79     16.01   21.25   21.44     21.28   12.13   10.23      4.61   76.49   78.89   125.90   93.03   122.43   85.59 
 198   70.49   10.09     39.68    1.60    2.78     15.48   22.42   21.45     21.28   12.13   10.24      4.43   77.33   78.89   126.55   93.99   123.08   86.55 
 199   70.49   10.09     37.79    1.99    2.78     16.49   20.06   21.44     21.28   12.13   10.25      4.51   76.07   78.87   126.81   94.33   123.58   86.97 
 200   70.49   10.11     45.77    0.80    2.77     16.74   19.37   21.43     21.28   12.13   10.26      4.58   75.68   78.86   126.36   95.68   123.23   88.29 
 201   60.00   10.15     41.25    1.34    2.76     18.80   15.31   21.40     21.56   11.73   10.27      4.69   74.73   78.84   126.88   96.35   123.61   89.10 
 202   60.00   10.11     42.87    1.12    2.75     17.30   18.12   21.38     21.56   11.73   10.27      4.62   75.41   78.82   126.68   96.85   123.58   89.60 
 203   60.00   10.10     40.10    1.55    2.74     16.79   19.06   21.37     21.56   11.73   10.28      4.52   75.07   78.80   127.49   97.22   124.36   89.93 
 204   60.00   10.11     36.80    2.27    2.74     16.33   19.83   21.37     21.56   11.73   10.29      4.39   75.78   78.79   128.11   96.83   124.74   89.59 
 205   60.00   10.11     36.37    2.40    2.74     14.89   23.16   21.37     21.56   11.73   10.29      4.32   75.72   78.77   128.65   97.76   125.06   90.61 
 206   50.30   10.17     35.90    2.54    2.74     17.84   16.35   21.35     21.20   12.22   10.30      4.33   75.36   78.75   128.36   97.60   124.75   90.44 
 207   50.30   10.14     38.57    1.87    2.74     15.33   21.62   21.35     21.20   12.22   10.31      4.28   75.05   78.74   128.35   99.38   124.88   92.16 
 208   50.30   10.05     36.86    2.28    2.73     17.28   17.21   21.33     21.20   12.22   10.32      4.24   74.83   78.72   128.61   99.08   125.04   91.92 
 209   50.30   10.14     36.27    2.44    2.73     15.70   20.46   21.33     21.20   12.22   10.33      4.13   75.32   78.70   127.98   98.83   124.34   91.63 
 210   50.30   10.10     35.18    2.77    2.73     13.78   25.32   21.35     21.20   12.22   10.34      3.95   75.72   78.69   127.68   99.06   123.90   91.96 
 211   44.98   10.08     33.66    3.29    2.73     14.68   22.75   21.35     20.91   12.59   10.35      4.03   74.73   78.67   127.77   99.25   123.88   92.30 
 212   44.98   10.13     32.68    3.69    2.74     16.49   18.41   21.34     20.91   12.59   10.36      4.02   74.99   78.65   127.06   99.36   123.39   92.26 
 213   44.98   10.41     34.41    3.02    2.74     13.84   24.69   21.35     20.91   12.59   10.37      4.05   74.02   78.63   126.38  100.07   122.48   93.03 
 214   44.98   10.10     33.36    3.40    2.74     13.44   25.46   21.37     20.91   12.59   10.38      3.99   73.93   78.61   126.78  100.12   122.91   92.99 
 215   44.98   10.09     33.97    3.16    2.75     12.68   27.62   21.40     20.91   12.59   10.39      3.88   73.94   78.59   125.73   99.51   121.90   92.34 
 216   72.73   10.15     34.18    3.07    2.75     17.77   15.25   21.37     21.20   12.15   10.40      4.20   70.99   78.55   125.69   99.19   121.95   91.98 
 217   72.73   10.14     35.18    2.73    2.75     15.12   20.73   21.37     21.20   12.15   10.41      3.94   72.64   78.52   125.26   99.66   121.59   92.52 
 218   72.73   10.06     32.88    3.55    2.75     16.27   18.05   21.36     21.20   12.15   10.42      4.03   71.63   78.49   125.75   98.93   122.02   91.87 
 219   72.73   10.12     34.48    2.95    2.75     13.45   24.91   21.37     21.20   12.15   10.42      4.00   72.01   78.46   125.10   99.63   121.36   92.55 
 220   72.73   10.10     32.57    3.66    2.76     13.35   24.85   21.39     21.20   12.15   10.43      3.92   71.89   78.43   125.15   98.40   121.50   91.20 
 221   44.61   10.09     33.20    3.40    2.76     16.73   16.80   21.37     20.58   13.00   10.44      4.14   69.56   78.39   124.80   98.65   121.22   91.49 
 222   44.61   10.07     33.24    3.37    2.76     16.14   17.80   21.35     20.58   13.00   10.46      4.09   69.71   78.35   124.03   98.24   120.18   91.15 
 223   44.61   10.09     32.03    3.85    2.77     13.88   22.97   21.36     20.58   13.00   10.47      4.10   69.28   78.31   124.02   97.68   120.12   90.61 
 224   44.61   10.12     33.22    3.34    2.77     14.31   22.09   21.36     20.58   13.00   10.48      4.04   69.34   78.27   122.93   97.83   119.30   90.79 
 225   44.61   10.07     32.32    3.69    2.77     13.04   25.68   21.38     20.58   13.00   10.49      4.30   68.05   78.23   122.25   96.86   118.77   89.84 
 226   65.88   10.11     32.32    3.67    2.78     16.53   16.99   21.36     21.01   12.33   10.50      4.27   68.24   78.18   122.10   97.17   118.41   90.14 
 227   65.88   10.09     31.27    4.13    2.78     14.92   20.34   21.36     21.01   12.33   10.51      4.16   68.83   78.14   121.37   96.19   117.87   89.04 
 228   65.88   10.11     31.35    4.08    2.79     13.91   22.88   21.36     21.01   12.33   10.51      4.29   67.48   78.09   120.48   96.23   116.96   89.15 
 229   65.88   10.11     31.27    4.10    2.79     13.67   23.55   21.37     21.01   12.33   10.52      4.17   68.18   78.05   120.09   95.69   116.65   88.54 
 230   65.88   10.16     30.38    4.53    2.80     13.24   24.79   21.39     21.01   12.33   10.53      4.34   67.41   78.00   119.71   95.22   116.10   88.12 
 231   68.96   10.15     29.94    4.75    2.81     15.37   19.49   21.38     20.85   12.52   10.54      4.57   65.80   77.95   119.63   94.44   116.15   87.29 
 232   68.96   10.07     31.12    4.14    2.82     15.64   19.14   21.37     20.85   12.52   10.55      4.54   66.14   77.90   119.97   95.48   116.59   88.34 
 233   68.96   10.05     31.89    3.80    2.82     15.80   18.88   21.36     20.85   12.52   10.55      4.66   65.82   77.85   119.98   96.36   116.44   89.28 
 234   68.96   10.08     31.20    4.13    2.83     18.27   14.29   21.33     20.85   12.52   10.56      4.67   66.55   77.80   120.58   96.52   116.85   89.49 
 235   68.96   10.10     32.53    3.56    2.83     18.75   13.60   21.30     20.85   12.52   10.57      4.66   66.84   77.75   120.94   96.97   117.52   89.83 
 236   82.80   10.05     32.83    3.45    2.83     16.05   18.68   21.29     20.68   12.72   10.58      4.72   66.73   77.71   120.61   97.52   117.05   90.40 
 237   82.80   10.15     33.36    3.26    2.83     15.61   19.72   21.28     20.68   12.72   10.59      4.70   67.13   77.66   120.84   97.68   117.48   90.46 
 238   82.80   10.15     33.56    3.19    2.83     15.36   20.61   21.28     20.68   12.72   10.60      4.74   67.52   77.62   121.10   98.36   117.67   91.23 
 239   82.80   10.11     32.81    3.49    2.84     15.47   20.59   21.27     20.68   12.72   10.61      4.73   68.48   77.58   121.04   99.32   117.46   92.27 
 240   82.80   10.14     33.51    3.22    2.84     16.58   18.26   21.26     20.68   12.72   10.62      4.74   69.23   77.55   120.54   99.61   116.69   92.69 
 241   89.19   10.15     32.54    3.60    2.84     19.07   13.79   21.23     20.90   12.37   10.62      4.90   68.15   77.51   120.81   99.40   117.02   92.41 
 242   89.19   10.08     32.01    3.81    2.85     16.94   17.72   21.22     20.90   12.37   10.63      4.90   69.05   77.47   120.81   99.23   117.12   92.16 
 243   89.19   10.12     32.19    3.74    2.85     15.27   21.88   21.22     20.90   12.37   10.64      5.12   67.86   77.43   121.02   98.20   117.09   91.34 
 244   89.19   10.10     33.98    3.05    2.85     15.23   22.17   21.22     20.90   12.37   10.65      5.07   68.55   77.40   120.98   98.90   117.41   91.82 
 245   89.19   10.16     34.14    3.00    2.85     15.01   22.93   21.23     20.90   12.37   10.65      4.87   70.86   77.37   121.16   98.50   117.18   91.67 
 246   87.43   10.10     32.92    3.47    2.85     17.11   18.07   21.22     20.73   12.60   10.66      5.11   69.42   77.34   122.49   98.53   118.60   91.61 
 247   87.43   10.12     33.18    3.37    2.86     19.20   14.03   21.19     20.73   12.60   10.67      4.94   71.13   77.31   122.15   98.28   118.02   91.28 
 248   87.43   10.10     33.11    3.39    2.86     18.99   14.45   21.16     20.73   12.60   10.68      5.00   69.96   77.28   122.23   98.50   118.01   91.55 
 249   87.43   10.13     33.93    3.09    2.86     16.32   19.71   21.15     20.73   12.60   10.68      4.98   70.22   77.25   121.57   98.98   117.40   92.02 
 250   87.43   10.17     33.01    3.45    2.86     16.82   18.42   21.14     20.73   12.60   10.69      4.79   71.71   77.23   121.79   99.44   117.75   92.24 
 251   66.07   10.16     32.94    3.47    2.86     18.16   15.88   21.12     20.52   12.89   10.70      4.92   70.83   77.21   121.45   99.70   117.28   92.62 
 252   66.07   10.09     33.80    3.12    2.86     18.64   15.15   21.10     20.52   12.89   10.71      4.87   71.52   77.18   121.55   98.89   117.37   91.82 
 253   66.07   10.13     34.96    2.72    2.86     17.31   17.84   21.09     20.52   12.89   10.72      4.95   71.52   77.16   120.88   98.18   116.72   91.06 
 254   66.07   10.10     34.01    3.00    2.86     19.37   14.34   21.06     20.52   12.89   10.73      4.86   73.10   77.15   120.65   96.58   116.31   89.65 
 255   66.07   10.13     34.43    2.83    2.86     17.40   18.25   21.05     20.52   12.89   10.73      5.07   72.57   77.13   120.07   94.94   115.71   88.06 
 256   85.97   10.40     34.63    2.75    2.86     19.16   15.04   21.02     20.58   12.79   10.74      5.23   71.83   77.11   120.02   93.10   115.64   86.19 
 257   85.97   10.10     38.94    1.66    2.86     15.94   22.13   21.03     20.58   12.79   10.75      5.34   71.94   77.09   119.61   92.29   115.16   85.53 
 258   85.97   10.09     36.62    2.15    2.86     16.22   21.65   21.03     20.58   12.79   10.76      5.31   72.78   77.07   120.09   89.80   115.62   83.05 
 259   85.97   10.06     35.76    2.36    2.85     15.49   23.89   21.04     20.58   12.79   10.77      5.57   71.69   77.05   120.44   88.06   116.00   81.37 
 260   85.97   10.11     34.84    2.60    2.85     15.15   24.84   21.06     20.58   12.79   10.77      5.54   72.80   77.03   119.84   85.65   115.40   78.82 
 261  105.71   10.06     34.52    2.67    2.85     18.30   17.60   21.04     20.56   12.83   10.78      5.81   71.44   77.01   120.09   84.21   115.68   77.47 
 262  105.71   10.09     34.93    2.51    2.85     14.34   28.02   21.07     20.56   12.83   10.79      5.80   72.68   77.00   120.42   81.70   115.99   74.89 
 263  105.71   10.07     37.32    1.90    2.85     13.60   30.64   21.11     20.56   12.83   10.80      5.74   73.56   76.98   119.60   79.51   115.18   72.67 
 264  105.71   10.10     33.63    2.87    2.85     11.52   39.12   21.17     20.56   12.83   10.80      5.74   74.04   76.97   120.13   79.07   115.81   72.11 
 265  105.71   10.08     31.23    3.74    2.85     10.51   44.11   21.26     20.56   12.83   10.81      5.66   75.12   76.96   118.78   76.91   114.46   69.96 
 266   81.26   10.13     30.59    3.97    2.86     19.37   16.06   21.24     20.46   13.00   10.82      6.33   69.44   76.94   119.02   74.58   114.61   67.74 
 267   81.26   10.15     29.92    4.26    2.86     18.09   18.76   21.23     20.46   13.00   10.83      6.42   69.18   76.91   119.27   73.02   114.96   66.17 
 268   81.26   10.13     28.04    5.23    2.87     16.19   23.34   21.24     20.46   13.00   10.84      6.51   69.06   76.88   120.05   71.22   115.79   64.30 
 269   81.26   10.10     27.13    5.77    2.88     15.00   26.84   21.26     20.46   13.00   10.85      6.54   69.00   76.85   119.14   69.88   114.68   63.13 
 270   81.26   10.13     26.21    6.35    2.89     13.79   30.86   21.30     20.46   13.00   10.85      6.58   68.65   76.82   119.95   67.74   115.47   61.07 
 271   65.90   10.11     25.84    6.62    2.91     17.30   20.66   21.29     20.13   13.52   10.86      6.71   67.03   76.78   119.61   67.23   115.16   60.63 
 272   65.90   10.10     25.91    6.57    2.92     17.42   20.20   21.29     20.13   13.52   10.87      6.65   67.74   76.75   119.95   66.83   115.54   60.10 
 273   65.90   10.12     26.05    6.49    2.93     17.38   20.60   21.29     20.13   13.52   10.88      6.66   67.81   76.72   120.37   66.63   116.01   60.01 
 274   65.90   10.09     26.67    6.11    2.95     18.63   17.63   21.27     20.13   13.52   10.89      6.57   68.77   76.69   121.22   67.65   116.64   60.99 
 275   65.90   10.08     28.70    4.91    2.95     17.91   19.26   21.27     20.13   13.52   10.90      6.29   70.67   76.67   122.20   68.54   117.53   61.94 
 276  106.80   10.36     30.59    4.03    2.96     16.98   21.12   21.27     20.06   13.66   10.91      6.29   70.45   76.64   123.67   70.35   119.04   63.53 
 277  106.80   10.16     29.48    4.63    2.96     15.58   24.63   21.28     20.06   13.66   10.92      6.10   70.82   76.62   124.92   72.90   120.25   66.11 
 278  106.80   10.09     37.71    1.84    2.96     14.74   26.88   21.30     20.06   13.66   10.93      6.12   70.12   76.60   125.03   72.99   120.29   66.23 
 279  106.80   10.09     39.48    1.53    2.95     12.80   32.78   21.34     20.06   13.66   10.94      5.61   72.15   76.58   127.00   74.70   122.02   68.07 
 280  106.80   10.13     38.53    1.73    2.95     13.91   28.22   21.36     20.06   13.66   10.95      5.58   72.11   76.57   127.47   76.26   122.80   69.25 
 281   91.24   10.31     41.89    1.19    2.94     17.23   18.95   21.36     20.19   13.48   10.96      5.54   71.00   76.55   129.54   77.66   124.72   70.65 
 282   91.24   10.10     35.35    2.58    2.94     15.84   21.85   21.36     20.19   13.48   10.97      5.36   71.38   76.53   130.41   78.03   125.60   70.93 
 283   91.24   10.05     36.18    2.37    2.94     14.28   26.01   21.37     20.19   13.48   10.98      5.28   71.10   76.51   131.94   79.57   127.11   72.56 
 284   91.24   10.12     36.23    2.37    2.94     13.66   27.74   21.40     20.19   13.48   10.99      5.14   71.76   76.49   133.20   80.09   128.42   73.04 
 285   91.24   10.10     35.51    2.60    2.94     12.68   30.90   21.43     20.19   13.48   11.00      4.91   73.22   76.48   133.79   80.88   129.27   73.74 
 286  112.48   10.58     33.54    3.29    2.94     15.84   21.28   21.43     20.19   13.47   11.00      5.09   71.50   76.46   134.60   81.27   130.15   74.04 
 287  112.48   10.13     31.68    4.11    2.94     15.02   23.54   21.44     20.19   13.47   11.01      4.83   73.36   76.45   135.03   81.18   130.38   74.16 
 288  112.48   10.08     33.36    3.38    2.94     14.34   25.36   21.45     20.19   13.47   11.02      4.89   73.26   76.44   135.11   82.06   130.57   74.89 
 289  112.48   10.11     31.52    4.21    2.95     12.27   32.12   21.49     20.19   13.47   11.03      4.86   73.45   76.43   135.09   83.05   130.58   75.82 
 290  112.48   10.11     32.18    3.92    2.95     12.46   31.38   21.52     20.19   13.47   11.04      4.92   72.67   76.42   136.30   83.01   131.78   75.73 
 291   95.90   10.10     30.80    4.64    2.96     15.87   20.98   21.52     20.16   13.50   11.05      4.88   72.71   76.41   136.81   83.96   132.18   76.64 
 292   95.90   10.11     28.97    5.82    2.97     14.22   25.58   21.53     20.16   13.50   11.05      5.02   71.42   76.39   137.96   85.51   133.28   78.36 
 293   95.90   10.13     30.22    5.08    2.97     12.20   32.14   21.57     20.16   13.50   11.06      4.85   72.61   76.38   139.29   86.14   134.53   78.95 
 294   95.90   10.15     29.46    5.61    2.98     11.53   34.96   21.62     20.16   13.50   11.07      4.86   72.63   76.36   140.18   88.44   135.51   81.30 
 295   95.90   10.15     29.09    5.94    2.99      9.70   42.66   21.69     20.16   13.50   11.08      4.70   73.93   76.35   141.29   90.28   136.79   82.85 
 296  113.62   10.17     28.14    6.72    3.01     14.01   25.85   21.70     20.01   13.73   11.09      4.75   72.80   76.34   142.40   90.96   137.96   83.51 
 297  113.62   10.17     28.43    6.53    3.02     12.67   30.09   21.73     20.01   13.73   11.10      4.66   73.06   76.33   142.53   93.07   138.13   85.59 
 298  113.62   10.09     28.00    6.92    3.03     12.31   31.58   21.76     20.01   13.73   11.11      4.70   72.90   76.32   142.85   94.44   138.59   86.97 
 299  113.62   10.12     28.46    6.58    3.04     11.43   34.85   21.81     20.01   13.73   11.12      4.60   73.67   76.31   143.02   96.03   138.63   88.60 
 300  113.62   10.13     27.41    7.47    3.06     10.70   37.92   21.86     20.01   13.73   11.12      4.64   73.54   76.30   142.54   96.77   138.29   89.23 
 301   67.34   10.18     27.59    7.37    3.07     13.61   26.95   21.88     19.52   14.52   11.14      4.50   74.54   76.30   142.62   98.92   138.32   91.39 
 302   67.34   10.19     28.15    6.94    3.08     11.72   33.22   21.91     19.52   14.52   11.15      4.25   76.07   76.30   142.40  101.26   138.26   93.64 
 303   67.34   10.07     26.57    8.34    3.10      9.88   41.05   21.98     19.52   14.52   11.16      4.04   77.43   76.30   141.76  100.85   137.72   93.15 
 304   67.34   10.08     27.18    7.80    3.12     10.02   40.49   22.04     19.52   14.52   11.17      4.18   76.34   76.30   141.34  103.11   137.37   95.44 
 305   67.34   10.13     27.51    7.50    3.13     10.13   39.66   22.10     19.52   14.52   11.18      4.07   77.39   76.30   140.27  104.48   136.57   96.60 
 306  108.59   10.35     27.92    7.13    3.14     14.51   24.00   22.10     19.62   14.33   11.19      4.19   75.93   76.30   139.57  104.74   135.95   96.86 
 307  108.59   10.08     29.08    6.20    3.15     11.68   33.25   22.14     19.62   14.33   11.20      4.42   74.64   76.30   138.49  105.60   134.92   97.65 
 308  108.59   10.09     29.34    5.99    3.16     10.66   37.34   22.19     19.62   14.33   11.21      4.19   75.95   76.30   138.02  105.64   134.45   97.78 
 309  108.59   10.11     29.65    5.75    3.17      9.96   40.28   22.25     19.62   14.33   11.22      4.31   74.78   76.29   137.83  105.18   134.37   97.25 
 310  108.59   10.09     29.53    5.80    3.18      9.97   40.18   22.30     19.62   14.33   11.23      4.33   74.40   76.28   137.20  104.15   133.73   96.22 
 311  106.96   10.14     31.43    4.64    3.18     11.51   33.47   22.34     19.57   14.41   11.24      4.66   72.07   76.27   136.05  105.44   132.95   97.32 
 312  106.96   10.11     31.87    4.41    3.19     11.46   34.26   22.38     19.57   14.41   11.25      4.62   72.32   76.26   135.96  106.13   132.83   98.24 
 313  106.96   10.09     29.83    5.55    3.20     12.91   29.28   22.40     19.57   14.41   11.26      4.60   73.33   76.25   134.98  104.78   131.72   96.96 
 314  106.96   10.08     29.72    5.59    3.20     12.45   31.10   22.43     19.57   14.41   11.27      4.81   72.28   76.24   134.92  103.27   131.65   95.48 
 315  106.96   10.09     29.41    5.78    3.21     13.65   27.18   22.44     19.57   14.41   11.28      4.78   73.14   76.23   133.84  103.34   130.95   95.40 
 316  110.20   10.13     29.20    5.86    3.22     16.25   20.41   22.44     19.29   14.85   11.29      5.12   71.32   76.21   132.94  102.12   130.07   94.13 
 317  110.20   10.11     31.64    4.38    3.22     14.90   24.08   22.44     19.29   14.85   11.30      5.24   70.81   76.19   132.06  102.17   129.02   94.30 
 318  110.20   10.09     29.90    5.31    3.23     14.36   25.74   22.45     19.29   14.85   11.31      5.25   71.35   76.18   130.74  100.98   127.59   93.07 
 319  110.20   10.12     29.88    5.26    3.24     14.36   25.88   22.46     19.29   14.85   11.33      5.28   71.25   76.16   128.95  100.13   126.06   92.14 
 320  110.20   10.11     31.45    4.35    3.24     14.94   24.10   22.47     19.29   14.85   11.34      5.33   71.00   76.15   127.53  100.32   124.60   92.24 
 321  101.52   10.40     31.25    4.40    3.24     17.20   18.90   22.46     19.36   14.74   11.35      5.40   70.89   76.13   126.19   99.49   123.10   91.54 
 322  101.52   10.09     29.97    5.06    3.25     16.29   20.85   22.45     19.36   14.74   11.36      5.43   71.44   76.12   124.85   98.79   121.78   90.63 
 323  101.52   10.09     30.50    4.73    3.25     16.56   20.50   22.45     19.36   14.74   11.37      5.44   71.41   76.10   122.76   99.10   120.06   91.00 
 324  101.52   10.10     32.90    3.53    3.26     15.25   24.12   22.45     19.36   14.74   11.38      5.52   71.59   76.09   121.06   99.03   118.23   91.03 
 325  101.52   10.06     32.63    3.60    3.26     15.28   24.16   22.46     19.36   14.74   11.39      5.62   71.07   76.07   119.84   98.24   117.05   90.24 
 326  113.80   10.11     30.81    4.41    3.26     18.48   16.57   22.44     19.28   14.88   11.40      5.63   71.17   76.06   117.98   97.62   115.10   89.50 
 327  113.80   10.13     31.90    3.83    3.26     16.66   20.61   22.43     19.28   14.88   11.41      5.69   70.79   76.04   116.07   96.84   113.31   88.72 
 328  113.80   10.10     30.66    4.38    3.26     17.16   19.40   22.42     19.28   14.88   11.42      5.71   70.66   76.02   115.11   95.84   112.35   87.67 
 329  113.80   10.14     29.69    4.85    3.27     16.05   21.95   22.42     19.28   14.88   11.43      5.64   70.82   76.01   113.75   95.10   110.87   86.98 
 330  113.80   10.14     32.30    3.57    3.27     16.01   22.09   22.42     19.28   14.88   11.44      5.75   70.21   75.99   112.44   95.62   109.62   87.50 
 331  127.08   10.12     30.10    4.55    3.27     16.40   21.32   22.42     19.29   14.86   11.45      5.60   71.25   75.98   111.65   94.35   108.80   86.29 
 332  127.08   10.13     30.77    4.18    3.28     17.91   17.88   22.40     19.29   14.86   11.46      5.81   70.21   75.96   109.79   94.74   107.02   86.62 
 333  127.08   10.07     30.43    4.31    3.28     15.30   24.19   22.41     19.29   14.86   11.47      5.64   71.34   75.95   108.76   94.42   106.21   86.27 
 334  127.08   10.17     35.67    2.34    3.28     15.18   24.42   22.42     19.29   14.86   11.48      5.72   71.02   75.93   106.95   95.39   104.46   87.29 
 335  127.08   10.13     35.47    2.37    3.27     14.45   26.64   22.43     19.29   14.86   11.49      5.72   70.97   75.92   105.63   95.20   103.36   87.04 
 336  115.48   10.08     35.28    2.40    3.27     16.93   20.06   22.42     19.16   15.08   11.50      5.70   71.64   75.90   104.08   95.01   101.69   86.93 
 337  115.48   10.09     35.41    2.35    3.27     15.90   22.68   22.42     19.16   15.08   11.51      5.78   70.74   75.89   102.99   95.00   100.59   86.91 
 338  115.48   10.08     33.35    2.96    3.27     13.98   28.03   22.44     19.16   15.08   11.52      5.63   71.25   75.87   101.46   94.80    99.01   86.70 
 339  115.48   10.13     32.91    3.10    3.27     14.33   26.67   22.45     19.16   15.08   11.54      5.63   71.02   75.86    99.76   95.60    97.16   87.49 
 340  115.48   10.09     30.62    4.00    3.27     14.06   27.73   22.47     19.16   15.08   11.55      5.64   71.26   75.85    98.83   95.13    96.27   87.01 
 341   86.28   10.11     30.79    3.88    3.27     16.50   20.37   22.46     18.96   15.45   11.56      5.62   71.26   75.83    96.08   95.75    93.55   87.54 
 342   86.28   10.09     30.92    3.81    3.27     16.03   21.50   22.46     18.96   15.45   11.57      5.44   70.46   75.82    95.15   95.80    92.78   87.69 
 343   86.28   10.06     30.39    4.02    3.28     15.04   23.79   22.46     18.96   15.45   11.58      5.41   71.02   75.80    93.87   95.71    91.50   87.42 
 344   86.28   10.06     30.90    3.76    3.28     14.40   25.75   22.47     18.96   15.45   11.59      5.34   70.97   75.79    93.05   95.17    90.33   87.07 
 345   86.28   10.07     30.84    3.77    3.28     14.15   26.49   22.48     18.96   15.45   11.60      5.45   70.66   75.77    91.74   95.74    88.97   87.66 
 346   74.74   10.41     30.30    3.96    3.28     17.00   18.79   22.47     18.94   15.48   11.61      5.29   72.00   75.76    89.81   95.69    87.09   87.52 
 347   74.74   10.09     29.79    4.17    3.28     14.79   24.14   22.48     18.94   15.48   11.62      5.16   71.78   75.75    88.39   95.38    85.51   87.26 
 348   74.74   10.07     30.34    3.89    3.28     14.99   23.21   22.48     18.94   15.48   11.64      5.34   70.25   75.74    86.59   95.86    83.81   87.55 
 349   74.74   10.03     31.83    3.25    3.28     13.34   27.81   22.49     18.94   15.48   11.65      5.14   70.92   75.72    85.04   96.36    82.62   88.17 
 350   74.74   10.12     30.75    3.66    3.29     12.94   29.15   22.51     18.94   15.48   11.66      5.05   71.22   75.71    84.07   96.31    81.13   88.14 
 351  123.19   10.50     31.05    3.51    3.29     16.12   20.16   22.51     19.24   14.95   11.67      5.23   69.40   75.69    82.41   96.21    79.45   88.07 
 352  123.19   10.09     30.95    3.51    3.29     15.24   21.99   22.50     19.24   14.95   11.68      5.29   68.88   75.67    80.58   96.52    77.72   88.30 
 353  123.19   10.07     30.23    3.80    3.29     13.53   26.75   22.52     19.24   14.95   11.69      5.25   68.94   75.65    78.89   96.25    76.00   88.08 
 354  123.19   10.10     30.06    3.81    3.29     13.03   27.95   22.53     19.24   14.95   11.69      5.21   68.46   75.63    77.24   96.96    74.62   88.74 
 355  123.19   10.11     30.31    3.69    3.29     12.28   29.96   22.55     19.24   14.95   11.70      5.09   69.02   75.61    75.58   96.91    73.15   88.64 
 356  113.14   10.15     30.26    3.67    3.29     16.07   19.57   22.54     19.14   15.10   11.71      5.24   66.88   75.59    75.01   96.62    72.45   88.34 
 357  113.14   10.14     29.79    3.84    3.29     15.06   22.11   22.54     19.14   15.10   11.72      5.36   66.22   75.56    74.20   95.66    71.66   87.38 
 358  113.14   10.13     28.90    4.25    3.30     16.17   19.32   22.53     19.14   15.10   11.73      5.36   66.67   75.54    73.03   94.75    70.63   86.39 
 359  113.14   10.12     32.02    2.92    3.30     13.73   25.22   22.54     19.14   15.10   11.74      5.49   65.26   75.51    71.31   94.96    68.87   86.52 
 360  113.14   10.13     30.77    3.34    3.30     14.13   24.43   22.55     19.14   15.10   11.75      5.35   65.34   75.48    71.55   94.60    68.94   86.25 
 361  126.84   10.26     30.28    3.53    3.30     17.02   17.29   22.53     19.26   14.87   11.76      5.43   64.51   75.45    71.00   93.97    68.59   85.51 
 362  126.84   10.15     30.89    3.28    3.30     17.99   15.56   22.51     19.26   14.87   11.77      5.42   64.51   75.42    71.16   94.48    68.89   86.04 
 363  126.84   10.10     30.75    3.35    3.30     18.31   15.27   22.49     19.26   14.87   11.78      5.37   65.01   75.39    71.99   94.22    69.63   85.85 
 364  126.84   10.14     33.57    2.41    3.29     15.22   22.41   22.49     19.26   14.87   11.79      5.44   65.99   75.37    73.11   93.57    70.76   85.25 
 365  126.84   10.17     28.75    4.23    3.30     14.74   24.41   22.50     19.26   14.87   11.79      5.50   67.24   75.34    74.86   91.19    72.63   82.89 
 366  113.00   10.06     29.90    3.72    3.30     15.45   22.92   22.50     19.04   15.24   11.80      5.56   67.66   75.32    76.64   89.93    74.46   81.58 
 367  113.00   10.12     29.99    3.68    3.30     13.91   27.76   22.51     19.04   15.24   11.81      5.55   67.95   75.30    78.24   88.66    76.16   80.40 
 368  113.00   10.02     30.68    3.38    3.30     13.01   30.81   22.54     19.04   15.24   11.82      5.59   68.23   75.28    79.67   87.65    77.43   79.37 
 369  113.00   10.09     34.60    2.16    3.30     13.45   29.50   22.56     19.04   15.24   11.83      5.69   68.33   75.26    81.09   87.75    78.98   79.38 
 370  113.00   10.10     34.90    2.10    3.29     12.93   31.69   22.58     19.04   15.24   11.84      5.83   68.82   75.25    81.85   86.70    79.75   78.30 
 371  122.45   10.05     34.02    2.31    3.29     16.07   22.59   22.58     19.03   15.27   11.85      5.80   69.74   75.23    83.10   84.48    80.96   76.12 
 372  122.45   10.14     36.23    1.78    3.29     14.78   26.44   22.59     19.03   15.27   11.86      5.87   69.98   75.22    84.42   83.22    82.40   74.89 
 373  122.45   10.10     36.13    1.78    3.28     13.68   30.56   22.61     19.03   15.27   11.87      5.86   71.12   75.21    85.42   80.08    83.58   71.79 
 374  122.45   10.16     35.07    2.00    3.28     12.93   33.73   22.64     19.03   15.27   11.88      5.88   71.85   75.20    86.33   78.14    84.21   69.89 
 375  122.45   10.09     37.39    1.53    3.27     12.32   36.44   22.68     19.03   15.27   11.89      6.02   71.43   75.19    87.64   77.20    85.79   68.88 
 376  144.57   10.11     35.24    1.96    3.27     17.74   19.83   22.67     19.06   15.22   11.90      6.51   68.36   75.17    88.83   75.09    87.04   66.86 
 377  144.57   10.09     37.23    1.56    3.27     16.05   24.44   22.68     19.06   15.22   11.90      6.61   68.75   75.15    90.56   74.26    88.79   66.03 
 378  144.57   10.05     41.01    1.01    3.26     14.63   29.09   22.69     19.06   15.22   11.91      6.53   69.90   75.14    91.51   72.70    89.58   64.52 
 379  144.57   10.10     39.16    1.26    3.25     12.80   36.66   22.73     19.06   15.22   11.92      6.66   69.71   75.13    94.03   71.66    91.94   63.50 
 380  144.57   10.16     37.22    1.59    3.25     13.81   33.03   22.76     19.06   15.22   11.93      6.54   72.52   75.12    96.09   69.84    94.51   61.55 
 381  142.39   10.33     40.03    1.16    3.24     17.22   22.54   22.76     19.01   15.35   11.94      6.81   71.06   75.11    97.95   68.99    96.09   60.67 
 382  142.39   10.13     37.55    1.57    3.24     15.63   27.27   22.77     19.01   15.35   11.95      6.74   72.06   75.10   100.10   67.78    98.33   59.40 
 383  142.39   10.07     42.38    0.91    3.23     14.99   29.66   22.79     19.01   15.35   11.96      6.79   72.29   75.09   102.63   67.54   100.95   59.19 
 384  142.39   10.12     40.13    1.20    3.23     15.48   28.22   22.80     19.01   15.35   11.97      6.85   72.14   75.08   105.79   67.25   103.89   58.92 
 385  142.39   10.15     42.12    0.97    3.22     15.93   26.60   22.81     19.01   15.35   11.97      6.80   72.71   75.08   107.74   66.98   105.75   58.61 
 386  102.80   10.30     42.42    0.95    3.22     18.81   19.11   22.80     18.76   15.85   11.98      6.77   72.46   75.07   109.56   66.38   107.56   58.12 
 387  102.80   10.11     41.18    1.11    3.21     17.85   21.15   22.80     18.76   15.85   11.99      6.87   71.24   75.06   111.41   67.29   109.55   59.02 
 388  102.80   10.06     45.22    0.71    3.20     17.43   22.03   22.79     18.76   15.85   12.00      6.69   72.28   75.05   113.44   67.73   111.57   59.45 
 389  102.80   10.06     49.65    0.43    3.20     16.17   25.47   22.80     18.76   15.85   12.01      6.63   72.02   75.05   115.63   68.30   113.74   60.11 
 390  102.80   10.14     37.39    1.81    3.19     15.03   28.48   22.82     18.76   15.85   12.02      6.60   71.81   75.04   116.59   68.83   114.88   60.56 
 391  135.32   10.31     44.14    0.85    3.19     15.76   25.98   22.82     18.98   15.49   12.03      6.41   72.34   75.03   119.63   69.91   117.56   61.74 
 392  135.32   10.23     39.85    1.40    3.18     15.60   25.95   22.83     18.98   15.49   12.04      6.46   71.60   75.02   120.43   71.50   118.19   63.26 
 393  135.32   10.09     45.81    0.72    3.18     16.60   22.92   22.83     18.98   15.49   12.05      6.38   70.87   75.01   122.27   72.88   119.96   64.68 
 394  135.32   10.19     44.23    0.87    3.17     16.29   23.41   22.83     18.98   15.49   12.06      6.25   71.33   75.00   123.53   74.61   120.97   66.45 
 395  135.32   10.11     38.42    1.72    3.17     14.55   28.46   22.85     18.98   15.49   12.07      6.06   72.24   75.00   123.76   76.98   121.66   68.75 
 396  167.60   10.19     41.36    1.24    3.16     19.00   16.94   22.83     18.77   15.89   12.08      6.11   71.29   74.99   124.89   77.63   122.60   69.44 
 397  167.60   10.11     45.68    0.76    3.16     18.23   18.32   22.82     18.77   15.89   12.09      5.98   71.88   74.98   126.11   79.43   123.70   71.24 
 398  167.60   10.10     41.65    1.22    3.15     18.13   18.11   22.81     18.77   15.89   12.10      5.96   71.39   74.97   126.11   82.07   123.67   73.77 
 399  167.60   10.15     38.69    1.74    3.15     16.81   21.30   22.81     18.77   15.89   12.11      5.77   72.08   74.96   127.10   83.12   124.71   74.97 
 400  167.60   10.11     40.81    1.37    3.14     17.48   19.33   22.80     18.77   15.89   12.12      5.71   72.38   74.96   126.30   85.07   123.67   76.83 
 401  121.22   10.12     39.19    1.68    3.14     17.48   19.01   22.79     18.84   15.78   12.12      5.86   70.56   74.94   126.63   88.50   124.11   80.15 
 402  121.22   10.12     34.80    2.81    3.14     17.77   18.41   22.78     18.84   15.78   12.13      5.79   70.73   74.93   126.77   89.68   124.14   81.44 
 403  121.22   10.09     36.36    2.37    3.14     16.49   21.03   22.77     18.84   15.78   12.14      5.72   70.63   74.92   127.89   91.58   125.22   83.27 
 404  121.22   10.06     37.58    2.08    3.14     17.92   17.87   22.76     18.84   15.78   12.15      5.69   70.10   74.91   127.21   94.90   124.55   86.74 
 405  121.22   10.07     34.50    2.99    3.13     16.09   21.87   22.76     18.84   15.78   12.16      5.57   70.86   74.90   127.85   96.09   125.34   87.85 
 406  126.61   10.33     40.09    1.58    3.13     17.06   19.10   22.75     18.89   15.70   12.17      5.59   69.83   74.89   127.76   99.81   125.13   91.50 
 407  126.61   10.13     35.10    2.84    3.13     17.16   18.98   22.74     18.89   15.70   12.18      5.50   69.73   74.88   128.45  100.77   125.71   92.62 
 408  126.61   10.11     36.17    2.54    3.13     17.01   19.01   22.73     18.89   15.70   12.19      5.57   69.13   74.86   128.62  103.17   126.01   94.90 
 409  126.61   10.13     34.78    3.01    3.13     16.69   19.69   22.72     18.89   15.70   12.20      5.41   69.82   74.85   129.19  104.98   126.59   96.75 
 410  126.61   10.08     33.19    3.64    3.13     15.97   21.27   22.72     18.89   15.70   12.20      5.28   70.43   74.84   128.58  106.68   125.72   98.45 
 411  109.41   10.07     32.71    3.90    3.13     16.64   19.58   22.71     18.78   15.90   12.21      5.18   70.42   74.83   128.94  109.11   126.00  100.96 
 412  109.41   10.14     32.40    4.11    3.13     15.98   20.82   22.71     18.78   15.90   12.22      5.23   69.60   74.82   129.26  112.67   126.42  104.42 
 413  109.41   10.07     31.53    4.58    3.14     16.29   19.93   22.70     18.78   15.90   12.23      5.07   70.10   74.80   129.55  114.38   126.67  106.10 
 414  109.41   10.05     30.83    5.05    3.14     15.32   21.97   22.70     18.78   15.90   12.24      4.95   70.14   74.79   129.49  117.87   126.86  109.55 
 415  109.41   10.12     30.86    5.09    3.15     14.30   24.39   22.70     18.78   15.90   12.25      4.84   70.42   74.78   129.72  120.04   127.17  111.67 
 416  152.10   10.07     30.91    5.11    3.15     15.18   21.84   22.70     18.86   15.74   12.26      4.65   71.72   74.78   129.53  123.14   126.66  114.86 
 417  152.10   10.08     30.25    5.57    3.16     13.94   24.99   22.71     18.86   15.74   12.27      4.61   71.48   74.77   129.46  125.14   126.70  116.73 
 418  152.10   10.05     30.04    5.77    3.16     12.19   30.37   22.72     18.86   15.74   12.27      4.64   70.19   74.76   129.49  127.98   126.69  119.56 
 419  152.10   10.10     29.62    6.11    3.17     11.84   31.52   22.75     18.86   15.74   12.28      4.55   70.62   74.75   130.24  129.97   127.36  121.58 
 420  152.10   10.12     29.47    6.28    3.18     12.35   29.55   22.76     18.86   15.74   12.29      4.33   72.22   74.74   129.27  132.49   126.27  124.18 
 421  149.66   10.22     30.09    5.87    3.18     16.14   18.77   22.75     18.79   15.85   12.30      4.42   70.75   74.73   128.81  134.86   125.85  126.43 
 422  149.66   10.13     29.35    6.44    3.19     13.55   25.06   22.76     18.79   15.85   12.31      4.44   69.72   74.72   127.94  137.31   125.02  128.90 
 423  149.66   10.11     29.67    6.25    3.20     12.85   26.71   22.77     18.79   15.85   12.32      4.30   70.20   74.71   127.87  139.76   124.67  131.38 
 424  149.66   10.13     29.51    6.43    3.21     11.22   32.14   22.79     18.79   15.85   12.32      4.20   70.63   74.70   127.24  142.08   124.10  133.72 
 425  149.66   10.11     31.65    5.07    3.21      9.37   40.05   22.83     18.79   15.85   12.33      3.99   71.82   74.69   128.45  145.67   125.09  137.53 
 426  111.93   10.10     30.08    6.14    3.22     17.90   14.82   22.81     18.55   16.27   12.34      3.98   72.39   74.69   128.40  148.05   124.91  139.82 
 427  111.93   10.13     31.61    5.19    3.22     14.04   22.94   22.81     18.55   16.27   12.35      3.70   73.68   74.68   127.97  151.10   124.54  142.87 
 428  111.93   10.10     30.77    5.78    3.23     12.67   26.77   22.82     18.55   16.27   12.36      3.69   73.90   74.68   127.77  153.58   124.11  145.44 
 429  111.93   10.10     27.96    8.07    3.24     11.42   30.77   22.84     18.55   16.27   12.37      3.69   73.28   74.68   126.82  154.33   123.16  146.13 
 430  111.93   10.11     28.61    7.55    3.25     10.54   34.20   22.87     18.55   16.27   12.38      3.58   73.73   74.68   126.37  157.06   122.66  148.84 
 431  138.99   10.08     28.37    7.81    3.26     13.46   24.25   22.87     18.57   16.21   12.39      3.86   70.73   74.67   126.43  158.95   122.62  150.78 
 432  138.99   10.07     28.85    7.46    3.27     12.21   27.75   22.88     18.57   16.21   12.40      3.78   70.64   74.66   126.17  161.57   122.12  153.52 
 433  138.99   10.08     27.23    9.07    3.28     10.97   31.70   22.90     18.57   16.21   12.40      3.61   71.75   74.65   125.54  162.50   121.45  154.48 
 434  138.99   10.12     28.41    7.97    3.29     10.48   33.40   22.92     18.57   16.21   12.41      3.49   71.70   74.65   125.79  165.78   121.51  157.85 
 435  138.99   10.12     27.68    8.74    3.31      9.86   35.73   22.95     18.57   16.21   12.42      3.43   72.14   74.64   124.92  167.41   120.74  159.47 
 436  135.38   10.28     28.10    8.36    3.32     14.49   20.65   22.95     18.58   16.16   12.43      3.63   69.90   74.63   123.99  169.44   119.61  161.52 
 437  135.38   10.14     27.57    8.96    3.33     12.75   24.93   22.95     18.58   16.16   12.44      3.54   69.80   74.62   123.15  171.30   118.75  163.41 
 438  135.38   10.08     28.43    8.13    3.34     12.36   26.00   22.96     18.58   16.16   12.45      3.52   69.43   74.61   123.06  173.10   118.63  165.23 
 439  135.38   10.13     28.35    8.22    3.35     11.16   29.79   22.98     18.58   16.16   12.46      3.49   69.67   74.59   122.91  173.79   118.36  165.96 
 440  135.38   10.12     28.65    7.97    3.36      9.98   33.34   23.00     18.58   16.16   12.46      3.47   69.40   74.58   121.23  175.93   116.84  167.99 
 441  147.95   10.07     28.28    8.33    3.38     13.44   22.53   23.00     18.44   16.38   12.47      3.59   67.99   74.57   121.23  176.18   116.75  168.37 
 442  147.95   10.11     28.05    8.61    3.39     12.46   25.10   23.00     18.44   16.38   12.48      3.51   68.17   74.55   120.66  178.03   116.30  170.24 
 443  147.95   10.04     28.77    7.94    3.40     12.38   24.90   23.01     18.44   16.38   12.49      3.40   68.87   74.54   120.05  179.89   115.23  172.08 
 444  147.95   10.09     29.28    7.50    3.41     12.09   25.53   23.01     18.44   16.38   12.50      3.53   67.35   74.52   119.27  181.11   114.46  173.24 
 445  147.95   10.05     28.60    8.15    3.42     11.00   28.97   23.03     18.44   16.38   12.51      3.49   67.23   74.51   119.03  182.34   114.00  174.61 
 446  140.46   10.39     28.04    8.73    3.43     13.95   20.32   23.02     18.37   16.47   12.52      3.67   66.13   74.49   117.19  183.23   112.49  175.40 
 447  140.46   10.15     26.83   10.08    3.44     13.16   22.25   23.02     18.37   16.47   12.53      3.63   65.64   74.47   116.67  184.07   112.02  176.15 
 448  140.46   10.14     28.46    8.31    3.46     12.22   24.77   23.02     18.37   16.47   12.53      3.65   65.92   74.45   115.82  185.30   111.17  177.47 
 449  140.46   10.16     28.10    8.65    3.47     11.08   28.01   23.03     18.37   16.47   12.54      3.67   65.62   74.43   114.15  184.93   109.58  177.00 
 450  140.46   10.12     28.21    8.52    3.48     10.40   29.98   23.05     18.37   16.47   12.55      3.74   64.78   74.41   112.66  185.12   107.85  177.28 
 451  109.57   10.14     28.09    8.62    3.49     13.71   20.55   23.04     18.22   16.71   12.56      3.83   63.73   74.39   112.36  185.14   107.56  177.29 
 452  109.57   10.13     28.48    8.24    3.50     13.55   20.97   23.04     18.22   16.71   12.57      3.72   64.74   74.36   111.34  185.64   106.79  177.72 
 453  109.57   10.09     29.04    7.72    3.51     13.11   22.10   23.04     18.22   16.71   12.58      3.71   64.87   74.34   110.80  186.33   106.03  178.50 
 454  109.57   10.10     28.01    8.74    3.52     11.61   25.98   23.04     18.22   16.71   12.59      3.59   65.38   74.32   109.32  187.30   104.38  179.54 
 455  109.57   10.10     27.29    9.49    3.53     12.34   24.09   23.05     18.22   16.71   12.60      3.46   66.40   74.31   108.89  187.68   104.23  179.78 
 456  144.50   10.16     28.57    8.14    3.54     14.05   19.85   23.04     18.40   16.34   12.61      3.65   64.62   74.28   108.33  187.62   103.65  179.69 
 457  144.50   10.10     27.45    9.23    3.56     12.83   23.05   23.04     18.40   16.34   12.61      3.59   65.31   74.27   107.66  185.92   103.00  178.12 
 458  144.50   10.09     28.74    7.83    3.57     10.76   29.11   23.05     18.40   16.34   12.62      3.57   65.47   74.25   106.52  184.21   101.88  176.34 
 459  144.50   10.10     26.47   10.02    3.58     10.30   30.91   23.07     18.40   16.34   12.63      3.44   65.93   74.23   105.90  179.00   101.57  171.02 
 460  144.50   10.13     26.67    9.67    3.59     10.11   31.45   23.09     18.40   16.34   12.64      3.56   65.82   74.21   105.45  176.28   101.42  168.18 
 461  165.15   10.27     27.24    8.93    3.60     11.83   25.67   23.09     18.27   16.53   12.65      3.57   65.37   74.19   105.21  173.75   101.47  165.49 
 462  165.15   10.11     26.85    9.21    3.62     10.51   30.43   23.11     18.27   16.53   12.66      3.65   65.06   74.17   106.59  170.35   103.06  162.01 
 463  165.15   10.09     27.52    8.37    3.63      9.32   34.61   23.13     18.27   16.53   12.66      3.68   66.12   74.15   105.94  166.96   102.42  158.75 
 464  165.15   10.09     26.65    9.08    3.64      7.59   41.98   23.17     18.27   16.53   12.67      3.56   67.54   74.14   105.64  161.82   102.40  153.44 
 465  165.15   10.08     29.14    6.66    3.65      6.43   47.14   23.23     18.27   16.53   12.68      3.36   67.94   74.13   105.91  159.35   102.40  150.90 
 466  167.34   10.25     27.96    7.51    3.65     10.88   27.98   23.24     18.22   16.60   12.69      3.92   63.50   74.10   106.34  154.28   102.68  145.85 
 467  167.34   10.09     28.24    7.16    3.66     10.07   30.70   23.25     18.22   16.60   12.70      3.64   64.74   74.08   107.47  151.47   104.34  142.89 
 468  167.34   10.08     30.19    5.65    3.67      9.90   30.87   23.27     18.22   16.60   12.71      3.73   64.21   74.06   107.52  148.63   104.35  140.07 
 469  167.34   10.07     29.24    6.22    3.67      9.34   33.28   23.29     18.22   16.60   12.71      3.65   64.90   74.04   108.30  144.87   105.48  136.21 
 470  167.34   10.11     27.61    7.41    3.68      8.54   36.99   23.32     18.22   16.60   12.72      3.57   65.51   74.02   109.03  140.90   106.19  132.28 
 471  180.82   10.15     28.23    6.81    3.69     12.10   24.74   23.32     18.26   16.48   12.73      3.69   64.30   74.00   110.51  137.41   107.59  128.67 
 472  180.82   10.16     30.06    5.46    3.69     11.18   27.13   23.33     18.26   16.48   12.74      3.69   64.33   73.98   110.82  134.83   107.67  126.43 
 473  180.82   10.10     31.60    4.52    3.69     10.92   28.28   23.34     18.26   16.48   12.75      3.59   64.64   73.96   112.85  132.16   109.54  123.75 
 474  180.82   10.12     30.42    5.18    3.69     10.21   30.61   23.36     18.26   16.48   12.75      3.70   63.71   73.94   113.30  129.65   110.35  121.30 
 475  180.82   10.13     32.08    4.27    3.70     11.00   27.83   23.36     18.26   16.48   12.76      3.72   63.46   73.92   114.77  129.38   111.67  121.07 
 476  167.38   10.63     31.59    4.52    3.70     14.87   17.96   23.35     18.12   16.70   12.77      3.86   63.26   73.90   116.13  128.23   112.80  119.69 
 477  167.38   10.12     30.30    5.25    3.70     14.05   20.31   23.35     18.12   16.70   12.78      3.96   63.73   73.88   118.34  126.43   115.05  117.82 
 478  167.38   10.08     31.29    4.67    3.70     13.33   22.42   23.35     18.12   16.70   12.79      4.06   64.37   73.86   119.49  124.52   116.16  116.06 
 479  167.38   10.10     33.73    3.50    3.70     12.04   26.36   23.35     18.12   16.70   12.79      3.99   65.59   73.84   121.45  123.31   118.32  114.79 
 480  167.38   10.11     32.60    4.01    3.70     11.43   28.56   23.36     18.12   16.70   12.80      4.07   65.83   73.82   122.84  122.04   119.21  113.71 
 481  120.35   10.16     30.13    5.37    3.71     11.95   27.61   23.37     17.89   17.12   12.81      4.20   65.95   73.81   124.27  120.07   120.80  111.64 
 482  120.35   10.11     31.45    4.64    3.71     11.25   30.36   23.39     17.89   17.12   12.82      4.17   66.74   73.79   126.63  119.80   123.28  111.31 
 483  120.35   10.09     31.86    4.46    3.71     10.66   32.76   23.40     17.89   17.12   12.83      4.24   67.30   73.78   128.83  120.70   125.84  112.11 
 484  120.35   10.10     32.95    3.99    3.71     10.80   32.28   23.42     17.89   17.12   12.84      4.35   66.67   73.76   131.27  121.99   127.68  113.71 
 485  120.35   10.13     34.11    3.52    3.71     10.53   33.35   23.44     17.89   17.12   12.85      4.46   66.34   73.75   132.85  122.26   129.39  113.91 
 486  184.76   10.37     30.58    5.36    3.71     12.46   26.96   23.45     18.09   16.70   12.86      4.30   67.81   73.74   134.13  121.40   130.78  113.03 
 487  184.76   10.09     31.44    4.84    3.72     12.85   25.83   23.46     18.09   16.70   12.86      4.42   67.26   73.72   135.93  121.35   132.52  113.01 
 488  184.76   10.03     32.92    4.10    3.72     12.15   28.01   23.47     18.09   16.70   12.87      4.43   67.38   73.71   137.47  121.11   133.92  112.77 
 489  184.76   10.09     34.25    3.53    3.72     11.43   30.59   23.48     18.09   16.70   12.88      4.42   67.64   73.70   139.25  120.89   135.77  112.56 
 490  184.76   10.09     33.80    3.73    3.72     11.61   30.41   23.49     18.09   16.70   12.89      4.44   67.82   73.68   140.17  120.02   136.55  111.84 
 491  192.15   10.15     35.89    2.96    3.71     13.08   25.70   23.50     18.03   16.79   12.89      4.33   68.95   73.67   141.72  121.05   138.36  112.80 
 492  192.15   10.10     32.00    4.66    3.72     13.89   23.78   23.50     18.03   16.79   12.90      4.28   69.88   73.67   144.19  118.86   140.71  110.61 
 493  192.15   10.10     32.04    4.67    3.72     13.62   24.79   23.50     18.03   16.79   12.91      4.39   69.01   73.66   146.06  118.27   142.57  110.17 
 494  192.15   10.13     34.84    3.40    3.72     13.51   24.87   23.50     18.03   16.79   12.92      4.40   69.38   73.65   147.51  118.88   144.11  110.71 
 495  192.15   10.11     35.68    3.11    3.72     11.60   31.02   23.52     18.03   16.79   12.93      4.27   69.93   73.64   150.10  118.46   146.88  110.25 
 496  110.01   10.41     32.37    4.58    3.72     13.14   25.83   23.52     17.58   17.67   12.94      4.33   69.58   73.63   151.62  116.76   148.03  108.57 
 497  110.01   10.13     34.25    3.72    3.72     14.03   23.53   23.52     17.58   17.67   12.95      4.32   69.41   73.62   153.54  117.05   149.99  108.96 
 498  110.01   10.08     37.13    2.68    3.72     12.43   28.08   23.53     17.58   17.67   12.95      4.31   69.85   73.62   155.47  117.22   152.00  109.09 
 499  110.01   10.10     32.91    4.40    3.72     12.11   29.63   23.55     17.58   17.67   12.96      4.37   69.60   73.61   157.46  115.18   153.99  107.12 
 500  110.01   10.10     33.89    3.95    3.72     11.97   30.08   23.56     17.58   17.67   12.97      4.42   69.55   73.60   160.10  115.36   156.58  107.33 
 501  206.16   10.11     32.31    4.80    3.72     13.25   25.97   23.56     17.85   17.10   12.98      4.62   68.19   73.59   162.64  114.25   159.13  106.13 
 502  206.16   10.12     33.80    4.09    3.72     13.10   26.32   23.57     17.85   17.10   12.99      4.57   67.96   73.58   165.22  115.19   161.84  107.09 
 503  206.16   10.13     32.73    4.67    3.72     11.59   31.00   23.58     17.85   17.10   13.00      4.42   69.14   73.57   167.68  114.39   164.09  106.20 
 504  206.16   10.09     33.51    4.31    3.72     11.42   31.85   23.60     17.85   17.10   13.01      4.58   67.69   73.56   170.09  114.84   166.85  106.66 
 505  206.16   10.16     32.61    4.86    3.73     10.26   35.44   23.62     17.85   17.10   13.01      4.36   69.58   73.55   170.57  116.61   167.04  108.36 
 506  130.22   10.57     30.12    6.58    3.73     12.50   27.37   23.63     17.71   17.35   13.02      4.25   69.68   73.54   173.14  116.31   169.65  108.00 
 507  130.22   10.13     30.40    6.42    3.74     10.60   33.62   23.65     17.71   17.35   13.03      4.22   69.25   73.53   174.68  117.18   171.50  108.70 
 508  130.22   10.08     30.76    6.23    3.74     10.82   32.41   23.67     17.71   17.35   13.04      4.04   69.84   73.53   177.14  118.16   173.77  109.66 
 509  130.22   10.15     31.88    5.52    3.75     10.50   33.49   23.69     17.71   17.35   13.05      4.11   68.54   73.52   179.06  119.77   175.60  111.29 
 510  130.22   10.14     30.55    6.53    3.75      9.77   36.23   23.71     17.71   17.35   13.06      4.08   68.45   73.51   180.45  121.55   176.85  113.14 
 511  154.06   10.36     30.39    6.72    3.76     12.24   26.99   23.72     17.64   17.47   13.07      4.01   68.16   73.50   181.64  123.64   178.19  115.17 
 512  154.06   10.11     30.18    6.95    3.76     11.17   29.92   23.73     17.64   17.47   13.07      3.97   67.78   73.49   183.72  124.86   180.46  116.16 
 513  154.06   10.12     30.23    6.99    3.77     11.06   29.85   23.74     17.64   17.47   13.08      3.92   67.14   73.47   183.48  129.13   180.15  120.47 
 514  154.06   10.09     31.04    6.41    3.77     11.06   29.59   23.75     17.64   17.47   13.09      3.87   66.48   73.46   183.84  131.86   180.39  123.32 
 515  154.06   10.10     30.53    6.85    3.78     10.69   30.44   23.77     17.64   17.47   13.10      3.82   66.10   73.45   183.86  134.27   180.42  125.75 
 516  198.51   10.09     30.83    6.67    3.79     12.33   24.80   23.77     17.72   17.28   13.11      3.64   66.67   73.43   184.65  136.76   181.19  128.18 
 517  198.51   10.09     30.77    6.79    3.79     11.01   28.56   23.78     17.72   17.28   13.12      3.70   65.69   73.42   185.66  139.56   182.17  131.00 
 518  198.51   10.12     30.70    6.91    3.80     10.55   29.97   23.79     17.72   17.28   13.12      3.54   66.39   73.40   187.03  141.21   183.50  132.65 
 519  198.51   10.13     30.04    7.54    3.80     10.15   31.55   23.80     17.72   17.28   13.13      3.59   66.06   73.39   189.24  142.29   185.70  133.83 
 520  198.51   10.12     30.43    7.25    3.81     10.14   31.64   23.82     17.72   17.28   13.14      3.75   65.15   73.37   191.31  141.59   187.65  133.14 
 521  158.32   10.11     30.79    6.97    3.82     11.49   27.17   23.83     17.62   17.45   13.15      3.87   64.69   73.36   193.09  140.94   189.34  132.52 
 522  158.32   10.08     28.91    8.73    3.83     10.11   32.27   23.84     17.62   17.45   13.16      3.88   65.29   73.34   194.72  138.99   190.88  130.67 
 523  158.32   10.09     28.47    9.15    3.84      9.15   36.50   23.87     17.62   17.45   13.16      3.94   65.60   73.33   195.96  135.22   191.88  126.99 
 524  158.32   10.08     28.86    8.73    3.85      9.04   37.38   23.89     17.62   17.45   13.17      4.17   64.85   73.31   197.14  132.66   192.99  124.42 
 525  158.32   10.09     29.06    8.48    3.86      8.91   38.43   23.92     17.62   17.45   13.18      4.16   65.68   73.30   198.76  128.58   194.57  120.44 
 526  123.78   10.09     28.35    9.15    3.87     10.84   30.89   23.93     17.42   17.82   13.19      4.17   66.19   73.28   199.60  123.67   195.08  115.55 
 527  123.78   10.10     28.67    8.78    3.87     10.01   34.28   23.95     17.42   17.82   13.20      4.13   66.68   73.27   200.52  120.11   196.72  111.76 
 528  123.78   10.07     29.16    8.23    3.88      9.64   35.74   23.98     17.42   17.82   13.21      4.21   66.24   73.26   201.81  116.15   197.57  108.06 
 529  123.78   10.43     29.52    7.85    3.89      8.96   38.35   24.00     17.42   17.82   13.22      4.13   66.75   73.24   202.19  112.90   197.50  105.08 
 530  123.78   10.30     29.65    7.68    3.90      8.29   41.18   24.04     17.42   17.82   13.22      3.92   68.06   73.23   202.29  109.81   197.59  101.92 
 531  190.99   10.08     28.94    8.30    3.91     12.15   26.25   24.04     17.45   17.73   13.23      4.39   64.43   73.22   202.23  107.11   197.36   99.12 
 532  190.99   10.10     29.13    8.09    3.91     10.90   30.33   24.05     17.45   17.73   13.24      4.39   64.11   73.20   202.18  106.10   197.42   98.06 
 533  190.99   10.07     28.93    8.24    3.92     10.74   31.38   24.06     17.45   17.73   13.25      4.37   64.62   73.19   202.18  102.97   197.53   95.15 
 534  190.99   10.13     28.77    8.33    3.93     10.50   32.42   24.08     17.45   17.73   13.26      4.31   65.49   73.17   201.46  100.46   196.68   92.73 
 535  190.99   10.10     28.97    8.04    3.94     10.15   34.32   24.10     17.45   17.73   13.27      4.54   64.36   73.15   200.31   97.22   195.42   89.59 
 536  197.19   10.24     28.89    8.06    3.95     12.51   26.05   24.10     17.46   17.68   13.27      4.66   63.56   73.14   200.07   95.36   194.99   87.82 
 537  197.19   10.08     29.72    7.30    3.95     12.62   25.42   24.11     17.46   17.68   13.28      4.70   63.09   73.12   200.90   92.33   196.18   84.46 
 538  197.19   10.07     28.62    8.26    3.96     11.89   26.95   24.11     17.46   17.68   13.29      4.75   62.06   73.10   201.24   88.14   196.24   80.34 
 539  197.19   10.06     27.65    9.24    3.97     10.89   29.57   24.12     17.46   17.68   13.30      4.73   60.51   73.07   201.96   84.62   196.99   76.91 
 540  197.19   10.11     28.16    8.67    3.98      9.99   31.76   24.14     17.46   17.68   13.31      4.53   60.30   73.05   202.92   82.70   197.97   75.12 
 541  124.16   10.45     27.85    8.96    3.99     11.39   26.61   24.14     17.09   18.43   13.32      4.30   59.55   73.03   202.75   79.25   197.80   71.76 
 542  124.16   10.26     27.07    9.80    4.00     10.53   28.74   24.15     17.09   18.43   13.33      4.22   59.72   73.00   202.77   77.92   197.80   70.37 
 543  124.16   10.07     27.15    9.69    4.01     10.21   29.33   24.16     17.09   18.43   13.34      4.15   58.83   72.97   202.98   75.78   197.95   68.32 
 544  124.16   10.06     26.91    9.93    4.02      9.85   30.35   24.17     17.09   18.43   13.35      4.13   58.49   72.95   202.79   74.72   197.76   67.21 
 545  124.16   10.10     26.73   10.08    4.03      9.96   30.56   24.18     17.09   18.43   13.35      4.07   59.16   72.92   201.84   73.46   197.09   66.00 
 546  220.06   10.24     27.02    9.71    4.04     16.06   15.29   24.16     17.33   17.89   13.36      4.46   57.65   72.89   200.85   73.80   195.90   66.02 
 547  220.06   10.12     26.90    9.82    4.05     15.16   17.65   24.15     17.33   17.89   13.37      4.68   57.66   72.87   199.22   74.69   194.33   66.95 
 548  220.06   10.09     26.53   10.19    4.06     12.20   25.98   24.16     17.33   17.89   13.38      4.79   58.85   72.84   197.02   76.65   192.24   68.65 
 549  220.06   10.07     27.42    9.16    4.07     13.05   24.24   24.16     17.33   17.89   13.39      4.85   60.31   72.82   196.45   78.24   191.89   70.19 
 550  220.06   10.09     28.37    8.15    4.08     12.19   27.55   24.16     17.33   17.89   13.40      4.97   61.27   72.80   194.71   78.92   190.17   70.78 
 551  187.11   10.13     27.58    8.88    4.09     11.85   29.54   24.17     17.25   18.01   13.40      5.01   62.57   72.78   192.23   81.14   187.64   73.07 
 552  187.11   10.09     27.39    9.04    4.10     11.86   29.99   24.18     17.25   18.01   13.41      5.12   63.01   72.76   190.59   82.96   186.23   74.66 
 553  187.11   10.12     29.19    7.30    4.10     11.81   30.43   24.19     17.25   18.01   13.42      5.19   63.42   72.74   189.89   84.06   185.66   75.66 
 554  187.11   10.09     29.68    6.85    4.11     11.39   32.78   24.21     17.25   18.01   13.43      5.16   63.92   72.73   186.99   87.27   183.22   78.69 
 555  187.11   10.10     30.03    6.55    4.11     10.54   36.23   24.23     17.25   18.01   13.44      5.16   64.76   72.71   185.46   87.78   181.43   79.39 
 556  195.72   10.24     32.32    4.98    4.11     12.38   29.25   24.24     17.26   17.97   13.45      5.50   62.45   72.70   183.67   90.43   179.85   81.70 
 557  195.72   10.12     30.82    5.84    4.12     11.56   32.75   24.26     17.26   17.97   13.45      5.59   62.01   72.68   179.11   91.71   174.96   83.34 
 558  195.72   10.07     34.23    3.89    4.12     10.89   35.34   24.28     17.26   17.97   13.46      5.49   63.22   72.66   177.62   93.45   173.80   84.98 
 559  195.72   10.07     32.72    4.58    4.12      9.76   39.71   24.30     17.26   17.97   13.47      5.28   64.28   72.64   173.68   93.56   169.99   85.07 
 560  195.72   10.13     36.75    2.84    4.12      9.45   41.64   24.33     17.26   17.97   13.48      5.45   63.80   72.63   173.28   94.46   169.26   86.14 
 561  129.43   10.12     32.48    4.57    4.12     10.80   35.21   24.35     16.90   18.73   13.49      5.07   66.24   72.62   170.82   92.79   166.81   84.31 
 562  129.43   10.09     29.83    6.14    4.12      9.33   40.93   24.38     16.90   18.73   13.50      4.95   66.15   72.61   164.89   93.66   161.03   85.10 
 563  129.43   10.05     35.09    3.30    4.12      9.50   40.69   24.41     16.90   18.73   13.51      5.04   66.39   72.59   163.78   95.02   160.14   86.47 
 564  129.43   10.08     34.29    3.55    4.12      9.79   39.73   24.44     16.90   18.73   13.52      4.86   68.36   72.59   160.18   95.23   156.80   86.53 
 565  129.43   10.10     34.27    3.49    4.12      9.70   40.61   24.47     16.90   18.73   13.52      4.99   67.66   72.58   157.18   96.13   153.95   87.48 
 566  135.81   10.16     29.13    6.23    4.12     12.39   29.61   24.48     16.90   18.74   13.53      5.26   65.93   72.57   154.30   96.90   151.04   88.11 
 567  135.81   10.11     28.48    6.60    4.12     10.57   36.71   24.50     16.90   18.74   13.54      5.09   67.16   72.56   150.25   98.48   146.83   89.77 
 568  135.81   10.09     28.98    6.16    4.13      8.68   44.89   24.53     16.90   18.74   13.55      4.85   68.10   72.55   146.09  102.20   142.42   93.72 
 569  135.81   10.22     29.90    5.49    4.13      8.88   42.53   24.57     16.90   18.74   13.56      4.55   68.79   72.54   142.15  102.26   139.34   93.41 
 570  135.81   10.12     28.11    6.76    4.13      8.86   42.43   24.60     16.90   18.74   13.57      4.52   67.52   72.53   141.47  101.68   138.60   92.92 
 571  112.87   10.54     30.27    5.31    4.14     11.44   32.82   24.61     16.61   19.35   13.58      4.96   66.36   72.52   142.37  100.72   138.95   92.16 
 572  112.87   10.11     30.56    5.23    4.14     12.82   29.32   24.62     16.61   19.35   13.59      5.15   66.51   72.51   147.29  100.22   143.65   91.90 
 573  112.87   10.07     32.51    4.26    4.14     12.48   31.10   24.63     16.61   19.35   13.60      5.39   66.95   72.50   151.87   98.37   148.02   90.16 
 574  112.87   10.14     34.73    3.38    4.14     11.49   34.88   24.65     16.61   19.35   13.61      5.68   65.86   72.49   156.51   98.79   152.54   90.58 
 575  112.87   10.11     31.76    4.88    4.14     11.44   34.97   24.67     16.61   19.35   13.62      5.48   67.28   72.48   160.99   97.81   156.73   89.73 
 576  197.47   10.44     31.81    4.97    4.14     11.89   32.75   24.68     16.92   18.66   13.63      5.42   67.35   72.47   166.23   97.82   162.02   89.70 
 577  197.47   10.11     29.08    6.97    4.15     10.48   37.85   24.70     16.92   18.66   13.64      5.39   67.19   72.46   168.90   99.35   164.64   91.25 
 578  197.47   10.13     27.38    8.62    4.15     10.09   38.89   24.73     16.92   18.66   13.65      5.38   66.47   72.45   171.41   98.40   166.67   90.47 
 579  197.47   10.11     28.02    8.09    4.16     10.42   36.88   24.75     16.92   18.66   13.66      5.28   66.40   72.44   174.77   97.75   170.50   89.57 
 580  197.47   10.11     27.75    8.41    4.17     10.83   34.39   24.77     16.92   18.66   13.66      5.32   65.56   72.43   176.77   97.80   172.00   89.73 
 581  156.41   10.43     26.04   10.36    4.18     11.56   31.36   24.78     16.75   19.02   13.67      5.15   65.42   72.42   177.62   97.34   172.87   89.14 
 582  156.41   10.09     27.38    8.82    4.19     10.99   32.96   24.79     16.75   19.02   13.68      5.01   66.03   72.41   178.74   94.70   173.98   86.48 
 583  156.41   10.05     27.61    8.52    4.19     12.22   29.10   24.80     16.75   19.02   13.69      5.29   63.77   72.39   177.06   94.70   172.35   86.46 
 584  156.41   10.09     26.02   10.15    4.20     13.00   27.05   24.80     16.75   19.02   13.70      5.35   63.75   72.38   174.42   94.60   169.65   86.41 
 585  156.41   10.06     26.68    9.29    4.21     13.74   25.06   24.80     16.75   19.02   13.71      5.37   63.96   72.36   172.46   95.89   167.58   87.77 
 586  141.54   10.26     27.37    8.53    4.22     12.66   28.53   24.81     16.67   19.20   13.72      5.34   64.15   72.35   170.06   97.77   165.10   89.73 
 587  141.54   10.13     26.94    8.91    4.23     12.59   28.95   24.82     16.67   19.20   13.73      5.42   63.42   72.34   166.73   99.62   161.83   91.53 
 588  141.54   10.09     27.62    8.19    4.23     11.75   31.48   24.83     16.67   19.20   13.74      5.28   63.97   72.32   164.59  102.34   159.67   94.24 
 589  141.54   10.13     27.22    8.52    4.24     11.86   31.55   24.84     16.67   19.20   13.75      5.40   62.98   72.30   160.37  105.42   155.50   97.34 
 590  141.54   10.09     26.79    8.85    4.25     11.01   34.73   24.86     16.67   19.20   13.76      5.18   65.13   72.29   156.56  107.14   151.21   99.32 
 591  120.73   10.30     26.84    8.68    4.26     12.08   29.98   24.86     16.48   19.61   13.77      5.18   64.47   72.28   152.86  108.42   147.65  100.43 
 592  120.73   10.16     29.66    6.16    4.26     11.14   32.64   24.88     16.48   19.61   13.78      5.01   65.05   72.27   149.31  111.20   143.76  103.52 
 593  120.73   10.12     28.62    6.81    4.26     10.87   34.00   24.89     16.48   19.61   13.79      4.87   65.84   72.26   144.94  110.00   139.40  102.43 
 594  120.73   10.11     32.60    4.24    4.26     11.10   33.13   24.91     16.48   19.61   13.80      4.94   65.90   72.25   143.36  112.00   137.46  104.81 
 595  120.73   10.14     28.74    6.57    4.27     11.99   29.80   24.92     16.48   19.61   13.81      4.93   66.05   72.24   138.00  112.69   132.26  105.43 
 596  121.54   10.14     28.29    6.84    4.27     10.39   35.25   24.93     16.37   19.84   13.82      4.76   66.31   72.23   135.46  113.36   129.48  106.21 
 597  121.54   10.12     31.23    4.88    4.27     10.15   36.10   24.95     16.37   19.84   13.83      4.78   66.29   72.22   135.22  117.07   129.33  109.86 
 598  121.54   10.09     29.47    6.00    4.28     10.52   33.70   24.97     16.37   19.84   13.84      4.75   65.68   72.20   131.40  120.79   125.28  113.77 
 599  121.54   10.13     29.97    5.68    4.28     10.01   34.82   24.98     16.37   19.84   13.85      4.56   64.91   72.19   130.43  123.79   124.44  116.75 
 600  121.54   10.15     29.30    6.20    4.28      9.27   36.91   25.00     16.37   19.84   13.86      4.40   64.58   72.18   129.21  125.67   123.13  118.77 
 601  246.36   10.11     27.44    7.80    4.29     10.17   33.43   25.02     16.49   19.54   13.87      4.38   64.07   72.17   129.56  127.63   123.38  120.76 
 602  246.36   10.11     27.43    7.89    4.29      7.78   44.57   25.05     16.49   19.54   13.87      4.20   65.67   72.16   130.17  131.22   124.00  124.42 
 603  246.36   10.05     27.51    7.93    4.30      8.23   42.72   25.08     16.49   19.54   13.88      4.22   66.40   72.15   130.21  133.89   123.98  127.14 
 604  246.36   10.12     25.90    9.71    4.31      8.42   42.63   25.11     16.49   19.54   13.89      4.19   67.04   72.14   130.74  136.29   124.82  129.38 
 605  246.36   10.08     23.85   12.56    4.32      7.54   47.81   25.14     16.49   19.54   13.90      4.03   68.55   72.13   132.35  138.40   126.17  131.66 
 606  189.99   10.36     25.07   11.09    4.33      8.03   44.05   25.18     16.42   19.68   13.91      3.35   72.25   72.13   132.62  143.23   126.40  136.43 
 607  189.99   10.07     25.41   10.83    4.34      5.98   51.97   25.22     16.42   19.68   13.92      3.18   71.61   72.13   133.53  147.60   127.45  140.74 
 608  189.99   10.06     25.80   10.46    4.35      4.76   57.48   25.27     16.42   19.68   13.93      2.75   72.54   72.13   132.99  150.57   126.81  143.79 
 609  189.99   10.08     23.90   13.12    4.37      3.87   58.44   25.33     16.42   19.68   13.94      2.44   72.35   72.13   133.29  174.65   127.03  167.96 
 610  189.99   10.11     18.64   24.24    4.40      5.61   47.15   25.36     16.42   19.68   13.95      3.45   60.98   72.11   128.88  187.97   122.77  181.26 
 611  235.12   10.63     20.17   20.57    4.43     10.95   24.96   25.36     16.26   20.01   13.96      6.82   39.96   72.06   128.62  187.52   122.59  180.65 
 612  235.12   10.07     21.05   18.72    4.45     10.67   25.62   25.36     16.26   20.01   13.97      6.93   39.04   72.01   129.37  187.98   123.43  181.01 
 613  235.12   10.11     22.22   16.41    4.47     10.53   25.78   25.36     16.26   20.01   13.98      6.78   39.50   71.95   128.90  187.28   122.98  180.26 
 614  235.12   10.15     22.43   15.98    4.49     10.42   26.15   25.36     16.26   20.01   13.99      6.65   39.93   71.90   129.38  187.39   123.47  180.41 
 615  235.12   10.07     21.29   18.11    4.51     10.39   26.10   25.37     16.26   20.01   14.00      6.73   39.53   71.85   128.96  188.28   122.77  181.53 
 616  222.09   10.09     20.79   19.02    4.53     16.66   12.71   25.35     16.39   19.67   14.01      5.55   45.09   71.81   128.68  187.47   122.65  180.70 
 617  222.09   10.11     20.00   20.66    4.56     14.78   15.93   25.33     16.39   19.67   14.02      5.84   43.77   71.76   129.15  187.59   123.01  180.94 
 618  222.09   10.08     19.48   21.79    4.59     13.65   18.19   25.32     16.39   19.67   14.03      5.85   43.87   71.72   129.25  187.57   122.76  181.14 
 619  222.09   10.11     18.37   24.53    4.62     13.12   19.38   25.31     16.39   19.67   14.04      6.00   43.35   71.67   129.08  188.54   122.87  181.93 
 620  222.09   10.12     17.77   26.01    4.66     13.03   19.76   25.30     16.39   19.67   14.05      6.11   43.30   71.62   128.73  188.22   122.84  181.48 
