   6    3.90    8.62     43.98    1.45    0.84     18.22    3.24    6.43     39.91    0.28   14.67      4.84   16.88   17.44   198.81  103.69   211.20  104.08 
   7    3.90    8.55     50.82    0.66    0.82     16.12    4.10    6.10     39.91    0.28   12.62      5.40   15.69   17.19   200.41  103.46   212.67  103.82 
   8    3.90    8.49     45.20    1.28    0.87     16.72    3.80    5.81     39.91    0.28   11.08      5.34   15.71   17.01   202.76  104.13   214.87  104.12 
   9    3.90    8.55     46.82    1.05    0.89     14.78    5.16    5.74     39.91    0.28    9.88      4.95   17.45   17.06   200.01  102.14   212.25  102.70 
  10    3.90    8.50     42.04    1.79    0.98     12.67    6.68    5.83     39.91    0.28    8.92      3.94   20.72   17.42   198.25  101.13   210.30  101.06 
  11    1.90    8.48     43.18    1.58    1.04     16.41    4.50    5.71     39.77    0.28    8.13      5.40   16.50   17.34   198.74  100.41   210.82  100.18 
  12    1.90    8.51     49.90    0.72    1.01     13.15    6.42    5.77     39.77    0.28    7.48      4.66   17.83   17.38   196.85  101.19   208.59  101.34 
  13    1.90    8.49     48.03    0.89    1.00     13.42    6.04    5.79     39.77    0.28    6.92      4.50   17.66   17.40   194.84  102.48   206.70  102.21 
  14    1.90    8.52     51.44    0.60    0.97     13.19    6.43    5.84     39.77    0.28    6.45      4.58   17.25   17.39   192.91  104.38   204.75  104.23 
  15    1.90    8.52     43.50    1.50    1.01     14.54    5.29    5.80     39.77    0.28    6.04      5.02   16.77   17.35   192.58  105.23   204.02  105.59 
  16    2.18    8.50     45.24    1.21    1.02     18.67    3.37    5.65     39.91    0.28    5.68      5.01   17.76   17.37   190.63  104.86   202.00  105.43 
  17    2.18    8.50     44.25    1.36    1.04     14.78    5.05    5.61     39.91    0.28    5.36      5.37   16.96   17.35   190.26  103.60   201.69  103.80 
  18    2.18    8.47     42.97    1.56    1.07     14.61    5.17    5.59     39.91    0.28    5.08      5.20   16.59   17.31   189.82  103.02   201.18  103.64 
  19    2.18    8.47     42.52    1.63    1.10     12.86    6.30    5.63     39.91    0.28    4.83      4.47   18.64   17.38   187.72  102.21   198.92  103.23 
  20    2.18    8.52     50.15    0.68    1.08     12.66    6.37    5.66     39.91    0.28    4.60      5.48   16.17   17.32   187.92  100.34   199.28  101.26 
  21    2.55    9.19     46.47    1.03    1.08     18.94    3.09    5.54     39.90    0.28    4.39      4.77   17.79   17.34   186.28   99.70   197.62  100.70 
  22    2.55    9.20     43.65    1.40    1.09     19.57    2.94    5.42     39.90    0.28    4.21      4.92   18.22   17.38   183.55   97.68   194.97   98.57 
  23    2.55    9.25     40.57    1.97    1.13     16.43    4.22    5.37     39.90    0.28    4.04      5.15   18.30   17.42   182.53   96.23   193.53   97.15 
  24    2.55    9.24     43.44    1.40    1.14     16.19    4.41    5.33     39.90    0.28    3.88      3.21   25.95   17.77   177.71   95.42   188.81   96.53 
  25    2.55    9.19     40.96    1.81    1.17     13.55    6.23    5.37     39.90    0.28    3.74      3.70   27.22   18.15   174.35   93.08   185.50   94.41 
  26    2.84    9.22     41.92    1.62    1.18     15.92    5.21    5.36     39.91    0.28    3.60      4.99   22.46   18.32   172.73   91.45   183.89   92.62 
  27    2.84    9.19     45.49    1.08    1.18     11.40    9.55    5.52     39.91    0.28    3.48      5.77   17.72   18.30   173.36   93.75   184.41   94.94 
  28    2.84    9.25     33.98    4.12    1.29      8.43   12.66    5.77     39.91    0.28    3.37      5.15   18.13   18.29   175.48   96.47   186.18   97.12 
  29    2.84    9.19     34.64    3.84    1.37      8.50   12.81    6.01     39.91    0.28    3.26      4.70   20.75   18.37   175.12   99.56   185.58  100.08 
  30    2.84    9.24     31.99    5.24    1.50      8.40   12.37    6.23     39.91    0.28    3.16      3.90   22.39   18.51   177.35  101.99   187.67  102.84 
  31    5.19    9.88     34.27    4.05    1.58     14.02    6.40    6.23     21.80    2.36    3.14      3.61   24.59   18.70   176.04  103.70   186.40  104.53 
  32    5.19    9.91     31.86    5.29    1.70     10.38    8.99    6.32     21.80    2.36    3.11      3.14   28.80   19.02   174.41  103.78   184.67  104.64 
  33    5.19    9.89     42.33    1.59    1.70     10.51    9.55    6.42     21.80    2.36    3.09      4.08   21.38   19.09   171.84  109.36   182.38  110.40 
  34    5.19    9.95     39.26    2.30    1.71      9.43   10.98    6.55     21.80    2.36    3.07      5.25   19.30   19.10   173.58  109.38   183.96  110.42 
  35    5.19    9.90     40.28    2.03    1.72      8.31   13.21    6.74     21.80    2.36    3.05      4.52   24.43   19.25   173.95  107.19   184.34  108.48 
  36    4.28    9.86     42.90    1.50    1.72     14.14    7.09    6.75     33.24    0.64    2.98      5.02   23.04   19.36   174.30  106.42   184.89  107.66 
  37    4.28    9.88     43.03    1.49    1.71      9.01   12.74    6.91     33.24    0.64    2.92      5.08   22.22   19.43   176.50  106.48   186.85  107.59 
  38    4.28    9.82     35.09    3.74    1.76      7.83   13.86    7.09     33.24    0.64    2.86      4.70   23.28   19.53   180.15  103.06   190.44  104.19 
  39    4.28    9.81     38.84    2.44    1.78     11.10    8.74    7.14     33.24    0.64    2.80      4.99   20.70   19.56   180.55  105.29   190.86  106.85 
  40    4.28    9.79     38.67    2.52    1.80     15.27    5.15    7.09     33.24    0.64    2.75      5.75   17.81   19.52   183.96  106.17   194.27  107.63 
  41   14.97    9.89     38.40    2.64    1.82     16.77    4.17    7.02     18.40    3.62    2.77      5.90   16.04   19.44   187.83  107.21   197.88  108.30 
  42   14.97    9.81     43.06    1.56    1.82     16.89    4.13    6.95     18.40    3.62    2.79      6.39   14.91   19.33   189.59  107.29   199.88  108.67 
  43   14.97    9.87     40.79    2.05    1.82     15.60    4.73    6.90     18.40    3.62    2.81      6.52   14.09   19.21   191.87  106.76   202.12  108.01 
  44   14.97    9.90     42.81    1.63    1.82     16.77    4.01    6.83     18.40    3.62    2.83      6.76   13.29   19.07   193.51  105.16   204.11  106.40 
  45   14.97    9.83     39.97    2.26    1.83     17.12    3.78    6.76     18.40    3.62    2.84      6.68   12.93   18.93   193.55  105.37   204.11  106.68 
  46   15.89    9.91     42.30    1.73    1.82     21.12    2.33    6.67     29.53    1.00    2.80      6.91   12.16   18.79   193.76  105.22   204.29  106.50 
  47   15.89    9.89     41.83    1.85    1.82     19.57    2.79    6.58     29.53    1.00    2.76      6.77   13.07   18.67   196.19  104.89   206.67  106.25 
  48   15.89    9.91     41.33    1.97    1.83     19.39    2.85    6.51     29.53    1.00    2.73      6.59   13.37   18.56   199.13  105.02   209.65  106.36 
  49   15.89    9.95     44.56    1.38    1.82     19.53    2.84    6.43     29.53    1.00    2.69      6.23   14.48   18.47   202.50  104.55   213.00  106.08 
  50   15.89    9.91     42.83    1.69    1.82     19.59    2.90    6.36     29.53    1.00    2.66      6.92   13.22   18.37   203.47  104.98   214.00  106.15 
  51   14.29   10.58     37.40    3.15    1.84     22.03    2.22    6.28     28.60    1.10    2.63      7.45   12.12   18.24   203.77  104.31   214.28  105.32 
  52   14.29   10.58     42.04    1.85    1.84     20.91    2.55    6.21     28.60    1.10    2.60      7.59   11.84   18.12   204.21  102.13   214.86  103.47 
  53   14.29   10.58     41.66    1.93    1.84     18.97    3.21    6.15     28.60    1.10    2.57      7.42   12.26   18.01   205.94  101.69   216.47  103.23 
  54   14.29   10.62     42.94    1.68    1.84     17.29    3.97    6.11     28.60    1.10    2.54      6.86   13.01   17.92   207.00  102.90   217.62  104.65 
  55   14.29   10.55     43.15    1.66    1.84     17.11    4.02    6.07     28.60    1.10    2.52      6.26   13.44   17.84   207.55  106.18   218.11  107.77 
  56   14.72   10.62     43.09    1.68    1.83     18.60    3.40    6.03     29.15    1.03    2.49      6.41   13.34   17.76   208.78  109.88   219.46  111.47 
  57   14.72   10.54     41.96    1.93    1.84     18.57    3.40    5.98     29.15    1.03    2.46      6.74   12.92   17.67   209.47  111.71   219.99  113.06 
  58   14.72   10.59     39.55    2.56    1.85     18.92    3.24    5.93     29.15    1.03    2.44      7.35   11.97   17.57   209.56  112.57   220.01  113.75 
  59   14.72   10.68     41.68    1.99    1.85     18.84    3.23    5.89     29.15    1.03    2.42      7.36   12.21   17.48   208.63  111.54   219.18  112.48 
  60   14.72   10.55     39.88    2.41    1.86     19.21    3.10    5.84     29.15    1.03    2.39      6.81   13.61   17.42   207.65  107.81   218.17  109.00 
  61   23.41   11.31     40.32    2.24    1.87     17.93    3.66    5.80     32.59    0.69    2.36      6.18   14.50   17.37   203.58  105.05   214.29  106.47 
  62   23.41   11.23     41.16    2.01    1.87     19.23    3.13    5.76     32.59    0.69    2.34      5.97   15.35   17.34   200.86  103.01   211.25  104.21 
  63   23.41   11.29     45.33    1.23    1.86     19.13    3.20    5.72     32.59    0.69    2.31      5.34   17.49   17.34   197.70   99.64   208.09  100.84 
  64   23.41   11.27     38.01    2.83    1.87     17.25    3.92    5.69     32.59    0.69    2.29      5.94   16.07   17.32   196.99   95.56   207.86   96.75 
  65   23.41   11.30     44.42    1.34    1.87     18.07    3.61    5.66     32.59    0.69    2.26      6.11   15.27   17.29   195.16   95.87   205.76   96.86 
  66   25.73   11.33     41.21    1.92    1.87     19.08    3.19    5.62     28.83    1.06    2.24      5.53   15.19   17.26   192.80   98.18   203.34   99.01 
  67   25.73   11.36     40.87    1.97    1.87     17.61    3.84    5.60     28.83    1.06    2.23      4.60   18.40   17.27   188.65  100.56   199.16  101.66 
  68   25.73   11.31     42.70    1.57    1.86     18.04    3.69    5.57     28.83    1.06    2.21      4.06   22.55   17.35   183.64  101.78   194.11  102.58 
  69   25.73   11.28     40.81    1.93    1.86     18.54    3.48    5.54     28.83    1.06    2.19      4.62   21.30   17.41   181.30  101.56   191.95  102.91 
  70   25.73   11.31     42.95    1.50    1.86     17.47    3.98    5.52     28.83    1.06    2.18      5.22   18.72   17.43   178.79  102.71   189.55  103.80 
  71   78.55   11.22     43.92    1.33    1.85     17.16    4.25    5.50     21.78    2.39    2.18      4.20   24.37   17.53   175.92  103.06   186.46  104.03 
  72   78.55   11.26     43.15    1.44    1.85     14.00    6.34    5.51     21.78    2.39    2.18      5.51   19.58   17.55   176.00  102.20   186.36  103.04 
  73   78.55   11.14     40.88    1.87    1.85     14.32    6.34    5.52     21.78    2.39    2.18      5.59   19.96   17.59   174.41  100.08   184.90  100.81 
  74   78.55   11.34     39.10    2.30    1.85     11.41    9.98    5.58     21.78    2.39    2.19      5.85   19.84   17.62   173.81  100.55   184.46  101.20 
  75   78.55   11.41     43.85    1.33    1.85      8.55   15.95    5.72     21.78    2.39    2.19      5.17   24.46   17.71   175.02  100.78   185.77  101.63 
  76   88.69   12.06     43.42    1.40    1.84     11.97   12.61    5.81     27.35    1.28    2.18      5.20   27.67   17.84   175.27  101.22   185.99  102.16 
  77   88.69   12.04     44.07    1.31    1.83      8.15   21.56    6.01     27.35    1.28    2.17      4.95   33.02   18.04   177.50  101.27   188.45  102.13 
  78   88.69   12.09     25.84   10.81    1.95      5.42   21.56    6.21     27.35    1.28    2.16      4.73   36.17   18.27   184.39   91.89   195.22   92.60 
  79   88.69   12.04     20.31   20.64    2.18      0.97   16.68    6.35     27.35    1.28    2.14      5.03   21.19   18.31   185.79   82.87   196.69   83.39 
  80   88.69   11.99     31.08    6.06    2.23      9.74   13.47    6.44     27.35    1.28    2.13      3.02   19.26   18.32   187.59  101.33   198.16  102.44 
  81   74.78   11.53     20.77   19.96    2.45      8.61    6.80    6.44     27.01    1.37    2.12      6.86   16.68   18.30   189.12   85.77   199.93   86.59 
  82   74.78   11.41     19.98   22.15    2.69     12.76    3.96    6.41     27.01    1.37    2.11      6.48   13.89   18.24   191.13   83.73   202.17   84.40 
  83   74.78   11.08     20.26   21.50    2.92     11.91    4.29    6.38     27.01    1.37    2.11      4.12   12.31   18.17   193.30   83.12   204.20   83.78 
  84   74.78   11.05     20.40   21.37    3.14     11.69    4.49    6.36     27.01    1.37    2.10      3.64   12.65   18.11   196.50   82.21   207.46   83.16 
  85   74.78   11.21     20.65   21.00    3.35     11.59    4.62    6.34     27.01    1.37    2.09      3.17   13.15   18.05   199.31   80.91   210.33   81.72 
  86  413.27   10.83     20.45   21.50    3.56     16.05    2.71    6.30     19.47    3.20    2.10      3.96   11.81   17.98   201.46   78.62   212.49   79.41 
  87  413.27   10.91     20.31   21.81    3.77     12.97    3.80    6.27     19.47    3.20    2.11      3.77   12.05   17.91   201.95   76.75   213.05   77.74 
  88  413.27   10.73     20.53   21.46    3.97     12.58    4.09    6.24     19.47    3.20    2.13      3.87   11.60   17.84   203.33   77.72   214.40   78.37 
  89  413.27   10.44     21.32   19.66    4.15     11.66    5.00    6.23     19.47    3.20    2.14      3.36   12.80   17.78   204.82   81.00   215.73   81.85 
  90  413.27   10.55     20.71   21.27    4.34     11.42    5.21    6.22     19.47    3.20    2.15      3.39   13.52   17.73   204.71   82.65   215.72   83.51 
  91  240.97   12.24     20.66   21.45    4.53     15.34    3.08    6.19     26.61    1.38    2.14      3.75   12.28   17.67   204.50   83.20   215.64   84.23 
  92  240.97   12.20     20.72   21.36    4.71     14.04    3.51    6.16     26.61    1.38    2.13      3.59   11.85   17.61   204.02   84.69   214.98   85.46 
  93  240.97   12.38     20.81   21.21    4.89     15.52    2.98    6.12     26.61    1.38    2.13      3.36   12.39   17.55   204.21   86.14   215.02   87.12 
  94  240.97   12.40     20.54   21.92    5.07     16.24    2.72    6.09     26.61    1.38    2.12      3.17   12.93   17.50   203.48   87.44   214.61   88.49 
  95  240.97   12.29     20.71   21.39    5.24     18.15    2.22    6.04     26.61    1.38    2.11      2.92   14.00   17.47   201.58   89.87   212.56   90.58 
  96  142.94   11.82     20.43   22.03    5.41     19.43    1.91    6.00     23.06    2.05    2.11      3.27   13.53   17.43   200.45   89.80   211.41   90.82 
  97  142.94   11.60     20.23   22.48    5.59     16.23    2.79    5.97     23.06    2.05    2.11      4.10   12.02   17.37   199.83   89.36   211.09   90.50 
  98  142.94   11.46     20.32   22.19    5.76     16.24    2.82    5.94     23.06    2.05    2.11      3.63   13.54   17.33   199.30   89.33   210.28   89.96 
  99  142.94   11.58     20.11   22.58    5.93     15.96    2.85    5.91     23.06    2.05    2.11      3.89   13.13   17.29   199.24   85.61   210.35   86.67 
 100  142.94   11.62     20.52   21.44    6.08     17.11    2.58    5.87     23.06    2.05    2.11      3.84   13.91   17.26   200.79   82.37   211.78   83.26 
 101  301.10   11.60     20.43   21.43    6.24     16.74    2.65    5.84     19.25    3.12    2.12      3.69   13.86   17.22   198.57   79.23   209.96   80.08 
 102  301.10   11.78     20.61   20.73    6.38     16.20    2.86    5.81     19.25    3.12    2.13      3.00   15.08   17.20   196.04   79.14   206.97   79.83 
 103  301.10   11.90     20.31   21.21    6.52     16.07    2.85    5.78     19.25    3.12    2.14      3.63   12.17   17.15   192.40   79.19   203.87   79.62 
 104  301.10   11.90     20.25   21.21    6.66     16.63    2.69    5.75     19.25    3.12    2.15      3.95   11.45   17.10   190.15   80.23   201.54   80.52 
 105  301.10   11.73     19.96   21.82    6.81     16.37    2.74    5.72     19.25    3.12    2.16      4.24   11.18   17.04   188.34   80.51   199.63   80.68 
 106 1351.88   11.59     20.11   21.34    6.94     17.45    2.46    5.69     15.58    4.70    2.18      3.68   11.52   16.99   186.63   82.90   197.79   83.28 
 107 1351.88   11.70     20.13   21.23    7.08     17.02    2.55    5.66     15.58    4.70    2.20      3.25   11.87   16.94   185.13   85.13   196.17   85.55 
 108 1351.88   11.27     20.04   21.15    7.21     15.65    2.93    5.64     15.58    4.70    2.23      2.86   14.31   16.92   182.29   84.98   193.63   85.48 
 109 1351.88   11.09     19.73   21.43    7.34     15.71    2.92    5.61     15.58    4.70    2.25      2.04   18.55   16.93   177.62   83.12   188.92   83.74 
 110 1351.88   10.88     20.29   19.74    7.45     15.45    3.03    5.59     15.58    4.70    2.27      2.60   16.14   16.92   174.58   81.56   185.61   82.27 
 111  193.17   12.51     19.55   21.40    7.58     18.09    2.23    5.56     21.98    2.22    2.27      3.70   12.97   16.89   172.71   80.61   183.69   81.13 
 112  193.17   12.59     19.38   21.66    7.70     17.30    2.41    5.53     21.98    2.22    2.27      3.78   12.44   16.85   171.69   80.03   182.84   80.81 
 113  193.17   12.75     20.18   19.70    7.81     16.74    2.69    5.51     21.98    2.22    2.27      3.85   11.82   16.80   171.81   82.17   182.42   82.80 
 114  193.17   12.79     19.69   21.05    7.93     16.41    2.67    5.48     21.98    2.22    2.27      3.90   11.56   16.76   172.80   82.51   184.01   83.33 
 115  193.17   12.64     19.87   20.96    8.04     17.30    2.46    5.46     21.98    2.22    2.27      3.83   12.08   16.72   176.11   83.19   187.19   84.14 
 116  694.05   13.00     20.07   20.95    8.15     16.40    2.70    5.43     18.93    3.11    2.28      3.33   12.51   16.68   179.95   84.88   191.03   85.71 
 117  694.05   12.71     19.60   22.44    8.27     13.86    3.63    5.42     18.93    3.11    2.28      2.85   13.07   16.65   181.81   87.94   192.88   89.20 
 118  694.05   12.79     20.03   21.64    8.39     12.97    4.01    5.40     18.93    3.11    2.29      3.08   13.08   16.62   183.84   91.05   195.02   91.91 
 119  694.05   13.09     20.39   21.16    8.49     10.32    5.60    5.41     18.93    3.11    2.30      2.48   13.82   16.60   185.98   94.71   196.80   95.42 
 120  694.05   13.09     20.79   20.52    8.59     10.92    5.24    5.40     18.93    3.11    2.30      2.61   14.14   16.58   188.25   97.72   198.93   98.23 
 121  278.08   12.31     20.66   21.05    8.70     13.26    3.96    5.39     18.55    3.21    2.31      3.34   14.04   16.56   192.04   97.68   202.94   98.52 
 122  278.08   12.43     20.59   21.57    8.80     11.64    5.16    5.39     18.55    3.21    2.32      3.20   16.70   16.56   195.51   97.77   206.41   98.57 
 123  278.08   12.97     20.62   21.74    8.91      7.33   10.27    5.43     18.55    3.21    2.33      3.21   21.78   16.60   197.91   96.36   208.60   97.03 
 124  278.08   13.26     20.37   22.58    9.02      6.23   13.75    5.50     18.55    3.21    2.33      4.06   21.88   16.64   201.69   94.92   212.73   95.60 
 125  278.08   13.15     20.43   22.58    9.13      7.87    9.73    5.53     18.55    3.21    2.34      4.55   20.85   16.68   205.71   91.38   216.53   92.16 
 126  140.77   12.90     20.62   22.33    9.23     11.51    5.99    5.53     18.25    3.31    2.35      4.50   18.77   16.69   209.86   87.57   220.89   88.37 
 127  140.77   12.78     20.83   21.77    9.33     12.97    5.00    5.53     18.25    3.31    2.36      4.51   14.85   16.68   211.03   86.49   221.92   87.29 
 128  140.77   12.57     21.24   20.92    9.42     12.94    4.78    5.52     18.25    3.31    2.36      4.24   14.30   16.66   213.25   85.77   224.22   86.45 
 129  140.77   12.68     21.34   20.83    9.51     13.99    3.98    5.51     18.25    3.31    2.37      4.17   13.38   16.63   216.29   84.36   227.08   85.35 
 130  140.77   12.71     21.10   21.78    9.60     13.94    3.89    5.50     18.25    3.31    2.38      3.85   13.35   16.61   220.98   84.50   231.95   85.37 
 131  104.86   13.23     20.92   22.65    9.70     15.23    3.34    5.48     20.93    2.41    2.38      3.74   13.07   16.58   225.19   85.32   236.09   86.26 
 132  104.86   12.88     21.48   21.46    9.79     14.16    3.80    5.47     20.93    2.41    2.38      4.31   12.21   16.55   227.15   86.94   238.37   87.58 
 133  104.86   13.05     21.84   20.84    9.87     16.11    3.05    5.45     20.93    2.41    2.38      4.04   12.82   16.52   230.61   87.90   241.50   88.40 
 134  104.86   13.01     22.16   20.40    9.95     14.03    3.94    5.44     20.93    2.41    2.38      4.13   12.88   16.49   233.78   88.81   244.72   89.03 
 135  104.86   12.91     21.89   21.06   10.04     10.24    6.30    5.45     20.93    2.41    2.38      4.13   13.77   16.47   235.52   88.38   246.68   88.48 
 136   91.00   13.20     21.67   21.66   10.12     10.20    6.79    5.46     21.83    2.16    2.38      4.07   15.11   16.46   235.90   87.40   247.09   87.69 
 137   91.00   13.35     21.64   21.79   10.21      9.52    8.97    5.48     21.83    2.16    2.38      4.27   18.03   16.47   237.03   86.62   247.96   87.27 
 138   91.00   13.46     21.39   22.46   10.29      8.44   13.11    5.54     21.83    2.16    2.37      4.24   22.08   16.51   238.96   86.24   249.84   86.82 
 139   91.00   13.52     21.62   21.63   10.38      8.95   13.27    5.59     21.83    2.16    2.37      3.95   24.06   16.57   235.76   85.28   246.52   85.83 
 140   91.00   13.38     21.29   22.30   10.46      9.40   12.12    5.64     21.83    2.16    2.37      3.96   22.19   16.61   233.64   86.42   244.56   87.24 
 141   78.87   13.34     21.31   22.40   10.55     10.93   10.84    5.68     24.73    1.55    2.37      4.28   23.73   16.66   234.55   86.43   245.42   87.27 
 142   78.87   13.35     20.65   24.18   10.64      6.84   23.72    5.80     24.73    1.55    2.36      4.00   34.50   16.79   235.54   86.87   246.81   87.55 
 143   78.87   13.33     20.72   23.78   10.73      6.06   34.18    6.00     24.73    1.55    2.35      4.04   45.41   16.99   232.96   86.63   244.45   87.36 
 144   78.87   13.43     20.55   24.15   10.83      5.86   38.89    6.23     24.73    1.55    2.35      3.95   49.08   17.21   230.96   85.86   242.52   86.51 
 145   78.87   13.36     20.34   24.68   10.92      5.89   37.66    6.45     24.73    1.55    2.34      3.93   47.85   17.42   230.93   84.14   242.62   84.97 
 146   90.86   13.44     20.23   24.93   11.02     10.39   19.11    6.54     23.87    1.85    2.34      4.18   38.23   17.56   229.31   82.92   240.93   83.58 
 147   90.86   13.44     16.46   38.11   11.20      3.05   22.63    6.64     23.87    1.85    2.34      3.33   29.86   17.65   236.88   69.78   248.45   70.45 
 148   90.86   13.49     15.00   44.81   11.43     -3.08   13.07    6.69     23.87    1.85    2.33      0.89   20.95   17.67   234.99   60.97   246.35   61.78 
 149   90.86   13.48     14.38   47.92   11.67     -8.07   13.65    6.73     23.87    1.85    2.33     -2.99   15.71   17.65   244.64   62.20   256.10   62.94 
 150   90.86   13.47     13.31   54.01   11.96     -4.80   13.43    6.78     23.87    1.85    2.33     -4.27   15.36   17.64   226.40   53.76   238.01   54.48 
 151   83.23   10.65     13.44   52.81   12.23      2.03    4.38    6.76     24.37    1.75    2.32     -0.21    7.85   17.57   241.84   64.20   253.44   64.52 
 152   83.23   10.29     12.83   56.39   12.52     -3.40    5.45    6.75     24.37    1.75    2.32     -0.20    8.76   17.52   243.39   61.43   254.71   61.53 
 153   83.23   10.40     12.35   59.90   12.83     -3.79    4.77    6.74     24.37    1.75    2.31      0.42   11.59   17.48   253.88   63.14   265.57   63.72 
 154   83.23   10.74     11.98   61.63   13.14     -2.27    4.67    6.73     24.37    1.75    2.31      0.34   11.25   17.44   253.03   61.15   264.20   62.01 
 155   83.23   11.46     11.67   63.80   13.47     -3.51    5.05    6.72     24.37    1.75    2.31      0.93   12.59   17.41   255.97   60.45   267.51   61.75 
 156   93.65   12.10     11.54   64.37   13.80      0.74    2.69    6.69     24.82    1.64    2.30      1.36   11.01   17.37   256.25   58.63   267.67   59.44 
 157   93.65   12.51     11.53   64.54   14.12      0.62    2.58    6.67     24.82    1.64    2.30      1.18   10.32   17.32   254.68   57.71   266.42   58.95 
 158   93.65   12.49     11.71   63.81   14.44      0.78    2.45    6.64     24.82    1.64    2.29      0.78    8.71   17.27   254.09   58.19   265.71   59.11 
 159   93.65   12.37     12.24   60.70   14.73      1.28    2.37    6.61     24.82    1.64    2.29      0.72    7.34   17.20   255.73   62.59   267.41   63.50 
 160   93.65   12.01     12.36   60.83   15.01      2.05    2.29    6.58     24.82    1.64    2.29     -0.11    6.10   17.13   256.84   63.19   268.25   64.40 
 161   85.58   11.71     12.10   62.62   15.31      0.71    1.65    6.55     25.10    1.56    2.28      0.80    6.90   17.07   257.77   62.58   269.61   63.91 
 162   85.58   11.70     10.95   71.40   15.66     -4.87    1.95    6.53     25.10    1.56    2.28      0.64    6.57   17.01   276.74   68.20   288.05   67.78 
 163   85.58   11.67     11.10   70.93   16.00     -3.09    1.77    6.50     25.10    1.56    2.27      0.53    7.12   16.95   263.89   53.55   274.75   54.58 
 164   85.58   11.81     11.33   68.98   16.32     -5.40    1.99    6.47     25.10    1.56    2.27      1.30    7.19   16.89   276.71   66.59   288.21   67.23 
 165   85.58   11.85     11.40   68.47   16.63     -9.19    1.95    6.44     25.10    1.56    2.26      1.05    8.46   16.83   278.49   66.12   290.08   66.79 
 166   93.67   11.55     11.99   64.63   16.92     -7.02    1.13    6.41     23.58    1.83    2.26      0.57    4.20   16.76   272.08   61.88   283.24   62.62 
 167   93.67   11.35     11.07   72.56   17.26     -8.64    1.16    6.38     23.58    1.83    2.26     -0.41    3.35   16.68   279.69   53.50   291.14   53.75 
 168   93.67   11.90     11.07   73.94   17.59     -2.49    1.13    6.35     23.58    1.83    2.26      1.04    7.97   16.63   285.29   49.61   296.79   49.62 
 169   93.67   11.75     11.27   73.22   17.92     -4.07    1.15    6.32     23.58    1.83    2.25      1.09    6.11   16.56   290.95   52.60   301.70   53.90 
 170   93.67   11.66     11.21   75.24   18.26     -4.77    1.16    6.29     23.58    1.83    2.25      0.45    5.26   16.50   291.58   50.59   303.10   51.33 
 171   89.73   10.55     11.22   77.03   18.60     -0.88    1.14    6.26     25.64    1.42    2.25     -0.08    3.89   16.42   288.99   48.25   300.07   49.10 
 172   89.73   10.67     10.90   80.84   18.97      0.01    1.32    6.23     25.64    1.42    2.24     -0.16    4.29   16.35   285.68   43.99   296.76   45.58 
 173   89.73   10.41      6.85  129.72   19.61    -17.32    1.72    6.20     25.64    1.42    2.24      0.18    7.43   16.30   304.87    3.20   316.47    3.71 
 174   89.73   10.35     10.63   84.56   19.98     -1.57    1.46    6.17     25.64    1.42    2.23     -0.12    4.55   16.23   269.60   40.73   281.90   40.67 
 175   89.73   10.32      7.48  121.59   20.56      0.13    1.17    6.15     25.64    1.42    2.23      0.11    4.50   16.17   327.45   28.17   339.13   27.97 
 176   99.64   12.38      6.52  136.28   21.22    -10.23    0.63    6.11     25.72    1.39    2.22      0.45    4.76   16.10   293.36   -5.68   304.98   -5.11 
 177   99.64   12.34      6.98  130.84   21.84     -1.86    0.53    6.08     25.72    1.39    2.22      0.30    3.37   16.03   329.36   15.23   340.57   15.26 
 178   99.64   12.40      6.71  136.20   22.48     -8.81    0.69    6.05     25.72    1.39    2.21      0.26    3.34   15.96   285.59   -8.99   297.10   -8.27 
 179   99.64   12.64      7.12  130.33   23.08      4.81    0.59    6.02     25.72    1.39    2.21     -0.02    2.67   15.88   326.74   13.01   337.90   12.81 
 180   99.64   12.84      7.04  131.45   23.68      2.14    0.70    5.99     25.72    1.39    2.21     -0.55    1.99   15.81   328.29   12.90   339.42   12.64 
 181  100.74   11.38      6.86  132.35   24.28      0.58    0.95    5.96     23.17    1.84    2.20     -1.23    2.07   15.73   325.82   11.45   336.75   11.41 
 182  100.74   11.35      7.01  129.05   24.86     -0.06    1.01    5.94     23.17    1.84    2.20     -3.24    1.64   15.65   324.93   11.60   335.86   11.54 
 183  100.74   11.41      6.99  128.91   25.43      1.04    0.87    5.91     23.17    1.84    2.20     -6.57    1.37   15.58   328.07   14.34   339.90   14.24 
 184  100.74   11.35      6.68  132.71   26.01     -6.93    1.02    5.88     23.17    1.84    2.20     -9.15    1.30   15.50   329.42   14.31   341.21   14.25 
 185  100.74   11.43      6.80  130.14   26.57     -1.77    0.87    5.86     23.17    1.84    2.20     -9.66    1.30   15.42   326.59   18.48   337.43   17.90 
 186  102.50   12.16      7.24  122.20   27.09     -4.99    0.53    5.83     23.70    1.70    2.19     -7.99    0.99   15.34   278.31    6.13   289.52    6.90 
 187  102.50   12.05      6.26  135.19   27.67      6.20    0.47    5.80     23.70    1.70    2.19     -5.45    1.08   15.27   328.13   19.83   340.08   19.69 
 188  102.50   12.13      7.11  121.82   28.17     -5.98    0.49    5.77     23.70    1.70    2.19     -7.49    1.01   15.19   279.91    6.98   290.82    7.59 
 189  102.50   12.08      6.06  135.17   28.73      6.12    0.27    5.74     23.70    1.70    2.18     -5.66    1.07   15.12   328.51   19.55   339.75   19.71 
 190  102.50   12.13      5.99  132.75   29.28     -0.32    0.63    5.71     23.70    1.70    2.18     -5.57    1.04   15.04   323.69   17.09   335.02   17.31 
 191   96.60   13.35      5.83  134.58   29.83     -1.38    0.44    5.69     25.28    1.40    2.18     -1.59    0.98   14.97   326.43   12.34   338.20   11.95 
 192   96.60   13.29      6.47  124.93   30.33      6.77    0.38    5.66     25.28    1.40    2.17      0.37    1.20   14.90   327.33   15.58   338.52   15.30 
 193   96.60   13.33      6.82  120.88   30.80      5.23    0.34    5.63     25.28    1.40    2.17     -0.37    1.20   14.83   325.43   12.06   336.66   11.83 
 194   96.60   13.41      6.94  121.35   31.26     -8.86    0.50    5.60     25.28    1.40    2.17     -0.48    1.00   14.76   328.97   12.12   340.45   12.30 
 195   96.60   13.45      7.50  115.65   31.70      6.90    0.32    5.58     25.28    1.40    2.16     -0.25    1.04   14.69   326.13   19.69   337.32   19.18 
 196  102.00   13.37      7.80  113.79   32.12    -30.59    0.36    5.55     25.49    1.35    2.16     -2.92    0.55   14.61   314.89   16.05   326.20   16.37 
 197  102.00   13.25      7.82  115.79   32.54      -Inf    0.36    5.52     25.49    1.35    2.15     -2.24    0.66   14.54   290.43    3.69   301.79    3.13 
 198  102.00   13.43      8.82  105.32   32.91      -Inf    0.36    5.50     25.49    1.35    2.15     -2.50    0.56   14.47   273.14   12.47   284.55   12.55 
 199  102.00   13.47      7.97  118.93   33.34    -34.31    0.36    5.47     25.49    1.35    2.15     -7.24    0.41   14.40   253.90    2.38   264.83    2.58 
 200  102.00   13.42      7.96  120.63   33.78      -Inf    0.36    5.45     25.49    1.35    2.14     -4.60    0.45   14.33   271.04   -0.96   283.21   -0.28 
 201   97.27   13.45      8.85  109.36   34.15    -33.51    0.26    5.42     25.72    1.30    2.14     -0.92    0.51   14.26   319.89   16.72   331.01   15.58 
 202   97.27   11.93      8.28  116.39   34.56    -18.04    0.26    5.40     25.72    1.30    2.13      0.03    5.04   14.22   331.95    7.46   344.87    8.68 
 203   97.27   12.87      9.01  108.31   34.92     -0.16    0.20    5.37     25.72    1.30    2.13      0.34    3.38   14.16   331.03    8.10   343.41    8.92 
 204   97.27   12.76      9.19  106.78   35.28     -0.99    0.22    5.35     25.72    1.30    2.13      0.10    3.10   14.11   331.47    4.45   343.68    5.17 
 205   97.27   12.51      8.61  114.75   35.66    -30.24    0.26    5.32     25.72    1.30    2.12      0.04    3.61   14.06   326.17  -10.55   336.85  -10.40 
 206  109.98   10.80      9.69  101.43   35.98     -0.21    0.89    5.30     23.51    1.66    2.12     -0.13    3.55   14.01   320.88   -1.78   332.83   -0.97 
 207  109.98   10.79      9.57  102.84   36.30      0.99    0.87    5.28     23.51    1.66    2.12     -0.31    2.92   13.95   327.75    0.72   338.46    2.19 
 208  109.98   10.75      9.84   98.95   36.61    -22.96    0.99    5.26     23.51    1.66    2.11     -0.25    3.00   13.90   234.05   13.36   245.73   15.18 
 209  109.98   10.72      8.67  111.95   36.97     -2.38    0.92    5.24     23.51    1.66    2.11     -0.62    2.33   13.85   331.42    1.59   343.08    2.51 
 210  109.98   10.84      8.57  113.06   37.33     -2.33    0.87    5.22     23.51    1.66    2.11     -1.84    1.50   13.79   329.74    0.12   340.41    1.20 
 211  112.76   13.41      7.52  127.07   37.75    -21.67    0.28    5.19     24.23    1.51    2.11      0.67    1.33   13.73   311.15  -20.15   323.22  -19.47 
 212  112.76   13.47      8.10  118.64   38.14     -6.30    0.24    5.17     24.23    1.51    2.10      0.30    0.85   13.67   329.80   -6.93   340.53   -6.34 
 213  112.76   13.51      8.15  117.51   38.51      3.32    0.22    5.15     24.23    1.51    2.10      0.76    0.79   13.61   326.21   -7.55   337.59   -7.82 
 214  112.76   13.46      8.06  118.47   38.88    -33.92    0.28    5.12     24.23    1.51    2.10      0.23    1.08   13.55   325.17  -10.08   336.51  -10.48 
 215  112.76   13.46      8.40  114.83   39.24     -2.56    0.21    5.10     24.23    1.51    2.10      0.18    0.90   13.49   328.56   -6.37   340.07   -5.75 
 216  115.80   13.46      8.74  109.68   39.56    -30.48    0.15    5.08     24.06    1.52    2.09     -0.00    0.66   13.43   316.15   -6.73   326.97   -6.10 
 217  115.80   13.42      8.62  110.82   39.89    -25.05    0.15    5.05     24.06    1.52    2.09      0.32    0.78   13.37   325.73   -3.38   336.78   -3.30 
 218  115.80   13.36      7.53  125.85   40.28      1.76    0.13    5.03     24.06    1.52    2.09      0.29    1.22   13.32   225.82  -19.23   236.40  -18.73 
 219  115.80   13.33      7.27  129.46   40.69      -Inf    0.15    5.01     24.06    1.52    2.09      0.30    1.56   13.26   300.85  -33.91   311.69  -33.41 
 220  115.80   13.45      6.17  147.62   41.18      -Inf    0.15    4.99     24.06    1.52    2.08      0.38    1.14   13.21   239.86  -47.69   251.16  -47.12 
 221  115.48    9.97      7.88  120.99   41.54    -23.33    0.93    4.97     23.92    1.52    2.08    -19.98    0.94   13.15   240.26  -20.23   250.64  -19.97 
 222  115.48    9.95     11.00   84.66   41.73     -7.21    0.90    4.95     23.92    1.52    2.08     -5.23    1.07   13.10   327.57   25.20   338.16   24.64 
 223  115.48    9.95      8.42  113.35   42.05     -7.68    0.92    4.93     23.92    1.52    2.08    -15.82    0.95   13.04   266.02  -18.13   277.75  -17.51 
 224  115.48   10.00     10.99   84.14   42.24     -0.75    0.87    4.91     23.92    1.52    2.07     -7.68    1.02   12.99   330.70   31.47   343.77   31.62 
 225  115.48   10.01     11.29   81.82   42.42      4.49    0.82    4.90     23.92    1.52    2.07    -10.61    0.97   12.94   324.92   29.28   338.01   29.35 
 226  124.87   13.47     11.15   83.36   42.60     -2.88    0.15    4.88     22.79    1.72    2.07     -0.17    0.60   12.88   318.14   24.02   330.43   24.51 
 227  124.87   13.47     11.07   84.32   42.78     -2.08    0.16    4.85     22.79    1.72    2.07     -0.97    0.36   12.83   312.97   20.93   325.11   21.41 
 228  124.87   13.49      6.57  141.46   43.22      -Inf    0.17    4.83     22.79    1.72    2.07     -0.30    0.64   12.77   341.55  -26.45   353.45  -25.97 
 229  124.87   13.52     11.33   80.62   43.38    -28.84    0.17    4.81     22.79    1.72    2.06     -0.38    0.32   12.72   327.82   41.48   337.86   41.79 
 230  124.87   13.47      5.33  157.99   43.88      -Inf    0.17    4.79     22.79    1.72    2.06     -5.42    0.21   12.66   327.34  -40.58   340.01  -39.50 
 231  114.86   13.55      4.14  177.40   44.46      -Inf    0.16    4.77     25.83    1.20    2.06     -3.60    0.21   12.61   325.46  -59.48   336.86  -57.50 
 232  114.86   13.52      8.06  110.44   44.74      -Inf    0.16    4.75     25.83    1.20    2.06    -38.36    0.16   12.56   329.81   26.61   340.14   27.16 
 233  114.86   13.50      6.74  126.69   45.09    -10.08    0.15    4.73     25.83    1.20    2.05    -23.26    0.16   12.50   321.83    1.77   332.38    2.12 
 234  114.86   13.50      4.87  152.23   45.55      -Inf    0.16    4.71     25.83    1.20    2.05     -6.69    0.18   12.45   360.26   10.33   370.33   10.35 
 235  114.86   13.49      6.03  131.52   45.91     -4.83    0.15    4.69     25.83    1.20    2.04     -7.70    0.17   12.40   262.32  -23.47   274.75  -23.59 
 236  121.60   13.53      4.85  147.62   46.35    -78.06    0.14    4.68     25.75    1.20    2.04     -8.18    0.15   12.35   309.68  -20.56   321.27  -18.43 
 237  121.60   13.59      4.65  149.42   46.78      -Inf    0.14    4.66     25.75    1.20    2.04     -1.45    0.24   12.29   335.79    1.18   347.84    2.21 
 238  121.60   13.44      2.39  193.22   47.40      -Inf    0.14    4.64     25.75    1.20    2.03     -0.92    0.33   12.24   373.55  -22.08   384.35  -22.05 
 239  121.60   13.64      3.94  160.07   47.87      -Inf    0.14    4.62     25.75    1.20    2.03     -0.24    0.58   12.20   343.55    0.54   357.52   -0.41 
 240  121.60   13.38      3.86  160.51   48.34      -Inf    0.14    4.60     25.75    1.20    2.03     -0.43    0.53   12.15   351.24   12.80   364.91   12.95 
 241  121.08   13.51      3.91  158.32   48.79     -2.13    0.11    4.58     25.14    1.27    2.02     -0.78    0.37   12.10   321.63  -14.64   332.09  -14.37 
 242  121.08   13.38      3.86  157.47   49.24    -26.08    0.13    4.56     25.14    1.27    2.02     -0.86    0.34   12.05   329.77   -3.43   340.15   -2.87 
 243  121.08   13.51      4.08  151.73   49.66      -Inf    0.13    4.54     25.14    1.27    2.02     -0.52    0.40   12.00   345.11   33.30   356.36   33.44 
 244  121.08   13.50      3.47  158.91   50.11      -Inf    0.13    4.53     25.14    1.27    2.01     -0.78    0.37   11.95   334.22   10.70   348.05    9.55 
 245  121.08   13.50      2.48  174.43   50.62     -8.63    0.11    4.51     25.14    1.27    2.01     -0.98    0.32   11.91   328.67  -18.63   338.73  -17.74 
 246  148.65   10.70      2.64  167.25   51.09      -Inf    0.73    4.49     24.48    1.36    2.01    -23.74    0.73   11.86   283.51  -42.23   295.22  -40.73 
 247  148.65   10.70      4.07  137.06   51.44     -9.20    0.72    4.48     24.48    1.36    2.01    -21.97    0.73   11.82   260.40  -18.49   272.17  -16.36 
 248  148.65   10.67      2.69  153.44   51.85    -28.13    0.72    4.46     24.48    1.36    2.00    -19.42    0.74   11.77   279.12  -18.87   290.72  -19.55 
 249  148.65   10.68      0.86  181.48   52.37    -21.16    0.73    4.45     24.48    1.36    2.00    -15.95    0.74   11.73   330.89    8.52   343.00    9.08 
 250  148.65   10.68      1.24  167.78   52.83    -66.73    0.73    4.43     24.48    1.36    2.00    -10.06    0.77   11.68   286.49  -22.64   298.78  -21.13 
 251  126.68   13.47      1.38  160.99   53.27    -13.12    0.09    4.42     25.45    1.20    2.00     -1.41    0.18   11.64   272.97  -22.29   283.82  -22.88 
 252  126.68   13.50     -2.96  259.03   54.08      -Inf    0.09    4.40     25.45    1.20    1.99     -0.22    0.40   11.59   402.89   13.71   413.01   13.52 
 253  126.68   13.52      0.08  181.47   54.59    -16.42    0.09    4.38     25.45    1.20    1.99      0.30    0.38   11.55   295.63  -18.83   307.42  -17.62 
 254  126.68   13.44     -0.10  183.80   55.09    -18.62    0.09    4.36     25.45    1.20    1.99      0.13    0.59   11.51   325.59   41.84   337.25   41.99 
 255  126.68   13.45     -2.08  228.01   55.77      -Inf    0.09    4.35     25.45    1.20    1.98     -0.19    0.28   11.46   343.65  -23.90   355.57  -23.31 
 256  132.24   13.43     -0.42  190.12   56.30    -43.07    0.18    4.33     24.23    1.37    1.98      1.35    0.80   11.42   324.11   19.51   335.50   20.39 
 257  132.24   13.45     -0.25  187.46   56.81     -7.29    0.17    4.32     24.23    1.37    1.98      0.15    0.63   11.38   300.13  -14.40   311.65  -13.05 
 258  132.24   13.62     -0.76  198.51   57.36    -28.85    0.18    4.30     24.23    1.37    1.98      0.94    0.87   11.34   303.93  -21.75   316.36  -20.48 
 259  132.24   13.63     -0.85  198.94   57.90    -32.32    0.18    4.28     24.23    1.37    1.97      0.60    1.20   11.30   329.20   25.37   340.60   25.51 
 260  132.24   13.47     -1.17  210.40   58.49      -Inf    0.18    4.27     24.23    1.37    1.97      1.20    0.89   11.26   345.86   31.05   360.03   30.01 
 261  137.46   13.51     -1.10  212.20   59.08      -Inf    0.10    4.25     23.91    1.40    1.97      0.02    0.54   11.22   345.94   13.03   357.14   13.30 
 262  137.46   13.45     -3.06  269.06   59.88      -Inf    0.10    4.24     23.91    1.40    1.97      1.42    0.43   11.18   400.53   -7.00   411.30   -6.91 
 263  137.46   13.61      0.46  180.42   60.34    -27.54    0.10    4.22     23.91    1.40    1.96     -4.84    0.12   11.13   327.80   59.74   341.80   57.22 
 264  137.46   13.57      0.64  178.11   60.79    -36.05    0.10    4.20     23.91    1.40    1.96      0.58    0.43   11.09   325.73   56.05   339.59   53.55 
 265  137.46   13.48      0.73  179.27   61.23    -17.76    0.09    4.19     23.91    1.40    1.96     -1.85    0.16   11.05   326.92   43.99   341.54   42.54 
 266  137.61   13.49     -1.83  245.86   61.93      -Inf    0.08    4.17     25.48    1.16    1.96      0.03    0.47   11.01   363.61  -40.64   373.53  -42.19 
 267  137.61   13.55      0.12  200.33   62.44     -6.62    0.08    4.16     25.48    1.16    1.95      0.72    0.67   10.97   325.66  -19.62   337.33  -19.14 
 268  137.61   13.49      2.39  158.60   62.80     -3.45    0.08    4.14     25.48    1.16    1.95      0.28    1.18   10.94   325.57   65.12   339.80   62.48 
 269  137.61   13.57      2.93  152.93   63.14    -21.24    0.08    4.13     25.48    1.16    1.95      0.67    0.93   10.90   326.04   61.49   337.46   62.05 
 270  137.61   13.46      0.88  195.07   63.63      -Inf    0.08    4.11     25.48    1.16    1.95      0.34    0.69   10.86   299.48  -48.62   311.84  -49.96 
 271  140.46   10.00      3.54  144.58   63.93    -15.90    0.80    4.10     25.99    1.08    1.94     -6.19    0.92   10.83   322.67   66.02   336.90   63.20 
 272  140.46    9.99      1.84  174.61   64.33     -1.56    0.15    4.09     25.99    1.08    1.94    -10.02    0.85   10.79   312.02  -21.26   323.13  -21.11 
 273  140.46   10.01     -0.43  224.55   64.92      -Inf    0.81    4.07     25.99    1.08    1.94     -8.64    0.86   10.75   388.12   -3.32   398.08   -3.92 
 274  140.46   10.07     -0.65  228.62   65.52      -Inf    0.81    4.06     25.99    1.08    1.93     -9.84    0.85   10.72   347.37  -71.60   357.00  -71.01 
 275  140.46    9.97      1.20  184.94   65.95      -Inf    0.81    4.05     25.99    1.08    1.93     -8.00    0.88   10.68   359.88   27.19   373.30   24.30 
 276  141.59   13.51      0.43  201.74   66.44      -Inf    0.08    4.04     25.22    1.17    1.93      2.47    1.65   10.65   350.00  -33.44   361.58  -32.26 
 277  141.59   13.48      1.68  174.44   66.83      -Inf    0.08    4.02     25.22    1.17    1.92     -0.83    0.21   10.61   309.57  -34.35   322.30  -31.99 
 278  141.59   13.47     -0.10  217.70   67.38      -Inf    0.08    4.01     25.22    1.17    1.92      0.61    1.04   10.58   392.59   22.16   402.51   22.73 
 279  141.59   13.52      3.52  149.23   67.67      -Inf    0.08    3.99     25.22    1.17    1.92     -0.11    0.32   10.54   224.12  -38.25   235.71  -38.65 
 280  141.59   13.50     -0.52  246.74   68.31      -Inf    0.08    3.98     25.22    1.17    1.92     -0.01    0.33   10.50   424.40   23.60   433.87   24.25 
 281  142.37   13.48      3.56  160.23   68.64      -Inf    0.08    3.97     24.76    1.23    1.91      1.22    0.30   10.47   337.19   39.89   347.32   39.71 
 282  142.37   13.50      1.89  199.29   69.10      -Inf    0.08    3.95     24.76    1.23    1.91     -0.21    0.40   10.43   287.33  -50.51   298.45  -50.50 
 283  142.37   13.50     -0.16  261.43   69.78      -Inf    0.08    3.94     24.76    1.23    1.91      0.92    0.46   10.39   322.05 -100.80   334.54  -99.13 
 284  142.37   13.52      3.18  181.66   70.17      -Inf    0.08    3.92     24.76    1.23    1.91      1.23    0.25   10.36   267.78  -33.34   278.23  -34.58 
 285  142.37   13.43      0.99  238.21   70.76      -Inf    0.08    3.91     24.76    1.23    1.90      2.04    0.30   10.32   367.13  -45.79   377.31  -44.35 
 286  148.91   13.46      1.24  233.80   71.33      -Inf    0.07    3.90     24.94    1.19    1.90      -Inf    0.07   10.29   237.47  -91.60   249.58  -90.26 
 287  148.91   13.51      3.19  188.26   71.74      -Inf    0.07    3.88     24.94    1.19    1.90      0.53    0.67   10.25   286.95  -35.06   297.97  -35.55 
 288  148.91   13.58      3.51  183.01   72.13      -Inf    0.07    3.87     24.94    1.19    1.90      0.75    0.86   10.22   245.26  -40.40   256.53  -39.52 
 289  148.91   13.56      1.93  218.07   72.63      -Inf    0.07    3.86     24.94    1.19    1.89      1.28    0.79   10.19   326.12  -52.18   339.33  -50.24 
 290  148.91   13.46      3.01  189.52   73.03      -Inf    0.07    3.84     24.94    1.19    1.89      1.74    0.80   10.16   355.30    4.35   365.75    4.60 
 291  149.94   13.49      1.31  228.08   73.57      -Inf    0.07    3.83     24.78    1.20    1.89     -0.02    0.35   10.12   416.41   19.15   426.51   19.38 
 292  149.94   13.47      2.62  191.94   73.97      -Inf    0.07    3.82     24.78    1.20    1.89     -0.23    0.32   10.09   326.20  -29.43   339.84  -28.53 
 293  149.94   13.52      2.18  196.87   74.39      -Inf    0.07    3.81     24.78    1.20    1.88      0.62    0.25   10.06   381.26   17.55   391.23   17.63 
 294  149.94   13.44      1.62  204.50   74.83      -Inf    0.07    3.79     24.78    1.20    1.88     -1.09    0.16   10.02   316.08  -56.07   329.17  -54.03 
 295  149.94   13.48      1.03  210.92   75.30      -Inf    0.07    3.78     24.78    1.20    1.88     -0.33    0.25    9.99   377.43   -7.52   386.43   -7.28 
 296  152.75   13.44      1.80  188.32   75.68      -Inf    0.06    3.77     25.16    1.14    1.88      0.01    0.48    9.96   241.88  -73.22   253.63  -72.86 
 297  152.75   13.45     -0.12  232.48   76.21      -Inf    0.06    3.76     25.16    1.14    1.88      -Inf    0.06    9.92   384.07  -29.09   393.90  -30.64 
 298  152.75   13.56     -1.70  275.67   76.87      -Inf    0.06    3.74     25.16    1.14    1.87     -2.08    0.09    9.89   398.30  -74.93   409.97  -73.42 
 299  152.75   13.52      0.97  200.14   77.29      -Inf    0.06    3.73     25.16    1.14    1.87      0.34    0.27    9.86   309.29  -48.62   319.89  -47.97 
 300  152.75   13.48     -2.81  306.59   78.05      -Inf    0.06    3.72     25.16    1.14    1.87     -0.70    0.15    9.83   422.00  -88.17   433.80  -85.74 
 301  161.89   11.39     -0.06  224.12   78.54      -Inf    0.51    3.71     25.36    1.11    1.87     -5.96    0.58    9.80   378.18   -4.30   387.05   -4.03 
 302  161.89   11.44      0.13  219.34   79.00      -Inf    0.51    3.70     25.36    1.11    1.86     -3.19    0.61    9.77   390.42   37.16   400.17   36.28 
 303  161.89   11.43     -1.86  274.56   79.65      -Inf    0.51    3.69     25.36    1.11    1.86     -2.98    0.67    9.74   316.03 -122.89   328.95 -122.11 
 304  161.89   11.59     -0.03  220.70   80.11      -Inf    0.51    3.68     25.36    1.11    1.86     -1.88    0.72    9.71   388.09   40.85   398.15   40.08 
 305  161.89   11.47     -2.18  278.47   80.76      -Inf    0.51    3.67     25.36    1.11    1.86     -0.40    0.76    9.68   376.39  -78.51   385.67  -77.82 
 306  168.40   13.51     -0.75  232.80   81.26      -Inf    0.05    3.65     24.56    1.20    1.85     -0.80    0.12    9.64   398.84   50.10   409.51   48.62 
 307  168.40   13.43      0.34  204.35   81.66      -Inf    0.05    3.64     24.56    1.20    1.85     -0.44    0.21    9.61   227.71  -84.77   240.23  -84.96 
 308  168.40   13.52      0.53  198.95   82.04    -17.46    0.05    3.63     24.56    1.20    1.85     -1.53    0.09    9.58   323.46  -21.51   333.88  -20.18 
 309  168.40   13.56      1.10  185.22   82.38      -Inf    0.05    3.62     24.56    1.20    1.85     -0.41    0.22    9.55   350.42   54.86   360.75   55.05 
 310  168.40   13.44      0.10  206.76   82.78    -23.46    0.05    3.61     24.56    1.20    1.84     -0.19    0.26    9.52   329.22  -23.32   342.34  -23.01 
 311  174.08   13.44     -1.90  259.71   83.35      -Inf    0.03    3.60     23.20    1.39    1.84     -0.26    0.23    9.49   365.73  -62.47   379.45  -62.30 
 312  174.08   13.41     -1.03  237.39   83.84      -Inf    0.03    3.58     23.20    1.39    1.84     -0.53    0.10    9.46   392.61   10.07   403.61   10.89 
 313  174.08   13.56     -2.06  269.45   84.43      -Inf    0.03    3.57     23.20    1.39    1.84      0.76    0.12    9.43   425.60   -1.78   436.05   -1.70 
 314  174.08   13.45     -0.26  227.68   84.89      -Inf    0.03    3.56     23.20    1.39    1.84      0.02    0.25    9.40   365.40  -31.94   379.04  -31.72 
 315  174.08   13.54      0.13  221.79   85.32      -Inf    0.03    3.55     23.20    1.39    1.84      0.47    0.28    9.37   328.12  -61.43   341.17  -58.98 
 316  171.42   13.50     -0.14  236.10   85.80      -Inf    0.04    3.54     24.63    1.17    1.84      0.65    0.53    9.35   396.37  -10.35   406.51  -10.22 
 317  171.42   13.46      1.29  206.53   86.18      -Inf    0.04    3.53     24.63    1.17    1.83      1.13    0.46    9.32   378.24    5.18   388.89    5.49 
 318  171.42   13.52      1.87  197.77   86.53      -Inf    0.04    3.52     24.63    1.17    1.83      0.37    0.45    9.29   386.68   32.84   397.14   32.48 
 319  171.42   13.59      3.19  171.46   86.80      -Inf    0.04    3.51     24.63    1.17    1.83      1.10    0.29    9.26   271.83  -41.46   282.23  -43.12 
 320  171.42   13.45      3.45  168.10   87.05      -Inf    0.04    3.50     24.63    1.17    1.83      1.44    0.62    9.24   253.40  -47.39   263.73  -47.69 
 321  173.44   13.50      2.50  187.93   87.37      -Inf    0.04    3.49     25.03    1.11    1.83      -Inf    0.04    9.21   334.73  -34.16   345.65  -31.23 
 322  173.44   13.39      2.78  181.54   87.66      -Inf    0.04    3.47     25.03    1.11    1.82      1.97    0.68    9.18   378.74   23.64   387.83   23.86 
 323  173.44   13.51      3.74  159.51   87.88      -Inf    0.04    3.46     25.03    1.11    1.82      1.03    0.24    9.15   360.28   41.45   370.42   40.75 
 324  173.44   13.47      2.57  180.45   88.17      -Inf    0.04    3.45     25.03    1.11    1.82      0.96    0.26    9.13   339.70  -21.22   350.23  -20.34 
 325  173.44   13.47      1.60  200.01   88.51      -Inf    0.04    3.44     25.03    1.11    1.82      0.21    0.16    9.10   393.42   23.82   403.92   23.09 
 326  174.51   13.50      0.97  214.08   88.90      -Inf    0.04    3.43     23.91    1.26    1.81      0.12    0.37    9.07   333.72  -69.41   343.63  -69.71 
 327  174.51   13.43     -0.79  261.76   89.42      -Inf    0.04    3.42     23.91    1.26    1.81      0.26    0.12    9.04   403.91  -68.99   415.56  -66.26 
 328  174.51   13.51      1.14  208.85   89.79      -Inf    0.04    3.41     23.91    1.26    1.81      0.19    0.33    9.02   387.40    3.86   397.01    3.15 
 329  174.51   13.69     -0.08  240.01   90.25      -Inf    0.04    3.40     23.91    1.26    1.81     -0.22    0.18    8.99   383.83  -51.63   393.38  -51.96 
 330  174.51   13.47     -1.12  270.63   90.79      -Inf    0.04    3.39     23.91    1.26    1.81     -7.74    0.04    8.96   415.98  -55.78   425.19  -55.60 
 331  176.37   13.49     -0.71  256.88   91.29      -Inf    0.04    3.38     24.69    1.14    1.81      0.17    0.57    8.94   385.10  -65.30   398.69  -64.49 
 332  176.37   13.48     -0.81  257.17   91.79      -Inf    0.04    3.37     24.69    1.14    1.80      0.06    0.38    8.91   394.15  -54.44   407.16  -51.62 
 333  176.37   13.53      0.91  208.54   92.14      -Inf    0.04    3.36     24.69    1.14    1.80      0.13    0.39    8.89   364.55   -9.67   374.93   -8.01 
 334  176.37   13.56      1.61  189.08   92.43    -13.02    0.03    3.35     24.69    1.14    1.80     -2.54    0.06    8.86   325.72  -20.79   336.16  -19.96 
 335  176.37   13.46      1.59  187.77   92.72      -Inf    0.04    3.34     24.69    1.14    1.80     -0.26    0.17    8.83   195.71  -78.90   208.17  -80.17 
 336  175.62   13.53      3.47  150.30   92.89      -Inf    0.04    3.33     24.14    1.20    1.80      0.55    0.30    8.81   213.73  -43.03   225.74  -43.30 
 337  175.62   13.47      0.30  214.38   93.25      -Inf    0.04    3.32     24.14    1.20    1.79     -2.97    0.06    8.78   322.99  -66.53   333.61  -65.99 
 338  175.62   13.55     -1.30  256.97   93.74      -Inf    0.04    3.31     24.14    1.20    1.79      0.29    0.32    8.76   370.83  -81.57   384.41  -81.03 
 339  175.62   13.53      0.82  202.10   94.05      -Inf    0.04    3.30     24.14    1.20    1.79      -Inf    0.04    8.73   351.85  -20.41   362.45  -19.44 
 340  175.62   13.49      1.41  189.78   94.34     -0.34    0.04    3.29     24.14    1.20    1.79      1.69    0.17    8.71   333.73  -17.87   346.85  -15.55 
 341  179.85   13.47      0.18  218.24   94.70      -Inf    0.04    3.28     24.61    1.13    1.79      0.05    0.14    8.68   404.74   75.72   415.86   73.26 
 342  179.85   13.48      1.46  190.91   94.98      -Inf    0.04    3.27     24.61    1.13    1.79      1.30    0.89    8.66   370.06   45.48   379.43   45.49 
 343  179.85   13.49     -1.72  275.88   95.51      -Inf    0.04    3.26     24.61    1.13    1.78     -4.07    0.04    8.63   425.49  -33.77   435.78  -34.27 
 344  179.85   13.51      0.71  209.78   95.84      -Inf    0.04    3.25     24.61    1.13    1.78     -0.18    0.18    8.61   362.42   -7.87   373.29   -7.34 
 345  179.85   13.45      1.74  186.44   96.10      -Inf    0.04    3.25     24.61    1.13    1.78      1.03    0.49    8.59   219.67  -68.18   232.30  -69.69 
 346  190.47   13.44      2.04  180.78   96.35      -Inf    0.03    3.24     23.87    1.23    1.78      1.50    0.79    8.56   266.26  -50.66   277.69  -51.24 
 347  190.47   13.39      1.42  195.12   96.63      -Inf    0.03    3.23     23.87    1.23    1.78      1.57    0.52    8.54   254.23  -72.83   264.03  -74.27 
 348  190.47   13.47     -1.19  264.99   97.12      -Inf    0.03    3.22     23.87    1.23    1.77      0.33    0.25    8.52   380.31  -82.37   392.82  -79.22 
 349  190.47   13.50     -0.81  254.92   97.57      -Inf    0.03    3.21     23.87    1.23    1.77      0.69    0.45    8.49   394.42  -57.50   404.07  -56.93 
 350  190.47   13.45      1.82  189.07   97.83      -Inf    0.03    3.20     23.87    1.23    1.77      0.75    0.46    8.47   338.48  -25.79   352.30  -23.59 
 351  193.56   13.51      2.98  168.44   98.03      -Inf    0.03    3.19     24.23    1.17    1.77      0.89    0.29    8.45   262.18  -54.59   273.39  -54.69 
 352  193.56   13.48      1.00  218.51   98.37      -Inf    0.03    3.18     24.23    1.17    1.77      0.31    0.25    8.42   207.78 -111.80   220.46 -112.92 
 353  193.56   13.55     -0.95  280.97   98.89      -Inf    0.03    3.17     24.23    1.17    1.77      -Inf    0.03    8.40   330.89 -150.64   343.32 -150.71 
 354  193.56   13.54      1.64  214.10   99.22      -Inf    0.03    3.16     24.23    1.17    1.76      1.99    0.17    8.38   399.88  -14.65   408.77  -16.26 
 355  193.56   13.55      2.49  198.55   99.50      -Inf    0.03    3.15     24.23    1.17    1.76    -11.53    0.03    8.35   298.48  -71.56   312.62  -69.26 
 356  197.51   13.46      3.05  188.39   99.75      -Inf    0.03    3.15     24.07    1.18    1.76      0.19    0.36    8.33   251.11  -67.88   260.84  -69.38 
 357  197.51   13.41      0.59  251.59  100.17      -Inf    0.03    3.14     24.07    1.18    1.76      0.56    0.37    8.31   343.61 -106.72   355.91 -102.44 
 358  197.51   13.51      0.14  264.60  100.63      -Inf    0.03    3.13     24.07    1.18    1.76      1.13    1.07    8.29   446.65  -33.69   457.82  -35.35 
 359  197.51   13.47      2.21  206.72  100.93      -Inf    0.03    3.12     24.07    1.18    1.76      0.72    0.77    8.27   283.67  -77.14   295.17  -77.86 
 360  197.51   13.41      2.07  207.26  101.22      -Inf    0.03    3.11     24.07    1.18    1.76    -13.20    0.03    8.24   359.18  -39.36   367.84  -39.51 
 361  198.50   13.56      0.51  241.23  101.61      -Inf    0.03    3.10     24.00    1.18    1.75      1.37    0.38    8.22   305.53 -108.72   317.06 -105.82 
 362  198.50   13.55      1.08  222.33  101.94      -Inf    0.03    3.09     24.00    1.18    1.75     -0.23    0.08    8.20   244.61 -102.70   254.61 -103.37 
 363  198.50   13.52      2.05  194.99  102.20      -Inf    0.03    3.09     24.00    1.18    1.75      1.55    0.40    8.18   222.27  -78.17   232.90  -79.60 
 364  198.50   13.60      2.46  181.60  102.42      -Inf    0.03    3.08     24.00    1.18    1.75      1.56    0.68    8.16   273.91  -55.43   285.00  -56.73 
 365  198.50   13.43     -0.23  247.22  102.81      -Inf    0.03    3.07     24.00    1.18    1.75      0.43    0.43    8.14   407.44  -36.22   416.71  -37.33 
 366  203.38   13.43     -1.31  282.02  103.30      -Inf    0.03    3.06     24.00    1.17    1.75      1.52    1.24    8.12   335.99 -140.15   350.22 -138.77 
 367  203.38   13.45      0.74  224.22  103.63      -Inf    0.03    3.05     24.00    1.17    1.74      1.84    0.90    8.10   221.45 -109.41   231.69 -110.21 
 368  203.38   13.50      0.83  226.89  103.97      -Inf    0.03    3.04     24.00    1.17    1.74      0.12    0.40    8.08   402.24  -13.38   410.36  -14.52 
 369  203.38   13.43      2.61  189.06  104.20      -Inf    0.03    3.04     24.00    1.17    1.74      1.24    1.26    8.06   277.16  -61.13   288.77  -60.89 
 370  203.38   13.49      2.19  201.79  104.46      -Inf    0.03    3.03     24.00    1.17    1.74      1.22    0.55    8.04   414.55   60.13   425.63   57.92 
 371  220.49   13.67      4.03  163.73  104.62      -Inf    0.03    3.02     24.31    1.12    1.74      1.92    0.50    8.02   297.80  -23.82   308.66  -24.27 
 372  220.49   13.50      1.37  223.97  104.94      -Inf    0.03    3.01     24.31    1.12    1.74      1.59    0.39    8.00   301.79  -90.17   315.70  -88.04 
 373  220.49   13.59      1.30  223.83  105.26      -Inf    0.03    3.00     24.31    1.12    1.73      0.07    0.22    7.98   367.66  -54.12   377.57  -54.68 
 374  220.49   13.52      3.36  175.10  105.45      -Inf    0.03    3.00     24.31    1.12    1.73      0.41    0.62    7.96   174.63  -49.64   186.06  -50.73 
 375  220.49   13.48      1.76  205.02  105.71      -Inf    0.03    2.99     24.31    1.12    1.73      0.26    0.55    7.94   308.70  -70.30   322.84  -67.85 
 376  221.43   13.43      0.35  238.49  106.07      -Inf    0.03    2.98     24.49    1.09    1.73      -Inf    0.03    7.92   424.12   -7.54   433.13   -8.66 
 377  221.43   13.38     -0.12  246.00  106.44      -Inf    0.03    2.97     24.49    1.09    1.73      0.10    0.39    7.90   319.70 -110.64   331.69 -107.65 
 378  221.43   13.52     -0.33  244.81  106.80      -Inf    0.03    2.96     24.49    1.09    1.73      -Inf    0.03    7.88   315.97 -108.35   328.04 -105.28 
 379  221.43   13.48      0.41  221.77  107.11      -Inf    0.03    2.96     24.49    1.09    1.72      1.62    0.87    7.86   369.13  -32.70   379.09  -32.79 
 380  221.43   13.45     -0.76  249.80  107.48      -Inf    0.03    2.95     24.49    1.09    1.72      0.52    0.23    7.84   426.89   20.26   437.99   19.88 
 381  228.27   13.46     -0.74  245.66  107.85      -Inf    0.03    2.94     23.70    1.19    1.72     -0.02    0.29    7.82   390.25  -33.53   399.27  -35.06 
 382  228.27   13.42     -1.56  268.86  108.27      -Inf    0.03    2.93     23.70    1.19    1.72     -0.64    0.08    7.80   365.40  -94.91   375.58  -95.48 
 383  228.27   13.51     -1.25  256.61  108.65      -Inf    0.03    2.93     23.70    1.19    1.72     -0.62    0.11    7.78   305.59 -121.26   319.44 -119.49 
 384  228.27   13.47      3.13  151.28  108.77      -Inf    0.03    2.92     23.70    1.19    1.72      0.65    1.16    7.76   332.53   69.26   341.96   68.30 
 385  228.27   13.44      0.35  205.36  109.02      -Inf    0.03    2.91     23.70    1.19    1.72      -Inf    0.03    7.74   238.16  -95.73   248.11  -97.23 
 386  232.53   13.48      1.74  174.53  109.19      -Inf    0.03    2.90     23.75    1.18    1.71      -Inf    0.03    7.72   205.20  -74.80   215.61  -75.94 
 387  232.53   13.46      0.22  206.03  109.44      -Inf    0.03    2.90     23.75    1.18    1.71      -Inf    0.03    7.70   274.97  -90.37   285.01  -91.46 
 388  232.53   13.64      0.32  203.80  109.68      -Inf    0.03    2.89     23.75    1.18    1.71      1.97    0.10    7.68   204.28 -111.52   214.12 -112.06 
 389  232.53   13.61     -1.31  249.69  110.04      -Inf    0.03    2.88     23.75    1.18    1.71      -Inf    0.03    7.66   419.85   -5.49   430.04   -5.94 
 390  232.53   13.48      0.84  198.80  110.27      -Inf    0.03    2.87     23.75    1.18    1.71      -Inf    0.03    7.64   220.13 -102.81   229.77 -103.70 
 391  233.99   13.50     -0.54  235.18  110.59      -Inf    0.03    2.87     23.67    1.18    1.71      -Inf    0.03    7.62   172.50 -136.99   185.66 -136.82 
 392  233.99   13.59      0.03  220.52  110.87      -Inf    0.03    2.86     23.67    1.18    1.71     -8.75    0.03    7.60   309.48  -87.84   323.25  -85.41 
 393  233.99   13.56      0.75  203.99  111.10      -Inf    0.03    2.85     23.67    1.18    1.70     -0.17    0.14    7.58   212.07 -101.30   222.34 -102.31 
 394  233.99   13.56     -0.00  218.83  111.38      -Inf    0.03    2.85     23.67    1.18    1.70      -Inf    0.03    7.56   218.44 -113.33   229.42 -114.96 
 395  233.99   13.54     -1.48  249.72  111.73      -Inf    0.03    2.84     23.67    1.18    1.70      -Inf    0.03    7.54   327.85  -98.49   340.56  -96.37 
 396  226.48   13.52     -0.89  224.33  112.01      -Inf    0.04    2.83     25.00    1.00    1.70      -Inf    0.04    7.53   377.39   13.96   388.73   12.46 
 397  226.48   13.53     -1.04  219.75  112.28      -Inf    0.04    2.82     25.00    1.00    1.70      -Inf    0.04    7.51   382.90   73.56   393.44   72.00 
 398  226.48   13.53     -3.37  274.09  112.69      -Inf    0.04    2.82     25.00    1.00    1.70      -Inf    0.04    7.49   405.69  -23.06   416.16  -22.54 
 399  226.48   13.56     -0.33  185.70  112.87      -Inf    0.04    2.81     25.00    1.00    1.70      -Inf    0.04    7.47   277.48  -50.28   292.24  -48.00 
 400  226.48   13.50     -3.86  269.03  113.26      -Inf    0.04    2.80     25.00    1.00    1.69      -Inf    0.04    7.45   397.84  -16.19   408.09  -15.18 
 401  230.15   13.50     -3.47  254.06  113.61      -Inf    0.04    2.80     25.00    1.00    1.69      -Inf    0.04    7.43   344.60  -80.30   355.00  -80.10 
 402  230.15   13.49     -3.27  243.62  113.94      -Inf    0.04    2.79     25.00    1.00    1.69      -Inf    0.04    7.41   382.19   31.21   391.76   30.37 
 403  230.15   13.54     -2.53  224.84  114.21      -Inf    0.04    2.78     25.00    1.00    1.69      -Inf    0.04    7.40   298.84  -84.17   312.79  -82.30 
 404  230.15   13.49     -4.00  270.85  114.60      -Inf    0.04    2.78     25.00    1.00    1.69      -Inf    0.04    7.38   394.93  -29.50   403.44  -30.20 
 405  230.15   13.54     -2.53  231.36  114.89      -Inf    0.04    2.77     25.00    1.00    1.69      -Inf    0.04    7.36   297.84  -93.79   312.01  -91.59 
 406  222.77   13.51      1.22  152.49  114.98      -Inf    0.03    2.76     24.03    1.11    1.68      -Inf    0.03    7.34   151.81  -68.49   163.24  -68.29 
 407  222.77   13.52     -3.56  271.61  115.37      -Inf    0.03    2.76     24.03    1.11    1.68      -Inf    0.03    7.32   418.26   20.97   427.18   19.75 
 408  222.77   13.59     -0.83  201.04  115.58      -Inf    0.03    2.75     24.03    1.11    1.68      -Inf    0.03    7.31   220.18 -104.72   230.80 -106.17 
 409  222.77   13.58     -3.16  267.67  115.95      -Inf    0.03    2.74     24.03    1.11    1.68     -1.18    0.07    7.29   370.73  -80.53   382.86  -76.16 
 410  222.77   13.53     -2.50  251.49  116.28      -Inf    0.03    2.74     24.03    1.11    1.68     -0.10    0.27    7.27   413.89   79.83   424.52   78.15 
 411  225.82   13.60     -1.82  237.47  116.57      -Inf    0.02    2.73     24.43    1.05    1.68      -Inf    0.02    7.25   243.19 -137.72   252.57 -138.77 
 412  225.82   13.58     -0.49  203.73  116.79      -Inf    0.02    2.72     24.43    1.05    1.67      -Inf    0.02    7.24   252.06  -99.66   261.76 -100.23 
 413  225.82   13.67     -2.00  243.85  117.09      -Inf    0.02    2.72     24.43    1.05    1.67      -Inf    0.02    7.22   332.60  -96.08   346.09  -92.94 
 414  225.82   13.57     -3.62  296.73  117.53      -Inf    0.02    2.71     24.43    1.05    1.67      -Inf    0.02    7.20   345.62 -154.31   357.58 -150.67 
 415  225.82   13.59     -4.14  320.31  118.02      -Inf    0.02    2.70     24.43    1.05    1.67      -Inf    0.02    7.18   371.32 -162.70   383.44 -157.64 
 416  236.67   13.48     -3.21  292.60  118.44      -Inf    0.03    2.70     25.20    0.96    1.67      -Inf    0.03    7.17   463.05   52.61   474.03   51.30 
 417  236.67   13.57     -1.18  234.48  118.71      -Inf    0.03    2.69     25.20    0.96    1.67      -Inf    0.03    7.15   304.89  -99.04   318.26  -96.37 
 418  236.67   13.52     -2.71  281.17  119.10      -Inf    0.03    2.68     25.20    0.96    1.67      -Inf    0.03    7.13   344.52 -127.28   357.83 -125.33 
 419  236.67   13.51      0.97  186.81  119.26      -Inf    0.03    2.68     25.20    0.96    1.66      -Inf    0.03    7.11   263.12  -67.88   272.28  -68.59 
 420  236.67   13.46     -3.44  314.45  119.73      -Inf    0.03    2.67     25.20    0.96    1.66      -Inf    0.03    7.10   442.35  -72.83   457.36  -73.80 
 421  234.65   10.91      0.39  205.35  119.93      -Inf    0.38    2.67     24.98    0.98    1.66      -Inf    0.38    7.08   356.60  -12.00   367.70  -13.02 
 422  234.65   10.80     -2.18  276.89  120.30      -Inf    0.38    2.66     24.98    0.98    1.66      -Inf    0.38    7.07   433.55  -28.70   444.73  -29.44 
 423  234.65   10.71     -0.74  232.12  120.57      -Inf    0.38    2.66     24.98    0.98    1.66      -Inf    0.38    7.05   349.10  -74.39   359.54  -74.38 
 424  234.65   10.76     -0.52  226.42  120.82      -Inf    0.38    2.65     24.98    0.98    1.66      -Inf    0.38    7.03   386.88  -22.65   396.21  -23.26 
 425  234.65   10.74     -1.34  245.01  121.11      -Inf    0.38    2.64     24.98    0.98    1.65      -Inf    0.38    7.02   378.60  -64.50   392.59  -66.04 
 426  221.05   13.51     -0.96  233.10  121.37      -Inf    0.02    2.64     25.03    0.97    1.65      -Inf    0.02    7.00   202.53 -146.45   213.84 -147.78 
 427  221.05   13.56     -2.01  264.94  121.71      -Inf    0.02    2.63     25.03    0.97    1.65      -Inf    0.02    6.99   425.66  -22.30   433.55  -22.79 
 428  221.05   13.56     -2.46  276.62  122.07      -Inf    0.02    2.63     25.03    0.97    1.65      -Inf    0.02    6.97   421.58  -43.60   432.83  -43.93 
 429  221.05   13.54     -0.97  232.90  122.33      -Inf    0.02    2.62     25.03    0.97    1.65     -3.33    0.03    6.95   362.43  -51.90   375.00  -47.50 
 430  221.05   13.53     -1.09  236.68  122.60      -Inf    0.02    2.61     25.03    0.97    1.65      -Inf    0.02    6.94   365.26  -50.34   379.26  -52.88 
 431  238.07   13.58     -0.36  218.87  122.82      -Inf    0.03    2.61     25.05    0.96    1.64      -Inf    0.03    6.92   258.71 -109.89   270.17 -110.18 
 432  238.07   13.47     -1.47  247.28  123.11      -Inf    0.03    2.60     25.05    0.96    1.64      -Inf    0.03    6.91   242.35 -146.32   252.35 -145.64 
 433  238.07   13.52     -1.36  246.39  123.39      -Inf    0.03    2.60     25.05    0.96    1.64      -Inf    0.03    6.89   396.26  -38.47   405.11  -39.09 
 434  238.07   13.46     -2.24  281.48  123.76      -Inf    0.03    2.59     25.05    0.96    1.64      -Inf    0.03    6.87   437.41  -53.58   445.42  -53.72 
 435  238.07   13.50     -2.48  290.39  124.14      -Inf    0.03    2.58     25.05    0.96    1.64      -Inf    0.03    6.86   335.40 -169.92   348.24 -165.41 
 436  239.51   13.57      0.88  203.30  124.32      -Inf    0.03    2.58     25.01    0.96    1.64      -Inf    0.03    6.84   358.36  -43.43   367.85  -43.69 
 437  239.51   13.51     -0.19  234.47  124.57      -Inf    0.03    2.57     25.01    0.96    1.63      -Inf    0.03    6.83   257.43 -137.36   267.47 -138.37 
 438  239.51   13.61     -0.12  237.32  124.83      -Inf    0.03    2.57     25.01    0.96    1.63      -Inf    0.03    6.81   371.84  -74.79   385.81  -76.65 
 439  239.51   13.52      1.02  209.30  125.02      -Inf    0.03    2.56     25.01    0.96    1.63      -Inf    0.03    6.80   277.60 -102.10   287.22 -103.42 
 440  239.51   13.56     -3.10  333.31  125.50      -Inf    0.03    2.56     25.01    0.96    1.63      -Inf    0.03    6.78   443.85 -140.37   458.36 -139.51 
 441  250.87   13.53     -0.12  232.12  125.74      -Inf    0.02    2.55     25.91    0.86    1.63      -Inf    0.02    6.77   237.92 -137.95   249.40 -136.88 
 442  250.87   13.48     -2.65  303.68  126.14      -Inf    0.02    2.54     25.91    0.86    1.63      -Inf    0.02    6.75   436.29 -100.68   447.87  -96.30 
 443  250.87   13.55      0.11  221.64  126.36      -Inf    0.02    2.54     25.91    0.86    1.63      -Inf    0.02    6.73   262.63 -124.48   272.44 -126.36 
 444  250.87   13.56     -2.47  298.97  126.74      -Inf    0.02    2.53     25.91    0.86    1.62      -Inf    0.02    6.72   413.21 -123.72   428.16 -124.34 
 445  250.87   13.51     -0.48  238.46  127.00      -Inf    0.02    2.53     25.91    0.86    1.62     -2.79    0.04    6.70   359.83  -97.26   372.53  -93.38 
 446  252.80   13.52     -0.37  237.49  127.24      -Inf    0.02    2.52     25.94    0.85    1.62     -0.21    0.08    6.69   246.07 -149.18   255.10 -151.24 
 447  252.80   13.54      0.69  211.02  127.43      -Inf    0.02    2.52     25.94    0.85    1.62      -Inf    0.02    6.67   335.77  -87.34   346.06  -87.31 
 448  252.80   13.58      4.17  144.33  127.47      -Inf    0.02    2.51     25.94    0.85    1.62     -0.71    0.06    6.66   230.82  -60.67   240.50  -62.54 
 449  252.80   13.57     -1.65  284.36  127.82      -Inf    0.02    2.50     25.94    0.85    1.61      -Inf    0.02    6.65   430.38 -101.54   438.24 -101.96 
 450  252.80   13.52      1.40  201.85  127.98      -Inf    0.02    2.50     25.94    0.85    1.61      -Inf    0.02    6.63   350.84  -54.39   361.87  -54.36 
 451  257.63   13.51      3.74  154.08  128.04      -Inf    0.02    2.49     25.62    0.88    1.61     -0.31    0.08    6.62   230.40  -52.95   239.91  -54.89 
 452  257.63   13.46     -2.58  314.26  128.45      -Inf    0.02    2.49     25.62    0.88    1.61      1.23    0.19    6.60   334.20 -182.52   346.22 -179.06 
 453  257.63   13.58     -3.23  325.40  128.89      -Inf    0.02    2.48     25.62    0.88    1.61      -Inf    0.02    6.59   441.67 -104.22   452.87 -100.01 
 454  257.63   13.51     -0.97  238.91  129.13      -Inf    0.02    2.48     25.62    0.88    1.61      -Inf    0.02    6.57   230.90 -129.32   240.95 -130.70 
 455  257.63   13.49     -2.12  257.17  129.41      -Inf    0.02    2.47     25.62    0.88    1.60      -Inf    0.02    6.56   213.86 -155.08   223.69 -154.43 
 456  249.28    9.98     -4.34  312.45  129.81      -Inf    0.46    2.47     24.97    0.94    1.60      -Inf    0.46    6.55   440.37  -47.59   450.86  -48.29 
 457  249.28    9.98     -3.61  281.37  130.14      -Inf    0.46    2.46     24.97    0.94    1.60      -Inf    0.46    6.53   365.52 -102.35   377.84 -101.63 
 458  249.28    9.94     -3.22  264.19  130.44      -Inf    0.46    2.46     24.97    0.94    1.60      -Inf    0.46    6.52   257.70 -161.02   267.66 -161.63 
 459  249.28   10.02     -3.41  265.14  130.73      -Inf    0.46    2.45     24.97    0.94    1.60      -Inf    0.46    6.51   383.08  -55.65   394.03  -52.07 
 460  249.28   10.00     -4.74  312.79  131.13      -Inf    0.46    2.45     24.97    0.94    1.60      -Inf    0.46    6.49   346.61 -167.17   359.09 -163.75 
 461  251.66    9.98     -3.59  277.97  131.44      -Inf    0.46    2.45     24.97    0.93    1.60      -Inf    0.46    6.48   362.63 -100.34   373.15  -99.24 
 462  251.66   10.07     -3.10  269.11  131.74      -Inf    0.46    2.44     24.97    0.93    1.59      -Inf    0.46    6.47   362.49  -84.14   372.66  -84.71 
 463  251.66    9.92     -4.14  311.72  132.13      -Inf    0.46    2.44     24.97    0.93    1.59      -Inf    0.46    6.45   442.15  -39.10   453.31  -38.91 
 464  251.66   10.00     -0.80  215.28  132.31      -Inf    0.46    2.43     24.97    0.93    1.59      -Inf    0.46    6.44   208.95 -107.03   219.58 -107.22 
 465  251.66   10.04     -3.95  313.46  132.70      -Inf    0.46    2.43     24.97    0.93    1.59      -Inf    0.46    6.43   401.35  -94.70   412.44  -91.11 
 466  261.85   13.55     -4.70  344.04  133.15      -Inf    0.02    2.42     24.97    0.93    1.59      -Inf    0.02    6.41   462.56  -61.19   473.90  -61.24 
 467  261.85   13.47     -1.97  252.97  133.41      -Inf    0.02    2.42     24.97    0.93    1.59      -Inf    0.02    6.40   392.13  -12.32   400.85  -12.90 
 468  261.85   13.59     -1.31  233.66  133.62      -Inf    0.02    2.41     24.97    0.93    1.59      -Inf    0.02    6.39   221.31 -129.55   232.01 -128.67 
 469  261.85   13.60     -2.02  254.48  133.88      -Inf    0.02    2.41     24.97    0.93    1.58      -Inf    0.02    6.37   256.39 -143.89   265.95 -145.43 
 470  261.85   13.52      1.94  161.89  133.94      -Inf    0.02    2.40     24.97    0.93    1.58      -Inf    0.02    6.36   194.43  -65.78   205.16  -65.61 
 471  259.70   13.48     -1.55  243.95  134.17      -Inf    0.02    2.40     23.63    1.08    1.58      -Inf    0.02    6.35   318.85 -102.24   328.74 -102.13 
 472  259.70   13.51     -0.61  221.75  134.36      -Inf    0.02    2.39     23.63    1.08    1.58      -Inf    0.02    6.33   251.76 -112.64   262.56 -111.87 
 473  259.70   13.54     -3.00  294.19  134.70      -Inf    0.02    2.39     23.63    1.08    1.58      -Inf    0.02    6.32   373.79 -121.38   384.11 -120.33 
 474  259.70   13.53      0.25  203.67  134.84      -Inf    0.02    2.38     23.63    1.08    1.58      -Inf    0.02    6.31   189.64 -101.24   200.19 -101.46 
 475  259.70   13.54     -1.84  259.77  135.11      -Inf    0.02    2.38     23.63    1.08    1.58      -Inf    0.02    6.29   281.33 -129.22   291.74 -131.34 
 476  260.68   10.70     -2.72  287.96  135.43      -Inf    0.32    2.37     23.45    1.10    1.58      -Inf    0.32    6.28   387.10  -85.61   396.93  -82.47 
 477  260.68   10.72     -0.76  228.75  135.62      -Inf    0.32    2.37     23.45    1.10    1.58      -Inf    0.32    6.27   253.13 -101.65   262.81 -103.91 
 478  260.68   10.69     -5.21  373.11  136.12      -Inf    0.32    2.36     23.45    1.10    1.58      -Inf    0.32    6.26   400.45 -178.93   415.63 -178.53 
 479  260.68   10.82     -3.32  296.24  136.45      -Inf    0.32    2.36     23.45    1.10    1.57      -Inf    0.32    6.24   324.39 -140.71   336.46 -138.87 
 480  260.68   10.71     -3.54  299.05  136.79      -Inf    0.32    2.36     23.45    1.10    1.57      -Inf    0.32    6.23   398.88  -82.98   409.21  -77.79 
 481  261.34   10.75     -2.06  248.00  137.02      -Inf    0.32    2.35     23.45    1.09    1.57      -Inf    0.32    6.22   294.42 -109.90   303.96 -111.46 
 482  261.34   10.71     -2.49  254.41  137.27      -Inf    0.32    2.35     23.45    1.09    1.57      -Inf    0.32    6.21   363.89  -59.56   375.42  -59.31 
 483  261.34   10.68     -2.55  253.61  137.51      -Inf    0.32    2.34     23.45    1.09    1.57      -Inf    0.32    6.19   351.87  -79.54   363.48  -79.59 
 484  261.34   10.68     -6.67  409.74  138.07      -Inf    0.32    2.34     23.45    1.09    1.57      -Inf    0.32    6.18   461.63 -195.96   476.56 -195.29 
 485  261.34   10.69     -1.94  240.68  138.28      -Inf    0.32    2.34     23.45    1.09    1.57      -Inf    0.32    6.17   328.57  -92.77   338.90  -92.17 
 486  264.56   10.72     -0.63  210.35  138.43      -Inf    0.32    2.33     23.45    1.08    1.57      -Inf    0.32    6.16   288.78  -82.74   298.29  -84.04 
 487  264.56   10.71     -4.83  344.84  138.86      -Inf    0.32    2.33     23.45    1.08    1.57      -Inf    0.32    6.15   388.42 -169.87   403.29 -169.86 
 488  264.56   10.66     -4.04  314.46  139.21      -Inf    0.32    2.32     23.45    1.08    1.57      -Inf    0.32    6.13   431.00  -72.42   442.38  -68.03 
 489  264.56   10.75     -2.15  254.58  139.45      -Inf    0.32    2.32     23.45    1.08    1.56      -Inf    0.32    6.12   277.09 -125.33   287.48 -126.90 
 490  264.56   10.64     -4.78  344.32  139.87      -Inf    0.32    2.31     23.45    1.08    1.56      -Inf    0.32    6.11   389.76 -152.27   405.48 -151.34 
 491  268.83   10.66     -4.06  313.52  140.22      -Inf    0.31    2.31     23.43    1.08    1.56      -Inf    0.31    6.10   434.80  -50.11   444.76  -46.90 
 492  268.83   10.69     -5.41  367.61  140.68      -Inf    0.31    2.31     23.43    1.08    1.56      -Inf    0.31    6.09   420.90 -153.32   436.16 -151.97 
 493  268.83   10.63     -2.28  258.50  140.92      -Inf    0.31    2.30     23.43    1.08    1.56      -Inf    0.31    6.07   336.16  -87.55   346.58  -88.01 
 494  268.83   10.67     -2.15  256.13  141.16      -Inf    0.31    2.30     23.43    1.08    1.56      -Inf    0.31    6.06   344.27  -79.32   354.57  -79.54 
 495  268.83   10.68     -4.82  355.35  141.59      -Inf    0.31    2.29     23.43    1.08    1.56      -Inf    0.31    6.05   408.86 -163.51   423.96 -161.47 
 496  268.98   10.66     -2.67  283.49  141.88      -Inf    0.31    2.29     23.43    1.08    1.56      -Inf    0.31    6.04   297.26 -161.42   308.83 -160.31 
 497  268.98   10.70     -4.23  346.47  142.29      -Inf    0.31    2.29     23.43    1.08    1.56      -Inf    0.31    6.03   431.15 -148.60   446.53 -147.78 
 498  268.98   10.67     -4.08  350.31  142.71      -Inf    0.31    2.28     23.43    1.08    1.56      -Inf    0.31    6.02   420.84 -171.72   436.63 -170.71 
 499  268.98   10.67     -0.12  228.63  142.88      -Inf    0.31    2.28     23.43    1.08    1.55      -Inf    0.31    6.01   269.48 -123.23   279.64 -124.65 
 500  268.98   10.70     -2.42  307.05  143.21      -Inf    0.31    2.27     23.43    1.08    1.55      -Inf    0.31    5.99   446.65  -90.41   457.62  -86.27 
 501  268.36   13.52     -0.63  253.33  143.43      -Inf    0.02    2.27     23.87    1.02    1.55      -Inf    0.02    5.98   264.16 -143.79   274.34 -145.58 
