   6    6.36   10.87     43.98    1.45    0.84     18.22    3.24    6.43     39.91    0.28   14.67      4.85   16.85   17.44   198.81  103.69   211.20  104.08 
   7    6.36   10.99     50.81    0.67    0.82     17.94    3.33    5.99     39.91    0.28   12.62      5.38   15.72   17.19   200.46  103.65   212.84  103.85 
   8    6.36   10.54     47.02    1.04    0.84     16.22    4.10    5.75     39.91    0.28   11.08      5.33   15.85   17.02   201.53  104.20   213.94  103.81 
   9    6.36   10.21     47.80    0.94    0.85     15.22    4.67    5.63     39.91    0.28    9.88      4.83   17.80   17.11   200.32  101.69   212.45  102.22 
  10    6.36   10.71     37.95    2.87    1.06     13.03    5.82    5.65     39.91    0.28    8.92      3.99   20.78   17.48   199.74  100.80   211.96  100.39 
  11    3.78   10.64     40.00    2.28    1.17     15.70    4.35    5.53     33.61    0.57    8.16      5.20   17.03   17.44   201.06  100.00   213.27   99.59 
  12    3.78   10.74     41.59    1.88    1.23     14.67    5.00    5.49     33.61    0.57    7.53      3.83   19.97   17.65   198.09  100.93   210.31  100.22 
  13    3.78   10.78     44.89    1.28    1.23     12.48    6.81    5.59     33.61    0.57    6.99      3.64   19.87   17.82   195.24  101.73   207.18  102.52 
  14    3.78   10.77     44.38    1.36    1.24     12.70    6.52    5.66     33.61    0.57    6.53      3.61   19.44   17.93   193.18  103.07   205.10  103.74 
  15    3.78   10.76     39.39    2.41    1.32     12.66    6.39    5.71     33.61    0.57    6.13      4.36   17.93   17.93   192.29  103.27   204.18  104.19 
  16    4.83   10.57     45.33    1.20    1.31     15.43    4.81    5.65     39.72    0.28    5.77      4.46   19.10   18.01   190.50  103.71   202.50  104.07 
  17    4.83   10.56     43.68    1.45    1.32     14.88    5.05    5.61     39.72    0.28    5.45      4.83   18.48   18.03   190.05  102.59   201.74  103.39 
  18    4.83   10.31     44.83    1.26    1.32     13.81    5.72    5.62     39.72    0.28    5.16      4.85   17.68   18.01   189.37  101.86   201.08  102.99 
  19    4.83   10.65     42.60    1.62    1.33     12.88    6.22    5.65     39.72    0.28    4.90      4.14   20.03   18.12   186.86  100.93   198.66  101.74 
  20    4.83   10.69     45.05    1.22    1.33     12.85    6.13    5.68     39.72    0.28    4.67      5.33   16.55   18.04   187.61   98.96   199.27   99.76 
  21    5.30   10.51     42.20    1.68    1.34     17.05    3.79    5.59     39.73    0.28    4.46      4.42   18.83   18.08   185.91   97.97   197.77   98.98 
  22    5.30   10.68     43.57    1.41    1.35     16.65    3.98    5.51     39.73    0.28    4.27      4.49   19.26   18.13   183.78   95.91   195.45   96.82 
  23    5.30   10.40     39.47    2.24    1.38     15.30    4.62    5.47     39.73    0.28    4.10      5.11   18.01   18.13   182.00   93.74   193.44   94.50 
  24    5.30   10.43     39.59    2.17    1.42     12.57    6.54    5.52     39.73    0.28    3.94      2.95   27.24   18.51   176.74   94.11   188.12   94.97 
  25    5.30   11.19     40.50    1.91    1.44     12.16    6.93    5.58     39.73    0.28    3.79      3.77   26.43   18.82   173.27   91.03   184.72   91.82 
  26    6.49   11.22     36.39    3.05    1.50     15.24    5.28    5.56     39.72    0.28    3.66      5.20   20.88   18.90   171.61   89.37   182.96   90.28 
  27    6.49   10.96     36.85    2.91    1.55     11.61    8.92    5.69     39.72    0.28    3.53      5.57   16.66   18.82   171.88   92.43   183.10   93.06 
  28    6.49   10.91     31.15    5.70    1.70      8.41   11.82    5.91     39.72    0.28    3.42      4.59   18.18   18.80   176.16   94.79   187.17   95.87 
  29    6.49   11.24     29.98    6.56    1.87      8.14   11.71    6.11     39.72    0.28    3.31      3.65   22.86   18.94   178.46   98.09   189.14   99.15 
  30    6.49   11.29     31.09    5.81    2.00      9.04   11.09    6.27     39.72    0.28    3.21      3.48   24.10   19.11   177.31  101.17   187.79  102.08 
  31    5.91   11.06     31.91    5.31    2.11     13.40    6.42    6.28     28.29    1.08    3.14      3.28   25.68   19.32   176.26  102.33   186.70  103.26 
  32    5.91   11.06     31.05    5.81    2.22     10.55    8.73    6.35     28.29    1.08    3.08      3.10   28.69   19.61   174.52  103.16   184.85  104.01 
  33    5.91   11.01     41.91    1.67    2.21     10.32    9.41    6.45     28.29    1.08    3.02      4.26   20.45   19.64   171.90  107.41   182.41  108.36 
  34    5.91   11.20     37.37    2.85    2.22      9.08   11.04    6.58     28.29    1.08    2.96      5.37   18.21   19.60   174.18  107.72   184.58  108.64 
  35    5.91   11.19     37.52    2.79    2.24      8.30   13.12    6.77     28.29    1.08    2.90      4.62   23.10   19.70   173.06  105.94   183.57  107.12 
  36    9.03   10.69     38.58    2.47    2.25     13.86    7.20    6.78     21.55    2.39    2.89      4.96   22.31   19.77   173.64  105.09   184.17  106.50 
  37    9.03   10.84     35.11    3.72    2.29      8.26   13.72    6.97     21.55    2.39    2.88      4.98   21.76   19.82   174.20  104.98   184.73  106.37 
  38    9.03   10.76     33.77    4.36    2.34      7.70   13.78    7.15     21.55    2.39    2.86      4.77   22.32   19.89   180.32  102.33   190.58  103.60 
  39    9.03   10.78     38.83    2.45    2.34     10.98    8.98    7.20     21.55    2.39    2.85      4.92   20.57   19.91   179.70  104.93   190.16  106.22 
  40    9.03   10.67     36.69    3.17    2.36     13.79    5.89    7.16     21.55    2.39    2.84      5.54   17.46   19.85   184.10  103.69   194.72  105.16 
  41    6.78   10.15     39.88    2.23    2.36     16.17    4.41    7.10     21.01    2.60    2.83      5.66   15.73   19.75   186.59  105.12   197.16  106.32 
  42    6.78   10.12     39.69    2.31    2.36     15.69    4.54    7.03     21.01    2.60    2.83      6.17   14.68   19.62   189.45  105.09   200.02  106.25 
  43    6.78   10.52     40.66    2.08    2.35     15.30    4.69    6.98     21.01    2.60    2.82      6.45   13.60   19.48   191.27  103.70   202.04  104.97 
  44    6.78    9.95     40.40    2.15    2.35     14.65    5.05    6.94     21.01    2.60    2.82      6.49   13.22   19.34   192.34  103.66   202.95  104.65 
  45    6.78   10.54     38.21    2.77    2.36     14.45    5.00    6.89     21.01    2.60    2.81      6.28   13.02   19.20   192.58  103.12   203.38  104.17 
  46   11.42   10.33     39.04    2.52    2.36     17.65    3.45    6.82     19.97    2.91    2.82      6.17   12.75   19.06   192.09  103.20   202.77  104.45 
  47   11.42   10.47     41.35    1.95    2.35     16.65    3.73    6.75     19.97    2.91    2.82      6.19   13.32   18.94   195.83  102.82   206.77  103.63 
  48   11.42   10.74     40.08    2.28    2.35     17.95    3.32    6.68     19.97    2.91    2.82      6.09   13.41   18.82   197.63  102.85   208.65  103.95 
  49   11.42   10.70     40.08    2.31    2.35     18.87    3.01    6.61     19.97    2.91    2.82      5.76   14.33   18.73   201.06  102.65   211.86  103.79 
  50   11.42   10.46     39.63    2.44    2.35     18.29    3.31    6.54     19.97    2.91    2.82      6.42   13.41   18.63   202.26  102.66   213.46  103.79 
  51   10.01    9.88     40.14    2.30    2.35     20.02    2.69    6.46     21.19    2.50    2.82      6.70   12.72   18.51   203.37  101.63   214.47  102.55 
  52   10.01   10.46     41.27    2.02    2.34     17.70    3.55    6.41     21.19    2.50    2.81      7.00   12.42   18.39   204.28  100.47   215.09  101.42 
  53   10.01    9.69     43.95    1.48    2.33     16.92    3.98    6.36     21.19    2.50    2.81      6.61   13.08   18.29   204.99   99.87   215.87  101.09 
  54   10.01    9.99     41.10    2.08    2.32     16.72    4.18    6.32     21.19    2.50    2.80      5.98   13.93   18.21   205.58  101.80   216.93  103.04 
  55   10.01    9.70     41.54    1.99    2.32     16.20    4.38    6.29     21.19    2.50    2.79      5.40   14.27   18.14   206.58  104.99   217.67  106.00 
  56   10.05   10.81     41.82    1.95    2.31     16.09    4.45    6.25     20.87    2.59    2.79      5.77   13.83   18.06   207.12  107.86   218.35  108.86 
  57   10.05   10.92     45.22    1.33    2.29     16.81    4.06    6.22     20.87    2.59    2.79      6.14   13.29   17.98   209.19  109.88   220.20  111.17 
  58   10.05   10.81     40.50    2.29    2.29     18.47    3.33    6.17     20.87    2.59    2.78      6.85   12.26   17.88   208.17  109.86   219.26  110.94 
  59   10.05   10.46     40.30    2.34    2.29     19.48    2.89    6.11     20.87    2.59    2.78      6.83   12.60   17.79   207.96  108.50   218.77  109.46 
  60   10.05   10.64     43.04    1.67    2.28     17.51    3.72    6.07     20.87    2.59    2.78      6.57   13.52   17.72   205.45  105.52   216.43  106.76 
  61   10.69   10.55     48.05    0.92    2.26     15.83    4.50    6.04     20.14    2.81    2.78      5.63   15.01   17.68   202.24  102.63   213.13  103.62 
  62   10.69   10.29     47.70    0.95    2.24     18.60    3.31    6.00     20.14    2.81    2.78      5.55   15.58   17.64   199.89  101.52   210.61  102.37 
  63   10.69    9.86     43.16    1.57    2.23     18.21    3.47    5.96     20.14    2.81    2.78      5.29   16.78   17.63   196.85   97.99   207.62   99.08 
  64   10.69   10.14     35.12    3.94    2.26     17.35    3.82    5.93     20.14    2.81    2.78      5.52   16.39   17.61   196.03   94.03   206.74   95.16 
  65   10.69   10.09     38.78    2.56    2.26     17.08    3.93    5.90     20.14    2.81    2.78      5.80   15.09   17.57   194.75   93.71   205.54   94.64 
  66   17.53   10.93     40.84    2.00    2.26     17.01    3.92    5.87     20.80    2.60    2.78      5.22   14.73   17.53   192.14   95.56   203.06   96.60 
  67   17.53   11.02     41.58    1.82    2.25     17.23    3.90    5.84     20.80    2.60    2.78      4.39   17.60   17.53   187.75   98.89   198.68   99.71 
  68   17.53   10.84     47.46    0.91    2.23     18.12    3.56    5.80     20.80    2.60    2.77      3.95   21.42   17.59   183.38  100.12   194.41  100.83 
  69   17.53   10.88     40.31    2.04    2.23     17.49    3.84    5.77     20.80    2.60    2.77      4.47   20.53   17.63   179.53   99.79   190.29  100.61 
  70   17.53   10.51     39.53    2.22    2.23     16.83    4.20    5.75     20.80    2.60    2.77      5.00   18.17   17.64   177.32  101.14   188.17  101.98 
  71   15.88   10.38     38.55    2.47    2.23     15.83    4.79    5.74     20.02    2.85    2.77      4.11   23.19   17.71   175.05  100.54   185.93  101.54 
  72   15.88   10.21     44.31    1.26    2.22     15.76    5.09    5.73     20.02    2.85    2.77      5.32   19.03   17.73   174.66  100.47   185.52  101.34 
  73   15.88   10.43     39.88    2.10    2.22     16.16    5.00    5.72     20.02    2.85    2.77      5.38   19.60   17.76   174.99   98.69   185.77   99.69 
  74   15.88   10.35     40.44    1.97    2.21     11.60    9.39    5.77     20.02    2.85    2.77      5.41   20.24   17.79   174.52   98.83   185.58   99.77 
  75   15.88   10.52     37.99    2.62    2.22      8.28   15.98    5.91     20.02    2.85    2.77      4.88   24.36   17.88   173.86   99.50   184.87  100.52 
  76   13.07   11.04     40.27    2.02    2.22     10.57   14.31    6.02     20.43    2.76    2.77      4.88   27.25   18.00   174.72  100.01   185.78  100.99 
  77   13.07   10.83     39.56    2.20    2.22      8.21   21.12    6.21     20.43    2.76    2.77      4.66   32.89   18.20   176.25  100.07   187.27  101.08 
  78   13.07   11.14     27.87    8.56    2.30      6.52   21.44    6.41     20.43    2.76    2.77      4.57   35.54   18.42   182.04   93.49   193.36   94.28 
  79   13.07   11.16     25.51   11.34    2.41      6.64   16.26    6.53     20.43    2.76    2.77      5.04   24.73   18.50   188.38   93.89   199.34   94.89 
  80   13.07   10.78     30.20    6.70    2.47     10.04   12.88    6.61     20.43    2.76    2.77      4.77   20.77   18.53   186.79   99.93   197.55  101.07 
  81   14.36   10.33     30.60    6.44    2.51     12.03    8.13    6.63     19.83    3.09    2.78      6.05   17.69   18.52   187.92   99.65   198.76  100.37 
  82   14.36   10.28     31.21    6.08    2.56     12.51    6.84    6.63     19.83    3.09    2.78      6.48   14.85   18.47   190.28   99.86   201.18  100.88 
  83   14.36   10.19     40.24    2.15    2.55     15.56    5.22    6.62     19.83    3.09    2.78      6.63   13.67   18.41   188.93  102.75   199.96  103.89 
  84   14.36   10.23     39.05    2.50    2.55     16.75    4.41    6.59     19.83    3.09    2.79      6.84   14.61   18.37   191.69  101.61   202.55  102.78 
  85   14.36   10.24     39.61    2.37    2.55     16.95    4.33    6.56     19.83    3.09    2.79      6.24   16.35   18.34   194.92   99.84   205.92  101.09 
  86   20.61   10.29     40.12    2.23    2.55     16.87    4.37    6.54     18.90    3.44    2.80      6.68   15.10   18.31   197.23   97.53   208.29   98.95 
  87   20.61   10.15     40.01    2.26    2.54     17.19    4.23    6.51     18.90    3.44    2.81      6.95   14.10   18.26   197.74   96.32   208.74   97.68 
  88   20.61   10.34     39.76    2.34    2.54     15.14    5.49    6.50     18.90    3.44    2.81      6.84   14.19   18.21   198.89   96.90   209.78   98.20 
  89   20.61   10.45     42.64    1.69    2.53     14.09    6.41    6.50     18.90    3.44    2.82      6.49   14.52   18.17   199.62   99.60   210.88  100.76 
  90   20.61   10.78     41.19    2.01    2.53     13.24    7.33    6.51     18.90    3.44    2.83      6.43   15.21   18.14   199.88  101.65   211.18  102.80 
  91   15.56   10.77     40.03    2.31    2.52     13.57    7.09    6.51     19.24    3.31    2.83      6.72   14.80   18.10   199.72  102.38   211.02  103.43 
  92   15.56   10.55     41.46    1.96    2.52     13.12    7.52    6.53     19.24    3.31    2.84      6.81   14.47   18.06   200.79  104.10   211.87  105.19 
  93   15.56   10.20     39.61    2.43    2.52     13.86    6.85    6.53     19.24    3.31    2.84      6.81   14.48   18.02   199.70  104.95   210.75  106.31 
  94   15.56   10.44     43.55    1.55    2.51     15.15    5.80    6.52     19.24    3.31    2.85      6.62   14.32   17.98   200.12  107.92   211.03  109.00 
  95   15.56   10.41     41.45    1.97    2.50     16.75    4.78    6.50     19.24    3.31    2.85      6.23   14.54   17.95   197.39  109.45   208.29  110.52 
  96   19.48   10.42     38.93    2.62    2.50     16.04    5.16    6.49     18.96    3.44    2.86      6.58   14.57   17.91   195.53  109.45   206.73  110.71 
  97   19.48   10.43     39.12    2.56    2.50     16.35    4.93    6.47     18.96    3.44    2.86      7.27   14.06   17.87   196.38  109.68   207.37  110.85 
  98   19.48   10.37     35.09    4.05    2.52     16.01    5.21    6.46     18.96    3.44    2.87      7.18   14.27   17.84   194.26  108.15   205.43  109.32 
  99   19.48   10.15     39.77    2.35    2.52     16.26    5.01    6.45     18.96    3.44    2.88      6.83   15.38   17.81   196.06  106.30   206.87  107.25 
 100   19.48   10.42     43.48    1.53    2.51     16.05    5.14    6.43     18.96    3.44    2.88      6.43   16.67   17.80   196.99  102.02   208.02  102.96 
 101   16.62   10.57     42.70    1.65    2.50     19.06    3.68    6.40     18.55    3.62    2.89      7.09   14.71   17.77   195.21   99.26   206.34  100.47 
 102   16.62   10.40     45.04    1.25    2.49     19.15    3.61    6.38     18.55    3.62    2.90      6.77   14.57   17.74   192.24   98.65   203.30   99.60 
 103   16.62   10.11     46.37    1.06    2.47     18.50    3.87    6.35     18.55    3.62    2.90      6.89   13.88   17.70   190.04   99.34   201.03  100.30 
 104   16.62   10.15     40.59    2.04    2.47     18.36    3.93    6.33     18.55    3.62    2.91      7.36   13.18   17.66   186.38   99.45   197.50  100.43 
 105   16.62   10.57     42.56    1.62    2.46     19.47    3.49    6.30     18.55    3.62    2.92      7.18   13.96   17.62   185.53  100.93   196.62  101.73 
 106   16.48   10.36     41.46    1.83    2.45     20.51    3.06    6.27     18.48    3.66    2.92      6.61   14.85   17.60   184.02  102.75   194.93  103.35 
 107   16.48   10.83     40.90    1.94    2.45     18.53    3.84    6.25     18.48    3.66    2.93      6.14   15.67   17.58   180.65  104.51   191.93  105.38 
 108   16.48    9.54     48.83    0.77    2.43     19.75    3.32    6.22     18.48    3.66    2.94      5.63   17.99   17.58   178.57  105.10   189.87  105.86 
 109   16.48   11.00     40.56    1.95    2.43     19.68    3.36    6.20     18.48    3.66    2.94      4.38   24.04   17.64   173.89  102.73   184.77  103.65 
 110   16.48    9.87     44.50    1.22    2.42     19.98    3.27    6.17     18.48    3.66    2.95      4.25   25.78   17.71   170.78  100.98   181.69  101.85 
 111   18.07    9.63     41.18    1.77    2.41     19.84    3.36    6.14     18.56    3.64    2.96      5.74   18.79   17.72   168.93  100.49   179.84  101.24 
 112   18.07   10.71     41.48    1.70    2.41     20.07    3.26    6.12     18.56    3.64    2.96      6.79   15.54   17.70   167.72   99.98   178.63  100.88 
 113   18.07   10.52     45.37    1.08    2.39     19.07    3.66    6.10     18.56    3.64    2.97      6.62   15.59   17.69   168.36  100.71   178.98  101.81 
 114   18.07   10.40     42.51    1.52    2.39     17.47    4.42    6.08     18.56    3.64    2.98      6.43   15.83   17.67   168.26  101.93   179.21  103.05 
 115   18.07   10.68     40.77    1.89    2.38     19.30    3.60    6.06     18.56    3.64    2.98      6.22   16.52   17.66   171.69  102.44   182.53  103.63 
 116   17.17   10.59     40.32    2.04    2.38     18.18    4.10    6.04     18.81    3.55    2.99      5.98   16.62   17.65   175.62  103.93   186.49  105.34 
 117   17.17   10.61     37.12    2.99    2.38     16.61    4.97    6.03     18.81    3.55    2.99      5.98   16.89   17.64   176.91  107.36   187.82  108.92 
 118   17.17   10.23     40.33    2.09    2.38     14.10    6.73    6.04     18.81    3.55    3.00      5.88   17.49   17.64   179.23  110.63   189.80  111.73 
 119   17.17   10.69     37.66    2.90    2.39     15.22    5.71    6.04     18.81    3.55    3.00      5.73   17.14   17.64   182.17  113.26   192.57  114.50 
 120   17.17   10.60     38.94    2.54    2.39     14.64    6.13    6.04     18.81    3.55    3.00      6.07   16.68   17.63   184.25  115.91   194.47  117.13 
 121   23.98   10.76     40.80    2.07    2.38     12.24    9.14    6.06     18.75    3.58    3.01      5.56   21.02   17.66   187.26  116.77   197.72  117.93 
 122   23.98   10.90     37.54    3.06    2.39      8.57   19.40    6.17     18.75    3.58    3.01      3.72   35.15   17.80   189.92  116.94   200.41  118.33 
 123   23.98   10.85     36.88    3.34    2.40      9.61   22.59    6.31     18.75    3.58    3.02      3.88   44.87   18.02   193.43  115.79   203.96  117.14 
 124   23.98   11.24     29.87    7.57    2.44      8.83   24.06    6.45     18.75    3.58    3.02      5.05   45.10   18.24   199.58  109.49   210.10  110.71 
 125   23.98   11.04     26.55   11.17    2.51      6.04   19.82    6.56     18.75    3.58    3.03      5.40   37.53   18.39   209.58  104.70   220.13  105.93 
 126   23.37   10.80     30.05    7.54    2.55      8.27   14.55    6.62     18.07    4.03    3.04      6.23   22.74   18.43   212.15  104.00   222.82  105.07 
 127   23.37   10.28     31.69    6.23    2.58     10.85   10.48    6.65     18.07    4.03    3.04      6.03   20.28   18.44   210.35  102.20   221.01  103.49 
 128   23.37   10.39     32.89    5.47    2.60     11.05    9.39    6.67     18.07    4.03    3.05      6.62   17.41   18.44   212.44  101.13   222.95  102.38 
 129   23.37   10.06     41.00    2.17    2.60     14.36    6.72    6.67     18.07    4.03    3.06      6.88   16.18   18.42   212.79  103.66   223.51  104.73 
 130   23.37   10.39     39.72    2.56    2.60     14.51    6.70    6.67     18.07    4.03    3.07      6.22   17.90   18.41   216.76  103.97   227.51  105.07 
 131   25.21   10.26     33.30    5.45    2.62     11.24    9.16    6.69     17.60    4.27    3.08      5.57   19.96   18.43   223.70  102.82   234.29  103.98 
 132   25.21   10.45     33.48    5.39    2.64     11.75    8.46    6.70     17.60    4.27    3.08      6.38   17.55   18.42   226.87  103.19   237.55  104.26 
 133   25.21   10.44     40.80    2.35    2.64     13.69    7.90    6.71     17.60    4.27    3.09      6.08   17.87   18.42   227.52  106.48   237.95  107.75 
 134   25.21   10.15     40.94    2.35    2.64     14.25    7.29    6.72     17.60    4.27    3.10      6.30   17.99   18.41   231.18  107.24   241.67  108.33 
 135   25.21   10.35     42.14    2.05    2.63     13.64    7.87    6.73     17.60    4.27    3.11      6.87   17.54   18.41   232.58  107.15   243.07  108.22 
 136   20.04   10.68     40.86    2.38    2.63     12.37   10.16    6.75     16.78    4.72    3.12      6.80   19.30   18.41   233.47  106.94   244.00  108.15 
 137   20.04   11.01     41.06    2.33    2.63      9.73   15.47    6.82     16.78    4.72    3.13      6.17   23.77   18.45   233.37  106.32   243.92  107.48 
 138   20.04   11.04     37.96    3.33    2.63      8.91   18.26    6.90     16.78    4.72    3.15      5.57   27.44   18.52   234.23  105.05   244.74  106.34 
 139   20.04    9.85     39.76    2.68    2.63      8.77   19.27    6.99     16.78    4.72    3.16      5.13   28.74   18.59   230.52  104.61   241.19  106.08 
 140   20.04   10.19     31.15    7.17    2.66      7.70   19.11    7.07     16.78    4.72    3.17      5.53   26.51   18.65   233.90  102.55   244.77  104.07 
 141   31.51   10.48     31.59    6.86    2.69      8.59   19.76    7.16     16.77    4.82    3.18      5.04   30.32   18.73   234.81  102.55   245.64  104.10 
 142   31.51   10.26     30.78    7.53    2.73      5.81   35.03    7.36     16.77    4.82    3.19      4.21   42.38   18.90   235.02  104.21   245.86  105.83 
 143   31.51   10.71     30.59    7.63    2.76      4.89   46.41    7.63     16.77    4.82    3.20      3.73   54.11   19.14   232.88  103.43   243.92  105.25 
 144   31.51   10.52     35.96    4.10    2.77      4.79   49.79    7.93     16.77    4.82    3.21      3.58   57.19   19.41   226.92  105.15   237.99  107.24 
 145   31.51   10.24     27.99   10.23    2.82      3.98   43.38    8.17     16.77    4.82    3.23      3.81   52.35   19.63   223.73  117.18   234.75  119.42 
 146   22.01    9.69     28.06   10.12    2.87     10.63   18.52    8.24     16.73    5.15    3.24      4.47   39.28   19.77   222.59  116.10   233.54  118.27 
 147   22.01    8.61     32.75    5.85    2.89      5.05   27.10    8.37     16.73    5.15    3.25      4.27   37.34   19.89   230.16  102.96   241.06  105.14 
 148   22.01    9.85     29.89    8.06    2.93      8.16   15.16    8.42     16.73    5.15    3.26      4.81   26.19   19.93   229.56   98.44   240.24  100.61 
 149   22.01    9.94     28.98    8.93    2.97      8.01   19.74    8.49     16.73    5.15    3.28      4.57   30.54   20.00   227.97   97.06   238.84   99.15 
 150   22.01   10.58     29.77    8.12    3.00      9.18   23.30    8.59     16.73    5.15    3.29      3.93   41.35   20.14   224.70  100.44   235.72  102.43 
 151   35.45    9.77     29.25    8.55    3.04     12.42   18.87    8.66     16.65    5.32    3.30      4.15   48.17   20.33   220.86  102.65   231.99  104.67 
 152   35.45    9.73     30.43    7.43    3.07      9.16   28.91    8.79     16.65    5.32    3.32      4.83   47.61   20.51   218.56  102.84   229.70  104.75 
 153   35.45   10.21     30.20    7.67    3.10      7.62   34.04    8.96     16.65    5.32    3.33      5.42   45.68   20.67   219.64  102.18   230.89  104.13 
 154   35.45   10.01     29.69    8.03    3.13      7.41   35.91    9.13     16.65    5.32    3.34      5.35   46.49   20.84   217.12  100.96   228.38  102.83 
 155   35.45   10.35     29.46    8.23    3.16      7.30   39.37    9.33     16.65    5.32    3.35      5.32   49.88   21.03   217.08  100.44   228.17  102.20 
 156   27.94   10.67     30.41    7.34    3.19     12.36   23.11    9.42     15.98    6.14    3.37      5.90   48.13   21.20   216.67   99.35   227.74  101.16 
 157   27.94   10.62     29.94    7.75    3.22      8.92   33.43    9.57     15.98    6.14    3.39      5.29   49.06   21.38   216.17   99.58   227.20  101.36 
 158   27.94   10.56     29.19    8.53    3.25      7.54   35.80    9.73     15.98    6.14    3.41      5.24   48.79   21.55   219.12  100.47   230.14  102.35 
 159   27.94   10.03     29.01    8.81    3.29      7.20   38.48    9.92     15.98    6.14    3.42      4.64   54.56   21.76   221.77  101.40   232.97  103.18 
 160   27.94   10.67     30.09    7.90    3.32     10.12   31.34   10.05     15.98    6.14    3.44      4.65   58.26   21.99   223.53  104.37   234.64  106.24 
 161   25.43   10.51     28.77    9.20    3.35     12.29   24.72   10.14     15.19    7.20    3.47      5.76   53.31   22.18   223.62  103.80   234.64  105.75 
 162   25.43   10.73     30.50    7.51    3.38     10.34   28.89   10.26     15.19    7.20    3.49      5.76   48.81   22.35   223.91  103.86   234.84  106.07 
 163   25.43   10.90     25.39   13.68    3.44      7.81   22.93   10.33     15.19    7.20    3.51      5.44   47.12   22.50   233.77  102.57   244.67  104.70 
 164   25.43   10.54     26.35   12.24    3.50      8.36   17.39   10.38     15.19    7.20    3.53      4.33   32.79   22.56   232.64  101.32   243.57  103.60 
 165   25.43   10.64     29.37    8.65    3.53      9.11   19.96   10.43     15.19    7.20    3.56      5.42   32.05   22.62   229.78  100.37   240.57  102.58 
 166   28.64   10.14     30.47    7.70    3.55     10.42   23.36   10.51     15.55    7.14    3.58      4.91   43.52   22.75   231.80  101.63   242.46  103.86 
 167   28.64   11.23     29.67    8.53    3.58      9.70   27.71   10.62     15.55    7.14    3.60      5.53   48.17   22.90   234.01   98.32   244.77  100.16 
 168   28.64   11.20     28.64    9.77    3.62      9.24   32.81   10.75     15.55    7.14    3.62      5.19   57.87   23.11   240.80   95.51   251.54   97.22 
 169   28.64   10.92     29.12    9.38    3.65     10.22   28.36   10.85     15.55    7.14    3.64      5.54   48.68   23.26   243.63   96.73   254.31   98.49 
 170   28.64   10.83     29.33    9.33    3.69      9.45   24.94   10.93     15.55    7.14    3.66      4.92   42.09   23.37   247.65  100.03   258.49  101.81 
 171   30.88   10.38     27.77   11.46    3.73      5.89   21.45   11.00     14.43    8.47    3.69      4.20   36.25   23.44   258.18  106.05   268.79  107.71 
 172   30.88    9.75     31.85    7.25    3.75      8.53   17.23   11.03     14.43    8.47    3.72      4.33   23.61   23.44   255.92  111.49   266.38  112.86 
 173   30.88   10.32     30.28    8.74    3.78      8.52   21.78   11.09     14.43    8.47    3.74      4.20   35.60   23.51   257.45  113.82   268.26  115.86 
 174   30.88   10.08     30.87    8.22    3.81      7.99   28.60   11.20     14.43    8.47    3.77      4.38   43.58   23.63   257.81  115.39   268.55  117.54 
 175   30.88   10.47     30.75    8.34    3.83      8.25   29.29   11.30     14.43    8.47    3.80      4.67   43.40   23.74   257.72  116.12   268.44  118.34 
 176   29.76   10.64     30.88    8.25    3.86     10.52   22.36   11.36     14.36    8.64    3.83      4.91   42.43   23.85   257.91  116.53   268.68  118.74 
 177   29.76   11.29     30.85    8.38    3.88     10.04   22.12   11.42     14.36    8.64    3.85      4.95   43.06   23.96   261.03  116.07   271.70  118.31 
 178   29.76   10.94     23.43   19.85    3.97      3.59   29.09   11.52     14.36    8.64    3.88      4.19   43.87   24.07   267.76  105.33   278.34  107.77 
 179   29.76   10.34     20.38   28.32    4.11      2.15   21.16   11.58     14.36    8.64    3.91      2.74   29.96   24.10   265.87   96.71   276.29   99.22 
 180   29.76   10.17     20.68   27.36    4.24      1.74   23.49   11.64     14.36    8.64    3.93      1.45   28.20   24.13   267.91   98.18   278.20  100.72 
 181   26.85   10.81     20.14   28.66    4.37      5.74   21.13   11.69     12.92   10.26    3.97      2.16   37.91   24.20   261.26   95.21   271.83   97.77 
 182   26.85   10.66     19.62   30.23    4.52      5.97   23.79   11.76     12.92   10.26    4.00      4.05   35.98   24.27   264.00   90.69   274.61   93.12 
 183   26.85   10.88     17.17   39.95    4.71      1.20   24.67   11.83     12.92   10.26    4.04      4.12   37.35   24.34   263.00   80.52   273.47   82.82 
 184   26.85   10.45     16.49   42.90    4.92      1.86   21.78   11.89     12.92   10.26    4.07      1.32   29.24   24.36   255.62   78.82   265.94   81.01 
 185   26.85   10.93     15.55   47.51    5.15      2.14   19.68   11.93     12.92   10.26    4.10      1.79   26.20   24.37   253.43   75.54   263.74   77.57 
 186   26.67    9.07     13.65   58.43    5.43     -2.16   16.98   11.95     12.57   10.62    4.14      2.53   23.50   24.37   240.58   65.50   251.09   67.36 
 187   26.67    8.90     13.31   60.02    5.73      0.07   17.04   11.98     12.57   10.62    4.17      1.45   20.31   24.35   239.80   63.47   250.27   65.48 
 188   26.67   10.45     13.05   61.48    6.02      0.55   16.81   12.01     12.57   10.62    4.21      0.24   18.93   24.32   235.14   61.22   245.67   62.54 
 189   26.67   10.80     13.04   60.51    6.31      1.01   16.89   12.03     12.57   10.62    4.24     -0.02   19.14   24.29   230.76   59.39   241.38   60.60 
 190   26.67    8.99     12.97   59.43    6.59      0.91   16.67   12.06     12.57   10.62    4.28      0.51   19.72   24.27   220.92   55.49   231.39   56.66 
 191   42.64    9.88     12.66   61.32    6.88      3.40   10.64   12.05     13.25    9.70    4.30      2.75   17.06   24.23   221.05   49.09   231.74   50.14 
 192   42.64    9.81     12.72   60.79    7.16      2.68   10.48   12.04     13.25    9.70    4.33      2.27   14.83   24.18   213.24   45.29   223.86   46.38 
 193   42.64    9.58     12.66   61.69    7.44      0.23   10.74   12.04     13.25    9.70    4.36      1.19   13.26   24.12   218.09   40.32   228.46   41.23 
 194   42.64    9.80     12.82   61.60    7.72      0.42   11.02   12.03     13.25    9.70    4.39     -2.27   13.25   24.07   216.29   44.76   226.66   45.75 
 195   42.64   10.69     13.10   60.68    7.99     -0.60   12.06   12.03     13.25    9.70    4.41     -5.30   14.44   24.02   217.87   51.74   228.17   52.60 
 196   34.87   11.50     12.70   64.78    8.28      0.27   10.01   12.02     12.73   10.18    4.44     -4.83   12.97   23.96   216.33   55.22   227.00   56.44 
 197   34.87   11.49     13.07   63.23    8.56     -2.15   10.18   12.01     12.73   10.18    4.47     -6.17   12.37   23.90   217.56   62.67   227.57   64.35 
 198   34.87   11.28     13.29   62.95    8.83     -3.55   11.30   12.01     12.73   10.18    4.50     -7.01   12.47   23.85   221.07   67.75   231.43   69.11 
 199   34.87   11.73     12.52   70.49    9.14    -11.27   11.92   12.01     12.73   10.18    4.53     -6.13   13.13   23.79   210.81   77.52   221.37   78.62 
 200   34.87   10.87     12.58   70.88    9.45     -8.67   11.60   12.00     12.73   10.18    4.56     -8.89   12.97   23.74   210.60   82.57   221.19   84.05 
 201   31.76   10.94     11.91   76.84    9.79     -7.24    8.02   11.98     12.74   10.04    4.59     -2.17   11.34   23.68   205.72   80.99   216.06   82.39 
 202   31.76   11.07     12.64   70.49   10.09    -11.28    8.21   11.97     12.74   10.04    4.61     -1.21   12.56   23.62   213.30   76.78   224.00   77.91 
 203   31.76   10.42     11.46   81.77   10.44    -12.16    8.27   11.95     12.74   10.04    4.64     -1.98   11.88   23.56   230.02   40.88   240.72   41.98 
 204   31.76   11.37      9.78   99.80   10.88    -10.18    8.08   11.93     12.74   10.04    4.67     -0.59   14.18   23.52   190.59   68.40   201.34   69.77 
 205   31.76   10.39     11.16   85.55   11.24    -12.04    8.11   11.91     12.74   10.04    4.69     -0.59   14.25   23.47   226.45   38.30   236.20   39.54 
 206   27.52   11.08     11.48   82.58   11.59     -1.23    4.78   11.88     12.64   10.03    4.72     -0.08   11.36   23.41   236.40   30.90   246.70   32.37 
 207   27.52   11.29     11.01   87.11   11.95     -0.92    4.75   11.84     12.64   10.03    4.74     -0.84    8.69   23.34   228.07   33.26   238.79   34.24 
 208   27.52   10.79     11.44   82.23   12.29      1.38    4.48   11.81     12.64   10.03    4.77     -0.77    8.03   23.27   234.97   34.02   244.67   35.10 
 209   27.52   11.82     11.27   82.97   12.63      1.28    4.49   11.77     12.64   10.03    4.79     -1.13    6.81   23.19   230.94   35.21   240.78   36.30 
 210   27.52   10.12     11.02   85.27   12.98      1.87    4.47   11.74     12.64   10.03    4.82     -0.72    6.52   23.11   221.17   40.83   230.84   41.41 
 211   47.04   10.16     10.98   85.25   13.32      1.24    3.98   11.70     12.91    9.62    4.84      0.14    6.20   23.03   226.19   35.39   236.06   36.22 
 212   47.04   11.03     11.15   83.44   13.65      1.15    3.97   11.66     12.91    9.62    4.86      0.20    6.05   22.95   227.30   34.70   236.98   35.51 
 213   47.04   10.94     11.13   83.33   13.98      1.20    3.89   11.63     12.91    9.62    4.89      0.24    5.89   22.87   226.70   33.62   236.90   33.96 
 214   47.04   11.01     11.25   82.13   14.30      1.54    3.94   11.59     12.91    9.62    4.91      0.22    5.92   22.79   221.55   38.67   231.10   39.20 
 215   47.04   10.98     11.62   79.25   14.60      1.05    3.92   11.55     12.91    9.62    4.93     -1.68    5.55   22.71   233.36   34.15   242.97   34.61 
 216   42.27   11.05     11.86   76.65   14.88      3.65    3.25   11.52     12.80    9.63    4.95     -0.84    4.88   22.63   232.25   35.84   242.09   36.20 
 217   42.27   11.42     12.00   75.10   15.16      1.02    3.47   11.48     12.80    9.63    4.97     -3.21    4.94   22.55   232.53   36.33   242.56   36.63 
 218   42.27   11.31     12.36   72.20   15.42      0.41    3.80   11.44     12.80    9.63    5.00     -4.86    5.18   22.47   235.29   37.45   245.23   38.07 
 219   42.27   11.44     12.37   72.03   15.68     -3.05    4.10   11.41     12.80    9.63    5.02     -3.64    5.67   22.39   236.83   35.21   246.62   35.83 
 220   42.27   11.27     12.75   69.25   15.93     -3.41    4.38   11.38     12.80    9.63    5.04     -3.41    6.41   22.32   231.26   45.24   240.95   46.45 
 221   44.82   11.15     11.94   75.84   16.20     -0.31    3.68   11.34     12.86    9.45    5.06     -1.74    7.21   22.25   250.47   23.70   260.21   25.17 
 222   44.82   11.72     12.08   74.80   16.46     -3.52    3.77   11.31     12.86    9.45    5.08     -1.19    8.64   22.19   244.69   28.85   254.51   29.16 
 223   44.82   11.44     12.97   67.14   16.69      0.15    3.73   11.28     12.86    9.45    5.10     -0.56    9.27   22.13   226.83   51.03   237.23   51.99 
 224   44.82   10.08     12.83   68.04   16.92     -1.81    3.75   11.24     12.86    9.45    5.12     -0.62    9.63   22.07   230.80   45.66   240.21   46.68 
 225   44.82   11.36     12.57   70.67   17.16      0.06    3.87   11.21     12.86    9.45    5.14     -0.35    9.88   22.02   238.44   38.58   247.65   39.28 
 226   39.40   10.23     12.37   72.50   17.40     -1.08    3.32   11.17     12.77    9.44    5.15     -0.31   10.57   21.97   238.35   38.33   247.28   38.64 
 227   39.40   10.79     11.82   77.35   17.67    -12.04    3.59   11.14     12.77    9.44    5.17     -0.06   10.73   21.92   284.62   20.52   294.32   21.71 
 228   39.40   11.44     11.72   78.23   17.93    -10.41    3.63   11.11     12.77    9.44    5.19     -0.78    8.75   21.86   282.83   21.51   292.37   22.78 
 229   39.40   11.28     11.46   79.49   18.20    -10.73    3.67   11.08     12.77    9.44    5.21     -2.91    5.22   21.79   280.70   21.76   290.78   23.45 
 230   39.40   11.68     11.22   80.19   18.47    -14.58    3.67   11.04     12.77    9.44    5.23     -8.38    4.02   21.71   285.45   26.50   295.50   28.33 
 231   47.35   11.41     11.12   79.44   18.73    -17.92    3.50   11.01     12.98    9.12    5.25    -11.59    3.62   21.63   276.01   27.30   286.05   29.39 
 232   47.35   11.52     11.05   78.28   18.99    -11.98    3.50   10.98     12.98    9.12    5.26    -16.48    3.55   21.56   265.51   28.45   275.05   29.49 
 233   47.35   10.30     10.22   84.89   19.27    -14.06    3.28   10.95     12.98    9.12    5.28    -15.97    3.56   21.48   294.79   33.27   304.94   34.73 
 234   47.35   11.54      9.80   86.34   19.56     -1.45    2.49   10.91     12.98    9.12    5.30    -12.23    3.58   21.40   290.63   33.08   301.03   35.10 
 235   47.35   10.34      9.57   87.49   19.85      5.03    1.81   10.87     12.98    9.12    5.31    -15.09    3.49   21.33   291.53   36.61   301.46   37.73 
 236   35.59   10.11      8.81   93.55   20.16      1.56    4.42   10.84     12.31    9.74    5.33    -15.69    6.42   21.26   296.29   36.95   305.77   38.54 
 237   35.59   10.20      9.85   82.13   20.42      3.04    4.39   10.82     12.31    9.74    5.35    -10.36    6.36   21.20   283.39   42.92   293.55   44.15 
 238   35.59    9.55      9.15   88.72   20.71      1.89    4.23   10.79     12.31    9.74    5.37     -4.51    6.52   21.14   290.94   41.32   300.47   42.12 
 239   35.59   10.21      9.11   88.33   20.99      2.17    4.15   10.76     12.31    9.74    5.39     -1.80    6.97   21.08   288.48   43.44   298.21   44.08 
 240   35.59    9.58      9.61   82.75   21.25      1.69    4.50   10.73     12.31    9.74    5.40     -2.85    6.43   21.02   282.29   48.07   291.97   49.28 
 241   38.16    9.73      9.54   82.76   21.50      2.52    3.66   10.70     12.08    9.90    5.42     -1.55    5.32   20.95   281.17   50.54   290.91   51.39 
 242   38.16    9.94      8.38   93.64   21.80      2.09    3.62   10.68     12.08    9.90    5.44     -2.47    4.99   20.89   290.67   48.47   300.48   49.09 
 243   38.16    9.17      7.88   97.99   22.12      2.38    3.66   10.65     12.08    9.90    5.46     -2.50    5.12   20.82   292.87   49.45   302.55   50.27 
 244   38.16    9.96      7.69   97.75   22.43      3.19    3.64   10.62     12.08    9.90    5.48     -2.14    5.17   20.76   290.37   51.33   300.47   51.85 
 245   38.16    8.52      7.27  100.46   22.74      1.16    3.51   10.59     12.08    9.90    5.50     -0.63    5.59   20.70   289.08   51.03   299.17   51.16 
 246   45.71   10.31      6.56  106.56   23.09      2.62    3.37   10.56     12.85    8.97    5.51     -0.71    5.06   20.63   292.44   52.25   302.02   52.68 
 247   45.71   10.71      5.83  111.88   23.45      1.50    3.34   10.53     12.85    8.97    5.52     -0.72    5.11   20.57   291.49   52.05   301.15   52.63 
 248   45.71   10.18      5.02  117.34   23.82      2.34    3.25   10.50     12.85    8.97    5.54     -0.54    5.32   20.51   288.92   53.19   298.87   53.46 
 249   45.71   10.74      3.84  128.78   24.25      2.01    3.32   10.47     12.85    8.97    5.55     -0.92    5.28   20.45   293.18   50.82   303.12   51.24 
 250   45.71   10.29      3.33  131.91   24.68      1.49    3.43   10.44     12.85    8.97    5.57     -1.03    5.48   20.39   290.68   52.22   300.42   52.28 
 251   61.61   10.09      2.69  138.45   25.13     -2.00    4.16   10.42     13.18    8.55    5.58     -3.22    5.96   20.33   292.09   50.41   302.21   50.81 
 252   61.61    9.76      2.21  142.85   25.60     -1.21    4.54   10.40     13.18    8.55    5.59     -7.78    5.64   20.27   292.94   51.39   303.31   52.45 
 253   61.61   10.16      5.77   94.24   25.87     -2.54    4.79   10.37     13.18    8.55    5.60    -12.19    5.68   20.21   244.58   70.50   254.73   71.83 
 254   61.61    9.75      3.51  121.33   26.24     -4.90    5.10   10.35     13.18    8.55    5.61    -14.35    5.76   20.16   269.80   73.99   280.02   74.65 
 255   61.61   10.37      3.55  119.24   26.61    -10.91    5.53   10.33     13.18    8.55    5.62    -16.16    5.75   20.10   262.10   55.29   271.59   56.08 
 256   50.58   10.32      3.45  121.70   26.98    -13.25    4.91   10.31     12.89    8.75    5.64    -16.02    5.05   20.04   269.11   70.05   279.12   71.08 
 257   50.58    9.93      3.04  128.22   27.37    -13.26    4.92   10.29     12.89    8.75    5.65     -3.44    6.02   19.99   274.83   71.34   285.33   72.27 
 258   50.58   10.12      2.64  134.17   27.79    -19.86    4.88   10.27     12.89    8.75    5.66     -5.85    5.46   19.93   276.69   62.10   286.09   63.17 
 259   50.58    8.53      2.53  134.84   28.20    -16.70    4.84   10.25     12.89    8.75    5.67     -4.06    5.59   19.88   277.07   70.92   287.42   72.80 
 260   50.58    8.50      3.56  122.10   28.56     -4.30    4.72   10.23     12.89    8.75    5.68     -4.72    5.73   19.82   267.82   70.32   278.30   72.38 
 261   51.59    8.60      3.06  131.42   28.96     -3.61    5.47   10.21     13.02    8.54    5.69     -3.79    7.33   19.77   281.93   72.75   291.25   73.79 
 262   51.59    8.63      3.17  131.31   29.35     -8.33    5.48   10.19     13.02    8.54    5.71     -7.63    6.48   19.72   282.12   69.32   292.16   70.63 
 263   51.59    8.56      3.36  129.30   29.73     -8.08    5.49   10.17     13.02    8.54    5.72     -3.48    7.20   19.67   280.92   71.20   290.07   72.68 
 264   51.59    8.51      3.58  126.97   30.10     -9.34    5.48   10.16     13.02    8.54    5.73     -8.53    6.45   19.62   279.87   71.65   289.03   73.11 
 265   51.59    8.62      4.20  120.25   30.44     -9.79    5.63   10.14     13.02    8.54    5.74     -5.18    6.97   19.58   277.22   72.86   286.42   74.21 
 266   43.01    8.55      4.26  121.97   30.78     -4.71    5.15   10.12     12.97    8.50    5.75     -3.00    7.03   19.53   283.88   75.63   293.63   76.11 
 267   43.01    8.64      4.62  119.38   31.11    -10.28    5.22   10.10     12.97    8.50    5.76     -3.14    7.11   19.48   285.53   75.96   294.71   77.28 
 268   43.01    8.57      4.53  124.06   31.46    -12.98    5.25   10.08     12.97    8.50    5.77     -4.50    6.93   19.44   296.96   79.42   305.30   80.84 
 269   43.01    8.57      4.82  123.06   31.80    -18.28    5.52   10.07     12.97    8.50    5.78     -3.77    7.25   19.39   301.68   81.31   310.50   82.21 
 270   43.01    8.32      6.20  105.74   32.07     -4.26    5.33   10.05     12.97    8.50    5.79     -4.78    6.77   19.34   286.99   84.69   295.73   84.98 
 271   46.42   10.23      6.48  103.08   32.33     -3.72    4.05   10.03     12.67    8.73    5.80     -2.13    5.97   19.29   286.49   79.71   295.61   81.22 
 272   46.42   10.20      6.33  104.17   32.60     -3.51    3.91   10.00     12.67    8.73    5.81      0.44    8.14   19.25   289.22   78.73   298.01   79.89 
 273   46.42    8.56      5.99  107.24   32.87     -4.28    4.15    9.98     12.67    8.73    5.82      1.26    8.45   19.21   292.21   74.72   301.35   76.06 
 274   46.42   10.45      5.87  107.95   33.15     -2.41    3.98    9.96     12.67    8.73    5.83      0.98    9.98   19.18   292.60   71.19   302.56   72.79 
 275   46.42    9.34      5.77  109.21   33.42     -3.20    4.14    9.94     12.67    8.73    5.84      1.89   13.08   19.16   295.50   69.32   305.10   70.38 
 276   53.76   10.40      5.90  107.45   33.69     -4.22    3.98    9.92     12.74    8.58    5.85      1.58   10.77   19.13   294.19   65.84   303.40   67.07 
 277   53.76   10.25      6.07  105.23   33.95     -2.74    4.23    9.90     12.74    8.58    5.86     -1.05    6.17   19.08   289.85   67.33   299.63   67.99 
 278   53.76   10.41      5.26  117.36   34.25     -9.95    4.27    9.88     12.74    8.58    5.87     -3.36    5.17   19.03   302.54   69.40   311.51   70.44 
 279   53.76    9.27      4.57  132.34   34.60    -18.68    4.33    9.86     12.74    8.58    5.88     -8.81    4.63   18.98   316.27   62.53   326.01   62.47 
 280   53.76    8.60      4.61  136.72   34.97    -21.31    4.33    9.84     12.74    8.58    5.89     -7.53    4.74   18.93   327.87   80.19   337.16   81.63 
 281   58.00    9.49      5.64  126.03   35.29    -13.88    2.33    9.81     12.54    8.70    5.90     -2.73    3.84   18.88   317.18   74.86   327.32   75.43 
 282   58.00    9.96      6.28  120.22   35.59    -11.34    2.30    9.78     12.54    8.70    5.91     -1.36    3.63   18.82   312.61   75.70   321.94   76.90 
 283   58.00   11.15      7.27  111.17   35.86     -6.60    2.24    9.76     12.54    8.70    5.92     -1.40    3.57   18.77   305.77   75.02   314.29   76.27 
 284   58.00   10.34      7.08  115.95   36.14     -8.69    2.27    9.73     12.54    8.70    5.93      0.53    5.27   18.72   308.32   68.99   318.52   70.68 
 285   58.00   11.20      7.14  117.31   36.42    -13.68    2.27    9.71     12.54    8.70    5.94     -0.30    4.20   18.67   312.32   68.51   321.55   69.81 
 286   68.24    9.56      7.16  118.16   36.71    -25.36    5.33    9.69     12.93    8.24    5.95     -3.60    6.46   18.63   302.98   53.40   311.67   54.94 
 287   68.24    8.54      7.39  116.10   36.99    -19.37    5.35    9.68     12.93    8.24    5.96     -2.56    7.07   18.59   308.29   59.86   317.64   60.86 
 288   68.24    8.54      7.30  118.21   37.27    -27.61    5.36    9.66     12.93    8.24    5.96     -9.97    5.66   18.54   300.25   47.17   310.15   48.63 
 289   68.24    8.84      6.85  123.76   37.57     -4.34    4.88    9.64     12.93    8.24    5.97     -3.74    6.83   18.50   308.22   47.95   316.98   48.69 
 290   68.24    9.26      6.43  127.76   37.88     -0.68    4.81    9.63     12.93    8.24    5.98     -6.72    5.86   18.46   307.53   42.84   316.80   44.88 
 291   59.57    9.82      5.31  143.96   38.24    -14.88    4.12    9.61     12.78    8.31    5.99     -5.35    4.77   18.41   329.03   39.79   337.11   42.01 
 292   59.57   10.32      5.36  139.96   38.59    -20.49    4.14    9.59     12.78    8.31    6.00    -11.64    4.27   18.36   331.01   42.10   338.75   44.25 
 293   59.57   10.42      4.89  144.25   38.95    -15.70    4.13    9.57     12.78    8.31    6.00    -16.54    4.18   18.31   329.30   32.88   337.42   35.18 
 294   59.57   10.32      4.77  142.21   39.30    -18.31    4.10    9.55     12.78    8.31    6.01    -27.41    4.15   18.26   325.46   34.59   334.67   35.19 
 295   59.57   10.12      4.61  139.70   39.64    -14.28    4.09    9.53     12.78    8.31    6.02    -17.73    4.17   18.22   324.63   40.10   332.51   42.23 
 296   65.49    9.99      1.85  187.32   40.14      -Inf    4.79    9.52     12.85    8.17    6.03    -10.76    4.96   18.17   372.87   39.55   382.68   41.63 
 297   65.49   10.13      2.92  163.81   40.56    -41.29    4.78    9.50     12.85    8.17    6.03     -9.16    5.07   18.13   331.85   14.83   342.55   16.71 
 298   65.49   10.08      1.62  188.09   41.05      -Inf    4.79    9.49     12.85    8.17    6.04    -13.77    4.87   18.08   368.08   36.37   376.12   37.82 
 299   65.49   10.14      2.73  163.48   41.46      -Inf    4.79    9.47     12.85    8.17    6.05    -13.27    4.89   18.04   344.20   56.60   352.40   58.08 
 300   65.49   10.36      3.82  142.83   41.80    -21.51    4.78    9.45     12.85    8.17    6.06    -12.20    4.92   18.00   329.25   87.93   338.64   89.66 
 301   66.25    9.64      3.80  143.71   42.14     -8.78    4.23    9.44     12.75    8.20    6.06    -15.54    4.46   17.95   329.67   94.01   338.73   96.82 
 302   66.25   10.06      3.43  150.07   42.50    -27.36    4.38    9.42     12.75    8.20    6.07    -12.33    4.52   17.91   328.28   66.36   336.74   67.14 
 303   66.25    8.51      1.20  193.08   42.99      -Inf    4.41    9.40     12.75    8.20    6.08     -9.96    4.64   17.86   362.70   45.24   372.84   47.05 
 304   66.25   10.06      3.10  153.90   43.36    -37.56    4.41    9.39     12.75    8.20    6.08    -13.63    4.50   17.82   331.19   84.31   342.02   85.46 
 305   66.25    9.23      1.92  173.62   43.79      -Inf    4.41    9.37     12.75    8.20    6.09    -10.34    4.61   17.78   344.73   72.91   355.91   73.34 
 306   68.91   10.91      0.02  212.97   44.34      -Inf    4.56    9.36     12.23    8.64    6.10    -12.84    4.67   17.73   388.22  102.26   398.16  103.52 
 307   68.91    9.05      0.63  197.58   44.84      -Inf    4.56    9.34     12.23    8.64    6.11    -15.28    4.62   17.69   335.74   -4.10   344.93   -3.25 
 308   68.91    9.23      0.87  191.36   45.31    -27.15    4.55    9.32     12.23    8.64    6.12     -7.18    5.03   17.65   328.15   -4.43   337.26   -3.43 
 309   68.91    9.52      0.93  188.99   45.78     -9.12    4.46    9.31     12.23    8.64    6.12     -7.67    4.99   17.61   324.62   -4.46   333.84   -3.57 
 310   68.91   10.90      1.12  183.97   46.23      -Inf    4.56    9.29     12.23    8.64    6.13     -8.55    4.89   17.57   344.23   42.85   354.56   44.89 
 311   71.00    9.40      1.34  178.89   46.65     -8.25    4.13    9.28     11.98    8.82    6.14     -8.71    4.52   17.52   328.14   19.79   338.13   21.53 
 312   71.00   10.54      1.89  169.56   47.05     -5.77    4.13    9.26     11.98    8.82    6.15    -10.21    4.44   17.48   325.96   24.95   333.81   26.00 
 313   71.00   10.37      2.07  167.62   47.43     -6.17    4.15    9.24     11.98    8.82    6.16    -12.50    4.36   17.44   325.81   23.07   333.66   24.04 
 314   71.00    9.94      2.80  160.02   47.79    -10.41    4.20    9.23     11.98    8.82    6.17    -14.22    4.32   17.40   325.05   23.82   332.86   24.78 
 315   71.00   10.78      3.70  147.05   48.10     -8.32    4.24    9.21     11.98    8.82    6.17    -10.39    4.43   17.36   330.33   65.28   339.38   67.57 
 316   48.77   10.75      1.36  198.58   48.58      -Inf    1.92    9.19     12.54    8.20    6.18     -7.15    2.14   17.31   377.35   31.99   387.19   34.13 
 317   48.77   11.29      2.60  177.60   48.99      -Inf    1.92    9.17     12.54    8.20    6.19     -6.56    2.16   17.26   362.14   31.83   370.10   33.72 
 318   48.77   11.24      3.00  173.60   49.38      -Inf    1.92    9.14     12.54    8.20    6.19     -7.32    2.10   17.21   356.65   27.95   366.97   28.13 
 319   48.77   10.99      3.34  168.69   49.75      -Inf    1.92    9.12     12.54    8.20    6.20    -12.76    1.98   17.17   361.72   36.49   368.97   38.03 
 320   48.77   11.16      5.05  139.90   50.04      -Inf    1.92    9.10     12.54    8.20    6.21     -5.04    2.29   17.12   347.39   65.09   356.37   66.97 
 321   55.69   10.94      6.91  113.09   50.23    -23.75    1.82    9.08     13.09    7.64    6.21     -4.89    2.20   17.07   329.42   90.79   338.34   92.56 
 322   55.69   11.41      4.84  143.30   50.52    -40.07    1.83    9.05     13.09    7.64    6.22     -3.72    2.35   17.03   333.43   23.61   343.88   26.22 
 323   55.69   10.92      4.59  144.71   50.81    -33.67    1.83    9.03     13.09    7.64    6.22    -19.00    1.84   16.98   332.89   22.26   343.36   24.90 
 324   55.69   11.17      4.78  139.89   51.09    -23.28    1.82    9.01     13.09    7.64    6.22     -5.17    2.18   16.93   326.95   25.04   335.07   25.14 
 325   55.69   10.92      1.26  208.09   51.57      -Inf    1.83    8.99     13.09    7.64    6.23     -7.45    2.00   16.89   417.02   75.48   427.47   77.19 
 326   58.61   10.97      3.57  158.72   51.90      -Inf    1.71    8.96     13.08    7.59    6.23      -Inf    1.71   16.84   361.72   58.34   371.64   58.53 
 327   58.61   11.05      4.34  145.10   52.18      -Inf    1.71    8.94     13.08    7.59    6.24     -5.65    2.00   16.80   354.17   96.38   363.71   97.91 
 328   58.61   11.10      4.02  149.88   52.48      -Inf    1.71    8.92     13.08    7.59    6.24     -5.50    2.01   16.75   358.03  106.36   365.27  106.92 
 329   58.61   11.07      5.70  123.36   52.70    -30.04    1.71    8.90     13.08    7.59    6.25     -8.29    1.85   16.71   327.67   85.25   336.37   86.01 
 330   58.61   10.22      2.02  188.44   53.11      -Inf    1.71    8.88     13.08    7.59    6.25     -5.68    2.00   16.66   372.18   28.06   382.56   28.71 
 331   53.38    9.66      3.15  164.77   53.45      -Inf    1.41    8.85     12.63    7.93    6.25     -9.98    1.50   16.62   366.92  132.69   375.63  132.95 
 332   53.38    9.67      3.40  158.47   53.76      -Inf    1.41    8.83     12.63    7.93    6.26     -5.18    1.62   16.57   352.67   66.46   359.98   67.48 
 333   53.38   11.54      2.27  178.18   54.14      -Inf    1.41    8.81     12.63    7.93    6.26     -4.52    1.76   16.53   368.01   65.09   377.92   67.58 
 334   53.38    9.72      4.38  137.43   54.39    -17.44    1.40    8.79     12.63    7.93    6.27     -6.93    1.59   16.48   330.20  117.50   339.20  119.30 
 335   53.38   11.59      2.89  161.69   54.71    -19.35    1.41    8.76     12.63    7.93    6.27     -5.71    1.65   16.44   333.03   26.39   343.14   28.45 
 336   53.04   10.22      4.23  137.76   54.95    -18.69    1.24    8.74     12.47    8.02    6.28    -26.82    1.26   16.39   330.74   93.78   339.55   96.32 
 337   53.04   10.55      3.18  153.80   55.25    -16.19    1.25    8.72     12.47    8.02    6.28    -23.25    1.26   16.35   329.57   33.71   339.24   35.74 
 338   53.04    9.60      3.86  141.77   55.50    -48.13    1.26    8.70     12.47    8.02    6.29    -11.30    1.32   16.30   333.71  101.20   343.15  104.01 
 339   53.04   10.51      4.01  139.98   55.75    -17.56    1.23    8.68     12.47    8.02    6.29     -3.02    1.75   16.26   332.04   97.69   341.40  100.46 
 340   53.04   10.52      4.01  140.60   56.00    -19.69    1.24    8.65     12.47    8.02    6.30    -10.92    1.32   16.22   331.44   92.66   340.69   94.66 
 341   58.25    9.58      2.42  168.53   56.33      -Inf    1.02    8.63     12.66    7.78    6.30     -0.30    2.11   16.17   348.65  165.80   357.31  166.08 
 342   58.25   11.49      2.73  164.89   56.65      -Inf    1.02    8.61     12.66    7.78    6.31     -4.41    1.30   16.13   355.10   94.73   364.66   96.13 
 343   58.25   11.18      4.18  139.86   56.89    -29.55    1.02    8.59     12.66    7.78    6.31     -0.75    2.37   16.09   330.14   87.53   338.78   89.65 
 344   58.25   11.50      3.41  153.69   57.17    -27.19    1.01    8.57     12.66    7.78    6.32     -6.05    1.19   16.05   324.08   33.46   332.31   34.64 
 345   58.25   10.12      3.44  153.35   57.45    -20.45    1.02    8.54     12.66    7.78    6.32     -4.86    1.25   16.00   327.97   46.24   338.96   45.76 
 346   51.31   10.66      4.60  134.65   57.67    -25.14    1.60    8.52     12.34    8.02    6.33    -10.21    1.70   15.96   328.34  109.64   337.03  110.77 
 347   51.31   10.16      4.62  135.01   57.90    -20.20    1.59    8.50     12.34    8.02    6.33    -21.54    1.61   15.92   326.94   78.76   335.40   80.25 
 348   51.31   10.84      5.11  128.28   58.10    -22.03    1.59    8.48     12.34    8.02    6.34    -46.43    1.60   15.88   323.09   77.64   331.47   79.00 
 349   51.31   11.67      5.02  130.26   58.31    -14.80    1.60    8.46     12.34    8.02    6.34    -17.66    1.61   15.84   328.11   78.84   336.63   80.12 
 350   51.31    9.59      5.07  130.05   58.51    -18.11    1.59    8.44     12.34    8.02    6.35    -17.09    1.62   15.80   332.07   80.27   339.88   83.56 
 351   52.34    9.98      6.02  118.70   58.68    -24.22    1.57    8.42     12.23    8.06    6.35    -29.99    1.58   15.76   323.73   75.24   332.26   75.35 
 352   52.34   11.45      6.86  111.21   58.83    -21.30    1.57    8.40     12.23    8.06    6.36    -17.18    1.60   15.72   324.02   76.98   332.56   77.09 
 353   52.34   10.41      7.11  111.10   58.98    -17.98    1.57    8.39     12.23    8.06    6.36     -2.85    2.32   15.68   331.57   80.74   339.44   84.11 
 354   52.34   10.55      7.07  114.57   59.14    -35.12    1.58    8.37     12.23    8.06    6.36    -18.64    1.60   15.64   321.58   47.46   332.12   47.07 
 355   52.34   10.36      8.24  102.41   59.26    -29.39    1.57    8.35     12.23    8.06    6.37    -21.30    1.59   15.60   328.61   78.54   337.31   79.66 
 356   52.75   11.54      8.85   96.65   59.36    -19.74    1.52    8.33     12.33    7.91    6.37     -3.82    2.04   15.56   323.32   78.55   332.13   79.59 
 357   52.75   10.76      9.07   94.82   59.46    -24.99    1.52    8.31     12.33    7.91    6.38    -11.88    1.60   15.52   330.04  109.83   338.35  111.34 
 358   52.75    9.68      8.14  105.29   59.59    -20.12    1.51    8.29     12.33    7.91    6.38    -14.32    1.57   15.49   330.67   76.43   338.87   79.81 
 359   52.75   10.79      7.61  111.05   59.73    -17.98    1.52    8.27     12.33    7.91    6.39     -9.26    1.66   15.45   326.75   63.28   335.46   64.21 
 360   52.75   10.13      4.17  162.73   60.02      -Inf    1.52    8.25     12.33    7.91    6.39     -0.53    3.32   15.41   376.17   52.20   384.94   53.25 
 361   54.47    9.64      2.94  182.37   60.36      -Inf    1.35    8.23     12.36    7.83    6.40     -0.57    2.40   15.38   370.34   12.90   380.62   13.67 
 362   54.47   11.54      4.56  148.85   60.60      -Inf    1.35    8.21     12.36    7.83    6.40     -5.06    1.63   15.34   359.35   73.54   370.24   74.12 
 363   54.47   10.17      5.72  127.70   60.79    -22.78    1.35    8.20     12.36    7.83    6.40     -1.38    2.02   15.30   333.67   69.58   341.28   73.04 
 364   54.47   10.52      5.66  125.70   60.97    -22.99    1.35    8.18     12.36    7.83    6.41     -2.31    1.87   15.27   330.33   81.14   339.20   82.58 
 365   54.47   10.63      2.50  180.59   61.30      -Inf    1.35    8.16     12.36    7.83    6.41     -1.95    2.19   15.23   375.71   42.15   386.98   44.98 
 366   56.03   11.45      2.27  186.84   61.64      -Inf    0.86    8.14     12.29    7.84    6.41     -2.56    1.28   15.19   393.89   75.64   403.59   77.95 
 367   56.03   10.06      5.71  126.48   61.81    -24.92    0.86    8.12     12.29    7.84    6.42    -15.75    0.87   15.15   329.86   66.72   337.52   70.15 
 368   56.03   10.41      4.97  140.75   62.03      -Inf    0.86    8.10     12.29    7.84    6.42      0.93    2.51   15.12   342.22   52.95   351.20   54.81 
 369   56.03   10.32      2.67  187.72   62.37      -Inf    0.86    8.08     12.29    7.84    6.43     -0.40    2.15   15.08   373.62    9.99   383.91   10.87 
 370   56.03    9.70      6.58  121.75   62.53      -Inf    0.86    8.06     12.29    7.84    6.43     -3.61    1.13   15.05   337.24   74.16   344.88   77.84 
 371   56.40   10.11      5.23  142.57   62.75      -Inf    0.81    8.04     12.28    7.80    6.43     -1.69    1.39   15.01   344.78   43.56   353.96   45.84 
 372   56.40   11.30      1.83  212.30   63.15      -Inf    0.81    8.02     12.28    7.80    6.44     -7.26    0.90   14.97   439.10  135.83   449.15  135.81 
 373   56.40   10.40      2.13  203.56   63.52      -Inf    0.81    8.00     12.28    7.80    6.44     -1.43    1.50   14.93   429.16  121.89   440.18  122.05 
 374   56.40   11.38      5.50  136.86   63.72      -Inf    0.81    7.98     12.28    7.80    6.44     -1.01    1.67   14.90   357.54   82.27   365.84   84.02 
 375   56.40   11.15      5.88  127.52   63.89      -Inf    0.81    7.96     12.28    7.80    6.45     -1.41    1.46   14.86   344.20   88.94   353.10   90.23 
 376   58.60   11.28      3.90  158.54   64.14      -Inf    1.25    7.94     12.36    7.67    6.45     -1.49    1.94   14.83   363.43   52.03   374.95   52.17 
 377   58.60   10.52      0.98  216.78   64.55      -Inf    1.25    7.93     12.36    7.67    6.45    -10.96    1.30   14.79   424.95   75.14   434.42   76.41 
 378   58.60   11.50      0.61  219.86   64.96      -Inf    1.25    7.91     12.36    7.67    6.46    -17.68    1.26   14.76   421.20   77.45   430.76   78.77 
 379   58.60   10.08      4.95  131.56   65.13    -44.28    1.25    7.89     12.36    7.67    6.46    -15.06    1.27   14.72   329.79   84.12   337.74   85.70 
 380   58.60   10.53     -0.18  233.66   65.58      -Inf    1.25    7.87     12.36    7.67    6.46     -3.98    1.59   14.69   402.60    5.14   413.40    5.05 
 381   57.57   10.71     -0.62  242.26   66.04      -Inf    1.21    7.86     12.36    7.62    6.47    -11.63    1.26   14.65   431.57   73.12   440.30   75.58 
 382   57.57   10.10      1.55  187.94   66.36      -Inf    1.21    7.84     12.36    7.62    6.47     -4.17    1.52   14.62   376.95  136.10   387.56  136.02 
 383   57.57    9.58      1.87  179.21   66.65      -Inf    1.21    7.82     12.36    7.62    6.47    -16.32    1.23   14.58   347.48   22.92   357.05   22.40 
 384   57.57   10.12     -0.06  218.32   67.05      -Inf    1.21    7.80     12.36    7.62    6.48     -6.15    1.38   14.55   385.61   15.62   394.87   17.96 
 385   57.57    9.61      0.69  197.65   67.39      -Inf    1.21    7.79     12.36    7.62    6.48      -Inf    1.21   14.51   367.76   28.33   376.89   30.54 
 386   59.05   10.96     -0.70  231.24   67.81      -Inf    0.80    7.77     12.19    7.72    6.48     -7.06    0.89   14.48   415.89  108.96   425.10  109.27 
 387   59.05   10.09      2.42  159.80   68.05      -Inf    0.80    7.75     12.19    7.72    6.49     -3.53    1.07   14.44   344.57   76.53   351.38   77.13 
 388   59.05   10.42      0.92  190.28   68.37      -Inf    0.80    7.73     12.19    7.72    6.49    -10.20    0.84   14.41   370.87   44.05   380.14   46.73 
 389   59.05   10.24     -0.18  219.16   68.75      -Inf    0.80    7.72     12.19    7.72    6.49    -15.36    0.81   14.37   408.39   75.39   418.11   76.49 
 390   59.05   11.02      2.10  172.08   69.02      -Inf    0.80    7.70     12.19    7.72    6.50     -4.57    0.99   14.34   363.09   59.99   370.40   60.82 
 391   59.19    9.83     -0.14  224.64   69.42      -Inf    1.15    7.68     12.35    7.53    6.50     -2.80    1.61   14.31   410.39   36.30   419.17   38.35 
 392   59.19   11.26     -0.96  247.32   69.87      -Inf    1.15    7.66     12.35    7.53    6.50     -4.15    1.37   14.27   436.51   53.11   445.48   55.41 
 393   59.19    9.67      3.10  155.56   70.09      -Inf    1.15    7.65     12.35    7.53    6.50     -5.74    1.32   14.24   337.55   44.17   347.07   43.13 
 394   59.19    9.68      1.43  185.58   70.38      -Inf    1.15    7.63     12.35    7.53    6.51     -2.54    1.61   14.21   361.98   39.14   373.45   39.71 
 395   59.19   11.01      1.13  184.78   70.67    -72.10    1.15    7.62     12.35    7.53    6.51     -3.11    1.36   14.18   332.47   -2.63   341.78   -0.13 
 396   60.15   10.07     -0.70  219.33   71.05      -Inf    1.13    7.60     12.20    7.62    6.51     -3.25    1.41   14.14   384.62   45.93   393.25   47.65 
 397   60.15   11.31     -0.85  214.92   71.41      -Inf    1.13    7.58     12.20    7.62    6.51     -3.50    1.51   14.11   366.61   19.74   375.52   21.98 
 398   60.15    9.76      0.21  181.44   71.69      -Inf    1.13    7.57     12.20    7.62    6.52     -2.03    1.69   14.08   336.91  113.77   346.63  115.17 
 399   60.15   10.02     -0.12  181.21   71.96    -26.86    1.13    7.55     12.20    7.62    6.52     -9.72    1.19   14.05   331.13   52.34   339.44   54.27 
 400   60.15   10.38     -0.71  187.06   72.25    -28.90    1.13    7.53     12.20    7.62    6.52     -0.12    2.26   14.02   327.70   26.66   334.48   27.79 
 401   61.81    9.70     -0.80  186.91   72.53    -33.96    0.81    7.52     12.38    7.42    6.52     -5.14    0.98   13.99   330.36   42.03   339.19   43.76 
 402   61.81    9.92     -4.11  268.19   73.02      -Inf    0.81    7.50     12.38    7.42    6.53      0.04    1.70   13.96   410.50   92.43   420.83   93.76 
 403   61.81   11.04     -5.16  304.28   73.59      -Inf    0.81    7.48     12.38    7.42    6.53     -5.75    0.95   13.92   441.32   15.82   452.05   14.78 
 404   61.81   10.08     -3.00  241.39   74.01      -Inf    0.81    7.47     12.38    7.42    6.53     -7.73    0.89   13.89   386.71   89.84   398.33   89.75 
 405   61.81    9.56     -0.46  182.39   74.28     -8.82    0.80    7.45     12.38    7.42    6.53     -6.77    0.91   13.86   329.48   66.49   339.23   67.35 
 406   62.17    9.29     -1.35  204.91   74.60      -Inf    2.32    7.44     12.26    7.47    6.54    -14.72    2.35   13.83   353.67   69.02   363.02   70.46 
 407   62.17    9.75      0.11  177.83   74.85    -28.37    2.31    7.43     12.26    7.47    6.54    -10.65    2.42   13.80   329.47   55.82   339.37   57.09 
 408   62.17    9.10     -2.00  230.04   75.23      -Inf    2.32    7.41     12.26    7.47    6.54     -4.98    2.65   13.78   371.23   -0.22   380.17    2.43 
 409   62.17    8.64     -2.78  256.21   75.68      -Inf    2.32    7.40     12.26    7.47    6.54     -2.10    3.30   13.75   408.16  149.36   417.76  151.40 
 410   62.17    9.03     -0.28  194.91   75.97    -21.82    2.31    7.39     12.26    7.47    6.54     -3.41    2.84   13.72   334.85   -7.78   344.31   -4.37 
 411   62.99    9.76     -1.27  222.76   76.32      -Inf    2.28    7.38     12.26    7.43    6.55     -8.44    2.46   13.70   384.89   42.97   396.09   45.82 
 412   62.99   10.32     -2.24  249.26   76.74      -Inf    2.28    7.36     12.26    7.43    6.55    -10.19    2.40   13.67   416.45   75.12   426.58   76.67 
 413   62.99    9.99      1.68  159.65   76.94      0.36    1.63    7.35     12.26    7.43    6.55    -11.51    2.36   13.64   328.75   87.80   338.56   89.21 
 414   62.99    8.81      0.80  178.37   77.19      -Inf    2.28    7.34     12.26    7.43    6.55      -Inf    2.28   13.61   345.02   42.05   351.70   43.04 
 415   62.99   10.50     -0.96  222.19   77.54      -Inf    2.28    7.33     12.26    7.43    6.56    -17.82    2.30   13.59   394.26   96.65   404.40   98.20 
 416   64.59   10.09      1.94  161.72   77.74    -13.30    0.62    7.31     12.38    7.27    6.56     -1.40    1.12   13.56   327.71   39.14   334.79   40.12 
 417   64.59   10.34     -2.69  279.11   78.22      -Inf    0.63    7.29     12.38    7.27    6.56     -3.73    0.81   13.53   453.02  121.00   463.80  121.58 
 418   64.59   11.29     -3.15  295.93   78.74      -Inf    0.63    7.28     12.38    7.27    6.56     -0.62    1.58   13.50   459.37   13.14   469.93   12.38 
 419   64.59    9.69     -0.37  217.95   79.08      -Inf    0.63    7.26     12.38    7.27    6.56      -Inf    0.63   13.47   396.50   80.83   405.99   83.19 
 420   64.59   10.69      1.34  181.19   79.32      -Inf    0.63    7.25     12.38    7.27    6.56     -3.43    0.84   13.44   361.45  122.91   371.43  123.03 
 421   64.54   10.77      3.33  146.41   79.48    -54.67    0.71    7.23     12.47    7.16    6.57    -23.42    0.71   13.41   328.79   71.06   338.97   72.26 
 422   64.54   10.00     -0.35  224.25   79.82      -Inf    0.71    7.21     12.47    7.16    6.57    -23.62    0.71   13.38   410.87   75.59   420.76   78.40 
 423   64.54    9.75      3.37  144.57   79.98    -12.52    0.70    7.20     12.47    7.16    6.57    -40.42    0.71   13.35   330.51   71.59   340.40   72.76 
 424   64.54    9.78      0.25  207.26   80.28      -Inf    0.71    7.18     12.47    7.16    6.57     -5.59    0.84   13.32   391.69   44.55   402.01   44.82 
 425   64.54   10.38     -1.23  241.91   80.66      -Inf    0.71    7.17     12.47    7.16    6.57      -Inf    0.71   13.29   420.87   19.86   429.64   21.68 
 426   65.66    9.26     -2.38  274.43   81.11      -Inf    2.13    7.16     12.46    7.13    6.57      -Inf    2.13   13.26   449.21  160.79   458.72  161.90 
 427   65.66    9.21     -1.57  251.84   81.51      -Inf    2.13    7.15     12.46    7.13    6.57      -Inf    2.13   13.23   437.34   91.72   445.99   94.20 
 428   65.66    8.50      2.37  158.64   81.69     -1.08    0.76    7.13     12.46    7.13    6.58    -25.10    2.13   13.21   325.14   21.36   331.99   22.60 
 429   65.66    9.21     -1.80  256.42   82.10      -Inf    2.13    7.12     12.46    7.13    6.58    -17.17    2.15   13.18   428.95   28.61   438.46   29.96 
 430   65.66    9.37      1.05  184.97   82.34      -Inf    2.13    7.11     12.46    7.13    6.58    -13.42    2.18   13.16   362.26   61.73   373.87   61.99 
 431   66.34    9.11      0.53  197.69   82.61      -Inf    2.09    7.10     12.47    7.07    6.58    -20.48    2.10   13.13   380.12   95.72   389.99   98.13 
 432   66.34    8.83     -2.93  292.48   83.09      -Inf    2.09    7.08     12.47    7.07    6.58     -9.09    2.22   13.11   466.13   22.36   474.85   25.00 
 433   66.34   10.52     -2.19  271.17   83.53      -Inf    2.09    7.07     12.47    7.07    6.58      -Inf    2.09   13.08   448.13   22.90   457.91   20.77 
 434   66.34    9.58      0.52  204.99   83.81      -Inf    2.09    7.06     12.47    7.07    6.58      -Inf    2.09   13.06   397.13   73.80   408.88   73.56 
 435   66.34    8.89      2.34  166.62   84.00      -Inf    2.09    7.05     12.47    7.07    6.58      -Inf    2.09   13.03   361.20   87.26   373.04   86.72 
 436   66.30   10.93      2.79  163.04   84.18      -Inf    0.91    7.04     12.36    7.12    6.58     -4.72    1.11   13.00   358.38  133.40   367.79  136.40 
 437   66.30    9.71     -1.37  268.65   84.60      -Inf    0.91    7.02     12.36    7.12    6.59    -20.87    0.92   12.98   450.66  -18.57   461.20  -18.40 
 438   66.30    9.70      0.17  229.73   84.93      -Inf    0.91    7.01     12.36    7.12    6.59      -Inf    0.91   12.95   434.56   49.15   444.02   51.59 
 439   66.30   10.00      3.86  150.87   85.08      -Inf    0.91    6.99     12.36    7.12    6.59      -Inf    0.91   12.92   357.04   63.83   368.12   64.08 
 440   66.30    9.71     -0.80  255.72   85.47      -Inf    0.91    6.98     12.36    7.12    6.59     -6.42    1.03   12.89   437.74  -20.12   448.74  -16.64 
 441   67.02    9.69      4.48  136.67   85.58    -18.95    0.89    6.97     12.36    7.08    6.59     -4.17    1.12   12.87   330.82   41.40   342.07   42.09 
 442   67.02   10.74     -1.69  271.79   86.01      -Inf    0.90    6.95     12.36    7.08    6.59     -1.61    1.46   12.84   461.87   16.48   470.99   19.96 
 443   67.02    9.67      0.35  215.70   86.30      -Inf    0.90    6.94     12.36    7.08    6.59     -1.00    1.18   12.82   413.48   43.00   422.17   44.66 
 444   67.02    9.74      4.35  136.28   86.41      -Inf    0.90    6.92     12.36    7.08    6.59      -Inf    0.90   12.79   338.21   79.06   349.61   78.87 
 445   67.02   10.09      1.50  189.84   86.64      -Inf    0.90    6.91     12.36    7.08    6.59      -Inf    0.90   12.76   379.29    9.40   389.87   13.63 
 446   67.66   10.43     -0.74  247.86   87.00      -Inf    0.89    6.90     12.33    7.07    6.60    -11.09    0.93   12.73   455.33   82.62   463.54   84.42 
 447   67.66    9.69      1.54  191.38   87.24      -Inf    0.89    6.88     12.33    7.07    6.60    -44.28    0.89   12.71   379.47  167.27   388.96  168.10 
 448   67.66    9.85      3.75  151.52   87.38      -Inf    0.89    6.87     12.33    7.07    6.60    -23.81    0.90   12.68   355.40  133.31   365.02  136.35 
 449   67.66    9.73      3.65  154.45   87.53    -48.98    0.89    6.86     12.33    7.07    6.60     -7.72    0.98   12.66   330.83  -18.23   340.55  -16.16 
 450   67.66   10.44      2.55  176.82   87.73      -Inf    0.89    6.84     12.33    7.07    6.60     -0.52    1.92   12.63   386.54   63.29   398.58   64.19 
 451   68.88    9.65      3.33  161.50   87.89      -Inf    0.53    6.83     12.19    7.14    6.60     -0.58    1.26   12.61   366.93  138.77   376.03  141.50 
 452   68.88   11.44      0.98  208.49   88.16      -Inf    0.53    6.82     12.19    7.14    6.60     -1.11    1.07   12.58   398.06   31.66   409.66   31.01 
 453   68.88   10.83     -1.13  255.43   88.53      -Inf    0.53    6.80     12.19    7.14    6.60      -Inf    0.53   12.55   419.61  -10.84   430.41   -8.31 
 454   68.88   11.45     -2.73  292.64   88.98      -Inf    0.53    6.79     12.19    7.14    6.60      -Inf    0.53   12.53   454.69   -5.63   462.95   -2.21 
 455   68.88   10.10     -3.14  289.04   89.42      -Inf    0.53    6.78     12.19    7.14    6.61    -22.87    0.53   12.50   429.21  -31.11   439.69  -27.98 
 456   70.88   10.57     -1.11  215.54   89.70      -Inf    0.52    6.76     12.19    7.10    6.61     -0.93    0.83   12.48   372.33  132.87   382.22  135.12 
 457   70.88   10.78     -0.38  194.13   89.92    -11.30    0.52    6.75     12.19    7.10    6.61     -9.43    0.55   12.45   325.47  -13.22   335.23  -10.89 
 458   70.88   10.32     -2.93  255.57   90.29      -Inf    0.52    6.73     12.19    7.10    6.61     -0.54    0.99   12.43   408.87   42.82   420.57   42.99 
 459   70.88    9.81     -1.65  216.43   90.56      -Inf    0.52    6.72     12.19    7.10    6.61      -Inf    0.52   12.40   372.15   80.76   380.38   82.10 
 460   70.88   10.80     -2.31  236.36   90.88      -Inf    0.52    6.71     12.19    7.10    6.61    -11.52    0.54   12.37   391.48   61.97   402.60   63.53 
 461   71.02   10.34     -5.44  343.82   91.43      -Inf    0.83    6.69     12.12    7.12    6.61    -18.71    0.83   12.35   469.83  -55.10   480.12  -55.43 
 462   71.02    9.63     -4.38  311.95   91.90      -Inf    0.83    6.68     12.12    7.12    6.61    -10.27    0.87   12.32   459.75  171.41   471.78  172.45 
 463   71.02   10.29     -1.11  219.94   92.18      -Inf    0.83    6.67     12.12    7.12    6.61    -16.15    0.84   12.30   382.12  111.95   391.06  115.09 
 464   71.02   10.55     -3.14  281.92   92.59      -Inf    0.83    6.66     12.12    7.12    6.62      2.49    1.81   12.28   435.89  167.78   446.99  168.55 
 465   71.02   10.33     -1.85  246.37   92.92      -Inf    0.83    6.64     12.12    7.12    6.62     -4.84    1.01   12.25   403.32   55.60   411.93   58.16 
 466   72.27   10.55     -0.37  209.02   93.17      -Inf    0.81    6.63     12.12    7.08    6.62     -2.09    1.30   12.23   350.21   16.40   363.22   17.06 
 467   72.27   10.83      0.34  193.98   93.38      -Inf    0.81    6.62     12.12    7.08    6.62      2.66    2.44   12.21   361.28  103.77   371.29  106.95 
 468   72.27   10.91     -1.21  230.98   93.68      -Inf    0.81    6.61     12.12    7.08    6.62    -14.99    0.83   12.18   398.55   70.24   409.88   71.73 
 469   72.27    9.67     -3.79  311.93   94.14      -Inf    0.81    6.59     12.12    7.08    6.62     -2.63    1.18   12.16   480.87   42.93   489.30   44.91 
 470   72.27   10.83     -0.93  225.42   94.42      -Inf    0.81    6.58     12.12    7.08    6.62    -32.88    0.81   12.14   394.88   52.82   406.04   55.07 
 471   72.15   10.52     -1.00  229.12   94.71      -Inf    0.40    6.57     12.16    7.01    6.62      -Inf    0.40   12.11   386.47  184.92   395.41  186.74 
 472   72.15    9.67     -0.59  221.38   94.98      -Inf    0.40    6.56     12.16    7.01    6.62      -Inf    0.40   12.09   389.87  158.68   399.78  161.66 
 473   72.15   10.50     -1.60  250.18   95.31      -Inf    0.40    6.54     12.16    7.01    6.62    -25.30    0.40   12.06   420.47  161.57   429.35  164.87 
 474   72.15   10.51      0.80  191.03   95.51      -Inf    0.40    6.53     12.16    7.01    6.63    -32.74    0.40   12.04   356.99   33.97   366.25   34.64 
 475   72.15    9.66      0.88  189.98   95.71      -Inf    0.40    6.52     12.16    7.01    6.63     -5.69    0.47   12.01   358.59   53.46   367.88   54.39 
 476   71.78   10.57      1.30  181.24   95.89      -Inf    1.92    6.51     12.01    7.10    6.63     -4.52    2.39   11.99   344.11   47.86   355.74   50.01 
 477   71.78    8.89     -0.47  221.18   96.15      -Inf    1.92    6.50     12.01    7.10    6.63    -18.43    1.94   11.97   388.93   71.47   401.34   72.46 
 478   71.78    9.62     -0.34  213.00   96.39      -Inf    1.92    6.49     12.01    7.10    6.63      -Inf    1.92   11.95   372.94  168.25   381.64  168.61 
 479   71.78    9.52     -0.71  219.47   96.65      -Inf    1.92    6.48     12.01    7.10    6.63    -14.37    1.96   11.93   384.41  111.85   394.37  114.74 
 480   71.78    8.65     -1.16  227.49   96.92      -Inf    1.92    6.47     12.01    7.10    6.63    -12.42    1.98   11.91   368.06  206.94   376.25  207.38 
 481   72.59   10.22     -2.52  261.51   97.26      -Inf    1.90    6.46     12.01    7.06    6.63      -Inf    1.90   11.89   423.64   89.93   435.35   92.29 
 482   72.59    8.87     -0.93  212.61   97.50      -Inf    1.90    6.45     12.01    7.06    6.63    -17.11    1.92   11.87   373.71   82.69   383.65   85.06 
 483   72.59    9.58     -2.22  244.18   97.81      -Inf    1.90    6.44     12.01    7.06    6.63    -10.42    1.99   11.85   405.52   88.26   417.14   87.05 
 484   72.59    8.72     -3.26  276.68   98.18      -Inf    1.90    6.43     12.01    7.06    6.63      -Inf    1.90   11.83   441.07   65.82   451.54   68.35 
 485   72.59    9.64      1.02  171.17   98.33      0.13    1.35    6.42     12.01    7.06    6.64    -17.79    1.91   11.81   331.24   38.40   342.19   39.40 
 486   75.74   10.45     -3.25  284.34   98.71      -Inf    0.45    6.41     12.56    6.59    6.64     -4.60    0.56   11.78   453.07   90.01   463.03   93.10 
 487   75.74    9.71     -1.85  244.75   99.01      -Inf    0.45    6.40     12.56    6.59    6.64     -3.66    0.59   11.76   406.15   34.53   416.35   34.61 
 488   75.74   10.23     -1.76  241.90   99.30      -Inf    0.45    6.38     12.56    6.59    6.64     -6.51    0.52   11.74   407.52  100.54   418.51  100.13 
 489   75.74    9.70     -2.87  276.33   99.67      -Inf    0.45    6.37     12.56    6.59    6.64     -4.97    0.55   11.71   441.01   86.49   451.03   89.86 
 490   75.74   10.59     -0.56  212.01   99.89      -Inf    0.45    6.36     12.56    6.59    6.63     -5.90    0.52   11.69   373.74   84.79   385.36   86.12 
 491   76.41    9.71     -1.51  233.75  100.17      -Inf    0.44    6.35     12.56    6.56    6.63     -5.56    0.53   11.67   394.14  109.63   405.67  108.47 
 492   76.41   10.02     -1.41  231.99  100.44      -Inf    0.44    6.34     12.56    6.56    6.63     -8.34    0.48   11.65   384.14  173.01   392.81  173.26 
 493   76.41    9.62      0.01  198.62  100.63      -Inf    0.44    6.32     12.56    6.56    6.63     -7.10    0.50   11.62   361.59   98.72   373.25   99.28 
 494   76.41   10.80     -2.71  273.44  100.98      -Inf    0.44    6.31     12.56    6.56    6.63     -6.52    0.51   11.60   436.93   73.64   447.92   73.13 
 495   76.41   10.52     -0.84  224.94  101.23      -Inf    0.44    6.30     12.56    6.56    6.63     -8.89    0.48   11.58   397.78  106.51   406.81  109.41 
 496   77.09   10.08     -2.05  263.70  101.56      -Inf    1.31    6.29     12.49    6.58    6.63      -Inf    1.31   11.56   430.12   14.77   440.59   16.08 
 497   77.09   10.31     -1.46  251.78  101.86      -Inf    1.31    6.28     12.49    6.58    6.63    -16.54    1.32   11.54   437.08   79.90   447.50   79.18 
 498   77.09    9.47     -0.08  221.01  102.10      -Inf    1.31    6.27     12.49    6.58    6.63    -16.82    1.32   11.52   413.07  116.20   422.53  119.25 
 499   77.09   10.29      3.02  159.28  102.22      -Inf    1.31    6.26     12.49    6.58    6.63      -Inf    1.31   11.50   358.16  105.27   369.49  106.77 
 500   77.09    9.89     -0.52  246.66  102.51      -Inf    1.31    6.25     12.49    6.58    6.63      -Inf    1.31   11.47   450.76  115.85   460.52  119.67 
 501   77.81   10.36      3.87  150.80  102.60      -Inf    1.29    6.24     12.49    6.55    6.63      -Inf    1.29   11.45   356.91   89.03   367.84   89.86 
