   6    0.31    4.89     43.98    1.45    0.84     18.60    3.10    6.41    314.61    0.00   14.63      5.06   16.45   17.37   198.81  103.69   211.20  104.08 
   7    0.31    4.55     52.09    0.57    0.80     18.77    3.07    5.93    314.61    0.00   12.54      5.67   15.17   17.05   200.42  103.90   212.74  104.05 
   8    0.31    4.55     42.39    1.77    0.92     14.95    4.65    5.77    314.61    0.00   10.97      5.59   15.20   16.82   202.35  103.21   214.63  103.39 
   9    0.31    4.53     46.64    1.07    0.94     15.03    4.80    5.67    314.61    0.00    9.75      5.23   16.93   16.83   200.07  102.49   212.30  102.41 
  10    0.31    4.54     40.73    2.09    1.05     14.15    5.45    5.64    314.61    0.00    8.78      4.42   19.60   17.11   198.84  100.13   210.85  100.41 
  11    0.01    4.69     49.27    0.78    1.03     19.08    3.08    5.41    310.49    0.00    7.98      5.63   16.16   17.03   199.64   99.04   211.69   99.33 
  12    0.01    4.68     44.09    1.41    1.06     17.03    4.00    5.29    310.49    0.00    7.31      4.37   18.40   17.14   197.90  100.31   209.87  100.61 
  13    0.01    4.67     44.13    1.40    1.09     15.49    4.68    5.25    310.49    0.00    6.75      4.17   18.59   17.25   195.23  101.66   207.21  101.89 
  14    0.01    4.67     44.83    1.29    1.10     14.57    5.24    5.25    310.49    0.00    6.27      4.22   17.95   17.30   193.29  103.50   205.21  103.55 
  15    0.01    4.67     41.41    1.91    1.16     15.90    4.46    5.19    310.49    0.00    5.85      4.76   17.21   17.29   192.26  104.27   203.99  104.64 
  16    0.00    4.62     44.64    1.30    1.16     18.70    3.24    5.07    314.13    0.00    5.49      4.65   18.82   17.39   190.45  103.54   202.24  103.82 
  17    0.00    4.60     43.49    1.48    1.18     16.82    4.09    5.01    314.13    0.00    5.16      5.38   16.88   17.36   189.55  102.40   201.51  102.75 
  18    0.00    4.61     45.29    1.20    1.18     15.77    4.52    4.99    314.13    0.00    4.88      5.27   16.55   17.32   189.48  102.10   201.31  102.50 
  19    0.00    4.63     45.60    1.15    1.18     14.35    5.39    5.01    314.13    0.00    4.62      4.42   19.10   17.41   187.17  101.87   199.09  102.31 
  20    0.00    4.62     52.19    0.54    1.15     14.41    5.24    5.02    314.13    0.00    4.39      5.58   16.10   17.34   187.78  100.40   199.69  100.89 
  21    0.00    4.68     46.74    1.00    1.14     17.81    3.50    4.95    312.43    0.00    4.18      4.74   18.18   17.38   186.93   99.52   198.82  100.29 
  22    0.00    4.67     45.94    1.08    1.14     16.99    3.98    4.90    312.43    0.00    3.99      4.42   20.28   17.52   183.99   97.29   195.88   98.18 
  23    0.00    4.63     42.92    1.50    1.16     15.48    4.61    4.89    312.43    0.00    3.82      4.80   19.71   17.61   182.19   94.98   193.85   95.31 
  24    0.00    4.65     36.90    2.96    1.23     11.56    7.19    4.99    312.43    0.00    3.66      2.89   28.95   18.08   177.76   92.70   189.21   93.34 
  25    0.00    4.65     42.47    1.52    1.24     11.71    7.54    5.09    312.43    0.00    3.51      3.75   26.94   18.44   173.41   92.36   184.75   93.16 
  26    0.01    4.62     38.71    2.34    1.28     16.68    4.66    5.07     43.10    0.19    3.38      5.69   20.03   18.50   171.71   90.45   183.14   91.33 
  27    0.01    4.65     40.96    1.82    1.30     12.66    8.36    5.19     43.10    0.19    3.26      6.34   16.03   18.41   172.15   93.74   183.48   94.38 
  28    0.01    4.66     34.52    3.87    1.40      9.87   11.39    5.41     43.10    0.19    3.16      5.19   17.54   18.38   174.04   96.33   185.21   97.40 
  29    0.01    4.61     31.93    5.24    1.53      9.04   11.23    5.61     43.10    0.19    3.05      4.44   21.54   18.49   176.35   98.57   187.42   99.01 
  30    0.01    4.63     30.13    6.49    1.69      8.24   11.72    5.82     43.10    0.19    2.96      3.62   24.15   18.67   176.50  100.08   187.40  100.61 
  31    0.00    4.62     31.39    5.64    1.82     14.59    5.44    5.81     52.63    0.08    2.86      3.63   24.94   18.88   175.50  102.08   186.46  102.29 
  32    0.00    4.63     29.93    6.60    1.97     11.48    7.78    5.87     52.63    0.08    2.78      3.21   28.81   19.19   173.86  102.15   184.73  102.40 
  33    0.00    4.66     30.37    6.31    2.10      9.40    9.29    5.97     52.63    0.08    2.70      4.04   20.89   19.24   173.50  102.88   184.31  102.97 
  34    0.00    4.59     36.84    3.03    2.13      9.17   11.28    6.13     52.63    0.08    2.62      4.79   18.63   19.22   174.01  107.21   184.99  108.19 
  35    0.00    4.63     37.40    2.83    2.15      8.17   13.33    6.33     52.63    0.08    2.55      4.60   23.83   19.35   173.56  105.71   184.35  106.50 
  36    0.00    4.67     39.51    2.22    2.15     15.03    6.32    6.33     31.77    0.79    2.50      5.47   21.48   19.41   174.06  105.19   184.78  105.62 
  37    0.00    4.70     39.29    2.30    2.16     10.08   11.23    6.47     31.77    0.79    2.45      5.71   20.21   19.43   175.59  105.29   186.48  105.78 
  38    0.00    4.71     31.40    5.72    2.25      8.56   12.46    6.62     31.77    0.79    2.41      5.21   21.91   19.50   179.99  101.10   190.53  101.38 
  39    0.00    4.63     30.09    6.69    2.36     12.14    6.98    6.63     31.77    0.79    2.37      5.63   18.81   19.48   181.81  100.39   192.38  100.52 
  40    0.00    4.66     30.44    6.51    2.47     12.16    6.20    6.62     31.77    0.79    2.33      6.06   14.60   19.36   185.47  100.62   196.05  100.74 
  41    0.00    4.68     31.77    5.67    2.54     16.28    4.02    6.56     34.83    0.58    2.28      6.53   12.92   19.20   189.59  102.12   200.08  102.45 
  42    0.00    4.62     30.42    6.71    2.64     16.26    3.70    6.49     34.83    0.58    2.24      6.97   11.89   19.03   191.40  101.16   202.09  101.35 
  43    0.00    4.64     33.40    4.79    2.69     16.74    3.63    6.42     34.83    0.58    2.20      7.09   11.36   18.85   193.44  101.19   204.38  101.47 
  44    0.00    4.64     31.32    6.12    2.77     14.50    4.26    6.37     34.83    0.58    2.17      7.03   11.17   18.67   195.33   99.26   206.14   99.68 
  45    0.00    4.70     31.45    6.03    2.84     13.87    4.55    6.33     34.83    0.58    2.13      5.97   12.47   18.54   195.10   99.60   205.87   99.84 
  46    0.00    4.62     31.44    6.03    2.91     20.40    2.07    6.24     23.49    1.61    2.12      6.30   11.22   18.38   195.47   99.33   206.33   99.49 
  47    0.00    4.64     31.67    5.94    2.98     19.33    2.33    6.16     23.49    1.61    2.11      7.44   10.05   18.20   197.60   98.70   208.39   98.87 
  48    0.00    4.71     32.97    5.16    3.02     18.48    2.70    6.09     23.49    1.61    2.10      7.14   10.23   18.03   200.06   99.28   210.99   99.71 
  49    0.00    4.69     32.19    5.73    3.08     21.13    1.95    6.00     23.49    1.61    2.09      6.85   10.59   17.88   204.00   98.84   214.87   99.01 
  50    0.00    4.64     30.08    7.33    3.16     19.64    2.34    5.93     23.49    1.61    2.08      7.64    9.79   17.72   205.81   98.02   216.75   98.45 
  51    0.00    4.62     32.12    5.79    3.21     21.45    1.93    5.85     23.36    1.50    2.07      7.82    9.71   17.56   205.74   97.49   216.82   97.66 
  52    0.00    4.63     30.87    6.70    3.28     20.38    2.22    5.78     23.36    1.50    2.06      7.59   10.10   17.42   206.70   95.68   217.58   96.04 
  53    0.00    4.65     31.13    6.50    3.34     18.27    2.88    5.73     23.36    1.50    2.05      6.97   11.13   17.30   206.99   94.92   218.12   95.35 
  54    0.00    4.64     30.71    6.89    3.41     16.89    3.48    5.68     23.36    1.50    2.04      6.21   12.10   17.20   208.92   97.23   219.91   97.45 
  55    0.00    4.63     30.86    6.82    3.47     16.47    3.65    5.65     23.36    1.50    2.03      5.03   13.23   17.13   208.82  100.38   219.87  100.63 
  56    0.00    4.65     31.22    6.60    3.53     18.76    2.83    5.60     23.19    1.64    2.02      5.51   12.42   17.05   209.87  103.44   220.82  103.95 
  57    0.00    4.60     31.76    6.26    3.57     17.82    3.04    5.55     23.19    1.64    2.01      6.19   11.36   16.95   211.94  104.87   222.89  105.51 
  58    0.00    4.62     31.66    6.34    3.62     18.05    2.87    5.51     23.19    1.64    2.01      7.00   10.34   16.83   211.69  104.99   222.54  105.33 
  59    0.00    4.67     30.93    6.87    3.68     17.67    2.97    5.46     23.19    1.64    2.00      7.51    9.98   16.72   210.84  103.59   221.76  103.88 
  60    0.00    4.63     31.78    6.11    3.72     18.74    2.73    5.42     23.19    1.64    2.00      7.09   11.11   16.62   208.37  101.06   219.48  101.42 
  61    0.00    4.64     32.72    5.38    3.74     16.98    3.39    5.38     22.39    1.78    1.99      5.99   12.89   16.56   204.75   98.78   215.48   98.82 
  62    0.00    4.62     33.41    4.90    3.76     18.82    2.79    5.34     22.39    1.78    1.99      4.77   16.49   16.56   201.62   97.23   212.54   97.40 
  63    0.00    4.62     30.42    6.82    3.81     18.12    2.93    5.30     22.39    1.78    1.99      4.77   17.96   16.58   199.79   93.11   210.72   93.20 
  64    0.00    4.63     28.57    8.38    3.88     17.51    3.16    5.27     22.39    1.78    1.98      5.69   15.91   16.57   198.48   89.34   209.39   89.65 
  65    0.00    4.61     28.94    7.95    3.95     16.85    3.39    5.24     22.39    1.78    1.98      6.08   13.39   16.52   196.58   88.58   207.48   88.63 
  66    0.00    4.62     31.46    5.90    3.98     18.63    2.87    5.21     23.85    1.53    1.97      4.65   14.33   16.49   194.20   91.90   205.12   92.14 
  67    0.00    4.65     31.42    5.86    4.00     17.50    3.32    5.18     23.85    1.53    1.97      3.62   17.27   16.50   190.32   94.59   201.39   94.98 
  68    0.00    4.63     31.91    5.44    4.02     18.57    2.95    5.14     23.85    1.53    1.96      3.23   21.32   16.57   185.13   95.82   196.19   95.93 
  69    0.00    4.64     30.92    6.03    4.05     17.93    3.16    5.12     23.85    1.53    1.95      4.83   16.92   16.58   181.77   95.44   192.95   95.54 
  70    0.00    4.62     29.09    7.40    4.10     17.85    3.19    5.09     23.85    1.53    1.95      5.20   15.96   16.57   179.90   95.94   190.92   95.93 
  71    0.00    4.63     28.63    7.72    4.15     14.54    4.85    5.09     23.67    1.63    1.94      4.38   20.46   16.63   177.19   95.45   187.98   95.58 
  72    0.00    4.64     30.11    6.48    4.18     13.28    6.00    5.10     23.67    1.63    1.94      6.11   16.14   16.62   176.53   95.10   187.40   95.26 
  73    0.00    4.65     29.15    7.23    4.23     12.66    6.67    5.12     23.67    1.63    1.93      6.34   16.42   16.62   176.48   93.78   187.19   93.78 
  74    0.00    4.65     29.72    6.76    4.26     11.10    8.99    5.17     23.67    1.63    1.93      6.26   17.24   16.62   176.33   93.83   187.36   94.00 
  75    0.00    4.62     28.64    7.68    4.31      8.94   12.91    5.27     23.67    1.63    1.93      5.86   19.93   16.67   176.78   93.97   187.78   94.25 
  76    0.00    4.64     28.78    7.56    4.35     15.17    7.03    5.30     26.42    1.45    1.92      6.27   20.59   16.72   177.14   94.54   188.22   94.79 
  77    0.00    4.63     28.18    8.16    4.40     10.76   12.86    5.40     26.42    1.45    1.91      6.18   22.38   16.79   179.06   94.28   190.13   94.47 
  78    0.00    4.62     27.50    8.93    4.46      8.95   15.87    5.53     26.42    1.45    1.91      6.40   23.01   16.87   181.99   93.36   193.04   93.56 
  79    0.00    4.63     26.06   10.65    4.54      7.63   13.76    5.63     26.42    1.45    1.90      5.99   19.63   16.91   188.47   95.16   199.03   95.45 
  80    0.00    4.66     26.17   10.67    4.61      7.98   11.51    5.71     26.42    1.45    1.90      4.65   17.94   16.92   189.74   97.25   200.27   97.57 
  81    0.00    4.67     27.48    9.23    4.67     13.53    5.49    5.71     39.20    0.42    1.88      5.82   14.80   16.89   189.52   97.43   200.13   97.71 
  82    0.00    4.64     26.96    9.92    4.73     10.51    7.21    5.72     39.20    0.42    1.86      6.36   13.13   16.85   193.36   97.20   203.87   97.56 
  83    0.00    4.63     27.90    8.93    4.78     10.19    7.59    5.75     39.20    0.42    1.84      6.34   12.66   16.80   193.78   96.40   204.52   97.05 
  84    0.00    4.64     27.75    9.16    4.84      9.98    7.68    5.77     39.20    0.42    1.83      6.63   12.53   16.75   197.37   95.62   207.99   96.08 
  85    0.00    4.64     28.71    8.30    4.88     10.72    7.35    5.79     39.20    0.42    1.81      6.43   13.26   16.71   199.44   94.07   210.44   94.74 
  86    0.00    4.63     28.27    8.74    4.92     20.23    2.48    5.75     23.29    1.70    1.81      7.38   11.83   16.65   201.86   92.22   212.70   92.87 
  87    0.00    4.65     27.65    9.36    4.97     17.70    3.27    5.72     23.29    1.70    1.81      7.15   11.56   16.59   203.03   90.54   213.64   91.16 
  88    0.00    4.63     27.50    9.61    5.02     16.15    3.95    5.70     23.29    1.70    1.81      6.90   11.70   16.54   205.55   91.25   216.08   91.72 
  89    0.00    4.65     29.59    7.59    5.05     14.57    4.98    5.69     23.29    1.70    1.80      5.55   13.33   16.50   203.64   93.92   214.92   94.24 
  90    0.00    4.62     28.29    8.89    5.10     14.97    4.82    5.68     23.29    1.70    1.80      5.22   14.78   16.48   204.53   95.70   215.45   96.30 
  91    0.00    4.62     28.18    9.02    5.14     18.85    2.97    5.65     22.01    2.06    1.81      5.94   13.40   16.45   204.86   96.64   215.54   97.01 
  92    0.00    4.63     28.52    8.70    5.18     18.14    3.30    5.63     22.01    2.06    1.81      5.96   12.98   16.41   204.77   98.23   215.49   98.71 
  93    0.00    4.62     28.20    9.05    5.22     19.20    2.84    5.60     22.01    2.06    1.81      5.65   13.45   16.38   205.32   99.37   215.86   99.94 
  94    0.00    4.63     28.59    8.68    5.26     19.72    2.67    5.57     22.01    2.06    1.81      5.28   13.82   16.35   203.30  101.25   214.19  101.64 
  95    0.00    4.66     28.47    8.76    5.29     19.80    2.68    5.54     22.01    2.06    1.82      4.10   16.79   16.35   201.78  102.96   212.44  103.71 
  96    0.00    4.62     27.81    9.42    5.34     21.14    2.25    5.50     23.28    1.79    1.82      4.87   15.68   16.35   201.46  103.44   212.14  104.05 
  97    0.00    4.63     28.00    9.19    5.38     19.35    2.87    5.47     23.28    1.79    1.82      6.39   12.87   16.31   200.03  103.35   210.76  104.17 
  98    0.00    4.62     27.31    9.93    5.42     21.34    2.26    5.44     23.28    1.79    1.82      5.89   14.37   16.29   199.88  102.26   210.68  102.94 
  99    0.00    4.55     27.75    9.37    5.46     20.40    2.50    5.41     23.28    1.79    1.82      6.48   13.73   16.27   200.45  100.11   211.07  100.44 
 100    0.00    4.65     28.16    8.90    5.50     19.03    2.98    5.39     23.28    1.79    1.82      6.58   14.06   16.24   200.06   95.29   211.08   95.84 
 101    0.00    4.67     28.14    8.82    5.53     22.33    2.01    5.35     23.83    1.69    1.81      6.15   14.34   16.22   200.57   93.37   211.27   93.71 
 102    0.00    4.62     28.52    8.34    5.56     19.57    2.77    5.33     23.83    1.69    1.81      4.42   17.18   16.23   196.29   92.18   207.43   92.52 
 103    0.00    4.63     27.77    8.99    5.59     18.87    2.97    5.31     23.83    1.69    1.81      5.40   13.73   16.21   194.91   92.78   205.54   93.12 
 104    0.00    4.62     28.09    8.60    5.62     19.38    2.86    5.28     23.83    1.69    1.81      6.02   12.65   16.18   191.56   93.66   202.57   93.95 
 105    0.00    4.63     27.96    8.68    5.65     22.04    2.12    5.25     23.83    1.69    1.81      6.57   12.22   16.14   189.85   94.49   200.77   94.64 
 106    0.00    4.62     27.29    9.34    5.68     22.61    1.95    5.22     24.02    1.66    1.81      5.75   13.07   16.11   188.58   96.08   199.54   96.45 
 107    0.00    4.63     27.70    8.88    5.71     20.33    2.51    5.20     24.02    1.66    1.81      5.13   13.68   16.09   186.06   98.39   196.92   98.57 
 108    0.00    4.64     -0.41  154.21    7.09     19.54    2.76    5.17     24.02    1.66    1.81      4.31   17.88   16.10   183.18   98.61   194.09   99.09 
 109    0.00    4.64     -0.46  151.11    8.41     19.14    2.86    5.15     24.02    1.66    1.80      3.68   22.49   16.16   179.43   96.84   190.14   97.14 
 110    0.00    4.65     28.28    7.87    8.40     19.04    2.93    5.13     24.02    1.66    1.80      3.89   22.55   16.22   175.11   94.15   186.00   94.65 
 111    0.00    4.65     26.91    9.17    8.41     20.40    2.51    5.11     24.19    1.61    1.80      5.11   16.85   16.23   174.27   93.56   185.13   94.30 
 112    0.00    4.65     26.74    9.28    8.42     20.81    2.39    5.08     24.19    1.61    1.80      5.80   14.35   16.21   173.15   93.43   183.86   94.10 
 113    0.00    4.66     27.13    8.86    8.42     20.64    2.45    5.06     24.19    1.61    1.80      6.11   13.28   16.18   173.64   94.62   184.34   95.37 
 114    0.00    4.64     27.55    8.52    8.42     19.29    2.88    5.04     24.19    1.61    1.80      5.85   13.59   16.16   173.57   96.01   184.45   96.58 
 115    0.00    4.66     27.00    9.22    8.43     18.13    3.27    5.03     24.19    1.61    1.79      6.33   13.93   16.14   177.62   96.06   188.36   96.84 
 116    0.00    4.63     27.92    8.48    8.43     18.32    3.26    5.01     23.44    1.77    1.79      5.90   14.08   16.12   180.46   97.88   191.15   98.61 
 117    0.00    4.60     26.70    9.91    8.44     15.57    4.56    5.01     23.44    1.77    1.79      4.84   15.56   16.12   183.42  101.99   193.75  102.55 
 118    0.00    4.62     26.85    9.86    8.46     12.77    6.31    5.02     23.44    1.77    1.79      5.12   15.55   16.11   185.48  104.24   195.85  104.60 
 119    0.00    4.62     27.76    9.06    8.46     11.85    7.29    5.04     23.44    1.77    1.79      4.71   15.63   16.11   186.59  107.39   196.73  108.05 
 120    0.00    4.65     28.54    8.41    8.46     12.15    6.89    5.05     23.44    1.77    1.79      5.11   14.88   16.10   188.35  110.09   198.48  110.50 
 121    0.00    4.61     28.36    8.68    8.46     13.05    7.24    5.07     26.75    1.27    1.79      5.72   17.74   16.11   191.20  110.27   201.40  110.90 
 122    0.00    4.63     28.21    8.97    8.47      9.66   15.90    5.16     26.75    1.27    1.79      4.54   28.10   16.21   194.81  110.52   205.00  111.19 
 123    0.00    4.64     20.25   22.69    8.58      2.27   18.11    5.26     26.75    1.27    1.78      5.14   33.30   16.35   194.44   95.44   204.43   96.02 
 124    0.00    4.62     16.29   36.12    8.80     -1.92   14.42    5.34     26.75    1.27    1.78      4.79   25.57   16.42   194.95   81.44   204.94   82.07 
 125    0.00    4.64     16.50   35.53    9.02     -0.28   13.86    5.41     26.75    1.27    1.77      1.80   15.99   16.42   197.10   78.79   206.99   79.45 
 126    0.00    4.63     16.40   36.27    9.23     12.26    3.28    5.39     31.14    0.81    1.77      4.22   11.32   16.38   202.15   73.92   212.37   74.64 
 127    0.00    4.63     16.50   35.84    9.44     13.36    2.78    5.37     31.14    0.81    1.76      4.79    9.51   16.33   204.63   72.45   214.65   73.16 
 128    0.00    4.63     16.81   34.82    9.64     14.58    2.41    5.35     31.14    0.81    1.75      4.85    8.55   16.26   204.63   72.58   214.39   72.83 
 129    0.00    4.66     16.96   34.50    9.84     13.69    2.60    5.32     31.14    0.81    1.74      4.12    8.52   16.20   208.13   71.35   218.03   71.68 
 130    0.00    4.63     16.86   35.51   10.03     12.61    2.77    5.31     31.14    0.81    1.74      2.86    8.75   16.15   213.33   71.07   223.46   71.50 
 131    0.00    4.61     17.04   35.42   10.23     17.14    1.76    5.28     18.89    1.45    1.73      1.94    8.97   16.09   216.97   73.00   226.89   73.37 
 132    0.00    4.63     17.08   35.63   10.42     14.49    2.22    5.26     18.89    1.45    1.73      2.80    8.52   16.04   219.75   73.20   229.98   73.47 
 133    0.00    4.62     17.42   34.69   10.60     17.52    1.57    5.23     18.89    1.45    1.73      2.73    8.89   15.98   222.63   74.59   232.61   74.71 
 134    0.00    4.62     17.38   35.39   10.79     17.15    1.66    5.20     18.89    1.45    1.73      3.07    8.70   15.93   226.18   74.33   236.48   74.58 
 135    0.00    4.65     17.65   34.33   10.96     11.80    3.35    5.19     18.89    1.45    1.73      3.61    9.07   15.88   225.98   75.56   235.82   75.76 
 136    0.00    4.61     17.64   34.42   11.13     11.88    3.34    5.17     19.10    1.36    1.72      3.73    9.09   15.83   226.67   75.39   236.52   75.23 
 137    0.00    4.68     17.58   34.79   11.31     13.01    2.89    5.16     19.10    1.36    1.72      4.99    9.16   15.78   228.55   74.21   238.48   74.48 
 138    0.00    4.63     17.21   36.36   11.49      9.44    4.14    5.15     19.10    1.36    1.72      4.91   12.06   15.75   230.40   72.53   240.30   72.52 
 139    0.00    4.70     17.32   35.47   11.66      8.09    5.64    5.15     19.10    1.36    1.71      5.40   12.29   15.73   227.63   72.03   237.43   71.57 
 140    0.00    4.65     16.61   38.26   11.85      4.72    6.49    5.16     19.10    1.36    1.71      3.60   10.40   15.69   229.37   70.04   239.23   70.88 
 141    0.00    4.66     16.60   38.54   12.04      8.62    4.79    5.16     18.30    1.56    1.71      4.17   11.57   15.66   229.64   70.24   239.73   70.70 
 142    0.00    4.66     16.16   40.56   12.24      7.10    5.75    5.16     18.30    1.56    1.71      3.86   12.59   15.64   229.40   70.03   239.43   70.50 
 143    0.00    4.68     15.45   43.62   12.46      5.32    6.43    5.17     18.30    1.56    1.71      4.46   16.46   15.64   228.54   66.30   238.60   66.93 
 144    0.00    4.63     14.06   50.97   12.73      0.92    8.03    5.19     18.30    1.56    1.71      4.56   17.69   15.66   217.11   59.88   227.48   60.13 
 145    0.00    4.64     12.99   57.56   13.04      3.75    7.78    5.21     18.30    1.56    1.71      4.47   17.05   15.67   216.08   52.17   226.83   52.48 
 146    0.00    4.63     12.92   57.86   13.34      7.63    5.90    5.22     20.95    1.06    1.70      4.23   12.93   15.65   214.80   51.34   225.18   51.44 
 147    0.00    4.65     12.24   62.00   13.67      0.95    7.21    5.23     20.95    1.06    1.70      3.96   11.50   15.62   206.70   46.97   217.00   46.97 
 148    0.00    4.62     11.96   63.57   14.01      2.21    6.73    5.24     20.95    1.06    1.69      2.19    9.99   15.58   206.14   43.37   217.11   43.57 
 149    0.00    4.62     11.71   65.17   14.35      0.47    7.17    5.25     20.95    1.06    1.69      0.72   10.14   15.55   210.00   40.87   219.33   41.39 
 150    0.00    4.63     11.23   68.66   14.72      1.67    6.87    5.26     20.95    1.06    1.69     -0.16   13.27   15.53   202.52   41.35   212.61   41.57 
 151    0.00    4.66     11.07   69.34   15.08     -3.07    5.69    5.27     15.63    1.60    1.68      0.35   13.54   15.52   245.29   46.93   255.85   47.78 
 152    0.00    4.67     10.76   71.61   15.45     -3.42    5.60    5.27     15.63    1.60    1.68      0.12   11.55   15.49   247.52   45.82   258.05   46.64 
 153    0.00    4.67     12.39   59.64   15.74     -6.97    5.12    5.27     15.63    1.60    1.68     -0.50    9.25   15.45   248.86   59.34   259.19   60.05 
 154    0.00    4.63     10.05   77.00   16.14    -15.13    4.86    5.26     15.63    1.60    1.68     -1.02    7.25   15.40   261.11   47.80   271.61   48.41 
 155    0.00    4.64     10.98   69.11   16.48    -14.63    4.75    5.26     15.63    1.60    1.68      0.23    7.44   15.35   263.36   59.76   274.14   61.22 
 156    0.00    4.63     -0.91  196.41   17.63     -2.48    1.22    5.23      2.35    2.08    1.69      2.09    5.65   15.28   262.68   63.76   273.13   64.91 
 157    0.00    4.64      9.91   77.74   18.02    -23.43    1.12    5.21      2.35    2.08    1.69      2.26    4.56   15.22   272.95   56.96   283.22   57.90 
 158    0.00    4.62     10.02   77.55   18.39     -9.67    1.11    5.18      2.35    2.08    1.69      2.74    4.69   15.15   277.47   62.24   287.91   63.06 
 159    0.00    4.65     10.33   75.62   18.75    -11.14    1.10    5.16      2.35    2.08    1.69      2.46    4.55   15.08   276.81   62.26   287.09   62.97 
 160    0.00    4.60     10.27   77.33   19.12    -13.23    1.11    5.13      2.35    2.08    1.69      2.02    4.46   15.02   280.26   62.44   290.79   63.80 
 161    0.00    4.61      7.66  104.51   19.65      -Inf    0.22    5.10      3.30    0.33    1.69      2.61    3.92   14.95   307.43   54.60   317.74   55.50 
 162    0.00    4.61     10.27   77.20   20.00     -3.30    0.21    5.07      3.30    0.33    1.68      2.83    4.41   14.88   281.25   63.63   291.93   64.22 
 163    0.00    4.61      9.67   83.56   20.39    -13.08    0.22    5.04      3.30    0.33    1.67      2.13    4.29   14.82   291.58   64.21   302.65   64.59 
 164    0.00    4.65      9.45   85.64   20.79    -11.69    0.22    5.01      3.30    0.33    1.66      2.83    5.40   14.76   290.27   55.85   300.40   56.83 
 165    0.00    4.67     11.30   69.26   21.09      0.59    0.20    4.98      3.30    0.33    1.65      2.70    7.32   14.71   278.69   64.10   289.39   65.64 
 166    0.00    4.62     10.03   81.00   21.45     -5.94    0.05    4.95      1.91    0.10    1.64      1.71    3.17   14.64   297.41   67.07   307.56   67.79 
 167    0.00    4.63     10.86   74.36   21.76    -13.59    0.05    4.92      1.91    0.10    1.63      1.59    3.23   14.58   293.78   66.78   304.06   66.96 
 168    0.00    4.61     11.50   70.35   22.05      0.15    0.04    4.89      1.91    0.10    1.63      1.51    7.42   14.53   294.45   63.82   304.88   65.03 
 169    0.00    4.65     10.66   78.51   22.39     -4.44    0.04    4.87      1.91    0.10    1.62      1.75    5.23   14.48   288.46   43.57   298.71   44.35 
 170    0.00    4.64     10.81   78.70   22.72     -4.79    0.04    4.84      1.91    0.10    1.61      2.53    3.15   14.41   287.47   43.15   298.21   43.79 
 171    0.00    4.68     10.88   80.08   23.05      5.58    0.01    4.81      4.43    0.02    1.60      2.45    2.26   14.34   286.83   43.30   297.12   44.29 
 172    0.00    4.61     10.82   81.65   23.39     -1.20    0.04    4.78      4.43    0.02    1.59      2.09    3.72   14.28   285.54   43.15   295.75   44.10 
 173    0.00    4.63      7.87  115.35   23.93      -Inf    0.02    4.75      4.43    0.02    1.58      1.38    6.20   14.23   316.75   25.77   326.93   26.15 
 174    0.00    4.61      7.98  114.70   24.45      -Inf    0.02    4.73      4.43    0.02    1.57      1.96    4.10   14.17   312.53   23.97   321.88   25.30 
 175    0.00    4.69      7.31  123.95   25.02      5.97    0.02    4.70      4.43    0.02    1.56      2.85    3.98   14.12   325.78   23.08   335.59   23.38 
 176    0.00    4.62      7.02  128.74   25.60      -Inf    0.01    4.67      1.91    0.02    1.55      3.04    3.85   14.06   331.32   21.21   341.76   21.89 
 177    0.00    4.68      7.19  127.75   26.18      -Inf    0.01    4.65      1.91    0.02    1.54      3.46    3.51   14.00   308.23    6.86   319.24    8.13 
 178    0.00    4.63      7.04  131.08   26.77      -Inf    0.01    4.62      1.91    0.02    1.54      3.45    3.49   13.94   319.53    7.71   329.53    7.65 
 179    0.00    4.65      6.41  141.40   27.41      -Inf    0.01    4.60      1.91    0.02    1.53      3.57    2.70   13.88   295.50  -11.88   305.66  -11.05 
 180    0.00    4.64      6.63  137.89   28.03      -Inf    0.01    4.57      1.91    0.02    1.52      3.35    1.90   13.81   316.80   -0.54   327.00   -0.42 
 181    0.00    4.66      6.35  140.32   28.65       NaN    0.00    4.54       NaN    0.00    1.51      3.24    2.13   13.75   299.76   -9.41   310.45   -8.58 
 182    0.00    4.65      6.94  130.02   29.20       NaN    0.00    4.52       NaN    0.00    1.50      2.83    1.33   13.68   347.39   27.10   357.35   27.67 
 183    0.00    4.66      6.72  133.11   29.77       NaN    0.00    4.49       NaN    0.00    1.49      1.95    0.89   13.61   336.42   14.14   346.57   14.84 
 184    0.00    4.65      6.61  133.91   30.34       NaN    0.00    4.47       NaN    0.00    1.49      1.70    0.63   13.54   304.89   -1.66   315.18   -0.36 
 185    0.00    4.65      6.59  133.32   30.89       NaN    0.00    4.45       NaN    0.00    1.48      1.72    0.54   13.47   306.39    1.97   316.66    3.35 
 186    0.00    4.65      6.14  138.73   31.47       NaN    0.00    4.42       NaN    0.00    1.47      2.21    0.60   13.40   286.31   -8.81   296.59   -8.26 
 187    0.00    4.63      7.14  122.10   31.96       NaN    0.00    4.40       NaN    0.00    1.46      2.05    0.82   13.33   285.11    8.97   296.01   10.54 
 188    0.00    4.62      5.89  140.13   32.53       NaN    0.00    4.38       NaN    0.00    1.45      2.15    0.69   13.26   312.93    1.54   322.81    2.45 
 189    0.00    4.63      6.16  133.67   33.07       NaN    0.00    4.35       NaN    0.00    1.45      2.23    0.92   13.20   306.67    4.60   317.43    5.80 
 190    0.00    4.63      7.69  109.14   33.47       NaN    0.00    4.33       NaN    0.00    1.44      2.87    0.89   13.13   269.26   10.68   278.78   11.14 
 191    0.00    4.64      6.67  122.21   33.93       NaN    0.00    4.31       NaN    0.00    1.43      3.01    1.18   13.07   298.52    5.13   308.65    5.91 
 192    0.00    4.67      7.35  112.88   34.34       NaN    0.00    4.28       NaN    0.00    1.42      2.94    1.58   13.01   264.69   -7.96   276.12   -7.45 
 193    0.00    4.72      9.38   90.00   34.63       NaN    0.00    4.26       NaN    0.00    1.42      2.62    1.42   12.95   274.89   14.33   285.19   14.96 
 194    0.00    4.66      5.94  136.13   35.16       NaN    0.00    4.24       NaN    0.00    1.41      2.25    0.76   12.89   306.31  -22.15   316.73  -22.04 
 195    0.00    4.63      7.55  115.00   35.57       NaN    0.00    4.22       NaN    0.00    1.40      1.53    0.43   12.82   274.76   -7.72   284.84   -6.94 
 196    0.00    4.67      7.69  115.25   35.97       NaN    0.00    4.20       NaN    0.00    1.40      0.83    0.51   12.76   277.90   -2.81   287.57   -0.96 
 197    0.00    4.67      7.97  113.69   36.37       NaN    0.00    4.18       NaN    0.00    1.39      0.60    1.18   12.70   328.84   26.51   338.79   26.48 
 198    0.00    4.66      7.30  125.55   36.82       NaN    0.00    4.15       NaN    0.00    1.38      0.41    0.63   12.64   294.74   -4.65   305.11   -3.08 
 199    0.00    4.66      7.51  125.47   37.26       NaN    0.00    4.13       NaN    0.00    1.37      0.57    0.40   12.58   301.39   -0.73   311.37    0.71 
 200    0.00    4.65      9.13  105.41   37.60       NaN    0.00    4.11       NaN    0.00    1.37      2.49    0.19   12.52   295.49   16.69   306.03   18.19 
 201    0.00    4.64      5.44  161.83   38.22       NaN    0.00    4.09       NaN    0.00    1.36      2.47    0.54   12.46   274.39  -46.66   284.20  -45.90 
 202    0.00    4.65      9.01  107.08   38.56       NaN    0.00    4.07       NaN    0.00    1.35      0.96    4.21   12.42   269.62    1.68   279.37    3.67 
 203    0.00    4.69      8.79  111.10   38.92       NaN    0.00    4.05       NaN    0.00    1.35      1.09    2.36   12.37   249.93   -1.91   260.19   -1.51 
 204    0.00    4.63      9.20  106.73   39.25       NaN    0.00    4.03       NaN    0.00    1.34      1.35    2.51   12.32   255.54   -1.95   265.92   -1.53 
 205    0.00    4.69      5.97  155.55   39.82       NaN    0.00    4.01       NaN    0.00    1.33      1.09    2.73   12.27   272.99  -57.43   282.94  -56.61 
 206    0.00    4.63      8.38  117.95   40.20       NaN    0.00    3.99       NaN    0.00    1.33      0.88    3.03   12.23   257.63  -19.13   267.23  -18.10 
 207    0.00    4.61      9.22  107.05   40.52       NaN    0.00    3.97       NaN    0.00    1.32      0.82    3.29   12.18   379.56   40.48   390.80   40.88 
 208    0.00    4.66      9.50  102.88   40.82       NaN    0.00    3.95       NaN    0.00    1.31      0.69    3.24   12.14   247.63    3.33   257.70    3.95 
 209    0.00    4.67      7.69  125.29   41.23       NaN    0.00    3.94       NaN    0.00    1.31      0.63    3.15   12.10   295.25  -23.49   306.20  -22.03 
 210    0.00    4.67      7.64  125.84   41.63       NaN    0.00    3.92       NaN    0.00    1.30      0.86    2.71   12.05   247.90  -20.24   258.95  -18.69 
 211    0.00    4.68      7.37  129.24   42.04       NaN    0.00    3.90       NaN    0.00    1.30      0.97    1.51   12.00   264.31  -26.10   273.75  -25.07 
 212    0.00    4.68      7.76  123.37   42.43       NaN    0.00    3.88       NaN    0.00    1.29      1.44    1.42   11.95   267.01  -22.88   276.44  -21.78 
 213    0.00    4.65     10.37   90.97   42.65       NaN    0.00    3.86       NaN    0.00    1.28      1.27    1.18   11.90   343.66   35.75   352.97   35.66 
 214    0.00    4.66     12.20   73.55   42.80       NaN    0.00    3.84       NaN    0.00    1.28      1.31    1.08   11.85   345.15   66.61   354.79   68.19 
 215    0.00    4.68      5.77  155.36   43.32       NaN    0.00    3.83       NaN    0.00    1.27      1.03    0.82   11.80   234.01  -51.33   243.75  -49.24 
 216    0.00    4.67     13.81   61.24   43.41       NaN    0.00    3.81       NaN    0.00    1.27      1.90    0.62   11.75   339.91   90.24   350.09   91.54 
 217    0.00    4.69      8.53  111.88   43.72       NaN    0.00    3.79       NaN    0.00    1.26      1.55    0.59   11.70   373.31   38.56   384.04   38.61 
 218    0.00    4.65      8.93  107.10   44.01       NaN    0.00    3.77       NaN    0.00    1.25      0.88    1.12   11.65   382.13   66.33   392.32   67.53 
 219    0.00    4.58     10.76   86.71   44.21       NaN    0.00    3.76       NaN    0.00    1.25      0.77    1.17   11.60   348.23   41.23   357.83   41.76 
 220    0.00    4.67     12.57   70.71   44.33       NaN    0.00    3.74       NaN    0.00    1.24      1.06    1.75   11.56   342.33   61.24   352.51   61.99 
 221    0.00    4.68      9.14  104.73   44.60       NaN    0.00    3.72       NaN    0.00    1.24      0.94    1.29   11.51   359.75   27.03   370.55   28.28 
 222    0.00    4.67      8.78  109.36   44.89       NaN    0.00    3.71       NaN    0.00    1.23      0.79    1.75   11.47   345.61    7.33   356.65    7.94 
 223    0.00    4.68     11.19   82.41   45.06       NaN    0.00    3.69       NaN    0.00    1.23      1.31    0.90   11.42   357.94   74.53   368.27   75.26 
 224    0.00    4.69      4.90  169.54   45.62       NaN    0.00    3.67       NaN    0.00    1.22      0.74    0.43   11.37   230.93  -68.38   240.54  -66.78 
 225    0.00    4.70      6.26  146.11   46.06       NaN    0.00    3.66       NaN    0.00    1.22      1.27    0.50   11.32   319.11  -44.46   330.33  -43.96 
 226    0.00    4.66     10.99   84.92   46.24       NaN    0.00    3.64       NaN    0.00    1.21      0.96    0.52   11.27   350.05   49.42   359.45   49.91 
 227    0.00    4.68     10.42   90.91   46.43       NaN    0.00    3.62       NaN    0.00    1.20      1.06    0.66   11.23   315.91   14.68   326.84   15.34 
 228    0.00    4.68      8.50  113.26   46.72       NaN    0.00    3.61       NaN    0.00    1.20      0.76    0.75   11.18   339.74    3.84   349.79    5.37 
 229    0.00    4.70      6.43  141.84   47.14       NaN    0.00    3.59       NaN    0.00    1.19      0.78    0.50   11.13   258.25  -39.48   267.22  -38.62 
 230    0.00    4.68      5.97  146.81   47.57       NaN    0.00    3.58       NaN    0.00    1.19      1.09    0.90   11.09   255.65  -41.48   265.19  -40.26 
 231    0.00    4.60      4.54  169.29   48.10       NaN    0.00    3.56       NaN    0.00    1.18      0.90    0.83   11.05   323.78  -50.87   335.14  -49.99 
 232    0.00    4.67      6.28  135.49   48.48       NaN    0.00    3.55       NaN    0.00    1.18      1.01    0.43   11.00   371.67   39.66   381.43   40.92 
 233    0.00    4.68      7.23  119.81   48.78       NaN    0.00    3.53       NaN    0.00    1.17      1.55    0.48   10.95   364.34   70.82   373.50   70.88 
 234    0.00    4.65      3.91  170.00   49.30       NaN    0.00    3.52       NaN    0.00    1.17      1.15    0.75   10.91   409.58   84.19   419.10   85.65 
 235    0.00    4.61      5.72  136.31   49.67       NaN    0.00    3.50       NaN    0.00    1.16      1.60    1.25   10.87   337.61   14.17   348.38   14.28 
 236    0.00    4.67      2.28  198.54   50.30       NaN    0.00    3.49       NaN    0.00    1.16      1.06    1.39   10.83   285.98  -86.46   296.36  -85.34 
 237    0.00    4.68      3.76  165.47   50.79       NaN    0.00    3.47       NaN    0.00    1.15      1.40    0.58   10.79   309.03  -40.37   320.21  -39.35 
 238    0.00    4.67      5.69  132.21   51.13       NaN    0.00    3.46       NaN    0.00    1.15      1.42    0.82   10.74   359.31   91.82   368.73   92.66 
 239    0.00    4.67      7.04  112.08   51.39       NaN    0.00    3.44       NaN    0.00    1.14      0.64    0.81   10.70   336.09  113.47   345.66  114.52 
 240    0.00    4.66      4.23  153.80   51.81       NaN    0.00    3.43       NaN    0.00    1.14      1.66    1.18   10.66   229.65  -49.42   240.33  -46.83 
 241    0.00    4.69      4.14  154.07   52.24       NaN    0.00    3.41       NaN    0.00    1.13      1.57    0.69   10.62   238.39  -47.50   249.82  -45.78 
 242    0.00    4.69      3.54  163.40   52.70       NaN    0.00    3.40       NaN    0.00    1.13      0.70    0.68   10.58   327.80  -14.18   338.35  -12.47 
 243    0.00    4.69      4.40  146.34   53.08       NaN    0.00    3.38       NaN    0.00    1.13      0.80    1.51   10.54   359.19   99.87   369.02  100.73 
 244    0.00    4.67      4.68  138.21   53.43       NaN    0.00    3.37       NaN    0.00    1.12      1.27    1.66   10.51   248.35  -28.80   257.94  -27.76 
 245    0.00    4.68      2.46  174.69   53.93       NaN    0.00    3.36       NaN    0.00    1.12      1.18    1.49   10.47   334.48  -12.66   345.24  -11.00 
 246    0.00    4.68      2.21  175.80   54.42       NaN    0.00    3.34       NaN    0.00    1.11      0.92    1.17   10.43   366.25   53.16   377.21   53.67 
 247    0.00    4.66      1.47  184.98   54.95       NaN    0.00    3.33       NaN    0.00    1.11      0.90    0.80   10.39   347.52    2.09   357.74    3.79 
 248    0.00    4.67      1.92  167.79   55.40       NaN    0.00    3.32       NaN    0.00    1.10      0.91    0.21   10.35   265.72  -47.33   275.12  -46.96 
 249    0.00    4.67      0.48  189.66   55.94       NaN    0.00    3.30       NaN    0.00    1.10      0.91    0.51   10.31   277.72  -64.19   288.98  -61.15 
 250    0.00    4.67     -0.06  195.02   56.50       NaN    0.00    3.29       NaN    0.00    1.09      2.00    0.23   10.27   287.79  -58.11   299.60  -58.21 
 251    0.00    4.67      0.94  169.36   56.95       NaN    0.00    3.28       NaN    0.00    1.09      2.87    0.64   10.23   285.11  -23.19   294.66  -22.21 
 252    0.00    4.66     -3.02  260.88   57.76       NaN    0.00    3.26       NaN    0.00    1.09      1.86    0.36   10.20   412.70   46.16   422.53   46.00 
 253    0.00    4.67      0.49  173.16   58.21       NaN    0.00    3.25       NaN    0.00    1.08      1.12    0.41   10.16   280.45  -25.03   290.06  -24.22 
 254    0.00    4.69     -0.99  203.58   58.79       NaN    0.00    3.24       NaN    0.00    1.08      0.96    0.68   10.12   302.85  -40.00   313.71  -39.95 
 255    0.00    4.68     -1.50  213.25   59.39       NaN    0.00    3.23       NaN    0.00    1.07      1.12    0.20   10.08   357.23   51.43   368.29   51.79 
 256    0.00    4.69     -1.92  225.92   60.04       NaN    0.00    3.21       NaN    0.00    1.07      1.06    0.51   10.04   373.76   64.33   383.39   63.13 
 257    0.00    4.68      0.10  180.05   60.51       NaN    0.00    3.20       NaN    0.00    1.06      1.38    0.31   10.00   254.39  -50.87   265.43  -47.69 
 258    0.00    4.69     -0.68  196.66   61.04       NaN    0.00    3.19       NaN    0.00    1.06      2.13    0.67    9.97   338.48   53.25   348.35   52.35 
 259    0.00    4.69     -1.90  224.37   61.67       NaN    0.00    3.18       NaN    0.00    1.06      1.00    1.93    9.94   364.47   50.80   374.06   50.62 
 260    0.00    4.70     -1.21  211.60   62.25       NaN    0.00    3.16       NaN    0.00    1.05      0.64    0.34    9.90   342.59   13.54   352.67   14.10 
 261    0.00    4.69     -1.17  213.98   62.83       NaN    0.00    3.15       NaN    0.00    1.05      0.93    2.60    9.87   353.85   25.22   363.24   26.00 
 262    0.00    4.72     -2.20  243.74   63.52       NaN    0.00    3.14       NaN    0.00    1.04      2.01    1.46    9.84   397.32   76.78   407.07   78.00 
 263    0.00    4.68     -2.16  244.06   64.20       NaN    0.00    3.13       NaN    0.00    1.04      1.01    0.24    9.80   391.06   39.10   400.38   40.50 
 264    0.00    4.63     -1.71  233.48   64.84       NaN    0.00    3.12       NaN    0.00    1.04      1.58    2.37    9.78   389.44   87.05   399.16   88.35 
 265    0.00    4.70     -0.70  211.44   65.40       NaN    0.00    3.10       NaN    0.00    1.03      1.66    1.43    9.74   282.80  -69.44   292.90  -68.50 
 266    0.00    4.70      0.56  186.66   65.85       NaN    0.00    3.09       NaN    0.00    1.03      0.17    0.35    9.71   248.49  -64.51   258.22  -62.48 
 267    0.00    4.68      1.06  179.87   66.28       NaN    0.00    3.08       NaN    0.00    1.02      0.67    1.34    9.68   346.80  132.30   356.48  133.56 
 268    0.00    4.68      0.82  190.20   66.74       NaN    0.00    3.07       NaN    0.00    1.02      1.33    2.09    9.65   333.73    1.08   343.96    2.45 
 269    0.00    4.73      0.25  208.29   67.27       NaN    0.00    3.06       NaN    0.00    1.02      1.42    1.34    9.62   298.49  -64.98   309.75  -63.66 
 270    0.00    4.71      0.78  197.34   67.75       NaN    0.00    3.05       NaN    0.00    1.01      1.30    0.72    9.59   379.11   84.94   389.05   86.36 
 271    0.00    4.70      2.10  170.70   68.13       NaN    0.00    3.04       NaN    0.00    1.01      0.68    0.62    9.55   260.20  -51.13   269.49  -48.27 
 272    0.00    4.71      2.03  170.85   68.51       NaN    0.00    3.02       NaN    0.00    1.01      0.69    0.52    9.52   351.71   57.85   362.65   58.23 
 273    0.00    4.72      2.07  168.38   68.87       NaN    0.00    3.01       NaN    0.00    1.00      0.60    0.20    9.49   275.92  -49.50   286.82  -45.17 
 274    0.00    4.71      0.17  207.92   69.38       NaN    0.00    3.00       NaN    0.00    1.00      1.55    0.97    9.45   359.44  -24.09   370.25  -22.77 
 275    0.00    4.73      0.62  197.63   69.85       NaN    0.00    2.99       NaN    0.00    0.99      1.57    0.63    9.42   260.29  -95.59   269.97  -94.60 
 276    0.00    4.75      1.46  179.26   70.24       NaN    0.00    2.98       NaN    0.00    0.99      1.28    0.55    9.39   337.16  -12.73   347.98  -12.36 
 277    0.00    4.78      1.56  176.89   70.63       NaN    0.00    2.97       NaN    0.00    0.99      1.23    0.28    9.36   360.39   58.45   371.57   58.80 
 278    0.00    4.72      3.75  139.63   70.88       NaN    0.00    2.96       NaN    0.00    0.98      1.35    0.56    9.33   212.83  -42.77   224.00  -40.32 
 279    0.00    4.71      1.21  194.76   71.32       NaN    0.00    2.95       NaN    0.00    0.98      0.69    0.43    9.29   378.81   51.39   387.61   51.72 
 280    0.00    4.68      1.01  206.94   71.81       NaN    0.00    2.94       NaN    0.00    0.98      1.50    0.44    9.26   367.77    2.21   378.14    2.82 
 281    0.00    4.76      2.29  185.44   72.21       NaN    0.00    2.93       NaN    0.00    0.97      0.64    0.82    9.23   287.22  -39.69   297.19  -39.56 
 282    0.00    4.67      1.88  199.52   72.66       NaN    0.00    2.92       NaN    0.00    0.97      1.11    0.78    9.20   288.27  -50.63   299.42  -50.00 
 283    0.00    4.67      0.25  249.44   73.29       NaN    0.00    2.91       NaN    0.00    0.97      1.46    0.80    9.17   293.42  -99.27   303.75  -98.92 
 284    0.00    4.69      1.58  218.42   73.80       NaN    0.00    2.90       NaN    0.00    0.96      1.22    0.34    9.14   378.32   -6.69   387.62   -6.58 
 285    0.00    4.68      4.61  156.93   74.09       NaN    0.00    2.89       NaN    0.00    0.96      1.66    0.21    9.11   327.69   27.27   337.45   28.48 
 286    0.00    4.63      5.08  150.13   74.36       NaN    0.00    2.88       NaN    0.00    0.96      0.13    0.00    9.08   326.98   33.14   337.41   34.06 
 287    0.00    4.70      2.66  200.02   74.79       NaN    0.00    2.87       NaN    0.00    0.95      3.92    0.11    9.05   349.30  -15.01   360.32  -14.04 
 288    0.00    4.74      1.93  219.47   75.30       NaN    0.00    2.86       NaN    0.00    0.95      1.63    0.32    9.02   431.69   57.78   441.80   58.54 
 289    0.00    4.73      1.11  239.60   75.86       NaN    0.00    2.85       NaN    0.00    0.95      1.30    0.23    8.99   447.48   48.51   458.06   49.37 
 290    0.00    4.71      0.89  241.89   76.44       NaN    0.00    2.84       NaN    0.00    0.94      1.22    0.29    8.96   427.56    9.34   436.88   11.01 
 291    0.00    4.68      0.96  237.37   76.99       NaN    0.00    2.83       NaN    0.00    0.94      1.65    0.87    8.93   286.71  -90.67   297.45  -90.28 
 292    0.00    4.61     -0.55  276.57   77.67       NaN    0.00    2.82       NaN    0.00    0.94      1.70    0.75    8.90   372.45 -101.70   381.40 -101.13 
 293    0.00    4.70      1.83  205.01   78.11       NaN    0.00    2.81       NaN    0.00    0.93      1.63    0.28    8.87   393.07   21.31   403.52   22.14 
 294    0.00    4.72      3.95  156.34   78.37       NaN    0.00    2.80       NaN    0.00    0.93      1.98    0.09    8.84   343.17   35.45   352.58   36.45 
 295    0.00    4.70     -0.80  260.53   78.99       NaN    0.00    2.79       NaN    0.00    0.93      1.45    0.08    8.81   311.26 -124.60   321.32 -123.98 
 296    0.00    4.66      3.18  160.76   79.27       NaN    0.00    2.78       NaN    0.00    0.92      0.37    0.66    8.78   359.42  112.15   369.71  112.55 
 297    0.00    4.70      3.33  156.32   79.53       NaN    0.00    2.77       NaN    0.00    0.92      0.94    0.36    8.76   247.38  -40.55   258.35  -38.58 
 298    0.00    4.69     -0.62  243.40   80.08       NaN    0.00    2.76       NaN    0.00    0.92      1.54    0.12    8.73   391.55  -33.12   400.84  -31.95 
 299    0.00    4.68     -0.34  232.70   80.59       NaN    0.00    2.75       NaN    0.00    0.91      0.27    0.29    8.70   266.95 -108.34   276.29 -107.49 
 300    0.00    4.74     -0.30  229.61   81.08       NaN    0.00    2.74       NaN    0.00    0.91      0.65    0.64    8.67   394.35   10.28   405.33   11.14 
 301    0.00    4.71      0.61  207.49   81.50       NaN    0.00    2.73       NaN    0.00    0.91      0.85    0.51    8.64   316.47  -49.01   327.74  -47.53 
 302    0.00    4.69     -2.16  285.44   82.18       NaN    0.00    2.72       NaN    0.00    0.91      1.59    0.31    8.62   422.13  -45.80   431.76  -43.49 
 303    0.00    4.73     -2.41  292.55   82.87       NaN    0.00    2.71       NaN    0.00    0.90      0.57    0.34    8.59   313.86 -144.82   323.95 -144.69 
 304    0.00    4.78     -1.57  263.32   83.47       NaN    0.00    2.71       NaN    0.00    0.90      0.98    0.11    8.56   406.06  -19.45   416.90  -18.97 
 305    0.00    4.68     -2.24  280.51   84.11       NaN    0.00    2.70       NaN    0.00    0.90      0.63    0.79    8.54   327.44 -120.85   336.47 -119.82 
 306    0.00    4.72     -0.77  233.25   84.60       NaN    0.00    2.69       NaN    0.00    0.89      0.60    0.19    8.51   288.83  -90.26   298.71  -89.82 
 307    0.00    4.69     -0.34  221.08   85.04       NaN    0.00    2.68       NaN    0.00    0.89      1.32    0.94    8.48   388.16   51.98   398.46   53.64 
 308    0.00    4.71     -0.00  211.49   85.46       NaN    0.00    2.67       NaN    0.00    0.89      0.73    0.23    8.46   370.35   29.83   380.04   30.49 
 309    0.00    4.69     -2.17  269.90   86.05       NaN    0.00    2.66       NaN    0.00    0.89      1.16    1.31    8.43   313.61 -121.50   323.07 -119.67 
 310    0.00    4.68     -2.32  273.39   86.66       NaN    0.00    2.65       NaN    0.00    0.88      0.97    1.39    8.41   409.26  -28.08   418.44  -27.36 
 311    0.00    4.70     -0.62  224.27   87.10       NaN    0.00    2.64       NaN    0.00    0.88      0.15    0.04    8.38   394.75   75.49   404.35   76.19 
 312    0.00    4.71     -2.97  296.61   87.77       NaN    0.00    2.64       NaN    0.00    0.88      0.83    0.13    8.36   451.29   -5.30   460.70   -4.21 
 313    0.00    4.76     -1.61  256.09   88.31       NaN    0.00    2.63       NaN    0.00    0.87      0.42    0.01    8.33   394.87  -32.01   404.50  -31.36 
 314    0.00    4.68      1.03  196.23   88.65       NaN    0.00    2.62       NaN    0.00    0.87      0.82    0.48    8.31   372.47   41.46   382.20   42.14 
 315    0.00    4.70     -1.31  261.89   89.20       NaN    0.00    2.61       NaN    0.00    0.87      1.83    0.33    8.28   414.18  -24.03   423.55  -23.84 
 316    0.00    4.70     -0.15  236.28   89.67       NaN    0.00    2.60       NaN    0.00    0.87      0.52    0.21    8.26   251.31 -115.05   260.10 -114.15 
 317    0.00    4.72     -0.67  258.82   90.20       NaN    0.00    2.59       NaN    0.00    0.86      0.84    0.12    8.23   430.30   -9.91   440.78   -9.20 
 318    0.00    4.70      2.78  178.07   90.48       NaN    0.00    2.59       NaN    0.00    0.86      0.59    0.46    8.21   383.07   79.96   392.74   80.76 
 319    0.00    4.68      1.39  211.12   90.86       NaN    0.00    2.58       NaN    0.00    0.86      0.72    0.24    8.18   295.06  -75.93   304.89  -75.78 
 320    0.00    4.70      2.07  197.16   91.19       NaN    0.00    2.57       NaN    0.00    0.85      2.37    0.29    8.16   384.38   12.97   394.94   14.42 
 321    0.00    4.68      1.15  219.50   91.59       NaN    0.00    2.56       NaN    0.00    0.85       NaN    0.00    8.13   405.65   -0.85   415.08    0.44 
 322    0.00    4.72      4.33  151.81   91.77       NaN    0.00    2.55       NaN    0.00    0.85      0.51    0.39    8.11   363.41   62.87   373.06   63.97 
 323    0.00    4.71      3.05  172.73   92.03       NaN    0.00    2.55       NaN    0.00    0.85      0.19    0.00    8.08   386.85   85.74   397.08   88.47 
 324    0.00    4.72      1.91  194.78   92.34       NaN    0.00    2.54       NaN    0.00    0.84       NaN    0.00    8.06   367.30  -12.04   376.62  -11.52 
 325    0.00    4.71      1.32  206.49   92.69       NaN    0.00    2.53       NaN    0.00    0.84       NaN    0.00    8.03   395.75   12.27   406.06   13.80 
 326    0.00    4.76      0.98  213.83   93.07       NaN    0.00    2.52       NaN    0.00    0.84      0.16    0.00    8.01   379.19  -25.85   389.31  -25.17 
 327    0.00    4.70     -0.34  248.53   93.54       NaN    0.00    2.52       NaN    0.00    0.84      0.27    0.09    7.98   303.26 -123.43   313.46 -123.90 
 328    0.00    4.73      0.77  217.85   93.92       NaN    0.00    2.51       NaN    0.00    0.83      0.75    0.09    7.96   387.42  -12.84   398.98  -10.96 
 329    0.00    4.72     -1.83  293.66   94.53       NaN    0.00    2.50       NaN    0.00    0.83      1.25    0.26    7.94   364.12 -137.51   374.48 -137.87 
 330    0.00    4.75      0.32  229.05   94.93       NaN    0.00    2.49       NaN    0.00    0.83      0.38    0.38    7.91   396.64  -10.05   408.82   -8.26 
 331    0.00    4.69      0.48  224.10   95.32       NaN    0.00    2.49       NaN    0.00    0.83      1.15    1.20    7.89   417.40   53.84   429.80   55.05 
 332    0.00    4.72      0.37  224.61   95.71       NaN    0.00    2.48       NaN    0.00    0.82      0.32    0.17    7.87   403.60   21.15   415.15   20.41 
 333    0.00    4.68     -2.43  306.04   96.35       NaN    0.00    2.47       NaN    0.00    0.82       NaN    0.00    7.85   329.03 -161.80   338.89 -161.55 
 334    0.00    4.76     -2.10  289.92   96.93       NaN    0.00    2.46       NaN    0.00    0.82       NaN    0.00    7.82   347.96 -131.35   358.12 -130.94 
 335    0.00    4.68      1.67  186.19   97.19       NaN    0.00    2.46       NaN    0.00    0.82       NaN    0.00    7.80   377.77   82.14   387.09   83.17 
 336    0.00    4.69     -1.54  267.64   97.70       NaN    0.00    2.45       NaN    0.00    0.81       NaN    0.00    7.77   351.84 -109.57   361.94 -109.92 
 337    0.00    4.69     -2.86  308.17   98.32       NaN    0.00    2.44       NaN    0.00    0.81      0.06    0.01    7.75   472.73  -23.09   482.82  -23.13 
 338    0.00    4.79      3.15  153.92   98.49       NaN    0.00    2.43       NaN    0.00    0.81      0.38    0.01    7.73   344.73   77.89   353.14   78.99 
 339    0.00    4.67     -0.23  228.17   98.87       NaN    0.00    2.43       NaN    0.00    0.81       NaN    0.00    7.71   396.65    0.74   405.35    1.69 
 340    0.00    4.71     -1.51  265.42   99.36       NaN    0.00    2.42       NaN    0.00    0.80      0.08    0.12    7.68   432.30   -3.61   442.99   -3.10 
 341    0.00    4.75     -0.97  249.10   99.80       NaN    0.00    2.41       NaN    0.00    0.80      0.29    0.04    7.66   416.76    7.33   428.11    7.18 
 342    0.00    4.77     -2.12  288.09  100.35       NaN    0.00    2.41       NaN    0.00    0.80       NaN    0.00    7.64   437.03  -39.60   445.69  -37.52 
 343    0.00    4.64     -2.87  315.02  100.98       NaN    0.00    2.40       NaN    0.00    0.80       NaN    0.00    7.62   475.64  -23.72   485.82  -24.31 
 344    0.00    4.72     -2.11  300.18  101.56       NaN    0.00    2.39       NaN    0.00    0.80      0.33    0.12    7.60   453.64   42.78   463.23   42.92 
 345    0.00    4.71      0.70  210.11  101.87       NaN    0.00    2.38       NaN    0.00    0.79       NaN    0.00    7.57   390.58   45.04   399.72   47.76 
 346    0.00    4.71      2.02  181.14  102.10       NaN    0.00    2.38       NaN    0.00    0.79      0.71    0.27    7.55   361.65   46.07   371.17   48.03 
 347    0.00    4.62      0.43  218.70  102.43       NaN    0.00    2.37       NaN    0.00    0.79      0.36    0.02    7.53   395.80   25.15   406.15   26.12 
 348    0.00    4.72      0.19  226.11  102.79       NaN    0.00    2.36       NaN    0.00    0.79       NaN    0.00    7.51   417.78   59.48   429.22   60.63 
 349    0.00    4.74      0.17  227.70  103.15       NaN    0.00    2.36       NaN    0.00    0.78       NaN    0.00    7.49   325.28  -82.36   335.12  -81.93 
 350    0.00    4.77      0.44  221.72  103.49       NaN    0.00    2.35       NaN    0.00    0.78      0.42    0.00    7.47   382.66  -24.70   392.71  -24.78 
 351    0.00    4.68      1.54  198.74  103.76       NaN    0.00    2.34       NaN    0.00    0.78      1.81    0.07    7.44   257.15  -88.53   267.08  -87.37 
 352    0.00    4.78     -1.87  303.79  104.33       NaN    0.00    2.34       NaN    0.00    0.78      1.98    0.07    7.42   481.53  -40.77   492.05  -41.13 
 353    0.00    4.68      0.46  238.88  104.71       NaN    0.00    2.33       NaN    0.00    0.77      0.71    0.41    7.40   271.39 -125.66   281.82 -125.88 
 354    0.00    4.70      0.21  252.29  105.12       NaN    0.00    2.32       NaN    0.00    0.77      0.21    0.01    7.38   319.30 -122.12   329.07 -122.95 
 355    0.00    4.68      1.22  229.78  105.48       NaN    0.00    2.32       NaN    0.00    0.77      1.20    0.16    7.36   442.96   25.31   455.41   28.20 
 356    0.00    4.73      3.70  174.86  105.67       NaN    0.00    2.31       NaN    0.00    0.77      0.24    0.11    7.34   397.99   56.07   408.40   57.80 
 357    0.00    4.71      1.23  233.84  106.03       NaN    0.00    2.30       NaN    0.00    0.77       NaN    0.00    7.32   433.52   -0.48   445.01   -0.73 
 358    0.00    4.65     -0.53  285.84  106.53       NaN    0.00    2.30       NaN    0.00    0.76      0.88    0.40    7.30   410.31 -102.09   420.05 -103.47 
 359    0.00    4.70      4.35  161.53  106.69       NaN    0.00    2.29       NaN    0.00    0.76      0.46    0.09    7.28   366.52   32.43   377.07   34.86 
 360    0.00    4.72     -0.57  280.89  107.17       NaN    0.00    2.28       NaN    0.00    0.76      2.25    1.32    7.27   400.89  -99.54   410.40 -100.45 
 361    0.00    4.71      1.43  217.03  107.47       NaN    0.00    2.28       NaN    0.00    0.76      0.66    0.31    7.25   406.73    4.94   417.55    7.05 
 362    0.00    4.77      2.38  191.39  107.71       NaN    0.00    2.27       NaN    0.00    0.76      1.23    0.22    7.23   405.44   88.10   417.65   87.15 
 363    0.00    4.69     -0.13  250.51  108.10       NaN    0.00    2.27       NaN    0.00    0.75      0.91    1.88    7.21   450.61   39.74   463.05   41.98 
 364    0.00    4.74      0.27  233.83  108.44       NaN    0.00    2.26       NaN    0.00    0.75      1.11    1.22    7.20   426.87   33.14   439.80   36.19 
 365    0.00    4.72      2.30  184.83  108.65       NaN    0.00    2.25       NaN    0.00    0.75       NaN    0.00    7.18   366.41   12.20   374.45   13.37 
 366    0.00    4.69      2.99  172.06  108.83       NaN    0.00    2.25       NaN    0.00    0.75      0.72    0.05    7.16   366.24   40.34   377.43   40.94 
 367    0.00    4.69      1.92  195.65  109.06       NaN    0.00    2.24       NaN    0.00    0.75      0.50    0.00    7.14   372.06    3.44   383.01    4.74 
 368    0.00    4.69      2.10  195.94  109.30       NaN    0.00    2.24       NaN    0.00    0.74      1.66    1.99    7.12   379.44    9.36   389.90    9.20 
 369    0.00    4.68      3.40  172.59  109.47       NaN    0.00    2.23       NaN    0.00    0.74      1.66    1.81    7.11   374.29   39.56   384.45   41.40 
 370    0.00    4.73      1.74  212.45  109.75       NaN    0.00    2.22       NaN    0.00    0.74      0.32    0.04    7.09   421.44   46.57   433.79   49.98 
 371    0.00    4.70      1.66  214.94  110.03       NaN    0.00    2.22       NaN    0.00    0.74      0.52    0.09    7.07   267.79  -88.90   277.76  -87.78 
 372    0.00    4.69     -0.08  264.65  110.45       NaN    0.00    2.21       NaN    0.00    0.74      1.80    0.16    7.05   359.07 -107.68   369.01 -108.56 
 373    0.00    4.69      3.20  179.92  110.63       NaN    0.00    2.21       NaN    0.00    0.73      1.65    0.94    7.04   361.53    0.85   373.60    2.62 
 374    0.00    4.73      3.94  163.78  110.78       NaN    0.00    2.20       NaN    0.00    0.73      1.95    1.14    7.02   371.42   46.09   381.87   46.66 
 375    0.00    4.71     -4.81  302.25  111.29       NaN    0.00    2.19       NaN    0.00    0.73      1.33    0.75    7.00   376.78   35.48   387.84   35.89 
 376    0.00    4.72     -4.94  303.34  111.80       NaN    0.00    2.19       NaN    0.00    0.73      1.52    0.58    6.99   369.14  -11.59   381.65   -9.96 
 377    0.00    4.68      0.42  231.15  112.11       NaN    0.00    2.18       NaN    0.00    0.73      1.07    0.40    6.97   435.51   60.35   448.06   64.70 
 378    0.00    4.73      0.06  234.05  112.44       NaN    0.00    2.18       NaN    0.00    0.72      0.74    0.77    6.95   431.78   62.63   444.40   67.07 
 379    0.00    4.72      3.53  154.88  112.55       NaN    0.00    2.17       NaN    0.00    0.72      1.04    1.29    6.94   347.13   58.65   355.24   61.58 
 380    0.00    4.72      0.88  206.86  112.80       NaN    0.00    2.16       NaN    0.00    0.72      0.95    0.48    6.92   392.17   48.93   401.90   48.27 
 381    0.00    4.70      0.49  213.15  113.06       NaN    0.00    2.16       NaN    0.00    0.72      1.07    0.67    6.90   392.63   40.87   402.81   40.34 
 382    0.00    4.69      0.62  209.24  113.31       NaN    0.00    2.15       NaN    0.00    0.72      0.74    0.27    6.89   387.74   37.79   397.66   37.47 
 383    0.00    4.69     -2.37  291.98  113.78       NaN    0.00    2.15       NaN    0.00    0.71      0.82    0.52    6.87   391.03 -103.82   401.71 -103.00 
 384    0.00    4.75     -1.24  250.06  114.13       NaN    0.00    2.14       NaN    0.00    0.71      0.80    0.09    6.85   240.68 -140.55   249.11 -139.06 
 385    0.00    4.70     -1.37  250.29  114.49       NaN    0.00    2.14       NaN    0.00    0.71       NaN    0.00    6.83   403.92  -16.89   413.24  -17.76 
 386    0.00    4.73     -2.25  276.41  114.91       NaN    0.00    2.13       NaN    0.00    0.71      0.54    0.30    6.82   331.33 -136.16   342.12 -135.95 
 387    0.00    4.70      0.29  204.30  115.14       NaN    0.00    2.13       NaN    0.00    0.71      0.53    0.37    6.80   362.19   -5.31   374.34   -3.02 
 388    0.00    4.71     -1.06  239.06  115.46       NaN    0.00    2.12       NaN    0.00    0.70       NaN    0.00    6.78   378.97  -49.61   388.72  -50.11 
 389    0.00    4.69     -2.17  275.58  115.87       NaN    0.00    2.11       NaN    0.00    0.70      1.07    0.50    6.77   357.50 -127.56   366.76 -128.79 
 390    0.00    4.70      0.40  209.08  116.11       NaN    0.00    2.11       NaN    0.00    0.70       NaN    0.00    6.75   382.27    4.26   392.40    6.12 
 391    0.00    4.69      0.36  212.09  116.35       NaN    0.00    2.10       NaN    0.00    0.70      0.28    0.39    6.73   272.17 -100.19   282.38  -98.56 
 392    0.00    4.69     -2.91  309.34  116.85       NaN    0.00    2.10       NaN    0.00    0.70      1.26    0.71    6.72   396.98 -133.06   407.36 -132.80 
 393    0.00    4.70      1.57  185.50  117.02       NaN    0.00    2.09       NaN    0.00    0.70      2.02    0.20    6.70   356.52   14.47   367.26   15.01 
 394    0.00    4.72     -2.10  278.51  117.43       NaN    0.00    2.09       NaN    0.00    0.69      0.11    0.26    6.69   324.22 -140.50   335.34 -139.90 
 395    0.00    4.74      0.42  200.53  117.64       NaN    0.00    2.08       NaN    0.00    0.69      0.14    0.57    6.67   361.14   16.82   370.68   18.41 
 396    0.00    4.70     -1.62  244.05  117.96       NaN    0.00    2.08       NaN    0.00    0.69       NaN    0.00    6.65   388.93  -11.12   398.96   -9.45 
 397    0.00    4.72     -3.12  279.00  118.37       NaN    0.00    2.07       NaN    0.00    0.69       NaN    0.00    6.64   428.13    3.99   437.97    3.66 
 398    0.00    4.78     -1.98  233.63  118.66       NaN    0.00    2.07       NaN    0.00    0.69      2.16    0.54    6.62   390.21   76.46   399.59   75.26 
 399    0.00    4.76     -1.54  213.51  118.89       NaN    0.00    2.06       NaN    0.00    0.69      0.55    0.01    6.60   352.75   10.59   361.76   12.46 
 400    0.00    4.73     -2.69  234.90  119.18       NaN    0.00    2.06       NaN    0.00    0.68      0.48    0.01    6.59   382.28   83.34   391.52   82.61 
 401    0.00    4.72     -3.58  257.19  119.53       NaN    0.00    2.05       NaN    0.00    0.68      0.29    0.03    6.57   403.33   63.20   412.63   62.60 
 402    0.00    4.73     -3.84  260.07  119.88       NaN    0.00    2.05       NaN    0.00    0.68       NaN    0.00    6.56   382.13  -22.15   395.13  -19.20 
 403    0.00    4.74     -2.55  225.42  120.14       NaN    0.00    2.04       NaN    0.00    0.68       NaN    0.00    6.54   231.62 -130.68   239.67 -129.93 
 404    0.00    4.68     -3.52  256.50  120.48       NaN    0.00    2.04       NaN    0.00    0.68       NaN    0.00    6.52   401.99   57.16   411.81   57.43 
 405    0.00    4.70     -2.69  235.89  120.76       NaN    0.00    2.03       NaN    0.00    0.68       NaN    0.00    6.51   230.59 -140.18   238.88 -139.25 
 406    0.00    4.77     -3.27  255.73  121.09       NaN    0.00    2.03       NaN    0.00    0.67      1.30    0.87    6.49   380.51  -25.01   390.58  -23.73 
 407    0.00    4.75     -4.43  300.11  121.53       NaN    0.00    2.02       NaN    0.00    0.67      0.71    0.25    6.48   394.89  -93.93   405.33  -93.38 
 408    0.00    4.69     -2.08  232.15  121.80       NaN    0.00    2.02       NaN    0.00    0.67      0.48    1.14    6.46   386.93   58.46   397.37   57.79 
 409    0.00    4.69     -5.26  340.62  122.34       NaN    0.00    2.01       NaN    0.00    0.67      0.41    1.13    6.45   407.40 -149.16   416.63 -149.28 
 410    0.00    4.62     -1.39  221.28  122.58       NaN    0.00    2.01       NaN    0.00    0.67      1.26    0.13    6.44   381.72   55.37   392.06   54.28 
 411    0.00    4.72     -0.96  215.06  122.81       NaN    0.00    2.00       NaN    0.00    0.67      0.52    0.44    6.42   376.36   38.68   386.76   39.90 
 412    0.00    4.75     -0.01  192.69  122.98       NaN    0.00    2.00       NaN    0.00    0.66      1.88    0.27    6.41   350.74   26.82   361.61   27.95 
 413    0.00    4.76     -1.74  236.68  123.25       NaN    0.00    1.99       NaN    0.00    0.66      1.55    0.73    6.39   390.30    1.39   400.66    0.95 
 414    0.00    4.71     -2.99  275.87  123.62       NaN    0.00    1.99       NaN    0.00    0.66      0.19    0.02    6.38   344.40 -128.39   355.35 -126.48 
 415    0.00    4.75     -3.44  295.30  124.03       NaN    0.00    1.98       NaN    0.00    0.66      1.83    0.60    6.36   378.06 -121.36   389.14 -121.32 
 416    0.00    4.79      0.16  198.71  124.21       NaN    0.00    1.98       NaN    0.00    0.66      1.06    0.60    6.35   345.79   -6.42   356.40   -3.98 
 417    0.00    4.71     -0.79  224.13  124.45       NaN    0.00    1.97       NaN    0.00    0.66      1.38    1.33    6.34   395.91   51.33   404.54   54.59 
 418    0.00    4.76     -4.77  356.48  125.01       NaN    0.00    1.97       NaN    0.00    0.65      1.80    1.45    6.33   398.59 -181.45   408.12 -180.82 
 419    0.00    4.78      0.41  199.12  125.18       NaN    0.00    1.96       NaN    0.00    0.65      0.64    0.48    6.31   368.97   39.70   379.42   40.30 
 420    0.00    4.72     -3.22  306.47  125.62       NaN    0.00    1.96       NaN    0.00    0.65      1.43    0.74    6.30   464.13  -18.90   474.95  -19.79 
 421    0.00    4.72     -3.30  313.94  126.06       NaN    0.00    1.95       NaN    0.00    0.65      0.65    0.12    6.28   382.82 -144.27   394.63 -142.65 
 422    0.00    4.70      1.19  187.82  126.21       NaN    0.00    1.95       NaN    0.00    0.65      1.12    0.92    6.27   368.81   49.96   379.58   48.68 
 423    0.00    4.69     -2.66  289.42  126.60       NaN    0.00    1.94       NaN    0.00    0.65      1.65    0.49    6.26   369.69 -131.81   381.34 -132.66 
 424    0.00    4.73      1.93  170.81  126.70       NaN    0.00    1.94       NaN    0.00    0.65      0.69    0.16    6.24   343.70   15.20   354.26   16.42 
 425    0.00    4.72     -1.00  235.55  126.96       NaN    0.00    1.94       NaN    0.00    0.64       NaN    0.00    6.23   421.93   66.36   431.60   65.10 
 426    0.00    4.70      0.17  204.50  127.14       NaN    0.00    1.93       NaN    0.00    0.64      0.45    0.10    6.21   387.93   58.18   397.81   56.61 
 427    0.00    4.73     -3.60  318.33  127.59       NaN    0.00    1.93       NaN    0.00    0.64      0.72    0.21    6.20   482.11  -22.52   492.72  -23.29 
 428    0.00    4.73     -1.15  237.92  127.84       NaN    0.00    1.92       NaN    0.00    0.64       NaN    0.00    6.19   395.05  -11.37   405.65  -12.11 
 429    0.00    4.69     -2.51  277.97  128.19       NaN    0.00    1.92       NaN    0.00    0.64       NaN    0.00    6.17   451.40   34.58   462.50   32.78 
 430    0.00    4.75     -2.90  291.40  128.57       NaN    0.00    1.91       NaN    0.00    0.64       NaN    0.00    6.16   446.19  -24.96   457.01  -25.93 
 431    0.00    4.71     -0.44  221.13  128.79       NaN    0.00    1.91       NaN    0.00    0.63       NaN    0.00    6.14   328.51  -69.36   341.10  -70.62 
 432    0.00    4.75     -3.28  304.73  129.19       NaN    0.00    1.90       NaN    0.00    0.63      0.23    0.57    6.13   467.37  -10.20   478.48  -10.52 
 433    0.00    4.71     -3.57  317.92  129.63       NaN    0.00    1.90       NaN    0.00    0.63      0.43    0.87    6.12   400.98 -143.90   412.96 -142.22 
 434    0.00    4.73     -0.34  226.33  129.85       NaN    0.00    1.90       NaN    0.00    0.63      0.60    0.27    6.10   409.34   20.81   419.56   20.58 
 435    0.00    4.70      2.69  160.06  129.92       NaN    0.00    1.89       NaN    0.00    0.63      1.29    0.13    6.09   348.29   38.11   358.14   38.05 
 436    0.00    4.74      0.48  212.83  130.11       NaN    0.00    1.89       NaN    0.00    0.63      0.54    0.46    6.08   301.28 -101.02   313.75 -100.50 
 437    0.00    4.71     -1.45  270.96  130.44       NaN    0.00    1.88       NaN    0.00    0.63      1.44    0.68    6.06   455.17  -17.24   464.39  -13.59 
 438    0.00    4.78     -1.26  270.70  130.76       NaN    0.00    1.88       NaN    0.00    0.62      1.03    0.47    6.05   452.65  -21.88   463.63  -21.83 
 439    0.00    4.72      0.93  211.49  130.94       NaN    0.00    1.87       NaN    0.00    0.62      0.74    0.23    6.04   404.21   11.71   414.73   12.74 
 440    0.00    4.72      3.37  158.10  131.00       NaN    0.00    1.87       NaN    0.00    0.62       NaN    0.00    6.03   363.15   56.43   371.55   59.08 
 441    0.00    4.74      0.59  213.94  131.19       NaN    0.00    1.87       NaN    0.00    0.62       NaN    0.00    6.01   361.40  -54.45   371.30  -52.01 
 442    0.00    4.68      0.33  215.35  131.38       NaN    0.00    1.86       NaN    0.00    0.62       NaN    0.00    6.00   405.08   25.73   414.93   26.95 
 443    0.00    4.79      1.15  196.81  131.53       NaN    0.00    1.86       NaN    0.00    0.62       NaN    0.00    5.98   377.84    0.04   388.43    1.23 
 444    0.00    4.70      1.60  187.04  131.65       NaN    0.00    1.85       NaN    0.00    0.62       NaN    0.00    5.97   373.27    8.49   382.49    7.59 
 445    0.00    4.75     -2.16  289.29  132.01       NaN    0.00    1.85       NaN    0.00    0.61       NaN    0.00    5.96   348.47 -167.48   359.37 -165.14 
 446    0.00    4.69      0.43  216.74  132.20       NaN    0.00    1.84       NaN    0.00    0.61       NaN    0.00    5.94   400.90  -12.77   409.88  -13.15 
 447    0.00    4.70      2.04  180.65  132.31       NaN    0.00    1.84       NaN    0.00    0.61      0.96    0.11    5.93   375.52   10.95   384.94   11.37 
 448    0.00    4.73     -2.02  294.32  132.67       NaN    0.00    1.84       NaN    0.00    0.61      0.14    0.04    5.92   365.41 -170.62   378.42 -168.21 
 449    0.00    4.71      2.48  176.70  132.76       NaN    0.00    1.83       NaN    0.00    0.61      0.53    0.19    5.91   369.97    0.42   380.52    1.89 
 450    0.00    4.72     -1.71  288.57  133.11       NaN    0.00    1.83       NaN    0.00    0.61      1.17    1.27    5.89   476.72  -22.56   488.55  -22.77 
 451    0.00    4.77     -0.08  239.18  133.35       NaN    0.00    1.82       NaN    0.00    0.61      2.89    0.42    5.88   350.50  -95.35   362.42  -93.10 
 452    0.00    4.72     -1.00  261.98  133.63       NaN    0.00    1.82       NaN    0.00    0.61      0.99    0.20    5.87   432.97  -20.70   444.21  -21.23 
 453    0.00    4.71      1.96  178.87  133.73       NaN    0.00    1.82       NaN    0.00    0.60      0.19    0.02    5.86   349.46   19.90   359.59   21.81 
 454    0.00    4.76      0.15  210.05  133.90       NaN    0.00    1.81       NaN    0.00    0.60      0.17    0.17    5.84   387.97   63.32   398.07   65.19 
 455    0.00    4.71     -2.73  275.80  134.21       NaN    0.00    1.81       NaN    0.00    0.60      1.68    0.74    5.83   445.89   79.90   455.26   79.01 
 456    0.00    4.75     -2.50  252.73  134.47       NaN    0.00    1.80       NaN    0.00    0.60       NaN    0.00    5.82   401.78   12.96   410.69   13.14 
 457    0.00    4.73     -2.66  252.35  134.73       NaN    0.00    1.80       NaN    0.00    0.60      0.80    0.15    5.81   402.41   20.03   411.47   20.54 
 458    0.00    4.72     -5.02  325.33  135.14       NaN    0.00    1.80       NaN    0.00    0.60      0.55    0.16    5.80   395.66 -137.97   407.73 -136.57 
 459    0.00    4.70     -0.40  187.42  135.26       NaN    0.00    1.79       NaN    0.00    0.60      2.37    0.31    5.78   335.87   32.84   346.38   32.49 
 460    0.00    4.76     -1.55  216.52  135.44       NaN    0.00    1.79       NaN    0.00    0.59       NaN    0.00    5.77   372.32   54.33   380.49   57.48 
 461    0.00    4.69     -3.58  277.69  135.74       NaN    0.00    1.78       NaN    0.00    0.59       NaN    0.00    5.76   422.61    6.18   432.75    6.65 
 462    0.00    4.70     -4.49  315.66  136.13       NaN    0.00    1.78       NaN    0.00    0.59      0.19    0.05    5.75   475.23   89.23   484.58   88.28 
 463    0.00    4.75     -3.27  281.82  136.45       NaN    0.00    1.78       NaN    0.00    0.59       NaN    0.00    5.73   442.78   67.50   452.30   67.55 
 464    0.00    4.76     -0.99  220.01  136.63       NaN    0.00    1.77       NaN    0.00    0.59       NaN    0.00    5.72   363.67   14.10   373.15   13.96 
 465    0.00    4.69     -4.36  328.83  137.04       NaN    0.00    1.77       NaN    0.00    0.59      0.33    0.07    5.71   378.39 -139.64   388.47 -137.96 
 466    0.00    4.81     -1.05  226.11  137.23       NaN    0.00    1.77       NaN    0.00    0.59       NaN    0.00    5.70   387.77   80.17   398.61   82.39 
 467    0.00    4.71     -3.96  318.26  137.62       NaN    0.00    1.76       NaN    0.00    0.59       NaN    0.00    5.69   450.05  -40.11   461.67  -39.77 
 468    0.00    4.78     -3.40  297.33  137.96       NaN    0.00    1.76       NaN    0.00    0.58       NaN    0.00    5.67   330.13 -151.41   341.57 -151.11 
 469    0.00    4.80     -4.56  341.00  138.39       NaN    0.00    1.75       NaN    0.00    0.58       NaN    0.00    5.66   383.04 -174.01   392.99 -171.15 
 470    0.00    4.72      1.04  179.53  138.48       NaN    0.00    1.75       NaN    0.00    0.58       NaN    0.00    5.65   349.15   55.38   358.72   55.57 
 471    0.00    4.78     -1.62  246.08  138.71       NaN    0.00    1.75       NaN    0.00    0.58       NaN    0.00    5.64   411.96   24.77   420.56   24.74 
 472    0.00    4.80     -3.59  312.71  139.08       NaN    0.00    1.74       NaN    0.00    0.58      0.13    0.00    5.62   399.64 -124.45   409.71 -122.89 
 473    0.00    4.69     -0.53  221.21  139.25       NaN    0.00    1.74       NaN    0.00    0.58      0.27    0.02    5.61   388.36   24.65   395.77   27.21 
 474    0.00    4.81     -1.10  237.94  139.46       NaN    0.00    1.74       NaN    0.00    0.58      0.23    0.03    5.60   415.33   85.36   425.27   84.66 
 475    0.00    4.71     -3.31  307.52  139.81       NaN    0.00    1.73       NaN    0.00    0.58      0.57    0.26    5.59   471.04   20.46   481.10   21.50 
 476    0.00    4.73     -3.55  316.85  140.19       NaN    0.00    1.73       NaN    0.00    0.57      0.34    0.11    5.58   352.92 -152.77   362.46 -150.83 
 477    0.00    4.66      0.06  208.12  140.33       NaN    0.00    1.72       NaN    0.00    0.57       NaN    0.00    5.57   373.58   58.14   384.19   59.57 
 478    0.00    4.84     -4.87  358.84  140.79       NaN    0.00    1.72       NaN    0.00    0.57      0.38    0.32    5.56   455.13 -101.96   466.49 -103.85 
 479    0.00    4.72     -2.44  267.65  141.05       NaN    0.00    1.72       NaN    0.00    0.57       NaN    0.00    5.54   426.74   52.70   436.55   53.37 
 480    0.00    4.74     -2.07  252.45  141.28       NaN    0.00    1.71       NaN    0.00    0.57       NaN    0.00    5.53   396.55    5.10   406.51    7.07 
 481    0.00    4.78     -5.01  348.49  141.71       NaN    0.00    1.71       NaN    0.00    0.57       NaN    0.00    5.52   489.94  -18.77   501.43  -19.46 
 482    0.00    4.70     -1.72  232.65  141.90       NaN    0.00    1.71       NaN    0.00    0.57       NaN    0.00    5.51   328.80  -67.08   341.62  -66.02 
 483    0.00    4.73     -1.86  234.10  142.09       NaN    0.00    1.70       NaN    0.00    0.57       NaN    0.00    5.50   316.76  -87.04   329.68  -86.31 
 484    0.00    4.76     -3.16  273.49  142.36       NaN    0.00    1.70       NaN    0.00    0.57       NaN    0.00    5.49   436.90   53.79   446.97   54.13 
 485    0.00    4.69     -2.23  248.74  142.58       NaN    0.00    1.70       NaN    0.00    0.56       NaN    0.00    5.48   402.50    4.70   412.73    6.94 
 486    0.00    4.80     -4.90  343.78  143.00       NaN    0.00    1.69       NaN    0.00    0.56      0.19    0.04    5.46   512.07   79.10   522.60   78.61 
 487    0.00    4.69     -3.89  309.51  143.34       NaN    0.00    1.69       NaN    0.00    0.56      0.51    0.07    5.45   469.09   18.01   479.01   19.43 
 488    0.00    4.73     -2.11  251.77  143.56       NaN    0.00    1.69       NaN    0.00    0.56       NaN    0.00    5.44   402.19    9.68   412.26   11.88 
 489    0.00    4.72     -3.91  311.54  143.91       NaN    0.00    1.68       NaN    0.00    0.56       NaN    0.00    5.43   466.94   24.42   476.82   25.94 
 490    0.00    4.80     -3.81  307.98  144.24       NaN    0.00    1.68       NaN    0.00    0.56       NaN    0.00    5.42   381.77 -111.87   393.41 -110.60 
 491    0.00    4.71     -4.42  326.71  144.61       NaN    0.00    1.68       NaN    0.00    0.56      2.04    0.28    5.41   462.33  -21.87   472.18  -22.68 
 492    0.00    4.76     -5.31  363.48  145.06       NaN    0.00    1.67       NaN    0.00    0.56       NaN    0.00    5.40   475.43  -76.13   487.02  -77.33 
 493    0.00    4.74     -5.42  371.01  145.52       NaN    0.00    1.67       NaN    0.00    0.55      0.63    0.06    5.39   475.58  -94.73   487.22  -95.69 
 494    0.00    4.73     -3.00  282.53  145.79       NaN    0.00    1.67       NaN    0.00    0.55      1.04    0.15    5.38   435.25   21.05   445.86   19.62 
 495    0.00    4.74     -4.52  343.46  146.19       NaN    0.00    1.66       NaN    0.00    0.55      2.26    0.18    5.37   413.25 -145.86   422.50 -143.65 
 496    0.00    4.72     -1.09  236.18  146.37       NaN    0.00    1.66       NaN    0.00    0.55      0.67    0.09    5.36   341.12  -75.31   353.22  -73.82 
 497    0.00    4.71      0.13  209.76  146.50       NaN    0.00    1.66       NaN    0.00    0.55      2.10    0.15    5.35   380.12   10.20   387.47   12.65 
 498    0.00    4.76     -0.34  227.59  146.66       NaN    0.00    1.65       NaN    0.00    0.55      0.85    0.09    5.33   416.49   50.75   427.51   51.32 
 499    0.00    4.71     -2.00  284.02  146.94       NaN    0.00    1.65       NaN    0.00    0.55      0.46    0.01    5.32   398.72 -107.62   410.80 -108.50 
 500    0.00    4.75     -3.35  341.92  147.33       NaN    0.00    1.65       NaN    0.00    0.55       NaN    0.00    5.31   529.62   -4.24   540.74   -4.86 
 501    0.00    4.71     -1.86  291.57  147.62       NaN    0.00    1.64       NaN    0.00    0.55       NaN    0.00    5.30   406.64 -111.40   417.01 -109.27 
