   6    0.65    5.23     43.98    1.45    0.84     18.60    3.10    6.41    314.61    0.00   14.63      5.06   16.45   17.37   198.81  103.69   211.20  104.08 
   7    0.65    4.63     52.09    0.57    0.80     18.77    3.07    5.93    314.61    0.00   12.54      5.67   15.17   17.05   200.42  103.90   212.74  104.05 
   8    0.65    4.53     42.39    1.77    0.92     14.95    4.65    5.77    314.61    0.00   10.97      5.59   15.20   16.82   202.35  103.21   214.63  103.39 
   9    0.65    4.57     46.64    1.07    0.94     15.03    4.80    5.67    314.61    0.00    9.75      5.23   16.93   16.83   200.07  102.49   212.30  102.41 
  10    0.65    4.52     40.73    2.09    1.05     14.15    5.45    5.64    314.61    0.00    8.78      4.42   19.60   17.11   198.84  100.13   210.85  100.41 
  11    0.02    4.59     49.27    0.78    1.03     19.17    3.05    5.41     34.79    0.50    8.02      5.67   16.10   17.02   199.64   99.04   211.69   99.33 
  12    0.02    4.56     43.90    1.44    1.06     15.46    4.59    5.34     34.79    0.50    7.40      4.48   18.15   17.11   197.74   99.72   209.81  100.29 
  13    0.02    4.57     44.13    1.40    1.09     15.97    4.43    5.27     34.79    0.50    6.87      4.13   18.68   17.23   195.23  101.66   207.21  101.89 
  14    0.02    4.61     44.83    1.29    1.10     14.76    5.13    5.26     34.79    0.50    6.41      4.17   18.16   17.30   193.29  103.50   205.21  103.55 
  15    0.02    4.57     41.01    2.00    1.16     15.10    5.00    5.24     34.79    0.50    6.02      4.74   17.36   17.30   192.54  104.18   204.34  104.67 
  16    0.00    4.63     47.26    0.96    1.15     20.69    2.67    5.08     26.86    1.25    5.72      4.70   18.69   17.39   190.44  104.15   202.40  104.33 
  17    0.00    4.63     43.82    1.42    1.17     17.70    3.73    5.00     26.86    1.25    5.46      5.29   17.36   17.39   189.99  102.84   202.00  103.13 
  18    0.00    4.65     43.39    1.49    1.19     15.95    4.28    4.96     26.86    1.25    5.22      5.42   16.44   17.34   189.90  102.03   201.36  102.48 
  19    0.00    4.61     42.22    1.69    1.21     14.64    4.98    4.96     26.86    1.25    5.01      4.36   19.55   17.45   188.04  101.50   199.50  101.79 
  20    0.00    4.66     50.50    0.65    1.18     15.18    4.80    4.95     26.86    1.25    4.83      5.61   16.10   17.38   187.55  100.53   199.19  101.04 
  21    0.01    4.62     44.97    1.22    1.19     18.83    3.20    4.87     24.68    1.61    4.67      4.83   17.99   17.41   185.29   99.89   197.07  100.32 
  22    0.01    4.59     46.27    1.04    1.18     17.35    3.76    4.82     24.68    1.61    4.53      4.62   19.44   17.51   183.44   97.51   195.00   97.89 
  23    0.01    4.60     40.74    1.93    1.21     16.63    3.99    4.78     24.68    1.61    4.41      5.03   18.79   17.56   182.84   94.82   194.39   95.34 
  24    0.01    4.60     44.22    1.28    1.21     13.53    6.28    4.85     24.68    1.61    4.29      2.98   27.87   17.99   177.95   94.62   189.60   95.03 
  25    0.01    4.63     41.63    1.68    1.23     12.20    7.45    4.95     24.68    1.61    4.18      3.47   28.53   18.41   173.22   92.98   184.70   93.60 
  26    0.01    4.62     40.64    1.87    1.26     15.88    5.36    4.97     23.23    1.92    4.10      5.97   19.93   18.47   171.99   91.83   183.32   92.35 
  27    0.01    4.57     41.48    1.71    1.27     12.38    9.28    5.13     23.23    1.92    4.01      6.19   17.19   18.42   171.75   94.52   183.43   95.31 
  28    0.01    4.62     30.85    5.90    1.44      8.17   12.20    5.38     23.23    1.92    3.94      5.42   18.41   18.42   176.55   95.20   188.02   95.30 
  29    0.01    4.58     31.85    5.29    1.57      8.61   11.76    5.60     23.23    1.92    3.87      4.05   23.20   18.59   176.12   98.56   187.28   98.69 
  30    0.01    4.61     31.85    5.32    1.70      8.85   11.95    5.81     23.23    1.92    3.80      3.68   24.86   18.80   176.24  101.48   187.30  101.70 
  31    0.01    4.62     32.21    5.13    1.81     14.05    6.35    5.83     21.32    2.48    3.76      3.79   25.23   19.00   175.15  102.51   186.21  102.75 
  32    0.01    4.61     32.12    5.13    1.91     11.86    8.08    5.90     21.32    2.48    3.72      3.54   28.76   19.31   172.98  103.47   183.89  103.72 
  33    0.01    4.62     45.36    1.12    1.89     11.25    9.09    6.00     21.32    2.48    3.68      4.43   21.37   19.37   171.64  108.41   182.60  108.51 
  34    0.01    4.60     40.11    2.08    1.89      9.91   10.71    6.13     21.32    2.48    3.65      5.41   19.20   19.37   173.29  109.24   184.15  109.59 
  35    0.01    4.61     41.52    1.76    1.89      9.00   12.71    6.32     21.32    2.48    3.62      4.66   25.00   19.53   173.36  107.41   184.23  107.65 
  36    0.01    4.61     42.99    1.49    1.88     12.42    8.76    6.39     19.90    2.99    3.60      5.25   23.01   19.62   174.03  106.40   184.81  106.49 
  37    0.01    4.61     40.52    1.99    1.88      8.98   12.95    6.57     19.90    2.99    3.58      5.41   22.04   19.69   175.70  106.36   186.44  106.49 
  38    0.01    4.60     33.17    4.67    1.96      8.98   12.81    6.73     19.90    2.99    3.57      4.94   24.07   19.81   179.65  102.31   190.28  102.23 
  39    0.01    4.61     31.56    5.65    2.05     12.03    7.84    6.76     19.90    2.99    3.55      5.47   20.41   19.82   181.56  101.53   192.15  101.52 
  40    0.01    4.60     39.80    2.22    2.05     12.54    7.29    6.77     19.90    2.99    3.54      5.95   15.89   19.72   183.70  105.69   194.17  105.70 
  41    0.01    4.61     40.86    1.99    2.05     14.14    6.05    6.76     18.29    3.67    3.54      6.17   14.62   19.60   187.06  106.28   197.69  106.36 
  42    0.01    4.62     42.70    1.63    2.04     15.02    5.10    6.72     18.29    3.67    3.54      6.58   14.01   19.46   188.42  106.88   198.91  107.39 
  43    0.01    4.63     47.72    0.92    2.02     14.95    4.96    6.67     18.29    3.67    3.55      6.84   13.13   19.32   192.34  105.67   202.99  105.85 
  44    0.01    4.63     46.02    1.12    2.00     15.42    4.61    6.63     18.29    3.67    3.55      7.25   12.25   19.16   193.66  105.22   204.60  105.44 
  45    0.01    4.62     41.08    1.99    2.00     16.10    4.23    6.57     18.29    3.67    3.55      6.94   12.32   19.01   192.26  105.04   203.36  105.38 
  46    0.02    4.60     44.65    1.32    1.98     16.56    3.79    6.51     18.10    3.73    3.56      7.19   11.47   18.84   193.78  104.69   204.53  104.87 
  47    0.02    4.61     43.53    1.52    1.97     18.03    3.25    6.44     18.10    3.73    3.56      7.00   12.46   18.71   195.56  104.35   206.41  104.65 
  48    0.02    4.60     44.07    1.44    1.96     18.44    3.15    6.38     18.10    3.73    3.56      6.87   12.64   18.58   198.29  104.47   209.22  104.93 
  49    0.02    4.62     45.65    1.22    1.95     17.43    3.52    6.32     18.10    3.73    3.57      6.53   13.53   18.48   201.70  104.86   212.87  104.88 
  50    0.02    4.61     44.06    1.47    1.94     17.94    3.41    6.26     18.10    3.73    3.57      7.23   12.23   18.35   202.93  104.28   213.98  104.52 
  51    0.02    4.61     39.41    2.50    1.95     19.67    2.82    6.19     18.19    3.65    3.57      7.62   11.42   18.22   203.49  103.64   214.38  103.62 
  52    0.02    4.61     44.35    1.42    1.94     19.37    2.94    6.13     18.19    3.65    3.57      7.62   11.42   18.08   204.56  101.78   215.35  102.13 
  53    0.02    4.62     45.54    1.24    1.92     17.60    3.65    6.08     18.19    3.65    3.57      7.46   11.84   17.97   204.56  101.26   215.81  101.42 
  54    0.02    4.60     44.65    1.38    1.91     16.25    4.35    6.05     18.19    3.65    3.58      7.11   12.27   17.86   206.83  103.06   217.44  103.25 
  55    0.02    4.61     43.65    1.56    1.91     16.35    4.38    6.02     18.19    3.65    3.58      6.77   12.30   17.76   206.41  106.37   217.11  106.87 
  56    0.02    4.59     47.49    1.01    1.89     18.32    3.38    5.97     18.24    3.61    3.58      6.74   12.39   17.66   208.11  109.36   219.11  109.51 
  57    0.02    4.61     46.61    1.13    1.88     18.52    3.31    5.93     18.24    3.61    3.58      7.20   11.87   17.56   209.60  110.80   220.43  111.50 
  58    0.02    4.59     42.79    1.76    1.88     19.59    2.90    5.87     18.24    3.61    3.58      7.64   11.19   17.45   208.72  111.36   219.68  111.61 
  59    0.02    4.61     46.96    1.09    1.86     19.22    2.94    5.82     18.24    3.61    3.58      7.53   11.52   17.35   208.91  110.29   219.58  110.30 
  60    0.02    4.59     44.31    1.45    1.86     18.94    3.18    5.78     18.24    3.61    3.58      7.00   12.97   17.28   205.97  107.30   216.80  107.63 
  61    0.03    4.62     48.21    0.90    1.84     17.18    3.88    5.75     18.31    3.56    3.58      6.17   14.25   17.23   202.75  104.56   213.77  104.65 
  62    0.03    4.60     46.88    1.04    1.83     19.47    3.00    5.70     18.31    3.56    3.58      6.12   14.74   17.19   199.45  102.22   210.46  102.55 
  63    0.03    4.60     51.40    0.61    1.81     19.71    2.92    5.66     18.31    3.56    3.58      5.43   17.14   17.19   197.43   99.40   208.50   99.68 
  64    0.03    4.66     38.11    2.80    1.82     18.95    3.24    5.62     18.31    3.56    3.58      5.72   16.65   17.18   195.91   95.75   206.93   96.20 
  65    0.03    4.60     41.19    1.94    1.82     18.96    3.20    5.59     18.31    3.56    3.58      6.30   15.03   17.15   194.19   94.76   205.14   95.00 
  66    0.03    4.61     44.77    1.27    1.82     18.80    3.23    5.55     18.36    3.53    3.58      6.19   13.79   17.10   192.50   97.08   203.50   97.50 
  67    0.03    4.62     44.73    1.27    1.81     18.58    3.36    5.52     18.36    3.53    3.58      5.39   16.15   17.08   188.14   99.71   199.25  100.05 
  68    0.03    4.60     45.52    1.14    1.80     17.61    3.81    5.49     18.36    3.53    3.58      4.60   20.86   17.14   182.35  100.86   193.48  101.06 
  69    0.03    4.60     42.23    1.64    1.80     19.17    3.21    5.46     18.36    3.53    3.58      5.09   20.38   17.19   179.43  101.19   190.34  101.30 
  70    0.03    4.59     42.12    1.65    1.79     18.20    3.63    5.43     18.36    3.53    3.58      5.79   17.82   17.19   177.06  102.33   188.12  102.56 
  71    0.04    4.63     39.68    2.17    1.80     17.01    4.26    5.42     18.39    3.52    3.57      4.66   23.19   17.28   174.00  102.04   184.97  102.13 
  72    0.04    4.63     45.71    1.07    1.79     15.79    5.13    5.41     18.39    3.52    3.57      5.83   19.05   17.30   174.39  101.73   185.31  101.77 
  73    0.04    4.61     40.51    1.95    1.79     15.45    5.49    5.41     18.39    3.52    3.57      5.73   19.86   17.34   174.05   99.99   185.01  100.11 
  74    0.04    4.61     40.09    2.05    1.79     12.24    8.88    5.46     18.39    3.52    3.57      5.88   19.77   17.37   173.84  100.05   184.79  100.21 
  75    0.04    4.61     42.66    1.53    1.79      8.29   16.14    5.60     18.39    3.52    3.57      5.17   24.49   17.47   174.69  100.66   185.73  100.64 
  76    0.04    4.54     42.38    1.58    1.79     12.89   11.07    5.67     18.00    3.73    3.57      5.52   26.62   17.59   174.93  101.33   185.84  101.24 
  77    0.04    4.58     31.52    5.56    1.84      8.87   17.84    5.83     18.00    3.73    3.58      5.40   30.79   17.76   179.05   97.21   190.12   97.05 
  78    0.04    4.59     31.00    5.97    1.89      9.61   16.80    5.97     18.00    3.73    3.58      5.63   30.06   17.92   182.06   96.66   193.00   96.52 
  79    0.04    4.56     32.00    5.37    1.93     10.73   14.10    6.08     18.00    3.73    3.58      6.26   22.00   17.97   183.83   99.09   194.74   98.82 
  80    0.04    4.57     31.08    6.05    1.99     11.66   11.33    6.14     18.00    3.73    3.58      6.18   19.23   17.98   185.02  100.51   196.18  100.40 
  81    0.05    4.60     31.33    5.92    2.03     14.70    6.27    6.14     17.46    4.17    3.59      6.92   16.17   17.96   186.57  100.14   197.74  100.06 
  82    0.05    4.61     31.59    5.82    2.08     12.75    7.01    6.15     17.46    4.17    3.60      7.21   13.96   17.91   189.59  100.51   200.82  100.27 
  83    0.05    4.61     43.24    1.53    2.07     16.58    4.59    6.14     17.46    4.17    3.60      7.43   12.85   17.85   188.82  104.11   199.87  104.18 
  84    0.05    4.59     41.00    1.99    2.07     16.89    4.37    6.11     17.46    4.17    3.61      7.50   13.74   17.80   191.12  103.37   202.17  103.40 
  85    0.05    4.59     41.86    1.83    2.07     17.45    4.15    6.09     17.46    4.17    3.62      7.00   15.06   17.77   194.48  101.79   205.79  101.87 
  86    0.05    4.63     45.13    1.25    2.06     19.16    3.43    6.06     17.35    4.22    3.62      7.30   14.13   17.73   196.44   99.82   207.72  100.09 
  87    0.05    4.62     46.07    1.12    2.05     19.26    3.34    6.03     17.35    4.22    3.63      7.34   13.72   17.68   197.63   98.29   208.86   98.39 
  88    0.05    4.63     45.41    1.22    2.04     18.09    3.90    6.00     17.35    4.22    3.64      7.61   13.19   17.63   199.48   98.71   210.69   99.01 
  89    0.05    4.60     39.58    2.40    2.04     16.58    4.94    5.99     17.35    4.22    3.64      7.51   13.13   17.58   199.32  101.59   210.52  101.95 
  90    0.05    4.59     43.93    1.47    2.04     15.69    5.66    5.99     17.35    4.22    3.65      7.28   14.10   17.54   199.43  103.17   210.68  103.74 
  91    0.06    4.58     43.48    1.55    2.03     17.13    4.85    5.98     17.38    4.22    3.66      7.90   13.61   17.50   199.34  104.18   210.62  104.56 
  92    0.06    4.59     45.49    1.23    2.02     15.60    5.80    5.97     17.38    4.22    3.66      8.04   13.35   17.45   200.29  105.76   211.58  106.04 
  93    0.06    4.55     45.17    1.28    2.02     15.97    5.48    5.97     17.38    4.22    3.67      7.70   13.47   17.41   199.77  106.76   211.09  107.07 
  94    0.06    4.57     40.21    2.28    2.02     16.53    5.10    5.96     17.38    4.22    3.67      7.61   13.05   17.36   198.17  108.74   209.62  109.22 
  95    0.06    4.63     45.23    1.27    2.01     16.51    4.93    5.95     17.38    4.22    3.68      7.22   13.21   17.32   197.06  110.75   208.42  111.09 
  96    0.07    4.62     43.10    1.62    2.01     18.09    4.05    5.93     17.34    4.26    3.69      7.41   13.37   17.28   195.88  110.60   207.37  111.15 
  97    0.07    4.63     40.23    2.25    2.01     18.07    4.12    5.91     17.34    4.26    3.69      7.93   13.21   17.24   195.08  110.30   206.65  110.86 
  98    0.07    4.66     37.70    3.00    2.02     17.61    4.35    5.89     17.34    4.26    3.70      7.77   13.53   17.20   194.90  109.42   206.22  110.29 
  99    0.07    4.65     42.04    1.81    2.02     19.17    3.65    5.87     17.34    4.26    3.70      7.38   14.56   17.17   194.80  107.52   205.99  107.87 
 100    0.07    4.66     46.37    1.09    2.01     17.64    4.32    5.86     17.34    4.26    3.71      6.89   16.01   17.16   196.04  103.28   207.50  103.52 
 101    0.07    4.59     40.99    2.01    2.01     20.42    3.18    5.83     17.41    4.24    3.71      7.44   14.26   17.13   194.23  100.73   205.56  100.91 
 102    0.07    4.61     44.31    1.35    2.00     20.34    3.17    5.80     17.41    4.24    3.72      7.31   13.71   17.10   191.64  100.02   202.92  100.07 
 103    0.07    4.61     42.71    1.61    2.00     18.27    4.07    5.79     17.41    4.24    3.72      7.60   12.84   17.06   188.66  101.20   199.86  101.27 
 104    0.07    4.62     45.70    1.13    1.99     21.44    2.80    5.76     17.41    4.24    3.73      8.06   12.29   17.01   186.38  101.41   197.67  101.28 
 105    0.07    4.61     44.95    1.23    1.98     21.20    2.89    5.73     17.41    4.24    3.73      7.97   12.96   16.97   185.33  102.34   196.64  102.41 
 106    0.08    4.65     43.65    1.42    1.98     21.09    2.91    5.70     17.54    4.19    3.74      7.39   13.91   16.94   182.98  103.75   194.25  103.80 
 107    0.08    4.63     44.72    1.25    1.97     21.17    2.89    5.68     17.54    4.19    3.74      7.11   14.50   16.92   180.82  106.58   192.05  106.72 
 108    0.08    4.64     -0.37  153.53    3.37     20.67    3.04    5.65     17.54    4.19    3.75      6.72   16.35   16.92   177.72  106.51   189.12  106.65 
 109    0.08    4.66     -0.39  149.93    4.72     18.66    3.82    5.64     17.54    4.19    3.75      5.09   22.99   16.97   173.35  103.91   184.66  104.21 
 110    0.08    4.56     42.71    1.49    4.69     19.67    3.42    5.62     17.54    4.19    3.75      5.12   24.02   17.04   170.44  102.12   181.67  102.25 
 111    0.09    4.59     43.12    1.42    4.66     20.44    3.19    5.60     17.64    4.15    3.76      6.76   17.46   17.04   168.59  101.68   179.77  101.96 
 112    0.09    4.61     42.42    1.53    4.63     19.52    3.56    5.58     17.64    4.15    3.76      7.58   14.75   17.02   167.04  101.49   178.00  101.90 
 113    0.09    4.56     43.32    1.37    4.60     18.39    4.04    5.56     17.64    4.15    3.76      7.46   14.69   17.00   166.80  102.03   177.80  102.63 
 114    0.09    4.56     43.54    1.35    4.57     17.76    4.42    5.55     17.64    4.15    3.77      7.43   14.67   16.98   167.92  103.53   178.83  103.71 
 115    0.09    4.55     44.34    1.25    4.55     18.39    4.08    5.54     17.64    4.15    3.77      7.02   15.57   16.97   171.49  103.69   182.75  104.47 
 116    0.10    4.67     39.99    2.11    4.52     19.55    3.59    5.52     17.70    4.13    3.77      6.73   15.64   16.95   174.86  105.82   185.81  106.29 
 117    0.10    4.68     37.78    2.77    4.51     15.31    5.95    5.53     17.70    4.13    3.78      7.06   15.54   16.94   175.87  108.48   187.04  109.29 
 118    0.10    4.67     40.40    2.07    4.49     15.24    6.42    5.53     17.70    4.13    3.78      6.66   16.69   16.94   178.17  111.86   189.07  112.33 
 119    0.10    4.70     38.32    2.68    4.47     15.03    6.39    5.54     17.70    4.13    3.78      6.67   16.01   16.93   180.73  115.36   191.55  115.87 
 120    0.10    4.67     38.20    2.77    4.46     14.49    6.59    5.55     17.70    4.13    3.79      6.75   16.26   16.93   183.18  117.12   193.75  117.73 
 121    0.11    4.65     42.09    1.79    4.44     12.81    8.82    5.58     17.64    4.18    3.79      6.11   20.50   16.96   186.80  117.79   197.37  118.35 
 122    0.11    4.63     39.93    2.33    4.42      9.15   19.04    5.69     17.64    4.18    3.79      4.25   33.66   17.09   190.39  117.84   200.95  118.46 
 123    0.11    4.63     32.69    5.42    4.43     10.27   19.92    5.80     17.64    4.18    3.80      4.44   42.45   17.30   196.85  112.74   207.39  113.33 
 124    0.11    4.64     33.37    5.06    4.43     13.00   16.14    5.89     17.64    4.18    3.80      6.73   33.83   17.43   199.36  112.40   209.94  112.80 
 125    0.11    4.67     32.56    5.59    4.44     11.80   16.24    5.97     17.64    4.18    3.80      7.06   32.52   17.55   202.18  108.49   212.85  108.69 
 126    0.12    4.64     32.72    5.54    4.45     13.31   10.14    6.00     17.30    4.56    3.81      7.22   27.48   17.63   207.08  104.69   217.79  104.96 
 127    0.12    4.68     32.60    5.61    4.46     12.19    9.10    6.03     17.30    4.56    3.81      8.14   17.23   17.63   210.11  103.30   220.69  103.58 
 128    0.12    4.63     39.59    2.53    4.45     14.10    7.91    6.04     17.30    4.56    3.82      7.59   15.88   17.62   208.41  106.68   219.22  106.76 
 129    0.12    4.65     40.94    2.18    4.43     16.19    5.62    6.04     17.30    4.56    3.83      7.45   16.29   17.60   211.93  105.77   222.74  105.85 
 130    0.12    4.66     45.10    1.37    4.40     15.00    6.51    6.04     17.30    4.56    3.83      6.90   17.00   17.60   216.97  105.80   227.92  106.04 
 131    0.21    4.69     32.42    6.03    4.42     12.99    7.37    6.05     17.09    4.71    3.84      6.38   18.46   17.61   224.46  102.77   235.13  103.07 
 132    0.21    4.70     34.22    4.95    4.42     12.67    7.74    6.07     17.09    4.71    3.84      7.02   15.41   17.59   225.78  103.68   236.51  103.92 
 133    0.21    4.60     33.58    5.40    4.43     12.05    8.31    6.08     17.09    4.71    3.85      6.94   16.11   17.58   230.60  104.01   241.31  104.19 
 134    0.21    4.62     35.10    4.60    4.43     13.16    7.37    6.09     17.09    4.71    3.86      7.26   14.96   17.56   233.67  104.88   244.29  105.12 
 135    0.21    4.61     44.15    1.62    4.41     14.64    7.55    6.10     17.09    4.71    3.86      7.54   15.40   17.54   230.92  109.54   242.14  109.58 
 136    0.13    4.67     33.88    5.31    4.42     11.75    9.95    6.13     16.95    4.79    3.87      7.20   18.67   17.55   236.27  104.85   246.86  105.01 
 137    0.13    4.64     35.20    4.58    4.42     10.37   13.20    6.18     16.95    4.79    3.88      6.66   21.46   17.58   236.14  104.45   246.91  104.47 
 138    0.13    4.68     33.59    5.51    4.42     10.70   13.83    6.24     16.95    4.79    3.88      6.15   24.50   17.63   237.16  103.60   247.94  103.96 
 139    0.13    4.67     34.86    4.71    4.43     10.56   14.22    6.30     16.95    4.79    3.89      5.03   27.27   17.70   234.02  102.67   244.98  102.80 
 140    0.13    4.67     41.85    2.09    4.41     10.88   15.88    6.36     16.95    4.79    3.90      5.05   26.13   17.76   227.67  107.96   238.67  108.23 
 141    0.15    4.68     40.06    2.59    4.40     10.16   19.02    6.45     16.57    5.09    3.91      5.45   30.15   17.85   228.54  108.36   239.58  108.66 
 142    0.15    4.70     33.07    5.79    4.41      6.73   31.72    6.63     16.57    5.09    3.91      4.44   43.08   18.03   232.58  105.38   243.59  105.68 
 143    0.15    4.72     32.92    5.84    4.42      6.75   37.99    6.85     16.57    5.09    3.92      4.37   49.67   18.25   231.30  105.20   242.38  105.63 
 144    0.15    4.66     32.94    5.80    4.43      6.97   38.62    7.07     16.57    5.09    3.93      4.30   52.82   18.49   229.29  104.56   240.58  105.04 
 145    0.15    4.72     33.31    5.55    4.43      7.17   35.61    7.27     16.57    5.09    3.94      4.45   48.72   18.70   229.08  103.66   240.31  104.14 
 146    0.15    4.63     34.02    5.10    4.44     11.77   17.43    7.34     15.99    5.80    3.95      5.44   35.69   18.81   227.39  102.82   238.79  103.25 
 147    0.15    4.66     40.47    2.40    4.42     10.76   16.10    7.40     15.99    5.80    3.96      5.49   27.06   18.87   222.15  105.94   233.65  106.19 
 148    0.15    4.67     40.86    2.28    4.41     12.93   11.50    7.43     15.99    5.80    3.98      7.05   22.49   18.89   221.32  104.13   232.69  104.17 
 149    0.15    4.66     40.46    2.38    4.40     12.16   14.32    7.47     15.99    5.80    3.99      6.52   26.81   18.95   219.86  104.48   231.62  104.54 
 150    0.15    4.68     32.40    6.00    4.41     12.98   15.15    7.52     15.99    5.80    4.00      6.05   34.17   19.05   221.94  102.09   233.29  102.41 
 151    0.17    4.71     31.50    6.60    4.42     14.19   15.19    7.57     15.70    6.17    4.01      4.97   43.56   19.21   218.55  104.51   230.30  104.67 
 152    0.17    4.57     33.12    5.45    4.43     13.02   18.67    7.65     15.70    6.17    4.03      5.75   42.80   19.36   216.62  105.12   228.26  105.17 
 153    0.17    4.61     34.31    4.78    4.43     12.42   20.78    7.73     15.70    6.17    4.04      6.39   41.59   19.51   217.42  105.53   228.79  105.54 
 154    0.17    4.61     33.71    5.05    4.43     11.24   24.96    7.84     15.70    6.17    4.06      6.59   42.97   19.66   215.32  104.34   226.56  104.36 
 155    0.17    4.61     33.35    5.26    4.44      9.91   31.69    8.00     15.70    6.17    4.07      6.74   45.40   19.83   215.29  103.79   226.36  103.74 
 156    0.19    4.71      0.43  168.44    5.49     13.77   21.14    8.08     15.61    6.67    4.09      7.34   43.36   19.98   214.88  102.69   225.92  102.70 
 157    0.19    4.70     34.15    4.77    5.49     10.72   29.04    8.22     15.61    6.67    4.10      6.70   44.33   20.13   214.38  102.93   225.39  102.90 
 158    0.19    4.69     33.30    5.31    5.49      9.93   29.39    8.35     15.61    6.67    4.12      6.48   45.02   20.29   216.94  103.85   228.04  103.90 
 159    0.19    4.71     32.69    5.76    5.49     10.70   27.29    8.47     15.61    6.67    4.14      5.90   49.95   20.48   220.04  104.68   231.04  104.85 
 160    0.19    4.67     32.13    6.25    5.49     13.45   21.88    8.55     15.61    6.67    4.15      5.83   53.71   20.69   222.25  106.30   233.33  106.58 
 161    0.19    4.60     31.69    6.57    5.50     14.90   19.41    8.62     15.40    7.34    4.17      6.65   50.10   20.87   221.79  106.69   232.61  106.84 
 162    0.19    4.59     35.67    4.15    5.49     13.64   21.63    8.70     15.40    7.34    4.19      6.68   46.96   21.03   221.70  107.48   232.56  107.64 
 163    0.19    4.60     35.16    4.44    5.48     11.80   24.70    8.80     15.40    7.34    4.21      6.85   44.14   21.17   224.12  107.73   235.04  107.81 
 164    0.19    4.58     33.62    5.30    5.48     11.70   19.91    8.87     15.40    7.34    4.23      7.34   35.84   21.26   224.72  105.20   235.41  105.46 
 165    0.19    4.60     32.13    6.30    5.49     11.84   15.98    8.91     15.40    7.34    4.25      7.54   30.73   21.32   227.39  102.69   238.53  102.74 
 166    0.20    4.68     32.69    5.97    5.49     11.99   19.70    8.97     15.22    7.88    4.27      6.01   39.52   21.43   228.68  103.01   239.81  103.20 
 167    0.20    4.70     34.38    4.96    5.49     11.71   23.37    9.06     15.22    7.88    4.29      6.51   43.21   21.56   231.88  102.20   242.84  102.43 
 168    0.20    4.69     32.91    5.98    5.49     11.10   28.47    9.18     15.22    7.88    4.31      6.40   52.39   21.74   239.90  100.04   250.90  100.46 
 169    0.20    4.74     32.75    6.17    5.49     11.06   27.12    9.28     15.22    7.88    4.33      6.82   45.04   21.88   242.20  100.20   253.28  100.84 
 170    0.20    4.74     32.80    6.26    5.50     10.72   22.94    9.36     15.22    7.88    4.35      6.12   39.50   21.98   246.05  103.32   257.17  104.04 
 171    0.21    4.62     32.14    6.93    5.51     11.21   15.86    9.40     14.95    8.47    4.38      6.10   31.74   22.04   252.17  108.16   263.32  108.93 
 172    0.21    4.61     33.23    6.19    5.51     11.99   12.15    9.42     14.95    8.47    4.40      6.23   23.04   22.05   254.41  112.26   265.02  113.01 
 173    0.21    4.60     16.73   41.59    5.72      0.20   15.67    9.45     14.95    8.47    4.43      5.22   30.49   22.10   262.54   81.27   273.12   81.91 
 174    0.21    4.62     15.06   50.76    5.98     -0.29   10.50    9.46     14.95    8.47    4.45      5.37   31.74   22.15   269.62   75.04   280.62   75.79 
 175    0.21    4.56     13.20   62.90    6.30    -11.00   10.33    9.46     14.95    8.47    4.47      0.46   12.87   22.10   262.92   61.98   273.48   62.50 
 176    0.23    4.62     12.52   68.36    6.66     -8.89    8.87    9.46     14.75    8.61    4.50      0.76   13.29   22.05   257.05   56.56   267.74   57.18 
 177    0.23    4.69     11.87   74.54    7.04     -8.45    8.32    9.45     14.75    8.61    4.52     -1.18   10.97   21.98   258.49   50.38   268.91   50.95 
 178    0.23    4.62     11.71   76.57    7.43     -4.38    8.35    9.45     14.75    8.61    4.54     -2.73   10.54   21.92   258.06   48.58   268.38   49.11 
 179    0.23    4.67     10.74   85.91    7.87     -1.63    7.74    9.44     14.75    8.61    4.56     -3.37   10.12   21.85   257.07   39.98   268.03   40.55 
 180    0.23    4.65     10.53   87.93    8.31     -2.30    7.32    9.43     14.75    8.61    4.59     -3.31    9.87   21.79   256.54   38.12   267.46   38.69 
 181    0.25    4.65     10.85   83.60    8.73      3.06    5.08    9.40     14.67    8.57    4.61      0.13    7.99   21.71   252.80   41.27   263.39   41.69 
 182    0.25    4.65     10.35   87.81    9.16      4.27    5.09    9.38     14.67    8.57    4.63     -0.07    7.09   21.63   270.64   34.01   280.98   34.99 
 183    0.25    4.69      9.85   92.76    9.62     -0.60    5.14    9.36     14.67    8.57    4.65     -1.09    6.77   21.55   274.57   29.82   285.66   30.38 
 184    0.25    4.63      9.88   91.82   10.07      1.62    4.99    9.33     14.67    8.57    4.67     -2.72    6.63   21.47   277.02   33.75   287.97   34.26 
 185    0.25    4.71      8.92  101.92   10.56      0.14    4.97    9.31     14.67    8.57    4.69     -3.26    6.48   21.39   290.24   29.36   300.41   30.35 
 186    0.28    4.58      9.82   90.78   11.00      3.25    3.80    9.28     14.64    8.48    4.72     -0.14    5.73   21.30   273.45   37.71   284.40   37.84 
 187    0.28    4.57      8.94   99.31   11.47      3.28    3.79    9.25     14.64    8.48    4.74      0.55    5.60   21.22   282.24   33.14   293.50   33.28 
 188    0.28    4.56      8.99   98.06   11.93      3.33    3.74    9.22     14.64    8.48    4.76      0.71    5.57   21.14   285.68   35.09   296.17   35.35 
 189    0.28    4.57      9.60   89.92   12.34      3.50    3.73    9.19     14.64    8.48    4.77      2.04    5.80   21.06   276.23   38.34   286.99   38.73 
 190    0.28    4.59      9.59   87.76   12.74      3.45    3.76    9.16     14.64    8.48    4.79      3.59    7.11   20.98   277.08   37.79   286.92   37.93 
 191    0.29    4.63      8.66   97.16   13.18      5.93    2.97    9.13     14.62    8.39    4.81      3.99    6.68   20.91   289.64   29.37   299.97   30.02 
 192    0.29    4.65      9.19   91.34   13.59      5.68    2.99    9.10     14.62    8.39    4.83      3.78    7.29   20.84   289.43   26.97   300.21   26.60 
 193    0.29    4.62      9.83   85.49   13.96      5.34    3.00    9.07     14.62    8.39    4.85      3.32    7.10   20.77   287.04   25.92   297.78   26.32 
 194    0.29    4.57     10.11   84.19   14.32      5.34    2.97    9.04     14.62    8.39    4.87      1.58    5.49   20.69   290.59   28.41   300.89   28.79 
 195    0.29    4.60     10.82   78.95   14.65      5.63    2.92    9.00     14.62    8.39    4.89     -0.93    4.88   20.61   285.53   35.08   295.72   34.83 
 196    0.31    4.70     10.25   85.90   15.02      7.21    2.47    8.97     14.61    8.29    4.90     -1.01    4.62   20.52   291.80   34.22   301.83   34.68 
 197    0.31    4.59     10.49   85.09   15.37      6.90    2.40    8.94     14.61    8.29    4.92     -0.09    4.74   20.44   292.37   36.77   301.95   36.76 
 198    0.31    4.67     10.58   86.05   15.73      7.24    2.51    8.90     14.61    8.29    4.94      0.54    4.78   20.36   290.63   36.00   301.29   36.68 
 199    0.31    4.61     11.01   83.88   16.07      6.98    2.46    8.87     14.61    8.29    4.95     -1.78    4.60   20.29   293.88   41.05   303.34   41.16 
 200    0.31    4.70     11.60   79.28   16.39      7.15    2.53    8.84     14.61    8.29    4.97      1.44    5.18   20.21   284.56   41.28   294.79   42.40 
 201    0.32    4.59     11.25   82.89   16.72      8.09    2.17    8.81     14.61    8.19    4.99      3.62    8.32   20.15   292.85   34.01   302.76   35.26 
 202    0.32    4.54     11.59   79.52   17.03      7.04    2.29    8.77     14.61    8.19    5.00      3.93   11.34   20.11   279.35   29.67   289.99   30.48 
 203    0.32    4.58     12.14   75.55   17.32      7.10    2.33    8.74     14.61    8.19    5.02      3.64   12.04   20.07   275.66   29.19   285.47   29.56 
 204    0.32    4.58     12.18   75.68   17.60      7.93    2.18    8.71     14.61    8.19    5.03      3.39   12.22   20.03   276.19   25.44   285.97   25.87 
 205    0.32    4.58     12.06   77.13   17.89      6.10    2.40    8.68     14.61    8.19    5.05      3.22   10.29   19.98   274.28   21.87   283.86   22.13 
 206    0.34    4.64     12.06   77.25   18.18      7.24    2.24    8.65     14.60    8.10    5.07      3.25    8.59   19.93   268.55   20.58   278.25   20.59 
 207    0.34    4.67     11.74   80.04   18.48      5.41    2.37    8.62     14.60    8.10    5.08      2.18    7.69   19.87   262.09   21.10   271.86   21.14 
 208    0.34    4.63     11.55   81.27   18.78      7.45    2.25    8.59     14.60    8.10    5.09      1.14    8.43   19.81   253.32   24.49   263.74   24.70 
 209    0.34    4.66     11.48   81.02   19.08      8.27    2.09    8.56     14.60    8.10    5.11      0.89    8.11   19.76   245.72   28.71   255.58   29.09 
 210    0.34    4.62     11.51   80.58   19.37     10.00    1.94    8.53     14.60    8.10    5.12      1.43    7.01   19.70   243.48   30.46   253.16   31.00 
 211    0.36    4.67     11.31   82.07   19.67     10.22    1.75    8.49     14.59    8.01    5.14      2.40    5.91   19.63   242.61   29.02   252.81   29.21 
 212    0.36    4.68     11.39   81.20   19.96     10.35    1.73    8.46     14.59    8.01    5.15      3.50    5.22   19.56   235.12   31.95   245.46   32.11 
 213    0.36    4.66     11.61   78.90   20.24     10.52    1.73    8.43     14.59    8.01    5.16      3.84    4.87   19.49   236.14   32.57   245.81   32.89 
 214    0.36    4.70     11.67   78.24   20.51     10.56    1.75    8.40     14.59    8.01    5.18      4.17    4.46   19.42   232.15   34.86   242.04   35.08 
 215    0.36    4.68     11.97   76.12   20.77     10.46    1.75    8.37     14.59    8.01    5.19      2.97    4.01   19.35   242.64   31.84   252.25   32.18 
 216    0.36    4.62     12.04   75.05   21.02     10.87    1.66    8.34     14.59    7.92    5.20      2.93    4.09   19.28   233.62   36.94   243.52   36.98 
 217    0.36    4.63     12.25   72.92   21.26      8.14    2.21    8.31     14.59    7.92    5.22      1.49    4.29   19.21   235.01   36.80   245.09   37.88 
 218    0.36    4.66     12.91   67.78   21.47      6.89    2.62    8.28     14.59    7.92    5.23     -0.15    4.77   19.15   239.48   40.33   248.52   40.69 
 219    0.36    4.68     12.58   70.26   21.69      3.05    3.47    8.26     14.59    7.92    5.24     -0.06    5.35   19.08   237.79   36.51   247.37   37.69 
 220    0.36    4.66     12.22   73.54   21.93     -1.13    3.76    8.24     14.59    7.92    5.25     -1.49    5.33   19.02   244.35   30.87   254.45   30.13 
 221    0.38    4.70     12.17   73.84   22.16      0.28    3.84    8.22     14.58    7.84    5.26     -0.78    6.28   18.96   245.35   28.80   255.76   28.90 
 222    0.38    4.70     12.18   73.93   22.40      0.28    4.04    8.20     14.58    7.84    5.28     -0.28    7.87   18.91   243.00   30.65   253.50   30.85 
 223    0.38    4.72     12.43   71.45   22.62      2.17    4.15    8.18     14.58    7.84    5.29      0.64    8.99   18.87   247.45   30.74   256.80   30.58 
 224    0.38    4.70     12.25   72.80   22.84     -0.31    4.23    8.17     14.58    7.84    5.30      0.62    9.54   18.83   244.79   30.24   253.88   30.95 
 225    0.38    4.66     12.60   70.36   23.05      1.66    4.37    8.15     14.58    7.84    5.31      0.34   10.22   18.79   235.89   41.35   245.55   40.76 
 226    0.40    4.63     12.58   70.73   23.26      2.33    4.69    8.13     14.56    7.78    5.32      0.67   11.01   18.75   238.28   40.18   247.92   40.70 
 227    0.40    4.60     11.08   84.23   23.53    -36.91    4.47    8.12     14.56    7.78    5.33      1.24   10.19   18.72   285.20   14.09   295.58   14.45 
 228    0.40    4.66     11.61   79.21   23.78    -16.83    4.43    8.10     14.56    7.78    5.34      1.31    9.04   18.67   287.17   21.23   297.44   21.77 
 229    0.40    4.68     11.52   78.88   24.02    -18.55    4.46    8.08     14.56    7.78    5.35      1.39    8.89   18.63   284.45   23.43   294.22   23.77 
 230    0.40    4.67     10.88   83.38   24.28    -41.43    4.46    8.07     14.56    7.78    5.36     -1.27    5.81   18.57   292.31   25.82   302.33   26.15 
 231    0.42    4.67     10.75   82.89   24.53    -41.17    4.07    8.05     14.53    7.72    5.37     -6.23    4.36   18.51   289.07   28.40   299.01   28.58 
 232    0.42    4.67     10.87   79.95   24.77    -19.22    4.05    8.03     14.53    7.72    5.38    -12.57    4.15   18.45   270.43   27.89   280.37   28.57 
 233    0.42    4.67     10.15   85.62   25.03    -23.51    4.01    8.02     14.53    7.72    5.39    -15.98    4.11   18.39   297.26   34.49   307.34   34.97 
 234    0.42    4.69     10.58   78.91   25.26     -0.02    2.63    7.99     14.53    7.72    5.40    -14.60    4.09   18.33   286.69   40.25   296.57   40.20 
 235    0.42    4.70      9.45   88.79   25.53      2.22    2.34    7.97     14.53    7.72    5.41    -16.53    4.06   18.27   293.33   36.79   303.37   37.24 
 236    0.45    4.63      9.51   86.30   25.79     10.16    1.53    7.94     14.51    7.65    5.42     -9.78    3.77   18.21   288.60   40.54   298.38   40.68 
 237    0.45    4.61      9.81   82.52   26.03      9.62    1.53    7.92     14.51    7.65    5.43     -5.22    3.93   18.15   283.46   42.79   293.25   43.00 
 238    0.45    4.64      9.60   84.24   26.27      9.59    1.53    7.89     14.51    7.65    5.44     -4.79    3.90   18.09   285.66   42.78   295.35   42.97 
 239    0.45    4.65      9.70   82.45   26.51      9.43    1.57    7.86     14.51    7.65    5.45     -3.30    4.35   18.03   282.11   45.50   291.81   45.79 
 240    0.45    4.62      8.87   90.12   26.77      9.05    1.64    7.84     14.51    7.65    5.46     -3.51    4.35   17.97   288.20   44.23   298.33   44.66 
 241    0.46    4.67      9.01   87.95   27.03      9.44    1.56    7.81     14.51    7.57    5.47     -4.41    4.00   17.91   286.43   49.01   296.08   49.09 
 242    0.46    4.68      8.68   90.39   27.29      9.94    1.51    7.78     14.51    7.57    5.48     -6.01    3.75   17.86   288.20   50.83   297.85   50.78 
 243    0.46    4.64      9.07   85.45   27.53      9.74    1.49    7.76     14.51    7.57    5.49     -5.76    3.69   17.80   281.20   55.07   290.83   55.17 
 244    0.46    4.68      7.73   97.28   27.81     10.05    1.55    7.73     14.51    7.57    5.49     -2.91    3.62   17.74   290.27   52.02   300.06   52.15 
 245    0.46    4.67      8.25   89.69   28.07     10.33    1.45    7.71     14.51    7.57    5.50      0.23    3.83   17.68   280.22   56.81   289.87   56.99 
 246    0.50    4.68      6.96  101.70   28.36     11.22    1.34    7.68     14.51    7.50    5.51      0.68    4.06   17.63   288.18   54.63   297.74   54.95 
 247    0.50    4.67      6.02  109.52   28.69     11.10    1.32    7.66     14.51    7.50    5.52      1.42    4.08   17.57   289.38   53.80   299.40   53.82 
 248    0.50    4.67      4.87  119.43   29.06     10.40    1.47    7.63     14.51    7.50    5.53      1.45    4.16   17.52   290.84   52.33   300.91   52.99 
 249    0.50    4.66      3.99  126.65   29.45     10.26    1.52    7.61     14.51    7.50    5.54      1.28    4.10   17.46   291.51   52.83   301.52   52.78 
 250    0.50    4.64      3.29  132.57   29.86     10.22    1.51    7.58     14.51    7.50    5.54      1.08    4.32   17.41   292.28   54.72   301.63   54.39 
 251    0.52    4.59      2.70  138.28   30.30      8.33    1.76    7.56     14.50    7.43    5.55     -1.03    3.89   17.36   292.97   53.62   302.75   53.60 
 252    0.52    4.61      2.46  138.69   30.73      5.27    2.52    7.54     14.50    7.43    5.56     -3.15    4.03   17.30   289.56   55.94   300.08   55.38 
 253    0.52    4.57      1.93  146.64   31.18     -1.16    2.89    7.52     14.50    7.43    5.57     -6.24    3.99   17.25   295.11   56.28   304.82   56.32 
 254    0.52    4.67      1.59  151.22   31.66     -6.11    3.36    7.50     14.50    7.43    5.57    -11.26    3.83   17.20   297.69   59.27   307.11   59.78 
 255    0.52    4.63      1.55  150.13   32.12    -23.12    3.68    7.49     14.50    7.43    5.58     -6.38    4.08   17.15   292.10   48.89   302.31   49.60 
 256    0.54    4.65      0.78  165.49   32.64    -23.17    3.55    7.47     14.49    7.36    5.59     -3.11    4.33   17.10   301.49   27.55   311.20   27.91 
 257    0.54    4.68      2.50  136.51   33.05    -10.19    3.40    7.46     14.49    7.36    5.59     -3.03    4.39   17.05   284.33   74.93   293.92   75.87 
 258    0.54    4.68      1.81  147.77   33.49    -11.39    3.47    7.44     14.49    7.36    5.60     -5.34    4.11   17.00   293.80   77.46   303.32   78.60 
 259    0.54    4.67      2.55  134.41   33.88    -14.86    3.44    7.43     14.49    7.36    5.61     -2.14    4.80   16.95   277.60   74.06   287.13   75.21 
 260    0.54    4.70      2.29  141.31   34.29     -8.16    3.33    7.41     14.49    7.36    5.61     -1.52    5.30   16.91   287.89   73.92   298.66   74.15 
 261    0.56    4.63      3.40  126.40   34.65     -2.01    3.00    7.39     14.47    7.31    5.62      0.29    6.58   16.87   276.61   72.46   286.09   73.09 
 262    0.56    4.67      3.80  122.13   34.98     -3.19    3.11    7.38     14.47    7.31    5.63      0.72    6.99   16.83   272.95   69.50   282.42   70.70 
 263    0.56    4.60      3.47  127.60   35.33     -3.15    2.84    7.36     14.47    7.31    5.63     -1.13    4.79   16.78   278.87   70.91   288.38   72.06 
 264    0.56    4.67      3.51  128.05   35.68     -2.02    2.80    7.34     14.47    7.31    5.64     -1.78    4.74   16.74   280.87   71.99   290.37   73.17 
 265    0.56    4.67      3.77  126.37   36.03     -5.22    2.93    7.33     14.47    7.31    5.65     -2.09    4.65   16.69   283.35   72.96   292.94   74.10 
 266    0.59    4.67      4.11  123.96   36.36     -4.28    2.73    7.31     14.46    7.25    5.65     -1.05    5.02   16.65   285.80   74.16   295.29   75.36 
 267    0.59    4.64      4.74  117.66   36.66     -6.82    3.12    7.29     14.46    7.25    5.66     -1.62    4.79   16.60   283.32   74.41   292.61   75.83 
 268    0.59    4.70      4.40  125.92   36.99     -1.91    3.02    7.28     14.46    7.25    5.66     -0.74    5.53   16.56   297.70   77.79   307.66   79.12 
 269    0.59    4.63      4.35  129.92   37.34    -16.10    3.17    7.26     14.46    7.25    5.67     -0.52    6.00   16.52   308.08   80.99   317.79   80.98 
 270    0.59    4.71      3.92  137.37   37.71    -30.52    3.17    7.25     14.46    7.25    5.68      0.50    6.75   16.49   317.54   79.17   327.43   79.03 
 271    0.61    4.64      4.30  132.48   38.06    -22.87    2.99    7.23     14.45    7.19    5.68      0.33    5.91   16.45   315.63   78.34   325.67   78.17 
 272    0.61    4.72      4.74  125.09   38.38     -9.36    2.99    7.22     14.45    7.19    5.69      1.19    8.28   16.42   309.80   77.07   319.45   78.50 
 273    0.61    4.62      3.27  146.62   38.78    -34.45    2.99    7.20     14.45    7.19    5.69      0.92    7.65   16.39   325.18   47.93   335.04   47.29 
 274    0.61    4.68      5.99  106.46   39.02     -0.77    2.90    7.18     14.45    7.19    5.70      1.67   10.67   16.36   291.00   71.10   301.03   72.35 
 275    0.61    4.71      3.27  145.78   39.41    -39.57    2.99    7.17     14.45    7.19    5.70      1.99   12.70   16.35   326.16   43.69   336.53   43.52 
 276    0.63    4.70      4.35  128.43   39.73    -11.14    2.80    7.15     14.44    7.14    5.71      1.37    9.17   16.33   315.40   65.41   324.86   67.90 
 277    0.63    4.62      3.58  140.16   40.10    -37.48    2.81    7.14     14.44    7.14    5.71      0.14    4.91   16.28   322.18   52.22   331.33   51.02 
 278    0.63    4.72      3.87  137.71   40.45    -41.76    2.81    7.12     14.44    7.14    5.72     -1.09    4.36   16.24   322.16   66.67   332.20   66.95 
 279    0.63    4.65      3.95  142.03   40.81    -40.98    2.81    7.11     14.44    7.14    5.72     -3.06    3.60   16.20   323.77   55.37   333.80   55.14 
 280    0.63    4.71      6.38  111.55   41.06     -1.98    2.79    7.09     14.44    7.14    5.73     -3.77    3.49   16.15   299.10   73.61   308.73   76.14 
 281    0.66    4.64      4.55  142.82   41.43    -29.78    2.65    7.08     14.42    7.08    5.73     -0.90    4.06   16.11   322.77   48.95   331.98   48.75 
 282    0.66    4.72      5.79  127.24   41.73    -20.51    2.64    7.06     14.42    7.08    5.74     -0.55    3.98   16.06   320.98   76.28   330.34   78.75 
 283    0.66    4.63      6.56  120.57   42.01    -13.69    2.63    7.04     14.42    7.08    5.74     -1.99    3.72   16.02   316.33   74.21   325.69   76.74 
 284    0.66    4.73      6.64  121.99   42.29    -23.56    2.64    7.03     14.42    7.08    5.75     -0.07    5.25   15.98   314.90   67.14   324.61   69.33 
 285    0.66    4.70      7.00  119.22   42.56    -13.68    2.62    7.01     14.42    7.08    5.75     -0.26    4.46   15.94   314.26   67.77   323.92   69.82 
 286    0.68    4.72      7.37  115.39   42.82    -17.10    2.47    7.00     14.41    7.03    5.76     -0.37    4.42   15.90   296.93   52.63   306.45   53.36 
 287    0.68    4.65      7.37  116.26   43.07    -16.26    2.46    6.98     14.41    7.03    5.76      0.38    5.11   15.86   294.66   47.19   303.75   49.75 
 288    0.68    4.74      7.65  113.51   43.32    -22.68    2.46    6.97     14.41    7.03    5.77     -0.24    4.36   15.82   291.31   45.90   300.46   48.34 
 289    0.68    4.64      7.43  115.73   43.57     -1.57    1.83    6.95     14.41    7.03    5.77     -0.62    4.24   15.78   292.25   47.11   301.86   45.96 
 290    0.68    4.73      7.40  114.33   43.81      4.99    1.55    6.93     14.41    7.03    5.77     -0.98    3.61   15.74   287.75   46.21   297.39   45.18 
 291    0.70    4.62      7.41  112.96   44.05      8.00    1.89    6.91     14.41    6.97    5.78     -0.64    3.74   15.70   286.61   45.87   296.27   44.65 
 292    0.70    4.74      3.65  170.60   44.48      -Inf    2.40    6.90     14.41    6.97    5.78     -4.29    2.77   15.66   368.39   44.51   377.80   45.98 
 293    0.70    4.66      4.48  151.15   44.85      -Inf    2.40    6.88     14.41    6.97    5.79    -10.17    2.47   15.61   364.15   95.39   373.66   94.57 
 294    0.70    4.70      4.49  146.97   45.19      -Inf    2.40    6.87     14.41    6.97    5.79    -21.14    2.40   15.57   329.54   32.79   339.39   32.92 
 295    0.70    4.61      3.47  159.24   45.58      -Inf    2.40    6.85     14.41    6.97    5.80    -12.63    2.44   15.52   346.73   43.00   356.77   42.85 
 296    0.73    4.72      3.07  162.79   45.98      -Inf    2.30    6.84     14.40    6.92    5.80     -4.21    2.76   15.48   350.71   52.52   361.27   52.05 
 297    0.73    4.66      3.24  157.83   46.35      -Inf    2.30    6.82     14.40    6.92    5.80     -2.11    2.76   15.44   343.09   47.87   352.86   48.60 
 298    0.73    4.69      3.38  153.61   46.71      -Inf    2.30    6.81     14.40    6.92    5.81     -4.60    2.59   15.39   330.95   40.62   340.70   40.71 
 299    0.73    4.69      2.66  164.72   47.11      -Inf    2.30    6.79     14.40    6.92    5.81     -3.87    2.64   15.35   333.65   32.08   342.89   31.75 
 300    0.73    4.68      2.18  172.61   47.53      -Inf    2.30    6.78     14.40    6.92    5.81     -3.86    2.72   15.31   350.41   53.77   361.18   52.90 
 301    0.73    4.67      2.07  175.35   47.95      -Inf    2.18    6.76     14.39    6.87    5.82     -2.82    2.60   15.27   340.60   27.98   349.42   28.31 
 302    0.73    4.74      2.59  165.23   48.34    -39.90    2.18    6.75     14.39    6.87    5.82     -5.44    2.45   15.22   328.31   32.06   337.71   31.25 
 303    0.73    4.65      2.96  157.57   48.70      -Inf    2.18    6.73     14.39    6.87    5.82     -4.34    2.58   15.18   336.05   79.40   346.18   79.01 
 304    0.73    4.64      1.72  180.42   49.13      -Inf    2.18    6.72     14.39    6.87    5.83     -4.18    2.64   15.14   345.29   41.79   355.42   42.86 
 305    0.73    4.69      1.15  189.74   49.59      -Inf    2.18    6.70     14.39    6.87    5.83     -2.84    2.84   15.10   343.77   24.26   352.08   24.40 
 306    0.76    4.67      1.13  187.37   50.04      -Inf    2.08    6.69     14.38    6.82    5.83     -3.14    2.65   15.06   341.69   27.61   351.99   27.63 
 307    0.76    4.65      1.13  186.51   50.49      -Inf    2.08    6.67     14.38    6.82    5.84     -4.46    2.46   15.02   334.15   15.53   345.36   15.34 
 308    0.76    4.64      2.14  165.33   50.86      -Inf    2.08    6.66     14.38    6.82    5.84     -1.06    3.25   14.98   333.57   65.94   343.92   65.21 
 309    0.76    4.66      1.25  182.16   51.29      -Inf    2.08    6.64     14.38    6.82    5.84     -2.00    2.84   14.94   343.76   44.60   353.85   45.07 
 310    0.76    4.70      0.72  192.59   51.74      -Inf    2.08    6.63     14.38    6.82    5.85     -6.43    2.33   14.90   353.79   42.90   362.69   42.83 
 311    0.77    4.70     -0.29  215.93   52.27      -Inf    1.98    6.61     14.38    6.77    5.85     -4.84    2.28   14.86   363.96    9.82   374.18    8.49 
 312    0.77    4.67      0.31  203.43   52.75      -Inf    1.98    6.60     14.38    6.77    5.85     -7.33    2.16   14.82   369.22   43.49   379.57   42.68 
 313    0.77    4.68      2.11  166.85   53.12    -37.07    1.98    6.58     14.38    6.77    5.86     -3.99    2.41   14.78   329.08   33.97   339.22   33.17 
 314    0.77    4.65      2.87  158.80   53.45    -40.82    1.98    6.57     14.38    6.77    5.86     -3.88    2.40   14.74   328.84   35.51   338.70   35.09 
 315    0.77    4.67      2.92  160.93   53.80    -41.36    1.98    6.55     14.38    6.77    5.86     -2.41    2.59   14.70   329.51   32.17   339.55   31.38 
 316    0.80    4.69      2.99  164.70   54.15      -Inf    1.89    6.54     14.37    6.72    5.86     -7.35    2.05   14.66   354.08   66.05   363.43   66.32 
 317    0.80    4.67      1.81  194.62   54.59      -Inf    1.89    6.52     14.37    6.72    5.87     -4.66    2.10   14.62   379.57   32.47   390.37   32.26 
 318    0.80    4.70      5.10  136.22   54.85    -35.71    1.89    6.51     14.37    6.72    5.87     -7.16    2.04   14.58   330.08   57.67   340.58   56.61 
 319    0.80    4.65      3.11  173.16   55.22      -Inf    1.89    6.49     14.37    6.72    5.87    -13.62    1.93   14.54   366.55   40.10   377.29   40.28 
 320    0.80    4.65      5.13  138.63   55.48    -41.99    1.89    6.48     14.37    6.72    5.88     -9.02    1.98   14.50   329.28   36.44   339.86   36.37 
 321    0.82    4.68      2.71  183.50   55.88      -Inf    1.81    6.46     14.37    6.67    5.88     -6.77    1.97   14.46   388.31   44.80   397.60   44.99 
 322    0.82    4.68      4.45  149.82   56.17      -Inf    1.81    6.45     14.37    6.67    5.88    -10.39    1.89   14.43   336.68   18.51   347.23   18.49 
 323    0.82    4.67      4.88  139.94   56.43      -Inf    1.81    6.44     14.37    6.67    5.88     -3.00    2.29   14.39   349.49   67.90   359.15   66.14 
 324    0.82    4.69      5.18  133.71   56.67      -Inf    1.81    6.42     14.37    6.67    5.88     -2.84    2.35   14.35   335.96   53.66   344.42   53.43 
 325    0.82    4.67      2.31  184.27   57.06      -Inf    1.81    6.41     14.37    6.67    5.89     -0.83    2.92   14.32   368.52    9.36   378.64    9.63 
 326    0.84    4.72      2.78  173.71   57.42      -Inf    1.73    6.39     14.36    6.62    5.89    -15.65    1.76   14.28   368.21   31.83   377.42   33.30 
 327    0.84    4.73      2.61  176.95   57.78      -Inf    1.73    6.38     14.36    6.62    5.89    -11.16    1.79   14.24   372.32   37.95   382.40   38.03 
 328    0.84    4.74      3.79  153.80   58.08      -Inf    1.73    6.36     14.36    6.62    5.89    -13.19    1.77   14.20   343.68   37.19   352.78   38.27 
 329    0.84    4.71      2.55  177.32   58.44      -Inf    1.73    6.35     14.36    6.62    5.90     -6.29    1.88   14.16   358.57   18.98   368.37   19.22 
 330    0.84    4.70      2.02  188.36   58.83      -Inf    1.73    6.34     14.36    6.62    5.90     -3.53    2.18   14.13   386.59   64.50   395.72   65.22 
 331    1.07    4.71      2.62  175.12   59.18      -Inf    1.66    6.32     14.36    6.57    5.90     -9.67    1.75   14.09   365.19   51.10   376.94   51.49 
 332    1.07    4.67      2.91  167.63   59.51      -Inf    1.66    6.31     14.36    6.57    5.90     -2.89    2.23   14.05   354.43   47.74   363.76   48.20 
 333    1.07    4.67      3.18  160.42   59.81      -Inf    1.66    6.29     14.36    6.57    5.90     -2.76    2.27   14.02   340.36   42.95   350.33   44.03 
 334    1.07    4.66      2.81  164.78   60.13    -46.01    1.66    6.28     14.36    6.57    5.91    -15.08    1.69   13.98   325.72   15.67   334.99   16.64 
 335    1.07    4.68      2.10  177.12   60.48      -Inf    1.66    6.27     14.36    6.57    5.91    -11.07    1.71   13.95   352.65   30.32   361.86   30.92 
 336    1.17    4.70      2.35  171.02   60.81      -Inf    1.60    6.25     14.35    6.53    5.91    -11.64    1.65   13.91   339.53   16.49   347.98   16.23 
 337    1.17    4.72      0.89  200.31   61.22      -Inf    1.60    6.24     14.35    6.53    5.91    -11.34    1.64   13.87   390.32   72.29   398.51   71.54 
 338    1.17    4.69      0.89  199.64   61.63      -Inf    1.60    6.23     14.35    6.53    5.91     -3.30    2.06   13.84   367.66    7.01   377.42    6.23 
 339    1.17    4.76      0.20  217.24   62.09      -Inf    1.60    6.21     14.35    6.53    5.92     -2.02    2.20   13.80   403.67   55.91   413.46   53.21 
 340    1.17    4.71      3.42  150.48   62.35    -43.60    1.60    6.20     14.35    6.53    5.92     -2.51    2.05   13.77   330.42   50.94   340.84   49.72 
 341    0.89    4.68      2.07  175.57   62.68      -Inf    1.54    6.18     14.35    6.48    5.92     -2.42    1.98   13.73   361.40   69.04   370.48   69.85 
 342    0.89    4.75      2.19  175.33   63.01      -Inf    1.54    6.17     14.35    6.48    5.92     -0.70    2.34   13.70   364.35   87.35   374.53   87.81 
 343    0.89    4.75      1.21  196.86   63.40      -Inf    1.54    6.16     14.35    6.48    5.92     -4.33    1.83   13.67   377.53   47.18   387.38   47.14 
 344    0.89    4.74     -1.21  270.65   64.00      -Inf    1.54    6.14     14.35    6.48    5.92     -2.30    2.14   13.63   401.14    5.33   412.65    5.25 
 345    0.89    4.73      0.11  224.90   64.47      -Inf    1.54    6.13     14.35    6.48    5.93    -11.89    1.58   13.60   387.63    4.32   397.08    4.44 
 346    1.56    4.78      2.22  177.02   64.79      -Inf    1.48    6.12     14.35    6.44    5.93     -4.55    1.73   13.56   359.24   55.13   370.66   54.74 
 347    1.56    4.72      2.47  172.82   65.10      -Inf    1.48    6.10     14.35    6.44    5.93     -3.00    1.82   13.53   359.39   60.16   370.43   59.93 
 348    1.56    4.73      2.71  169.25   65.40      -Inf    1.48    6.09     14.35    6.44    5.93     -3.66    1.71   13.50   363.07   72.67   373.18   73.32 
 349    1.56    4.73      2.24  179.46   65.73      -Inf    1.48    6.08     14.35    6.44    5.93    -10.84    1.53   13.46   378.50   80.98   386.84   80.45 
 350    1.56    4.79      2.88  167.28   66.02      -Inf    1.48    6.06     14.35    6.44    5.93     -9.96    1.55   13.43   330.86   -3.44   339.71   -3.34 
 351    0.95    4.68      2.49  178.09   66.34      -Inf    1.43    6.05     14.34    6.39    5.93     -8.26    1.53   13.39   359.13   10.76   369.32   10.48 
 352    0.95    4.69      5.45  130.86   66.52    -39.60    1.43    6.04     14.34    6.39    5.94    -12.67    1.46   13.36   327.51   37.04   336.45   36.56 
 353    0.95    4.70      3.48  168.60   66.81      -Inf    1.43    6.02     14.34    6.39    5.94     -7.68    1.55   13.33   358.34    8.91   368.84    8.37 
 354    0.95    4.65      6.04  129.02   66.99    -47.92    1.43    6.01     14.34    6.39    5.94    -10.10    1.50   13.29   332.96   39.67   343.77   37.43 
 355    0.95    4.66      6.15  130.31   67.17    -48.73    1.43    6.00     14.34    6.39    5.94     -2.93    1.88   13.26   332.04   33.68   342.47   31.02 
 356    0.97    4.62      8.15  104.73   67.27    -52.89    1.38    5.99     14.34    6.35    5.94     -2.06    1.71   13.23   331.48   81.76   343.16   80.46 
 357    0.97    4.66      8.08  106.24   67.38    -39.41    1.38    5.97     14.34    6.35    5.94     -4.43    1.62   13.20   330.18   76.96   341.89   75.83 
 358    0.97    4.63      2.72  196.54   67.74      -Inf    1.38    5.96     14.34    6.35    5.94     -4.29    1.71   13.16   386.21   -1.22   396.91   -2.21 
 359    0.97    4.65      7.67  110.28   67.86    -28.09    1.38    5.95     14.34    6.35    5.94     -9.57    1.46   13.13   322.20   58.81   332.30   59.76 
 360    0.97    4.64      4.19  162.41   68.12      -Inf    1.38    5.93     14.34    6.35    5.95     -0.20    2.97   13.10   355.89   21.96   365.25   20.08 
 361    0.98    4.71      3.81  165.00   68.39      -Inf    1.34    5.92     14.34    6.31    5.95     -1.22    1.97   13.07   365.75   37.60   375.32   38.31 
 362    0.98    4.72      5.52  133.37   68.57    -56.51    1.34    5.91     14.34    6.31    5.95     -5.09    1.57   13.04   328.19   42.93   337.60   42.61 
 363    0.98    4.74      2.93  176.18   68.87      -Inf    1.34    5.90     14.34    6.31    5.95     -0.24    2.03   13.01   367.44   30.95   377.71   32.38 
 364    0.98    4.76      2.28  185.40   69.19      -Inf    1.34    5.88     14.34    6.31    5.95     -3.55    1.67   12.98   378.40   40.82   388.83   40.10 
 365    0.98    4.76      1.03  213.75   69.58      -Inf    1.34    5.87     14.34    6.31    5.95     -6.47    1.50   12.95   414.87   54.21   425.06   55.06 
 366    1.02    4.67      4.14  150.61   69.81      -Inf    1.29    5.86     14.34    6.27    5.95     -2.36    1.87   12.92   358.01   88.44   369.76   87.30 
 367    1.02    4.67      3.51  162.97   70.06      -Inf    1.29    5.85     14.34    6.27    5.95     -9.45    1.36   12.89   367.08   69.87   377.88   69.16 
 368    1.02    4.69      0.91  224.57   70.48      -Inf    1.29    5.83     14.34    6.27    5.95     -3.94    1.61   12.85   392.16  -22.05   401.68  -23.30 
 369    1.02    4.69      1.37  218.21   70.88      -Inf    1.29    5.82     14.34    6.27    5.95     -1.61    1.94   12.82   421.28   33.16   431.66   33.94 
 370    1.02    4.67      1.91  208.40   71.25      -Inf    1.29    5.81     14.34    6.27    5.95     -3.82    1.60   12.79   414.61   42.03   426.03   39.97 
 371    1.21    4.70      2.47  195.93   71.59      -Inf    1.25    5.80     14.33    6.23    5.96     -1.58    1.54   12.76   420.69  106.39   429.62  109.40 
 372    1.21    4.70      3.41  177.09   71.87      -Inf    1.25    5.79     14.33    6.23    5.96     -2.62    1.71   12.73   379.13   31.40   389.96   30.48 
 373    1.21    4.71      2.20  201.83   72.22      -Inf    1.25    5.77     14.33    6.23    5.96     -4.44    1.48   12.70   408.70   35.82   420.39   33.85 
 374    1.21    4.70      2.77  187.56   72.53      -Inf    1.25    5.76     14.33    6.23    5.96     -2.13    1.67   12.67   395.81   42.85   406.19   41.97 
 375    1.21    4.71     -4.08  277.88   73.08      -Inf    1.25    5.75     14.33    6.23    5.96     -7.12    1.37   12.64   349.27   73.25   361.10   73.41 
 376    1.07    4.69     -4.89  301.73   73.68      -Inf    1.22    5.74     14.33    6.19    5.96     -3.49    1.42   12.61   377.22   86.86   385.04   85.88 
 377    1.07    4.71      3.98  153.50   73.89      -Inf    1.22    5.73     14.33    6.19    5.96    -10.94    1.26   12.58   356.69   66.48   367.99   64.26 
 378    1.07    4.69      3.59  156.04   74.11      -Inf    1.22    5.71     14.33    6.19    5.96     -6.27    1.38   12.56   352.93   68.81   364.33   66.63 
 379    1.07    4.69      0.72  214.05   74.48      -Inf    1.22    5.70     14.33    6.19    5.96     -4.96    1.45   12.53   401.97   42.40   413.53   42.87 
 380    1.07    4.70      1.45  193.74   74.80      -Inf    1.22    5.69     14.33    6.19    5.96     -3.97    1.47   12.50   353.09    0.90   363.95   -0.60 
 381    1.14    4.74      1.09  198.98   75.12      -Inf    1.18    5.68     14.33    6.15    5.96     -4.07    1.44   12.47   367.43   18.25   377.00   16.64 
 382    1.14    4.69      2.12  176.10   75.39      -Inf    1.18    5.67     14.33    6.15    5.96     -7.70    1.28   12.44   355.47   49.36   366.85   46.45 
 383    1.14    4.74      3.55  147.67   75.57      -Inf    1.18    5.65     14.33    6.15    5.96     -6.40    1.32   12.41   334.51   84.00   345.89   84.44 
 384    1.14    4.69      0.99  193.51   75.88      -Inf    1.18    5.64     14.33    6.15    5.96     -3.33    1.51   12.38   348.47    2.54   360.48    1.45 
 385    1.14    4.76     -0.12  216.80   76.25      -Inf    1.18    5.63     14.33    6.15    5.96     -4.18    1.35   12.35   378.35    7.29   388.60    6.98 
 386    1.18    4.68      1.15  186.80   76.53      -Inf    1.15    5.62     14.33    6.11    5.96     -8.68    1.23   12.32   341.40   -3.67   350.72   -4.41 
 387    1.18    4.73      2.71  154.63   76.74      -Inf    1.15    5.61     14.33    6.11    5.96     -8.72    1.22   12.29   337.78  101.70   349.14  104.26 
 388    1.18    4.73      1.25  183.23   77.01      -Inf    1.15    5.60     14.33    6.11    5.96     -9.25    1.21   12.27   343.81   -1.35   353.33   -2.68 
 389    1.18    4.77      0.65  199.33   77.32      -Inf    1.15    5.58     14.33    6.11    5.97     -6.37    1.29   12.24   321.20  -59.49   331.79  -58.14 
 390    1.18    4.70      1.32  188.19   77.61      -Inf    1.15    5.57     14.33    6.11    5.97     -2.99    1.49   12.21   380.59   72.79   389.37   73.56 
 391    1.54    4.76      0.77  202.41   77.93      -Inf    1.11    5.56     14.32    6.07    5.97     -3.45    1.30   12.18   365.68   -7.71   376.59   -8.19 
 392    1.54    4.73      0.69  204.39   78.25      -Inf    1.11    5.55     14.32    6.07    5.97     -1.80    1.35   12.16   393.90   57.38   401.94   57.96 
 393    1.54    4.73      1.45  188.16   78.53      -Inf    1.11    5.54     14.32    6.07    5.97     -3.27    1.34   12.13   361.55   18.37   371.02   16.56 
 394    1.54    4.72      0.85  198.47   78.83      -Inf    1.11    5.53     14.32    6.07    5.97     -8.86    1.19   12.10   362.71    9.46   373.60    8.24 
 395    1.54    4.72     -0.84  231.90   79.22      -Inf    1.11    5.52     14.32    6.07    5.97     -3.45    1.39   12.07   405.18   49.99   415.06   50.94 
 396    1.22    4.67     -1.23  233.22   79.61      -Inf    1.08    5.51     14.32    6.03    5.97      2.55    2.28   12.05   404.39  101.75   414.16  104.55 
 397    1.22    4.67     -1.52  232.15   80.00      -Inf    1.08    5.49     14.32    6.03    5.97     -4.68    1.29   12.02   397.39   85.33   405.76   86.45 
 398    1.22    4.67     -1.88  230.89   80.37      -Inf    1.08    5.48     14.32    6.03    5.97     -9.64    1.15   11.99   372.71   13.06   384.94   12.33 
 399    1.22    4.68     -0.88  197.79   80.67      -Inf    1.08    5.47     14.32    6.03    5.97     -9.46    1.14   11.97   349.93   95.64   358.95   96.91 
 400    1.22    4.69     -2.25  223.33   81.03      -Inf    1.08    5.46     14.32    6.03    5.97     -2.91    1.41   11.94   348.64  -15.46   357.65  -16.17 
 401    1.70    4.71     -1.13  194.03   81.31      -Inf    1.05    5.45     14.32    6.00    5.97    -12.04    1.09   11.91   339.75   78.18   350.79   79.26 
 402    1.70    4.68     -2.58  224.87   81.66      -Inf    1.05    5.44     14.32    6.00    5.97     -4.13    1.26   11.89   368.63   72.97   376.87   74.04 
 403    1.70    4.69     -3.49  251.02   82.08      -Inf    1.05    5.43     14.32    6.00    5.97     -2.58    1.29   11.86   395.31   90.52   403.77   91.88 
 404    1.70    4.69     -3.74  262.96   82.53      -Inf    1.05    5.42     14.32    6.00    5.97     -7.75    1.14   11.83   392.04  -11.23   404.10  -11.88 
 405    1.70    4.69     -3.02  244.83   82.93      -Inf    1.05    5.41     14.32    6.00    5.97     -1.87    1.52   11.81   391.55   82.59   403.18   81.05 
 406    1.26    4.69     -1.73  214.19   83.26      -Inf    1.03    5.40     14.32    5.96    5.97     -9.65    1.08   11.78   363.45   69.20   371.82   69.76 
 407    1.26    4.77     -2.40  237.41   83.64      -Inf    1.03    5.39     14.32    5.96    5.97     -2.97    1.42   11.76   381.65   21.33   393.38   20.55 
 408    1.26    4.67     -2.21  235.57   84.01      -Inf    1.03    5.37     14.32    5.96    5.97     -7.96    1.10   11.73   330.28  -74.25   341.30  -72.53 
 409    1.26    4.66     -1.65  224.78   84.35      -Inf    1.03    5.36     14.32    5.96    5.97    -20.58    1.03   11.70   375.98   26.83   388.00   25.89 
 410    1.26    4.71     -1.47  223.32   84.69      -Inf    1.03    5.35     14.32    5.96    5.97     -2.88    1.34   11.68   376.58   24.74   388.21   23.60 
 411    1.50    4.68     -0.04  193.39   84.96      -Inf    1.00    5.34     14.32    5.93    5.97     -2.26    1.39   11.65   358.67   59.82   367.91   59.66 
 412    1.50    4.69     -1.75  235.59   85.32      -Inf    1.00    5.33     14.32    5.93    5.97     -1.82    1.41   11.63   391.17   15.15   403.22   14.53 
 413    1.50    4.70     -1.19  221.95   85.65      -Inf    1.00    5.32     14.32    5.93    5.97    -16.98    1.01   11.60   372.68   -1.57   383.86   -2.77 
 414    1.50    4.70      0.14  192.46   85.91      -Inf    1.00    5.31     14.32    5.93    5.97     -4.54    1.22   11.58   363.81   76.96   371.58   77.82 
 415    1.50    4.70     -0.56  212.16   86.21      -Inf    1.00    5.30     14.32    5.93    5.97      0.09    2.00   11.55   339.66  -39.03   350.73  -40.48 
 416    1.39    4.66      0.62  188.44   86.46      -Inf    0.98    5.29     14.32    5.89    5.97      0.66    1.68   11.53   362.53   82.17   371.62   82.97 
 417    1.39    4.71      0.10  202.42   86.74      -Inf    0.98    5.28     14.32    5.89    5.97     -8.59    1.05   11.51   364.42   22.47   373.08   22.53 
 418    1.39    4.67     -0.20  210.68   87.03      -Inf    0.98    5.27     14.32    5.89    5.97     -3.39    1.23   11.48   361.99    0.42   372.68   -2.37 
 419    1.39    4.72     -0.08  210.84   87.33      -Inf    0.98    5.26     14.32    5.89    5.97     -2.52    1.39   11.46   362.15   -3.96   373.69   -4.53 
 420    1.39    4.67     -1.01  237.63   87.69      -Inf    0.98    5.25     14.32    5.89    5.97     -1.18    1.60   11.43   409.00   26.11   417.69   28.22 
 421    1.35    4.73      1.74  175.84   87.90      -Inf    0.95    5.24     14.31    5.86    5.97     -0.98    1.51   11.41   347.65   31.04   356.30   30.71 
 422    1.35    4.69     -0.82  236.70   88.25      -Inf    0.95    5.23     14.31    5.86    5.97     -0.41    1.82   11.39   422.26  128.55   431.22  131.79 
 423    1.35    4.75      0.71  196.24   88.50      -Inf    0.95    5.22     14.31    5.86    5.97    -26.71    0.95   11.36   383.77  104.66   392.22  105.71 
 424    1.35    4.68      1.78  173.70   88.71      -Inf    0.95    5.21     14.31    5.86    5.97     -4.23    1.17   11.34   359.20   48.49   367.70   49.72 
 425    1.35    4.74      2.48  157.85   88.87      -Inf    0.95    5.20     14.31    5.86    5.97     -1.40    1.58   11.32   339.25   41.44   348.23   41.32 
 426    1.89    4.68      0.45  198.11   89.12      -Inf    0.93    5.19     14.31    5.82    5.96     -6.48    1.04   11.29   382.46   58.65   390.85   59.75 
 427    1.89    4.68      0.55  197.44   89.38      -Inf    0.93    5.18     14.31    5.82    5.96     -7.31    1.02   11.27   348.17  -19.08   359.06  -21.10 
 428    1.89    4.68     -0.62  223.64   89.69      -Inf    0.93    5.17     14.31    5.82    5.96    -12.18    0.95   11.24   403.91  117.79   413.52  118.03 
 429    1.89    4.69      1.29  179.54   89.90      -Inf    0.93    5.16     14.31    5.82    5.96    -14.70    0.95   11.22   340.47   13.19   350.44   11.62 
 430    1.89    4.69     -2.96  293.56   90.38      -Inf    0.93    5.15     14.31    5.82    5.96      -Inf    0.93   11.20   467.74   36.63   479.62   35.37 
 431    4.95    4.68      1.05  186.23   90.60      -Inf    0.91    5.14     14.31    5.79    5.96      -Inf    0.91   11.17   363.58   53.32   373.83   51.38 
 432    4.95    4.70      0.30  201.70   90.85      -Inf    0.91    5.13     14.31    5.79    5.96    -10.82    0.95   11.15   338.56  -31.20   349.31  -33.62 
 433    4.95    4.65      0.42  200.78   91.11      -Inf    0.91    5.12     14.31    5.79    5.96      -Inf    0.91   11.12   358.37  -10.85   369.43  -11.99 
 434    4.95    4.71      0.28  210.68   91.38      -Inf    0.91    5.11     14.31    5.79    5.96    -27.30    0.91   11.10   403.46   61.35   411.81   64.07 
 435    4.95    4.66     -2.10  278.04   91.81      -Inf    0.91    5.10     14.31    5.79    5.96    -22.30    0.91   11.08   471.76   65.87   483.76   64.53 
 436    3.33    4.68      1.21  195.71   92.05      -Inf    0.89    5.09     14.31    5.76    5.96     -5.85    0.98   11.05   394.08   44.31   402.82   46.01 
 437    3.33    4.77      0.47  217.19   92.34      -Inf    0.89    5.08     14.31    5.76    5.96     -6.25    1.01   11.03   421.25   60.41   430.08   62.11 
 438    3.33    4.69      1.09  206.52   92.60      -Inf    0.89    5.07     14.31    5.76    5.96     -4.39    1.07   11.01   414.22   62.13   421.73   64.09 
 439    3.33    4.80      3.03  165.91   92.77      -Inf    0.89    5.06     14.31    5.76    5.96     -7.17    0.98   10.99   370.85   50.27   378.56   50.58 
 440    3.33    4.70      2.64  172.00   92.95      -Inf    0.89    5.05     14.31    5.76    5.96    -13.37    0.91   10.96   312.26  -43.96   320.40  -44.24 
 441    3.22    4.69      0.45  217.38   93.23      -Inf    0.87    5.04     14.31    5.73    5.96    -10.37    0.91   10.94   376.03  -39.89   386.99  -41.39 
 442    3.22    4.65      1.59  186.29   93.44      -Inf    0.87    5.03     14.31    5.73    5.96     -4.14    1.05   10.92   342.57  -27.24   352.66  -29.97 
 443    3.22    4.70     -0.35  233.77   93.76      -Inf    0.87    5.02     14.31    5.73    5.96    -17.28    0.88   10.90   434.89   65.29   443.95   67.52 
 444    3.22    4.65      2.15  175.68   93.94      -Inf    0.87    5.02     14.31    5.73    5.96     -5.75    0.99   10.87   379.08   92.54   387.57   94.61 
 445    3.22    4.75      3.36  153.25   94.07      -Inf    0.87    5.01     14.31    5.73    5.96     -4.94    1.03   10.85   356.39   67.61   366.60   66.49 
 446    4.61    4.71      1.75  186.20   94.28      -Inf    0.85    5.00     14.31    5.69    5.96     -9.48    0.90   10.83   392.21   64.75   401.33   64.73 
 447    4.61    4.70      1.22  198.58   94.51      -Inf    0.85    4.99     14.31    5.69    5.96    -22.38    0.85   10.81   403.00   44.90   414.82   45.05 
 448    4.61    4.68      0.90  210.33   94.77      -Inf    0.85    4.98     14.31    5.69    5.95    -15.17    0.86   10.78   423.10  101.23   432.20  103.40 
 449    4.61    4.70      2.99  166.73   94.93      -Inf    0.85    4.97     14.31    5.69    5.95    -29.68    0.85   10.76   348.97  -12.18   360.24  -14.06 
 450    4.61    4.71      1.41  201.59   95.17      -Inf    0.85    4.96     14.31    5.69    5.95    -15.86    0.86   10.74   411.36   50.35   419.20   50.98 
 451    1.49    4.78      3.33  161.50   95.32      -Inf    0.83    4.95     14.31    5.66    5.95      0.52    1.20   10.72   333.31   -4.02   344.81   -5.81 
 452    1.49    4.75      0.90  210.45   95.57      -Inf    0.83    4.94     14.31    5.66    5.95     -6.55    0.90   10.70   363.16  -31.01   374.13  -33.22 
 453    1.49    4.80     -0.47  236.75   95.88      -Inf    0.83    4.93     14.31    5.66    5.95      -Inf    0.83   10.68   385.76  -29.07   397.14  -29.54 
 454    1.49    4.77     -1.02  240.30   96.20      -Inf    0.83    4.92     14.31    5.66    5.95    -24.30    0.83   10.65   356.77  -58.87   368.66  -60.84 
 455    1.49    4.79      0.77  184.41   96.39      -Inf    0.83    4.91     14.31    5.66    5.95     -6.16    0.93   10.63   354.41   73.70   361.86   73.68 
 456    1.63    4.62     -0.65  204.40   96.63      -Inf    0.82    4.91     14.31    5.63    5.95      -Inf    0.82   10.61   329.78  -22.73   340.26  -24.18 
 457    1.63    4.70     -3.87  290.10   97.05      -Inf    0.82    4.90     14.31    5.63    5.95     -0.89    1.04   10.59   406.50  -61.81   417.09  -63.88 
 458    1.63    4.65     -2.25  236.29   97.36      -Inf    0.82    4.89     14.31    5.63    5.95      -Inf    0.82   10.57   376.38   -4.15   387.26   -4.69 
 459    1.63    4.66     -1.53  213.39   97.61      -Inf    0.82    4.88     14.31    5.63    5.95    -12.42    0.83   10.55   367.37   59.31   376.88   57.75 
 460    1.63    4.68     -3.58  273.56   97.99      -Inf    0.82    4.87     14.31    5.63    5.95     -2.95    1.04   10.53   430.06   60.63   438.49   62.86 
 461    9.71    4.72     -3.68  280.70   98.39      -Inf    0.80    4.86     14.31    5.60    5.95      -Inf    0.80   10.51   408.32  -36.08   419.49  -37.47 
 462    9.71    4.69     -2.61  254.29   98.73      -Inf    0.80    4.85     14.31    5.60    5.95     -2.60    1.04   10.48   364.72  -56.45   375.42  -58.49 
 463    9.71    4.71     -1.91  241.01   99.03      -Inf    0.80    4.84     14.31    5.60    5.94      -Inf    0.80   10.46   352.77  -49.05   364.00  -50.50 
 464    9.71    4.69     -2.18  252.58   99.37      -Inf    0.80    4.83     14.31    5.60    5.94    -29.53    0.80   10.44   401.01   22.89   412.59   23.37 
 465    9.71    4.71      0.02  198.59   99.58      -Inf    0.80    4.83     14.31    5.60    5.94     -3.47    1.04   10.42   337.28   18.68   349.78   17.50 
 466   12.23    4.65     -0.69  216.83   99.83      -Inf    0.78    4.82     14.30    5.57    5.94    -57.91    0.78   10.40   371.93   50.78   383.46   49.91 
 467   12.23    4.63     -0.16  205.35  100.06      -Inf    0.78    4.81     14.30    5.57    5.94     -4.97    0.93   10.38   341.68   -2.33   353.93   -1.78 
 468   12.23    4.68      0.29  194.25  100.26      -Inf    0.78    4.80     14.30    5.57    5.94     -6.68    0.85   10.36   360.25  139.65   369.05  140.94 
 469   12.23    4.65     -1.04  227.37  100.53      -Inf    0.78    4.79     14.30    5.57    5.94      2.41    1.62   10.34   394.79   51.00   406.09   51.13 
 470   12.23    4.64     -1.87  251.10  100.85      -Inf    0.78    4.78     14.30    5.57    5.94      -Inf    0.78   10.32   423.11   56.76   431.16   59.06 
 471    3.13    4.69     -0.45  215.13  101.09      -Inf    0.77    4.77     14.30    5.54    5.94      -Inf    0.77   10.30   368.86    2.20   380.69    3.48 
 472    3.13    4.64      1.02  183.91  101.27      -Inf    0.77    4.77     14.30    5.54    5.94      -Inf    0.77   10.28   360.79   69.52   368.51   69.67 
 473    3.13    4.69     -1.57  249.53  101.58      -Inf    0.77    4.76     14.30    5.54    5.94      -Inf    0.77   10.26   422.68   54.38   434.68   53.64 
 474    3.13    4.66     -1.46  247.89  101.89      -Inf    0.77    4.75     14.30    5.54    5.94     -5.36    0.89   10.24   353.56  -72.26   363.67  -73.67 
 475    3.13    4.69     -1.17  240.61  102.18      -Inf    0.77    4.74     14.30    5.54    5.94    -11.23    0.79   10.22   355.10  -52.77   365.30  -53.92 
 476    1.74    4.74      0.77  192.63  102.37      -Inf    0.75    4.73     14.30    5.51    5.93    -10.58    0.78   10.20   325.83   -7.73   337.63   -7.72 
 477    1.74    4.74     -1.11  238.26  102.66      -Inf    0.75    4.72     14.30    5.51    5.93    -18.05    0.76   10.18   359.73  -35.86   370.21  -35.55 
 478    1.74    4.75     -2.22  264.31  102.99      -Inf    0.75    4.72     14.30    5.51    5.93    -20.19    0.76   10.16   364.77  -63.90   375.61  -65.58 
 479    1.74    4.68     -2.87  281.23  103.37      -Inf    0.75    4.71     14.30    5.51    5.93     -5.96    0.87   10.14   381.00  -69.08   392.23  -71.05 
 480    1.74    4.79     -0.23  204.23  103.58      -Inf    0.75    4.70     14.30    5.51    5.93     -5.88    0.82   10.12   351.07   24.78   363.26   25.18 
 481    3.27    4.70     -2.56  262.55  103.91      -Inf    0.74    4.69     14.30    5.49    5.93     -3.79    0.94   10.10   367.83  -62.67   379.45  -64.40 
 482    3.27    4.69     -3.85  297.40  104.31      -Inf    0.74    4.68     14.30    5.49    5.93      0.15    1.11   10.09   366.11 -120.45   377.28 -122.80 
 483    3.27    4.64     -0.17  192.76  104.49      -Inf    0.74    4.67     14.30    5.49    5.93    -17.34    0.75   10.07   346.40   28.00   354.57   28.73 
 484    3.27    4.67     -0.70  206.05  104.70      -Inf    0.74    4.67     14.30    5.49    5.93     -4.95    0.81   10.05   367.01   48.94   379.12   48.41 
 485    3.27    4.68     -0.21  197.06  104.89      -Inf    0.74    4.66     14.30    5.49    5.93      -Inf    0.74   10.03   363.92   85.61   374.40   84.77 
 486    1.70    4.69     -0.69  211.64  105.11      -Inf    0.73    4.65     14.30    5.46    5.93     -3.27    0.89   10.01   360.90    3.24   372.21    1.35 
 487    1.70    4.71     -1.07  223.68  105.36      -Inf    0.73    4.64     14.30    5.46    5.92     -8.26    0.77    9.99   365.24  -14.69   374.19  -13.29 
 488    1.70    4.70     -2.01  249.02  105.65      -Inf    0.73    4.63     14.30    5.46    5.92     -4.67    0.77    9.97   363.38  -52.08   375.09  -53.30 
 489    1.70    4.70     -0.93  221.22  105.89      -Inf    0.73    4.63     14.30    5.46    5.92     -6.22    0.79    9.95   376.41   39.33   387.61   38.69 
 490    1.70    4.72     -3.25  288.79  106.26      -Inf    0.73    4.62     14.30    5.46    5.92     -8.65    0.77    9.93   398.69  -61.67   408.33  -63.53 
 491    2.52    4.72     -2.24  254.38  106.56      -Inf    0.71    4.61     14.30    5.43    5.92     -5.39    0.80    9.92   375.88  -30.72   386.01  -32.74 
 492    2.52    4.72     -2.79  271.99  106.90      -Inf    0.71    4.60     14.30    5.43    5.92     -4.97    0.80    9.90   416.80   12.71   427.58   11.78 
 493    2.52    4.70     -1.46  235.22  107.16      -Inf    0.71    4.59     14.30    5.43    5.92    -22.94    0.71    9.88   348.97  -38.69   359.69  -41.17 
 494    2.52    4.72     -3.06  284.64  107.52      -Inf    0.71    4.59     14.30    5.43    5.92     -5.36    0.74    9.86   396.80  -59.92   408.47  -62.01 
 495    2.52    4.70     -3.40  301.85  107.91      -Inf    0.71    4.58     14.30    5.43    5.92    -13.65    0.73    9.84   382.26 -115.01   393.59 -116.65 
 496    2.14    4.74     -0.15  212.05  108.12      -Inf    0.70    4.57     14.30    5.40    5.92     -6.61    0.76    9.82   373.35   10.01   383.55   11.97 
 497    2.14    4.69      2.09  167.43  108.24      -Inf    0.70    4.56     14.30    5.40    5.91    -25.84    0.70    9.81   352.13   66.58   360.17   67.19 
 498    2.14    4.68     -1.58  262.64  108.55      -Inf    0.70    4.56     14.30    5.40    5.91     -8.52    0.74    9.79   421.27  -35.16   432.72  -37.66 
 499    2.14    4.68     -0.77  246.45  108.82      -Inf    0.70    4.55     14.30    5.40    5.91    -25.38    0.70    9.77   394.38  -55.68   405.62  -58.03 
 500    2.14    4.67     -0.26  239.37  109.09      -Inf    0.70    4.54     14.30    5.40    5.91     -8.43    0.74    9.75   391.80  -47.47   403.29  -49.05 
 501    1.56    4.72      3.31  160.86  109.19      -Inf    0.69    4.53     14.30    5.38    5.91     -7.12    0.74    9.73   368.27   83.48   375.45   83.52 
