   6    3.17    7.94     43.98    1.45    0.84     18.22    3.24    6.43     39.91    0.28   14.67      4.85   16.85   17.44   198.81  103.69   211.20  104.08 
   7    3.17    7.92     50.81    0.67    0.82     17.94    3.33    5.99     39.91    0.28   12.62      5.38   15.72   17.19   200.46  103.65   212.84  103.85 
   8    3.17    7.82     47.02    1.04    0.84     16.22    4.10    5.75     39.91    0.28   11.08      5.33   15.85   17.02   201.53  104.20   213.94  103.81 
   9    3.17    7.87     47.80    0.94    0.85     15.22    4.67    5.63     39.91    0.28    9.88      4.83   17.80   17.11   200.32  101.69   212.45  102.22 
  10    3.17    7.84     37.95    2.87    1.06     13.03    5.82    5.65     39.91    0.28    8.92      3.99   20.78   17.48   199.74  100.80   211.96  100.39 
  11    2.20    8.08     40.00    2.28    1.17     15.70    4.35    5.53     33.61    0.57    8.16      5.22   16.99   17.43   201.06  100.00   213.27   99.59 
  12    2.20    8.14     41.59    1.88    1.23     14.67    5.00    5.49     33.61    0.57    7.53      3.85   19.89   17.64   198.09  100.93   210.31  100.22 
  13    2.20    8.06     44.89    1.28    1.23     12.48    6.81    5.59     33.61    0.57    6.99      3.64   19.92   17.81   195.24  101.73   207.18  102.52 
  14    2.20    8.09     44.38    1.36    1.24     12.70    6.52    5.66     33.61    0.57    6.53      3.62   19.47   17.93   193.18  103.07   205.10  103.74 
  15    2.20    8.13     39.39    2.41    1.32     12.66    6.39    5.71     33.61    0.57    6.13      4.39   17.87   17.93   192.29  103.27   204.18  104.19 
  16    4.72    8.53     43.11    1.55    1.33     16.66    4.07    5.60     39.72    0.28    5.77      4.53   19.01   17.99   190.34  102.90   202.15  104.03 
  17    4.72    8.56     41.66    1.83    1.36     15.81    4.46    5.54     39.72    0.28    5.45      4.94   18.11   18.00   190.06  101.89   201.74  103.04 
  18    4.72    8.55     41.78    1.79    1.39     15.16    4.77    5.49     39.72    0.28    5.16      5.04   17.03   17.95   189.96  101.24   201.62  102.55 
  19    4.72    8.54     41.09    1.93    1.41     13.64    5.77    5.51     39.72    0.28    4.90      4.06   20.22   18.07   188.17  101.52   199.83  102.74 
  20    4.72    8.51     43.91    1.39    1.41     12.54    6.41    5.55     39.72    0.28    4.67      5.32   16.65   18.00   187.23   98.85   198.85  100.00 
  21    8.76    8.99     41.95    1.73    1.43     18.36    3.31    5.45     29.43    0.92    4.49      4.38   19.27   18.06   185.02   98.58   196.85   99.42 
  22    8.76    9.01     43.86    1.37    1.43     17.97    3.46    5.36     29.43    0.92    4.33      4.58   19.16   18.11   183.16   96.28   194.83   97.36 
  23    8.76    8.95     39.63    2.20    1.46     16.96    3.86    5.29     29.43    0.92    4.18      5.18   17.91   18.10   181.67   93.67   193.34   94.66 
  24    8.76    8.98     39.47    2.20    1.49     14.60    5.05    5.28     29.43    0.92    4.05      2.95   27.47   18.49   178.47   93.37   189.78   94.82 
  25    8.76    8.99     43.51    1.35    1.48     14.16    5.56    5.29     29.43    0.92    3.92      3.75   26.13   18.79   174.26   91.62   185.56   92.94 
  26 1128.33    9.35     37.39    2.72    1.53      7.09   12.63    5.57      8.50   10.29    4.17      4.04   23.96   18.99   174.38   89.03   185.23   90.30 
  27 1128.33    9.18     30.65    5.95    1.70      6.03   13.71    5.88      8.50   10.29    4.39      3.45   20.51   19.05   177.97   90.19   188.74   91.41 
  28 1128.33    9.16     28.58    7.67    1.91      5.55   14.29    6.18      8.50   10.29    4.60      1.74   24.79   19.25   179.43   94.31   190.09   95.69 
  29 1128.33    9.19     29.79    6.71    2.07      6.09   14.31    6.46      8.50   10.29    4.80      2.02   28.60   19.58   177.85   97.39   188.48   98.41 
  30 1128.33    9.20     30.71    6.07    2.21      6.66   14.32    6.72      8.50   10.29    4.98      2.31   28.34   19.87   176.69  100.47   187.12  101.34 
  31   12.51    9.48     31.18    5.78    2.32     13.29    6.33    6.71     24.06    1.73    4.88      2.96   26.60   20.09   175.64  101.63   186.04  102.52 
  32   12.51    9.20     30.25    6.36    2.45     10.73    8.28    6.76     24.06    1.73    4.78      3.39   26.25   20.28   174.13  102.13   184.55  103.20 
  33   12.51    9.18     42.73    1.52    2.42      9.98    9.79    6.85     24.06    1.73    4.69      4.31   20.02   20.27   172.59  107.78   183.03  108.98 
  34   12.51    9.19     35.76    3.43    2.45      9.02   10.97    6.97     24.06    1.73    4.60      5.30   18.42   20.22   174.94  106.82   185.37  108.29 
  35   12.51    9.15     36.95    2.98    2.47      8.08   13.24    7.15     24.06    1.73    4.52      4.60   23.32   20.30   174.53  105.52   184.96  106.92 
  36   10.34    9.38     39.69    2.18    2.46     13.45    7.44    7.16     24.78    1.62    4.44      5.14   21.78   20.35   175.54  104.67   185.84  105.99 
  37   10.34    9.17     42.45    1.60    2.43      8.68   12.96    7.31     24.78    1.62    4.36      5.13   21.12   20.37   176.81  105.08   187.21  106.15 
  38   10.34    9.14     32.42    5.09    2.50      7.72   13.18    7.47     24.78    1.62    4.29      4.67   22.81   20.43   179.60  101.39   189.79  102.39 
  39   10.34    9.19     30.61    6.30    2.60     11.01    7.99    7.48     24.78    1.62    4.22      5.12   19.17   20.40   182.42  100.65   192.59  101.68 
  40   10.34    9.25     38.06    2.71    2.60     14.02    5.77    7.44     24.78    1.62    4.16      5.73   16.05   20.29   183.99  104.55   194.46  105.89 
  41   10.95    9.34     39.21    2.41    2.60     16.49    4.21    7.36     20.14    2.81    4.12      6.10   14.52   20.15   187.67  105.39   198.04  106.73 
  42   10.95    9.25     40.84    2.02    2.59     16.63    4.10    7.28     20.14    2.81    4.09      6.71   13.69   20.00   189.71  105.45   200.24  106.81 
  43   10.95    9.17     44.37    1.36    2.56     14.64    5.04    7.23     20.14    2.81    4.06      6.62   13.41   19.84   192.94  104.88   203.46  106.34 
  44   10.95    9.17     42.37    1.71    2.54     15.93    4.30    7.16     20.14    2.81    4.03      6.81   12.71   19.68   193.77  103.74   204.50  105.24 
  45   10.95    9.20     37.61    2.97    2.55     15.36    4.54    7.10     20.14    2.81    4.01      6.87   12.17   19.51   192.35  102.91   203.20  104.39 
  46   11.28    9.20     43.06    1.58    2.53     18.54    3.09    7.02     20.83    2.59    3.98      6.66   12.16   19.35   193.36  103.62   204.25  104.99 
  47   11.28    9.11     41.78    1.85    2.51     17.62    3.37    6.94     20.83    2.59    3.95      6.65   12.64   19.21   196.25  102.68   207.08  104.25 
  48   11.28    9.20     41.97    1.83    2.50     17.94    3.30    6.86     20.83    2.59    3.92      6.59   12.66   19.07   198.43  103.04   209.24  104.33 
  49   11.28    9.13     43.75    1.51    2.48     17.43    3.56    6.80     20.83    2.59    3.89      6.29   13.54   18.96   201.67  103.23   212.51  104.48 
  50   11.28    9.24     39.89    2.37    2.48     18.55    3.15    6.72     20.83    2.59    3.86      7.00   12.47   18.83   203.51  102.55   214.27  103.89 
  51   14.10    9.33     40.62    2.18    2.47     21.91    2.16    6.63     21.53    2.37    3.84      7.15   12.12   18.70   203.89  101.71   214.81  102.97 
  52   14.10    9.20     40.81    2.13    2.46     18.55    3.23    6.57     21.53    2.37    3.81      7.26   12.01   18.57   204.39  100.00   215.34  101.47 
  53   14.10    9.14     45.01    1.31    2.44     17.61    3.70    6.51     21.53    2.37    3.78      7.03   12.42   18.46   205.23  100.00   216.17  101.71 
  54   14.10    9.16     40.51    2.23    2.44     16.28    4.31    6.47     21.53    2.37    3.75      6.52   13.13   18.36   206.84  101.42   217.75  102.66 
  55   14.10    9.16     40.38    2.28    2.43     16.49    4.23    6.43     21.53    2.37    3.73      6.09   13.21   18.26   207.16  104.54   217.97  106.01 
  56   12.83    9.27     39.91    2.43    2.43     17.70    3.64    6.38     20.09    2.79    3.71      6.43   12.80   18.17   208.48  107.16   219.17  108.71 
  57   12.83    9.15     46.03    1.21    2.41     19.30    2.99    6.32     20.09    2.79    3.70      6.62   12.60   18.07   210.49  109.98   221.33  111.40 
  58   12.83    9.21     43.67    1.59    2.40     19.49    2.90    6.26     20.09    2.79    3.68      7.39   11.46   17.95   209.73  109.82   220.44  111.23 
  59   12.83    9.22     41.61    2.01    2.39     19.17    2.99    6.21     20.09    2.79    3.67      7.34   11.76   17.85   208.52  108.18   219.34  109.66 
  60   12.83    9.20     44.18    1.47    2.38     17.83    3.58    6.16     20.09    2.79    3.65      6.80   13.20   17.77   206.93  106.44   217.66  107.66 
  61   14.77    9.29     50.63    0.68    2.35     17.69    3.66    6.12     21.03    2.50    3.63      6.08   14.31   17.71   202.82  102.97   213.57  104.41 
  62   14.77    9.18     47.58    0.96    2.33     18.57    3.31    6.08     21.03    2.50    3.61      5.58   15.78   17.68   200.05  101.22   210.90  102.58 
  63   14.77    9.18     42.33    1.73    2.32     19.06    3.11    6.03     21.03    2.50    3.60      5.08   17.77   17.68   197.86   97.46   208.49   98.79 
  64   14.77    9.19     35.64    3.71    2.34     18.25    3.42    5.99     21.03    2.50    3.58      5.56   16.59   17.67   196.90   94.14   207.74   95.36 
  65   14.77    9.20     36.94    3.16    2.35     17.17    3.85    5.96     21.03    2.50    3.56      6.09   14.85   17.62   194.95   92.90   205.53   94.33 
  66   18.71    9.25     40.35    2.12    2.35     17.33    3.76    5.92     20.18    2.75    3.55      5.50   14.70   17.58   193.06   95.65   203.61   96.67 
  67   18.71    9.18     39.12    2.42    2.35     16.86    4.00    5.90     20.18    2.75    3.54      4.58   17.96   17.59   188.87   97.88   199.57   99.05 
  68   18.71    9.20     45.67    1.12    2.33     17.56    3.81    5.86     20.18    2.75    3.53      3.90   22.63   17.66   183.86  100.12   194.59  101.35 
  69   18.71    9.23     41.31    1.82    2.32     18.38    3.42    5.83     20.18    2.75    3.51      4.65   20.52   17.70   180.67   99.45   191.71  100.58 
  70   18.71    9.23     38.17    2.60    2.33     17.54    3.80    5.80     20.18    2.75    3.50      5.23   18.06   17.71   178.78  100.31   189.64  101.72 
  71   11.69    9.18     38.79    2.40    2.33     16.87    4.23    5.78     19.73    2.90    3.50      4.09   23.97   17.79   175.30  100.47   186.26  101.67 
  72   11.69    9.21     42.64    1.53    2.32     13.48    6.51    5.79     19.73    2.90    3.49      5.32   19.57   17.82   175.64   99.79   186.51  100.88 
  73   11.69    9.15     37.22    2.86    2.33     14.60    5.88    5.79     19.73    2.90    3.48      5.50   19.62   17.84   175.77   97.73   186.40   98.83 
  74   11.69    9.21     39.41    2.22    2.32     12.41    8.57    5.83     19.73    2.90    3.47      5.77   19.30   17.86   175.04   98.34   185.74   99.56 
  75   11.69    9.13     38.78    2.39    2.32      8.88   14.84    5.95     19.73    2.90    3.46      5.14   23.68   17.94   175.75   98.88   186.49  100.38 
  76   12.03    9.25     39.32    2.25    2.32     10.54   14.22    6.06     19.51    3.02    3.46      5.03   27.30   18.06   176.02   99.57   186.74  100.79 
  77   12.03    9.21     29.08    7.36    2.39      6.19   22.36    6.27     19.51    3.02    3.45      4.56   32.90   18.26   180.54   95.21   191.32   96.33 
  78   12.03    9.19     21.01   18.87    2.60      1.65   18.74    6.43     19.51    3.02    3.45      4.54   31.47   18.43   186.27   83.72   197.02   84.87 
  79   12.03    9.15     23.82   13.77    2.74      5.57   15.16    6.54     19.51    3.02    3.44      2.01   21.88   18.47   190.82   92.62   201.54   93.67 
  80   12.03    9.18     28.46    8.19    2.81      9.54   12.20    6.61     19.51    3.02    3.44      2.67   22.15   18.52   188.24   99.01   198.80  100.02 
  81   16.64    9.22     29.85    7.02    2.86     13.20    6.64    6.61     18.74    3.38    3.44      6.13   15.79   18.48   188.88   99.30   199.33  100.27 
  82   16.64    9.18     35.53    3.70    2.87     13.67    6.53    6.61     18.74    3.38    3.43      6.88   13.64   18.42   188.96  102.01   199.51  103.22 
  83   16.64    9.20     40.16    2.18    2.86     15.53    5.10    6.59     18.74    3.38    3.43      7.40   12.90   18.36   189.56  102.75   200.11  103.67 
  84   16.64    9.19     37.74    2.90    2.86     16.43    4.49    6.57     18.74    3.38    3.43      7.24   13.74   18.30   192.15  100.93   202.72  102.18 
  85   16.64    9.23     38.60    2.66    2.86     15.40    5.03    6.55     18.74    3.38    3.43      6.63   15.32   18.27   196.35   98.93   207.34  100.27 
  86   19.19    9.21     37.65    2.97    2.86     16.93    4.23    6.52     19.07    3.26    3.43      7.15   14.00   18.22   198.62   96.95   209.30   98.21 
  87   19.19    9.18     39.15    2.49    2.86     18.18    3.74    6.49     19.07    3.26    3.43      7.39   13.28   18.16   198.14   96.01   209.14   97.44 
  88   19.19    9.17     41.65    1.89    2.85     16.78    4.50    6.47     19.07    3.26    3.43      7.34   13.32   18.11   200.10   97.20   211.33   98.66 
  89   19.19    9.25     41.54    1.92    2.84     14.78    5.89    6.46     19.07    3.26    3.42      6.84   13.89   18.06   200.96   99.48   211.97  101.04 
  90   19.19    9.20     39.30    2.50    2.83     13.88    6.69    6.46     19.07    3.26    3.42      6.80   14.55   18.02   201.06  101.18   211.78  102.33 
  91   16.55    9.19     37.05    3.25    2.84     14.90    5.88    6.46     18.51    3.49    3.42      7.61   13.44   17.97   201.03  101.16   211.94  102.58 
  92   16.55    9.18     37.59    3.06    2.84     14.36    6.33    6.45     18.51    3.49    3.42      7.58   13.14   17.92   200.97  102.82   211.85  104.01 
  93   16.55    9.16     37.03    3.28    2.85     14.59    6.10    6.45     18.51    3.49    3.43      7.15   13.44   17.87   200.71  103.84   211.46  105.14 
  94   16.55    9.19     38.07    2.91    2.85     16.24    4.89    6.43     18.51    3.49    3.43      6.92   13.45   17.82   200.95  106.32   211.32  107.56 
  95   16.55    9.18     38.28    2.83    2.85     17.61    4.16    6.41     18.51    3.49    3.43      7.10   13.08   17.77   198.85  108.13   209.72  109.63 
  96   19.94    9.21     37.97    2.92    2.85     18.13    3.92    6.38     18.50    3.51    3.43      7.20   13.37   17.73   196.97  108.73   207.91  110.03 
  97   19.94    9.13     35.26    3.99    2.86     19.63    3.28    6.35     18.50    3.51    3.43      7.88   12.80   17.67   196.98  107.88   207.68  109.51 
  98   19.94    9.11     34.62    4.28    2.87     19.26    3.49    6.32     18.50    3.51    3.43      7.83   12.99   17.63   195.96  107.41   206.72  108.99 
  99   19.94    9.18     35.97    3.64    2.88     17.95    4.03    6.30     18.50    3.51    3.43      7.40   14.11   17.59   195.76  104.61   206.58  105.89 
 100   19.94    9.17     40.55    2.14    2.87     18.31    3.93    6.28     18.50    3.51    3.43      6.93   15.47   17.57   197.11  101.26   207.92  102.49 
 101   16.98    9.21     38.41    2.70    2.87     18.78    3.66    6.25     18.08    3.70    3.43      7.42   13.94   17.53   196.28   97.89   207.11   99.20 
 102   16.98    9.16     40.32    2.14    2.86     20.22    3.11    6.22     18.08    3.70    3.44      6.99   13.94   17.50   192.50   97.51   203.39   98.51 
 103   16.98    9.19     40.87    1.99    2.86     19.50    3.37    6.19     18.08    3.70    3.44      7.23   13.09   17.46   190.29   98.19   201.11   99.21 
 104   16.98    9.14     38.77    2.51    2.85     19.41    3.39    6.16     18.08    3.70    3.44      7.63   12.48   17.41   188.01   98.61   198.80   99.58 
 105   16.98    9.19     38.06    2.71    2.85     18.93    3.62    6.14     18.08    3.70    3.44      7.62   13.00   17.37   186.42   99.31   197.35  100.64 
 106   19.11   13.74     37.97    2.73    2.85     21.66    2.63    6.11     18.65    3.48    3.44      7.00   13.99   17.33   184.42  101.57   195.18  102.41 
 107   19.11   12.61     40.24    2.10    2.84     20.63    2.96    6.08     18.65    3.48    3.44      6.66   14.42   17.31   182.04  103.94   193.04  105.03 
 108   19.11   13.56     -0.37  153.52    4.24     19.44    3.40    6.05     18.65    3.48    3.44      6.05   16.84   17.30   179.11  104.14   189.84  105.33 
 109   19.11   13.72     -0.41  150.24    5.58     19.99    3.17    6.03     18.65    3.48    3.45      4.62   22.83   17.35   174.85  101.70   185.80  103.04 
 110   19.11   13.93     40.39    1.95    5.54     19.59    3.30    6.00     18.65    3.48    3.45      4.38   24.94   17.42   171.05   99.23   181.79  100.49 
 111   22.05   13.80     37.36    2.75    5.52     19.93    3.22    5.98     18.20    3.67    3.45      5.80   18.36   17.43   170.20   98.78   180.90  100.19 
 112   22.05   13.79     38.95    2.28    5.49     19.32    3.50    5.95     18.20    3.67    3.45      7.16   14.50   17.40   168.96   99.01   179.54  100.49 
 113   22.05   13.65     40.11    1.99    5.46     19.94    3.23    5.93     18.20    3.67    3.45      6.99   14.61   17.38   169.18   99.82   179.65  101.03 
 114   22.05   12.39     38.82    2.33    5.43     18.80    3.69    5.91     18.20    3.67    3.45      6.75   14.91   17.36   169.29  100.54   180.00  102.18 
 115   22.05   13.53     38.32    2.51    5.41     19.78    3.32    5.89     18.20    3.67    3.46      6.57   15.63   17.34   173.07  101.29   183.76  102.73 
 116   22.48   13.50     39.67    2.19    5.38     18.74    3.77    5.87     18.84    3.43    3.46      6.16   15.98   17.33   176.47  103.37   187.13  104.61 
 117   22.48   12.09     35.91    3.43    5.36     16.69    4.86    5.86     18.84    3.43    3.45      6.14   16.32   17.32   178.48  106.75   189.10  108.25 
 118   22.48   13.23     36.69    3.18    5.34     16.44    4.94    5.85     18.84    3.43    3.45      5.90   17.20   17.32   180.83  109.12   191.11  110.64 
 119   22.48   13.27     36.65    3.26    5.33     16.33    4.98    5.85     18.84    3.43    3.45      5.81   16.56   17.32   183.67  112.55   193.90  114.16 
 120   22.48   13.31     38.49    2.67    5.30     15.63    5.43    5.84     18.84    3.43    3.45      6.31   15.88   17.30   185.05  115.14   195.29  116.63 
 121   21.80   12.27     40.31    2.19    5.28     12.51    8.75    5.87     18.36    3.63    3.46      5.84   19.74   17.32   188.63  116.27   198.70  117.88 
 122   21.80   13.20     39.30    2.50    5.26      9.41   17.76    5.96     18.36    3.63    3.46      3.95   34.05   17.46   191.68  116.29   202.09  118.20 
 123   21.80   13.23     30.70    6.81    5.27      8.84   22.89    6.10     18.36    3.63    3.46      3.99   44.11   17.68   198.08  111.09   208.47  112.81 
 124   21.80   13.11     24.23   14.48    5.34      7.37   20.14    6.22     18.36    3.63    3.46      5.23   38.92   17.85   208.23  105.58   218.57  107.41 
 125   21.80   13.17     21.92   19.02    5.45      8.36   11.26    6.26     18.36    3.63    3.46      4.45   30.03   17.95   207.54   94.76   217.93   96.67 
 126   26.92   13.23     22.28   18.42    5.55     10.24    7.92    6.27     18.15    3.83    3.46      4.77   20.74   17.97   213.20   91.77   223.65   93.61 
 127   26.92   12.91     22.07   18.88    5.66      9.42    8.25    6.28     18.15    3.83    3.47      3.81   18.55   17.97   214.18   89.69   224.70   91.52 
 128   26.92   12.87     22.47   18.14    5.76      9.03    8.00    6.30     18.15    3.83    3.47      3.01   18.80   17.98   216.03   88.64   226.47   90.34 
 129   26.92   12.39     22.52   18.19    5.85      8.43    8.06    6.31     18.15    3.83    3.47      3.03   16.99   17.97   218.79   87.26   229.31   88.89 
 130   26.92   11.26     22.36   18.85    5.95      7.66    8.78    6.33     18.15    3.83    3.48      2.58   16.67   17.96   224.02   87.72   234.58   89.64 
 131   26.59   13.15     22.34   19.23    6.06     15.58    3.54    6.31     17.79    3.96    3.48      2.78   16.02   17.95   228.13   89.13   238.63   90.89 
 132   26.59   13.16     22.85   18.35    6.15     15.25    3.70    6.29     17.79    3.96    3.48      3.37   14.95   17.92   229.94   90.09   240.47   91.85 
 133   26.59   11.46     22.93   18.38    6.24     14.32    4.10    6.27     17.79    3.96    3.49      3.04   15.93   17.91   233.66   90.42   244.22   92.22 
 134   26.59   12.51     23.24   18.02    6.33     13.60    4.50    6.26     17.79    3.96    3.49      3.17   15.82   17.89   238.34   91.39   248.88   93.14 
 135   26.59   13.22     22.95   18.66    6.42     10.53    6.69    6.26     17.79    3.96    3.49      3.50   16.34   17.88   239.15   90.95   249.59   92.65 
 136   27.62   13.15     22.89   18.82    6.51      8.84    9.39    6.29     18.04    3.81    3.50      3.71   17.89   17.88   240.02   90.66   250.67   92.37 
 137   27.62   12.15     22.93   18.78    6.60      7.69   13.08    6.34     18.04    3.81    3.50      3.94   21.08   17.91   241.06   90.06   251.56   91.93 
 138   27.62   13.57     22.91   18.86    6.69      7.33   16.68    6.41     18.04    3.81    3.50      4.02   24.57   17.95   238.30   89.29   248.88   90.88 
 139   27.62   12.74     22.90   18.65    6.78      6.70   18.16    6.49     18.04    3.81    3.50      3.25   28.48   18.03   237.85   88.30   248.61   89.95 
 140   27.62   12.78     22.49   19.42    6.87      7.38   16.14    6.56     18.04    3.81    3.50      3.39   25.49   18.08   235.56   89.42   246.20   91.18 
 141   22.84   12.91     22.57   19.39    6.95      8.65   15.43    6.63     16.61    4.52    3.51      4.03   26.87   18.15   236.59   89.60   247.13   91.13 
 142   22.84   12.55     22.06   20.57    7.05      6.46   28.07    6.78     16.61    4.52    3.52      4.05   36.69   18.28   235.94   90.15   246.77   91.91 
 143   22.84   11.52     16.22   39.92    7.28      1.36   28.03    6.93     16.61    4.52    3.53      4.06   47.65   18.48   237.72   70.64   248.18   72.19 
 144   22.84   13.22     14.17   50.34    7.58     -5.40   18.63    7.01     16.61    4.52    3.53      3.11   34.54   18.59   242.59   61.14   252.93   62.90 
 145   22.84   11.71     13.20   56.18    7.91     -4.40   18.77    7.09     16.61    4.52    3.54      0.84   22.75   18.62   240.00   53.23   250.39   55.05 
 146   27.47   12.87     13.58   53.61    8.23      2.30    6.69    7.09     15.92    4.93    3.55      1.24   13.93   18.59   251.09   59.51   261.59   60.95 
 147   27.47   12.66     13.43   54.04    8.54     -1.21    6.89    7.08     15.92    4.93    3.56     -0.57   10.87   18.54   251.83   58.18   262.17   60.21 
 148   27.47   11.56     12.59   59.09    8.88      0.74    7.85    7.09     15.92    4.93    3.57     -2.92   10.57   18.48   226.60   44.84   236.60   46.41 
 149   27.47   13.79     15.13   43.95    9.12      0.01    6.98    7.09     15.92    4.93    3.58     -4.43   10.10   18.43   238.64   63.34   249.17   64.65 
 150   27.47   14.00     14.80   45.48    9.36      2.07    6.59    7.09     15.92    4.93    3.59     -2.67   10.26   18.37   239.04   65.86   249.37   66.68 
 151   36.26   14.11     14.36   47.51    9.61      4.24    3.99    7.07     16.20    4.70    3.59      1.40    9.33   18.31   236.03   65.89   245.84   68.16 
 152   36.26   14.03     13.66   51.23    9.88     -2.06    4.46    7.05     16.20    4.70    3.60      0.62    9.94   18.26   240.93   64.61   250.69   66.61 
 153   36.26   14.06     13.29   53.76   10.17     -0.13    4.19    7.03     16.20    4.70    3.61      0.90   11.93   18.22   246.63   64.40   256.76   65.99 
 154   36.26   13.97     12.85   55.77   10.47      3.33    4.58    7.01     16.20    4.70    3.61      1.01   12.20   18.18   244.25   61.36   254.82   63.01 
 155   36.26   14.05     11.01   68.83   10.84      0.59    4.56    7.00     16.20    4.70    3.62      1.58   14.29   18.15   247.11   47.38   257.34   49.10 
 156   34.44   14.11     -0.12  179.36   11.92      1.32    3.77    6.98     16.13    4.66    3.63      0.49   10.04   18.10   240.58   44.22   250.32   45.42 
 157   34.44   13.91     10.88   69.54   12.29     -1.16    3.74    6.96     16.13    4.66    3.64      0.84    9.75   18.05   269.94   66.65   280.59   67.83 
 158   34.44   14.01     10.13   76.54   12.70     -1.85    3.65    6.94     16.13    4.66    3.64      0.19    9.88   18.00   280.25   68.02   290.82   69.34 
 159   34.44   14.02     10.54   73.87   13.08     -1.88    3.60    6.91     16.13    4.66    3.65      0.38   10.14   17.95   279.14   68.53   289.83   69.62 
 160   34.44   12.87     11.74   65.30   13.41     -4.02    3.42    6.89     16.13    4.66    3.65     -1.02    7.87   17.88   269.48   68.87   280.24   69.42 
 161   31.36   12.64     10.70   73.60   13.78     -3.87    2.70    6.87     16.13    4.59    3.66      0.88    7.55   17.82   281.18   70.90   291.60   72.13 
 162   31.36   12.72     10.64   74.01   14.15     -8.57    2.87    6.84     16.13    4.59    3.67     -0.84    6.21   17.75   282.80   71.16   293.27   71.77 
 163   31.36   12.80     12.09   63.27   14.46     -3.33    2.76    6.82     16.13    4.59    3.67      0.21    6.10   17.68   271.14   70.55   281.89   71.23 
 164   31.36   11.22     11.26   69.57   14.79      0.38    2.68    6.79     16.13    4.59    3.68      0.46    8.10   17.62   257.96   49.04   268.16   50.66 
 165   31.36   13.78     11.62   66.74   15.11     -5.85    2.88    6.77     16.13    4.59    3.68      0.17    7.42   17.56   278.52   68.58   289.42   69.24 
 166   34.46   12.62     12.31   62.29   15.39    -11.36    2.60    6.74     15.58    4.81    3.69     -0.95    4.74   17.48   275.07   68.38   286.04   69.14 
 167   34.46   12.76     11.37   70.08   15.72    -13.97    2.75    6.72     15.58    4.81    3.70     -2.29    4.08   17.40   279.39   55.31   289.86   57.27 
 168   34.46   12.49     12.53   62.50   16.00    -13.56    2.70    6.69     15.58    4.81    3.70      0.26    8.67   17.35   289.08   69.32   298.83   70.64 
 169   34.46   10.99     11.30   72.96   16.33    -10.83    2.76    6.67     15.58    4.81    3.71      0.02    5.87   17.28   290.87   52.65   301.64   54.44 
 170   34.46   12.81     11.11   76.04   16.69     -3.57    2.74    6.65     15.58    4.81    3.72     -1.49    4.11   17.20   278.20   39.86   288.37   42.51 
 171   47.98   14.39     11.09   78.23   17.04     -6.41    1.97    6.62     15.12    5.00    3.72     -3.84    2.60   17.12   275.04   39.94   284.92   41.66 
 172   47.98   14.26     11.00   79.92   17.41    -14.52    1.93    6.59     15.12    5.00    3.73     -1.08    4.90   17.04   279.65   41.71   289.92   44.65 
 173   47.98   14.33     10.93   81.12   17.78     -9.57    2.00    6.57     15.12    5.00    3.74     -0.56    5.82   16.98   277.90   44.14   287.87   45.47 
 174   47.98   14.22     11.09   80.19   18.14     -8.79    1.89    6.54     15.12    5.00    3.75     -1.51    4.16   16.91   275.03   45.50   285.05   46.88 
 175   47.98   11.59      7.72  118.24   18.71    -10.89    1.82    6.51     15.12    5.00    3.75     -0.92    4.43   16.83   322.67   27.26   332.23   28.63 
 176   37.75   12.43      7.52  121.50   19.29     -6.43    1.19    6.48     15.15    4.91    3.76      0.17    3.94   16.76   319.99   21.98   329.52   22.61 
 177   37.75   12.52      7.58  122.17   19.87     -6.15    1.27    6.45     15.15    4.91    3.77      0.27    3.85   16.69   318.94   18.27   328.29   18.80 
 178   37.75   10.98      7.45  125.04   20.47     -3.28    1.30    6.42     15.15    4.91    3.77      0.34    3.86   16.62   318.74   13.36   329.31   15.02 
 179   37.75   13.16      7.26  128.27   21.07     -6.12    1.26    6.40     15.15    4.91    3.78      0.22    3.26   16.54   320.42   10.83   330.35   12.20 
 180   37.75   13.86      7.00  132.05   21.68     -6.16    1.23    6.37     15.15    4.91    3.78      0.06    2.90   16.47   322.72    8.07   333.74    9.89 
 181   33.85   12.35      6.91  131.45   22.29     -0.43    1.03    6.34     15.44    4.68    3.79     -0.44    2.81   16.39   322.67    9.60   333.98   11.86 
 182   33.85   12.80      6.92  130.39   22.88     -7.99    1.22    6.31     15.44    4.68    3.79     -1.98    2.25   16.31   322.97    7.96   334.05    9.78 
 183   33.85   12.50      7.37  123.42   23.43     -6.54    1.27    6.28     15.44    4.68    3.80     -4.36    1.99   16.23   318.34   13.66   328.33   14.56 
 184   33.85   12.22      7.57  119.87   23.96     -7.77    1.30    6.25     15.44    4.68    3.80     -6.43    1.86   16.16   271.89    3.55   281.65    4.86 
 185   33.85   12.41      7.09  125.89   24.51     -3.30    1.26    6.23     15.44    4.68    3.81     -8.01    1.84   16.08   320.02   17.95   331.27   19.96 
 186   35.00   14.48      6.87  127.46   25.06     -2.00    1.32    6.20     14.97    4.88    3.81     -6.50    1.63   16.00   320.90   19.90   331.81   21.88 
 187   35.00   12.39      6.68  128.88   25.62      0.08    1.21    6.17     14.97    4.88    3.82     -5.60    1.69   15.92   322.16   21.82   333.08   23.51 
 188   35.00   12.38      6.31  133.49   26.19    -13.16    1.40    6.15     14.97    4.88    3.83     -4.87    1.77   15.85   325.87   18.67   337.05   20.22 
 189   35.00   12.30      6.57  127.55   26.73     -6.41    1.26    6.12     14.97    4.88    3.83     -5.40    1.70   15.77   320.73   21.89   330.57   22.84 
 190   35.00   12.49      6.20  129.67   27.27     -6.64    1.34    6.10     14.97    4.88    3.84     -4.73    1.70   15.70   321.41   18.10   332.17   19.93 
 191   37.61   10.97      6.46  125.13   27.78     -0.56    1.25    6.07     15.11    4.74    3.84     -1.92    2.07   15.63   322.06   19.61   332.22   21.00 
 192   37.61   12.39     10.29   80.43   28.06    -11.39    1.40    6.05     15.11    4.74    3.85     -1.11    2.18   15.56   255.92   22.91   266.08   23.89 
 193   37.61   13.68      7.34  113.88   28.50     -0.96    1.32    6.02     15.11    4.74    3.85     -0.17    2.40   15.49   321.08   16.37   331.25   17.56 
 194   37.61   14.38      7.45  114.41   28.94     -7.66    1.37    6.00     15.11    4.74    3.86     -3.34    1.75   15.42   324.15   16.01   334.38   17.21 
 195   37.61   14.02      8.13  107.58   29.35     -0.19    1.22    5.98     15.11    4.74    3.86     -6.42    1.61   15.35   318.96   22.86   328.78   23.63 
 196   35.61   12.35      8.10  109.95   29.76     -4.07    1.90    5.95     14.93    4.77    3.86    -13.42    2.14   15.28   321.53   24.96   331.66   26.12 
 197   35.61   12.36      8.49  107.10   30.15     -5.06    2.04    5.93     14.93    4.77    3.87     -6.20    2.40   15.22   318.28   26.03   328.35   27.35 
 198   35.61   12.35      8.53  109.00   30.55     -3.68    1.97    5.91     14.93    4.77    3.87     -8.19    2.26   15.15   323.18   27.03   334.36   28.61 
 199   35.61   11.87     10.51   88.82   30.84    -28.59    2.08    5.90     14.93    4.77    3.88    -11.61    2.16   15.09   259.70   30.52   269.77   33.92 
 200   35.61   10.39      9.30  103.35   31.20     -6.54    1.97    5.88     14.93    4.77    3.88    -16.55    2.11   15.02   319.32   28.35   330.43   29.01 
 201   33.71   14.67      9.61  100.15   31.55     -0.88    0.97    5.85     15.57    4.38    3.89     -8.12    1.87   14.96   314.68   23.58   325.58   24.12 
 202   33.71   14.45     10.94   85.68   31.82     -5.83    1.65    5.83     15.57    4.38    3.89     -0.28    4.51   14.90   255.50   24.66   265.11   28.32 
 203   33.71   14.34     11.26   83.62   32.07     -5.87    1.64    5.81     15.57    4.38    3.89     -1.05    3.24   14.85   240.78   32.40   249.60   32.36 
 204   33.71   14.41     11.03   86.43   32.34     -9.91    1.66    5.79     15.57    4.38    3.89     -0.69    3.35   14.79   270.22   15.42   280.35   15.92 
 205   33.71   14.38     10.69   90.40   32.62    -10.57    1.66    5.77     15.57    4.38    3.90     -0.36    3.82   14.74   258.63   10.69   268.30   14.30 
 206   38.74   14.41     10.89   88.35   32.89     -7.57    1.58    5.75     14.98    4.63    3.90     -0.88    3.41   14.68   251.94   14.23   261.98   15.66 
 207   38.74   14.43     10.39   93.52   33.18     -8.32    1.60    5.73     14.98    4.63    3.90     -1.38    3.03   14.62   257.84    7.14   268.73    9.10 
 208   38.74   14.55      9.54  102.35   33.52      0.47    1.58    5.71     14.98    4.63    3.91     -0.89    3.54   14.57   322.07    2.97   332.17    4.50 
 209   38.74   14.42      7.99  121.11   33.94    -12.57    1.63    5.69     14.98    4.63    3.91     -2.11    2.58   14.51   262.56  -18.64   272.05  -17.21 
 210   38.74   14.37      8.94  108.35   34.29     -2.74    1.54    5.67     14.98    4.63    3.91     -3.75    2.16   14.46   321.80    1.30   331.56    2.78 
 211   34.75   12.16      8.53  113.15   34.66     -1.94    0.76    5.65     14.53    4.82    3.92     -1.46    1.64   14.39   320.15   -3.23   330.31   -1.77 
 212   34.75   12.32      8.35  115.20   35.04     -7.68    0.87    5.62     14.53    4.82    3.92     -2.54    1.32   14.33   331.03   -3.67   341.64   -0.77 
 213   34.75   12.84      8.28  115.76   35.42    -10.28    0.83    5.60     14.53    4.82    3.93     -1.44    1.51   14.27   327.59   -6.71   338.47   -3.75 
 214   34.75   11.51      8.67  110.51   35.77     -3.56    0.85    5.58     14.53    4.82    3.93     -1.92    1.40   14.21   325.54   -2.27   335.49   -1.09 
 215   34.75   10.93      9.06  106.33   36.10      2.20    0.57    5.56     14.53    4.82    3.93     -2.02    1.31   14.15   322.58   -0.48   332.37    0.85 
 216   41.38   14.68      9.03  106.16   36.43     -1.77    0.60    5.53     15.83    4.10    3.93     -3.80    0.88   14.09   323.98   -0.36   333.78    1.20 
 217   41.38   14.43      9.14  104.36   36.74     -0.85    0.55    5.51     15.83    4.10    3.94     -1.98    1.07   14.03   323.65    1.74   333.49    3.36 
 218   41.38   14.53      8.11  117.77   37.11    -38.78    0.69    5.49     15.83    4.10    3.94     -1.45    1.24   13.97   280.65  -23.79   290.59  -21.22 
 219   41.38   14.47      7.88  120.71   37.49     -8.80    0.67    5.47     15.83    4.10    3.94     -0.71    1.66   13.92   231.85  -18.13   241.47  -16.28 
 220   41.38   13.49      7.98  119.86   37.87     -3.63    0.62    5.44     15.83    4.10    3.94     -0.24    1.78   13.86   239.70  -19.16   249.56  -16.85 
 221   43.27   14.78      8.22  116.36   38.22     -8.65    0.59    5.42     15.84    4.04    3.94     -0.26    1.47   13.80   245.33  -17.11   255.00  -16.39 
 222   43.27   14.37     11.53   79.72   38.41    -14.18    0.67    5.40     15.84    4.04    3.94     -0.16    1.87   13.75   260.80   16.79   270.18   18.36 
 223   43.27   12.49      8.27  115.35   38.75     -9.46    0.66    5.38     15.84    4.04    3.94     -0.48    1.67   13.70   256.43  -18.77   266.18  -17.79 
 224   43.27   11.62      8.34  114.20   39.09     -5.06    0.59    5.36     15.84    4.04    3.94     -0.17    1.98   13.64   264.84  -18.32   274.74  -17.88 
 225   43.27   12.17      8.39  114.23   39.42    -19.04    0.65    5.34     15.84    4.04    3.94     -0.69    1.26   13.59   269.03  -17.58   278.72  -17.45 
 226   41.32   11.55      8.24  116.52   39.77    -22.72    0.75    5.32     15.18    4.31    3.94     -1.57    1.24   13.53   285.93  -19.54   295.78  -17.90 
 227   41.32   10.37     11.81   77.41   39.93     -9.44    0.72    5.30     15.18    4.31    3.94     -2.00    1.17   13.48   321.70   32.59   331.89   33.74 
 228   41.32   12.01      8.66  111.27   40.24    -26.82    0.76    5.28     15.18    4.31    3.94     -5.43    0.87   13.43   290.10  -11.68   299.52   -9.26 
 229   41.32   13.18      7.56  124.47   40.61    -41.16    0.76    5.26     15.18    4.31    3.95     -9.56    0.81   13.37   267.54  -23.66   278.31  -21.32 
 230   41.32   13.57      7.15  128.15   40.99    -27.54    0.76    5.24     15.18    4.31    3.95     -6.76    0.86   13.32   267.26  -23.89   278.04  -21.48 
 231   44.40   11.78      7.01  127.48   41.37    -24.27    0.58    5.22     15.74    4.00    3.95    -11.18    0.60   13.26   262.88  -22.39   273.65  -20.16 
 232   44.40   12.16      6.79  127.78   41.74    -13.22    0.53    5.20     15.74    4.00    3.95    -14.22    0.60   13.21   267.33  -21.69   278.34  -19.58 
 233   44.40   12.13      5.96  138.63   42.16      -Inf    0.58    5.18     15.74    4.00    3.95     -7.78    0.64   13.15   255.69  -33.26   265.61  -32.51 
 234   44.40   11.22      6.07  132.67   42.54    -14.89    0.56    5.16     15.74    4.00    3.95    -14.02    0.60   13.10   316.68   -4.59   328.25   -3.05 
 235   44.40   10.81      6.11  130.33   42.92    -11.07    0.55    5.14     15.74    4.00    3.95    -10.34    0.60   13.05   311.62   -1.61   321.04   -1.38 
 236   43.01   14.08      5.02  144.80   43.35     -7.80    0.56    5.12     15.26    4.19    3.95    -16.52    0.69   12.99   321.04   -9.25   329.97   -8.49 
 237   43.01   12.40      4.50  152.09   43.81    -13.86    0.65    5.10     15.26    4.19    3.95     -7.17    0.75   12.94   323.13  -14.27   333.73  -14.40 
 238   43.01   12.13      4.97  143.67   44.23     -3.18    0.50    5.08     15.26    4.19    3.95     -5.96    0.78   12.89   320.29   -6.72   328.87   -5.95 
 239   43.01   12.46      4.82  144.68   44.65      0.37    0.58    5.06     15.26    4.19    3.95     -1.86    1.15   12.84   319.42   -5.33   328.22   -4.60 
 240   43.01   12.31      4.59  147.63   45.08     -3.44    0.56    5.04     15.26    4.19    3.95     -1.47    1.15   12.79   322.85   -3.46   331.42   -2.45 
 241   42.70   11.89      5.22  136.12   45.45    -21.16    0.45    5.02     15.84    3.87    3.95     -2.93    0.76   12.74   276.63  -17.70   286.22  -17.15 
 242   42.70   12.21      5.01  137.88   45.84    -29.24    0.46    5.00     15.84    3.87    3.95     -3.68    0.68   12.69   275.68  -18.98   286.46  -17.65 
 243   42.70   12.35      3.82  156.36   46.29    -22.65    0.45    4.99     15.84    3.87    3.95     -3.29    0.69   12.64   313.51  -14.09   322.07  -13.04 
 244   42.70   12.55      4.47  141.67   46.68    -20.10    0.45    4.97     15.84    3.87    3.95     -3.60    0.70   12.59   281.87  -17.06   292.22  -16.48 
 245   42.70   12.67      2.62  171.62   47.19     -6.61    0.42    4.95     15.84    3.87    3.95     -4.87    0.64   12.55   324.17  -19.41   334.51  -17.85 
 246   41.75   11.71      4.60  133.53   47.54     -9.32    0.40    4.93     15.96    3.78    3.95    -20.71    0.42   12.50   268.93  -11.73   278.69  -11.15 
 247   41.75   10.71     -0.28  226.25   48.27      -Inf    0.42    4.91     15.96    3.78    3.95     -3.64    0.55   12.45   350.68  -59.99   360.60  -59.29 
 248   41.75   10.27      3.20  144.69   48.65    -14.97    0.40    4.89     15.96    3.78    3.95     -2.82    0.55   12.40   274.79  -13.56   283.80  -11.44 
 249   41.75   11.56      2.54  149.63   49.06    -11.64    0.39    4.88     15.96    3.78    3.95    -19.49    0.42   12.35   277.77  -11.83   287.85  -10.94 
 250   41.75   11.92      0.52  182.35   49.59      -Inf    0.42    4.86     15.96    3.78    3.95     -2.17    0.56   12.30   342.54   49.34   352.06   50.89 
 251   47.14   11.91      1.94  150.88   50.00    -24.59    0.76    4.84     14.61    4.37    3.95     -2.56    1.05   12.26   256.92  -24.03   267.76  -23.16 
 252   47.14   10.66      0.91  165.81   50.46    -20.86    0.72    4.83     14.61    4.37    3.95     -8.56    0.84   12.21   279.63  -19.97   289.86  -19.22 
 253   47.14   10.92      0.38  175.37   50.95    -36.70    0.76    4.81     14.61    4.37    3.95     -5.48    0.87   12.17   290.50  -17.04   300.17  -15.42 
 254   47.14   11.75      0.23  176.90   51.45    -18.23    0.71    4.79     14.61    4.37    3.96    -14.93    0.79   12.12   321.08   46.91   330.59   48.07 
 255   47.14   11.09      0.16  176.20   51.93     -8.64    0.73    4.78     14.61    4.37    3.96    -11.23    0.80   12.08   319.54   48.62   328.98   49.86 
 256   51.47   12.52      0.27  175.54   52.42    -31.13    0.57    4.76     14.50    4.38    3.96     -3.94    0.77   12.04   302.30    5.84   311.52    7.26 
 257   51.47   12.16     -0.19  186.12   52.94    -37.54    0.57    4.74     14.50    4.38    3.96     -2.56    0.83   11.99   295.92  -18.88   305.66  -17.62 
 258   51.47   11.90     -0.87  201.09   53.51      -Inf    0.57    4.73     14.50    4.38    3.96     -0.66    1.15   11.95   315.24  -11.50   325.28  -11.15 
 259   51.47   10.56     -2.13  230.58   54.20      -Inf    0.57    4.71     14.50    4.38    3.96     -2.07    0.93   11.91   342.67  -21.77   350.86  -20.39 
 260   51.47   10.77     -2.70  250.92   54.95      -Inf    0.57    4.70     14.50    4.38    3.97     -2.90    0.78   11.87   382.82    7.89   393.71   10.39 
 261   44.04   12.48      0.75  171.42   55.40    -17.31    0.53    4.68     15.62    3.82    3.96     -2.69    0.74   11.82   318.38   54.48   328.11   54.92 
 262   44.04   12.79      0.70  174.54   55.85    -21.60    0.55    4.66     15.62    3.82    3.96     -0.47    1.15   11.78   322.12   52.27   332.11   52.23 
 263   44.04   11.68      1.00  169.59   56.29    -16.37    0.52    4.65     15.62    3.82    3.96     -4.16    0.70   11.74   318.32   54.69   327.10   55.82 
 264   44.04   12.12      0.92  172.43   56.73    -20.50    0.55    4.63     15.62    3.82    3.96     -1.94    0.85   11.70   323.26   57.26   331.98   58.33 
 265   44.04   12.16      1.29  168.18   57.15    -22.23    0.55    4.62     15.62    3.82    3.96     -1.69    0.81   11.66   325.47   71.61   335.59   72.01 
 266   47.47   11.83     -1.21  228.79   57.79      -Inf    0.54    4.60     15.62    3.78    3.96     -1.27    0.80   11.62   376.18   14.37   385.79   15.84 
 267   47.47   12.30      2.53  151.82   58.14    -10.77    0.53    4.59     15.62    3.78    3.96     -0.49    0.91   11.58   317.26   71.67   327.41   72.25 
 268   47.47   11.86      2.99  148.10   58.48    -19.87    0.51    4.57     15.62    3.78    3.96      0.58    1.57   11.54   317.58   63.75   326.07   64.33 
 269   47.47   12.19      3.25  147.51   58.81    -23.04    0.53    4.56     15.62    3.78    3.96     -0.39    1.33   11.50   325.15   77.43   335.31   78.05 
 270   47.47   12.45     -0.44  227.12   59.43      -Inf    0.54    4.54     15.62    3.78    3.96     -0.02    1.41   11.46   367.62  -26.99   376.88  -25.77 
 271   45.49   11.04      3.17  150.88   59.77    -40.69    0.52    4.53     15.61    3.75    3.96     -0.75    0.92   11.42   327.02   51.12   336.99   51.19 
 272   45.49   11.26      1.77  176.07   60.20    -17.84    0.51    4.51     15.61    3.75    3.96      1.25    1.83   11.39   315.46  -20.55   325.42  -19.97 
 273   45.49   12.33      3.85  137.18   60.48    -11.31    0.46    4.50     15.61    3.75    3.96      0.48    0.83   11.35   321.92   73.88   331.99   74.62 
 274   45.49   11.79      3.52  141.35   60.78    -10.47    0.50    4.48     15.61    3.75    3.96      1.02    1.20   11.31   326.37   71.84   336.43   72.21 
 275   45.49   12.07      3.49  142.12   61.07    -17.59    0.51    4.47     15.61    3.75    3.96      1.65    2.88   11.28   327.98   66.71   338.31   66.82 
 276   50.93   10.55      1.02  188.49   61.53      -Inf    0.34    4.45     15.14    3.92    3.96      1.67    1.95   11.25   326.77  -42.94   335.00  -41.26 
 277   50.93   11.17     -1.32  246.43   62.20      -Inf    0.34    4.44     15.14    3.92    3.96    -11.34    0.35   11.21   405.43  -24.21   416.83  -21.72 
 278   50.93   11.72      4.09  134.37   62.46      -Inf    0.34    4.42     15.14    3.92    3.95     -3.72    0.44   11.17   241.34  -27.28   253.25  -26.81 
 279   50.93   10.98     -1.24  258.07   63.16      -Inf    0.34    4.41     15.14    3.92    3.95     -0.74    0.73   11.13   404.39  -40.09   413.61  -38.85 
 280   50.93   11.62      2.33  177.91   63.57      -Inf    0.34    4.39     15.14    3.92    3.95     -2.86    0.49   11.10   202.00  -62.79   213.58  -58.32 
 281   51.48   12.24      2.28  185.57   64.01    -19.31    1.14    4.38     15.85    3.58    3.95     -7.55    1.27   11.06   330.60   -9.68   340.50   -7.29 
 282   51.48   11.29      4.62  145.44   64.29    -29.56    1.15    4.37     15.85    3.58    3.95     -3.98    1.46   11.03   326.14   50.82   336.56   50.03 
 283   51.48   10.51      3.49  171.83   64.67    -19.11    1.13    4.36     15.85    3.58    3.95     -7.38    1.26   10.99   330.62   10.93   339.90   12.84 
 284   51.48   10.71      6.60  122.55   64.88    -32.04    1.15    4.35     15.85    3.58    3.95     -8.48    1.24   10.96   312.93   65.58   323.54   64.96 
 285   51.48   11.24      5.91  135.16   65.12    -16.97    1.12    4.34     15.85    3.58    3.95    -27.87    1.16   10.92   322.29   54.33   332.78   53.63 
 286   59.32   12.77      3.52  179.66   65.53     -8.01    0.48    4.32     15.24    3.81    3.95    -15.38    0.50   10.89   315.31  -13.42   323.22  -12.14 
 287   59.32   11.66      5.94  137.06   65.77    -33.56    0.49    4.31     15.24    3.81    3.95    -24.04    0.49   10.85   326.73   50.26   337.34   49.61 
 288   59.32   12.28      4.37  165.70   66.12    -15.48    0.48    4.30     15.24    3.81    3.95     -7.03    0.53   10.82   277.11  -17.05   284.87  -16.16 
 289   59.32   11.02      1.17  238.02   66.72      -Inf    0.49    4.28     15.24    3.81    3.95     -0.51    1.23   10.78   210.64  -96.94   222.31  -93.52 
 290   59.32   10.64      1.77  218.54   67.24      -Inf    0.49    4.27     15.24    3.81    3.95     -2.47    0.72   10.75   269.14  -73.79   280.18  -72.97 
 291   49.94   12.75      6.12  131.05   67.46    -51.24    0.48    4.26     15.23    3.78    3.95     -0.10    0.86   10.71   330.48   65.50   340.73   64.64 
 292   49.94   11.89      3.14  180.86   67.85     -7.22    0.46    4.25     15.23    3.78    3.94     -1.37    0.82   10.68   322.75  -19.96   333.74  -17.66 
 293   49.94   11.90      0.92  227.79   68.39      -Inf    0.48    4.23     15.23    3.78    3.94     -5.59    0.56   10.64   333.40  -72.21   340.90  -71.27 
 294   49.94   12.20      3.20  170.39   68.74    -13.07    0.46    4.22     15.23    3.78    3.94     -2.38    0.72   10.61   319.26  -13.45   327.06  -12.35 
 295   49.94   12.34      3.15  165.17   69.07    -29.94    0.47    4.21     15.23    3.78    3.94     -3.44    0.62   10.58   317.85   -8.03   325.60   -6.94 
 296   52.76   11.11      3.13  161.62   69.38    -21.29    1.00    4.20     15.53    3.62    3.94     -3.69    1.29   10.55   330.35   15.52   340.42   16.89 
 297   52.76   12.10      0.78  209.53   69.85      -Inf    1.01    4.19     15.53    3.62    3.94    -11.55    1.04   10.51   402.59   64.87   412.06   68.06 
 298   52.76   12.44     -0.18  231.47   70.39      -Inf    1.01    4.17     15.53    3.62    3.94    -15.30    1.02   10.48   376.28  -33.15   386.26  -32.05 
 299   52.76   11.89     -1.81  275.77   71.08      -Inf    1.01    4.16     15.53    3.62    3.94     -8.69    1.08   10.45   406.07  -59.84   415.17  -58.63 
 300   52.76   11.94      0.51  209.03   71.54      -Inf    1.01    4.15     15.53    3.62    3.94     -6.33    1.09   10.42   344.14  -28.18   355.34  -28.27 
 301   54.38   11.23      1.20  193.77   71.95      -Inf    0.94    4.14     15.51    3.60    3.94     -3.91    1.16   10.39   367.14   40.48   376.26   42.72 
 302   54.38   11.68     -0.64  239.75   72.50      -Inf    0.94    4.13     15.51    3.60    3.94     -3.19    1.27   10.36   382.64  -20.51   393.23  -21.01 
 303   54.38   10.31     -0.04  222.53   73.00      -Inf    0.94    4.12     15.51    3.60    3.93    -40.16    0.94   10.33   344.97  -35.47   356.47  -34.54 
 304   54.38   11.75      2.13  172.07   73.32      -Inf    0.94    4.11     15.51    3.60    3.93    -18.73    0.95   10.30   347.78   71.46   357.30   75.14 
 305   54.38   12.67     -1.16  247.47   73.89      -Inf    0.94    4.10     15.51    3.60    3.93    -11.49    0.97   10.27   258.74 -116.79   270.02 -116.28 
 306   56.37   10.10      0.44  202.92   74.32      -Inf    1.00    4.09     15.54    3.55    3.93     -5.27    1.11   10.24   367.65   46.28   376.96   48.99 
 307   56.37   10.66     -0.41  222.89   74.80      -Inf    1.00    4.08     15.54    3.55    3.93     -9.84    1.05   10.21   334.04  -45.05   344.15  -43.32 
 308   56.37   11.08      1.03  187.85   75.17      -Inf    1.00    4.07     15.54    3.55    3.93     -3.57    1.29   10.18   335.63   12.75   344.76   13.92 
 309   56.37   11.83      1.98  167.47   75.47    -26.12    1.00    4.06     15.54    3.55    3.93    -15.99    1.01   10.15   270.76  -26.36   282.13  -24.88 
 310   56.37   10.46      0.61  194.95   75.85    -44.75    1.00    4.05     15.54    3.55    3.93     -6.84    1.09   10.12   322.74  -15.74   331.51  -14.51 
 311   57.97   12.98     -1.63  251.91   76.42      -Inf    0.98    4.04     15.58    3.51    3.92     -6.56    1.10   10.09   272.51 -121.85   283.46 -121.65 
 312   57.97   11.58      3.61  139.07   76.62    -12.78    0.97    4.03     15.58    3.51    3.92     -5.01    1.14   10.06   218.60  -25.68   229.50  -24.44 
 313   57.97   10.11      3.03  150.06   76.85    -27.92    0.98    4.02     15.58    3.51    3.92     -6.01    1.11   10.03   246.55  -28.14   257.79  -26.36 
 314   57.97   10.62      0.05  219.76   77.31      -Inf    0.98    4.01     15.58    3.51    3.92     -7.24    1.08   10.00   355.91  -33.64   366.71  -31.88 
 315   57.97   10.85      1.19  196.20   77.69      -Inf    0.98    4.00     15.58    3.51    3.92     -9.32    1.01    9.97   250.37  -74.78   261.89  -73.79 
 316   60.38   12.18      3.78  150.30   77.92    -46.83    0.91    3.99     15.30    3.60    3.92    -28.08    0.91    9.95   330.82   49.15   341.58   47.99 
 317   60.38   12.48      0.77  219.30   78.36      -Inf    0.91    3.98     15.30    3.60    3.92     -5.60    1.05    9.92   248.70  -97.99   260.07  -98.53 
 318   60.38   12.07      1.94  196.04   78.73      -Inf    0.91    3.97     15.30    3.60    3.92     -5.17    1.08    9.89   294.29  -58.01   304.06  -56.63 
 319   60.38   11.84     -0.32  257.11   79.29      -Inf    0.91    3.96     15.30    3.60    3.92    -19.98    0.92    9.86   442.93    3.90   453.18    5.53 
 320   60.38   10.38      0.28  242.25   79.80      -Inf    0.91    3.95     15.30    3.60    3.91    -45.20    0.91    9.83   308.20 -107.83   318.96 -107.42 
 321   60.98   12.14      0.08  248.36   80.32      -Inf    0.96    3.94     15.26    3.58    3.91     -4.24    1.16    9.81   397.81  -57.16   408.75  -56.11 
 322   60.98   12.46      2.97  177.70   80.63      -Inf    0.96    3.94     15.26    3.58    3.91     -8.36    1.03    9.78   365.16    8.19   375.06   11.25 
 323   60.98   11.77     -0.58  262.28   81.19      -Inf    0.96    3.93     15.26    3.58    3.91     -2.65    1.26    9.75   411.38  -67.12   420.55  -66.94 
 324   60.98   11.91      0.90  218.80   81.61      -Inf    0.96    3.92     15.26    3.58    3.91     -5.23    1.11    9.73   315.63  -85.64   326.90  -85.53 
 325   60.98   12.05      3.92  153.16   81.83      -Inf    0.96    3.91     15.26    3.58    3.91    -13.61    0.98    9.70   357.35   55.34   365.61   58.37 
 326   56.57   10.73      0.40  228.53   82.28      -Inf    0.44    3.90     15.46    3.48    3.91     -3.46    0.57    9.67   387.79  -39.26   397.68  -37.69 
 327   56.57   11.05      0.81  217.77   82.70      -Inf    0.44    3.89     15.46    3.48    3.91     -1.73    0.71    9.64   329.79  -75.03   340.55  -74.42 
 328   56.57   11.57     -2.86  330.72   83.45      -Inf    0.44    3.88     15.46    3.48    3.91     -0.49    0.95    9.62   445.05 -120.45   455.78 -120.12 
 329   56.57   12.56      1.25  206.03   83.83      -Inf    0.44    3.87     15.46    3.48    3.90    -14.48    0.45    9.59   276.33  -83.79   287.51  -83.74 
 330   56.57   11.60     -3.41  351.92   84.64      -Inf    0.44    3.86     15.46    3.48    3.90     -5.02    0.52    9.56   479.00 -106.46   489.50 -106.03 
 331   60.24   10.72     -2.96  332.98   85.39      -Inf    0.43    3.84     15.46    3.45    3.90     -1.31    0.77    9.54   459.48  -98.46   468.84  -98.05 
 332   60.24   10.80     -0.76  255.84   85.90      -Inf    0.43    3.83     15.46    3.45    3.90     -1.54    0.71    9.51   209.09 -142.47   219.54 -141.41 
 333   60.24   11.25     -1.89  287.90   86.51      -Inf    0.43    3.82     15.46    3.45    3.90      -Inf    0.43    9.48   424.81  -61.57   433.90  -61.70 
 334   60.24   11.32      0.70  210.00   86.88      -Inf    0.43    3.81     15.46    3.45    3.90    -31.47    0.43    9.46   290.39  -72.97   300.16  -71.69 
 335   60.24   11.70      0.97  201.80   87.22      -Inf    0.43    3.80     15.46    3.45    3.90     -0.01    0.77    9.43   259.11  -83.27   268.80  -81.87 
 336   64.49   11.14     -1.58  268.78   87.76      -Inf    0.42    3.79     15.45    3.43    3.89    -46.49    0.42    9.40   424.30  -31.72   434.59  -29.94 
 337   64.49   10.61      0.06  220.15   88.16      -Inf    0.42    3.78     15.45    3.43    3.89     -9.55    0.44    9.38   409.99   71.96   419.45   75.42 
 338   64.49   10.64      0.55  207.75   88.51      -Inf    0.42    3.77     15.45    3.43    3.89     -3.64    0.53    9.35   233.40 -101.53   244.13 -103.01 
 339   64.49   10.80      2.69  163.02   88.73      -Inf    0.42    3.76     15.45    3.43    3.89     -1.47    0.60    9.32   349.92   65.63   360.90   65.30 
 340   64.49   11.26      0.44  212.16   89.09      -Inf    0.42    3.75     15.45    3.43    3.89     -0.55    0.88    9.30   282.91  -84.39   294.48  -84.15 
 341   59.59   12.32     -3.77  343.94   89.84      -Inf    0.41    3.74     15.45    3.40    3.89     -3.67    0.52    9.27   456.41 -109.83   465.41 -109.46 
 342   59.59   11.61      0.38  216.16   90.21      -Inf    0.41    3.73     15.45    3.40    3.89    -48.45    0.41    9.25   271.03  -88.15   282.97  -88.13 
 343   59.59   12.09      0.89  204.27   90.54      -Inf    0.41    3.73     15.45    3.40    3.88      -Inf    0.41    9.22   305.48  -57.87   315.85  -56.91 
 344   59.59   12.76     -3.72  361.38   91.33      -Inf    0.41    3.72     15.45    3.40    3.88     -0.90    0.92    9.20   446.84  -87.38   456.68  -86.95 
 345   59.59   11.50     -0.63  244.93   91.77      -Inf    0.41    3.71     15.45    3.40    3.88     -1.16    0.82    9.17   366.44  -56.23   377.54  -55.44 
 346   68.04   11.70     -0.74  248.93   92.23      -Inf    0.79    3.70     15.24    3.46    3.88    -29.01    0.79    9.15   376.03  -57.17   383.30  -55.47 
 347   68.04   12.42      0.49  217.12   92.59      -Inf    0.79    3.69     15.24    3.46    3.88    -43.35    0.79    9.12   391.37   16.48   400.51   20.33 
 348   68.04   11.52      0.83  210.14   92.93      -Inf    0.79    3.68     15.24    3.46    3.88     -9.15    0.83    9.10   376.43   -3.65   384.92   -0.24 
 349   68.04   11.99      0.47  220.03   93.29      -Inf    0.79    3.67     15.24    3.46    3.88    -22.95    0.79    9.08   393.05   -0.84   402.19    3.49 
 350   68.04   12.68     -0.75  254.21   93.75      -Inf    0.79    3.66     15.24    3.46    3.88    -30.35    0.79    9.05   404.13  -51.21   412.98  -50.91 
 351   64.78   10.90      5.73  122.67   93.83     -8.09    0.43    3.65     15.13    3.48    3.87    -13.69    0.80    9.03   326.14   73.28   336.84   72.82 
 352   64.78   10.98      6.58  114.87   93.89     -3.59    0.51    3.65     15.13    3.48    3.87    -12.44    0.81    9.01   326.03   74.86   336.78   74.40 
 353   64.78    9.89      7.14  110.69   93.94      -Inf    0.79    3.64     15.13    3.48    3.87    -16.60    0.80    8.98   325.23   68.45   335.95   67.62 
 354   64.78   12.01      7.76  105.87   93.97     -3.61    0.50    3.63     15.13    3.48    3.87     -2.43    1.18    8.96   326.83   76.20   337.34   75.81 
 355   64.78   12.47      4.94  149.71   94.13      -Inf    0.79    3.62     15.13    3.48    3.87     -5.74    0.91    8.94   342.68   14.11   353.50   16.29 
 356   65.89   10.70      7.99  106.65   94.17    -31.66    0.77    3.61     15.13    3.46    3.87     -5.53    0.90    8.92   326.37   64.94   336.84   64.85 
 357   65.89   10.79      8.20  104.75   94.20    -27.84    0.77    3.61     15.13    3.46    3.87    -54.13    0.77    8.89   330.46   79.93   341.23   79.16 
 358   65.89   11.02      0.60  251.09   94.63      -Inf    0.77    3.60     15.13    3.46    3.87    -42.78    0.77    8.87   423.65  -44.85   431.17  -42.74 
 359   65.89   10.48      0.52  251.21   95.07      -Inf    0.77    3.59     15.13    3.46    3.87     -5.52    0.91    8.85   407.53  -57.60   416.78  -57.42 
 360   65.89   11.22     -0.07  265.19   95.54      -Inf    0.77    3.58     15.13    3.46    3.86     -0.21    1.63    8.83   421.82  -60.25   431.69  -58.88 
 361   67.61   12.04      1.23  222.03   95.89      -Inf    0.72    3.57     15.13    3.43    3.86     -8.61    0.77    8.81   277.46  -95.86   289.01  -96.23 
 362   67.61   12.30      1.59  209.71   96.21      -Inf    0.72    3.57     15.13    3.43    3.86     -4.66    0.87    8.78   404.37   19.94   413.55   23.23 
 363   67.61   11.91     -0.34  256.75   96.65      -Inf    0.72    3.56     15.13    3.43    3.86    -57.94    0.72    8.76   404.66  -55.98   414.28  -54.04 
 364   67.61   11.81     -1.12  274.26   97.14      -Inf    0.72    3.55     15.13    3.43    3.86     -2.16    1.09    8.74   420.64  -59.85   432.01  -59.03 
 365   67.61   10.37      3.28  165.07   97.32      -Inf    0.72    3.54     15.13    3.43    3.86     -5.16    0.85    8.72   341.89   13.05   353.33   15.39 
 366   61.30   11.25      1.88  195.46   97.59      -Inf    0.72    3.53     15.12    3.41    3.86      -Inf    0.72    8.70   290.52  -67.03   300.20  -65.72 
 367   61.30   10.39      0.24  237.59   97.97      -Inf    0.72    3.53     15.12    3.41    3.86     -9.87    0.75    8.68   314.38  -99.85   324.80  -99.28 
 368   61.30   11.57     -1.45  294.88   98.51      -Inf    0.72    3.52     15.12    3.41    3.86      -Inf    0.72    8.65   415.42 -101.22   425.79  -99.40 
 369   61.30   12.21      3.13  178.18   98.72      -Inf    0.72    3.51     15.12    3.41    3.85    -12.52    0.73    8.63   250.76  -56.91   261.40  -55.90 
 370   61.30   11.47     -1.17  296.92   99.26      -Inf    0.72    3.50     15.12    3.41    3.85     -4.64    0.87    8.61   419.93 -100.55   430.27  -99.13 
 371   68.16   10.34     -1.38  305.15   99.81      -Inf    0.69    3.50     15.13    3.39    3.85     -1.22    1.16    8.59   424.68 -108.80   435.00 -107.46 
 372   68.16   10.96      0.04  261.01  100.25      -Inf    0.69    3.49     15.13    3.39    3.85    -16.50    0.70    8.57   398.85  -74.83   410.22  -74.62 
 373   68.16   10.73      2.43  196.69  100.51      -Inf    0.69    3.48     15.13    3.39    3.85     -2.87    0.94    8.55   266.86  -73.41   278.17  -73.09 
 374   68.16   10.81      2.26  198.92  100.77      -Inf    0.69    3.47     15.13    3.39    3.85     -7.39    0.76    8.53   293.17  -68.86   303.27  -68.52 
 375   68.16   11.34     -5.34  321.28  101.36      -Inf    0.69    3.47     15.13    3.39    3.85      -Inf    0.69    8.51   392.39   -1.62   403.94    0.16 
 376   73.85   10.51     -5.87  337.79  101.99      -Inf    0.72    3.46     15.07    3.38    3.85    -10.16    0.76    8.49   410.22   -6.72   420.50   -3.85 
 377   73.85   10.26      1.25  210.21  102.27      -Inf    0.72    3.45     15.07    3.38    3.84    -43.58    0.72    8.47   304.95  -77.19   315.56  -76.52 
 378   73.85   10.96      1.05  209.04  102.56      -Inf    0.72    3.44     15.07    3.38    3.84     -4.88    0.86    8.45   301.20  -74.88   311.90  -74.16 
 379   73.85   10.81     -2.03  293.75  103.06      -Inf    0.72    3.44     15.07    3.38    3.84    -14.72    0.74    8.43   447.17  -50.13   455.57  -48.17 
 380   73.85   10.68      1.16  200.42  103.32      -Inf    0.72    3.43     15.07    3.38    3.84     -8.96    0.78    8.41   270.76  -73.83   282.56  -73.55 
 381   66.09   11.95      0.30  217.93  103.62      -Inf    0.71    3.42     15.07    3.36    3.84      -Inf    0.71    8.39   287.40  -84.52   297.38  -85.53 
 382   66.09   12.02      2.36  171.18  103.79      -Inf    0.71    3.42     15.07    3.36    3.84     -5.75    0.83    8.37   347.69   40.68   358.84   42.22 
 383   66.09   12.05      3.28  152.35  103.92      -Inf    0.71    3.41     15.07    3.36    3.84      -Inf    0.71    8.35   340.09   86.27   350.33   85.79 
 384   66.09   11.57     -0.35  225.74  104.24      -Inf    0.71    3.40     15.07    3.36    3.84      -Inf    0.71    8.33   273.40 -103.21   284.99 -103.29 
 385   66.09   12.10      0.03  213.09  104.52      -Inf    0.71    3.40     15.07    3.36    3.83     -8.55    0.77    8.31   290.36  -82.46   300.11  -83.29 
 386   66.67   10.83     -2.49  284.35  104.99      -Inf    0.70    3.39     15.07    3.34    3.83     -5.82    0.81    8.29   423.95  -56.90   433.81  -54.35 
 387   66.67   10.36     -2.62  285.71  105.45      -Inf    0.70    3.38     15.07    3.34    3.83      -Inf    0.70    8.27   455.43    0.85   463.65    2.82 
 388   66.67   11.58     -0.88  234.14  105.79      -Inf    0.70    3.37     15.07    3.34    3.83    -17.97    0.71    8.25   323.18  -98.28   333.40  -98.43 
 389   66.67   12.55     -2.07  272.45  106.21      -Inf    0.70    3.37     15.07    3.34    3.83      -Inf    0.70    8.23   442.29  -11.02   452.26  -11.44 
 390   66.67   11.67     -2.17  281.05  106.66      -Inf    0.70    3.36     15.07    3.34    3.83      -Inf    0.70    8.21   450.18  -21.58   458.90  -20.21 
 391   71.14   11.13     -0.10  223.59  106.96      -Inf    0.69    3.35     15.07    3.32    3.83     -7.79    0.75    8.19   290.58 -103.49   302.80 -103.15 
 392   71.14   10.75     -1.30  257.08  107.34      -Inf    0.69    3.35     15.07    3.32    3.83     -3.33    0.87    8.17   332.08 -115.48   344.22 -116.70 
 393   71.14   10.91      0.62  207.06  107.60      -Inf    0.69    3.34     15.07    3.32    3.82     -1.63    1.16    8.15   269.78  -90.50   281.00  -90.95 
 394   71.14   10.82      1.73  179.23  107.78      -Inf    0.69    3.33     15.07    3.32    3.82    -10.37    0.72    8.14   232.78  -71.43   243.85  -70.45 
 395   71.14   10.82     -0.31  218.28  108.06      -Inf    0.69    3.33     15.07    3.32    3.82      -Inf    0.69    8.12   289.60  -85.25   301.50  -85.86 
 396   69.94   12.16     -3.89  316.86  108.59      -Inf    0.65    3.32     15.10    3.29    3.82      -Inf    0.65    8.10   473.25    1.45   481.98    3.25 
 397   69.94   12.04     -2.41  257.12  108.96      -Inf    0.65    3.31     15.10    3.29    3.82      -Inf    0.65    8.08   334.20  -96.09   346.37  -96.94 
 398   69.94   11.56     -3.05  264.02  109.35      -Inf    0.65    3.31     15.10    3.29    3.82      -Inf    0.65    8.06   413.00   30.63   424.74   32.08 
 399   69.94   10.20     -5.18  324.37  109.89      -Inf    0.65    3.30     15.10    3.29    3.82      -Inf    0.65    8.04   399.78 -124.43   409.95 -123.03 
 400   69.94   10.68     -3.65  262.44  110.27      -Inf    0.65    3.29     15.10    3.29    3.81      -Inf    0.65    8.02   405.20   37.46   416.66   39.45 
 401   74.26   12.34     -4.17  275.49  110.68      -Inf    0.64    3.29     15.10    3.27    3.81      -Inf    0.64    8.00   299.89 -148.98   311.63 -150.58 
 402   74.26   12.14     -1.34  195.07  110.89      -Inf    0.64    3.28     15.10    3.27    3.81      -Inf    0.64    7.99   269.16  -72.16   278.79  -70.07 
 403   74.26   11.58     -4.53  283.20  111.32      -Inf    0.64    3.27     15.10    3.27    3.81      -Inf    0.64    7.97   288.42 -164.42   298.31 -167.24 
 404   74.26   12.04     -1.44  201.82  111.54      -Inf    0.64    3.27     15.10    3.27    3.81      -Inf    0.64    7.95   289.47  -63.14   300.37  -61.67 
 405   74.26   12.55     -4.56  292.26  111.99      -Inf    0.64    3.26     15.10    3.27    3.81      -Inf    0.64    7.93   287.33 -173.87   297.53 -176.57 
 406   68.53   11.06      0.23  170.90  112.14      -Inf    0.67    3.25     15.07    3.26    3.81      -Inf    0.67    7.91   219.18  -71.27   230.24  -71.74 
 407   68.53   10.49     -1.71  219.34  112.40      -Inf    0.67    3.25     15.07    3.26    3.81      -Inf    0.67    7.90   283.99  -90.92   294.79  -91.88 
 408   68.53   11.66     -1.07  206.79  112.63      -Inf    0.67    3.24     15.07    3.26    3.80      -Inf    0.67    7.88   259.05  -93.96   270.35  -94.20 
 409   68.53   12.44     -4.11  298.46  113.09      -Inf    0.67    3.24     15.07    3.26    3.80      -Inf    0.67    7.86   417.53  -63.97   429.66  -63.59 
 410   68.53   11.27     -3.09  269.26  113.47      -Inf    0.67    3.23     15.07    3.26    3.80      -Inf    0.67    7.84   365.18  -89.81   377.45  -90.80 
 411   71.61   10.72     -3.14  276.25  113.86      -Inf    0.66    3.22     15.07    3.24    3.80      -Inf    0.66    7.83   308.06 -149.12   319.83 -151.20 
 412   71.61   10.77     -0.16  196.02  114.06      -Inf    0.66    3.22     15.07    3.24    3.80      -Inf    0.66    7.81   363.01   93.60   373.58   93.12 
 413   71.61   10.89     -4.75  334.40  114.60      -Inf    0.66    3.21     15.07    3.24    3.80    -15.74    0.67    7.79   412.85 -145.51   422.95 -142.63 
 414   71.61   11.35     -0.58  209.20  114.82      -Inf    0.66    3.20     15.07    3.24    3.80      -Inf    0.66    7.77   267.26  -98.45   278.80  -99.08 
 415   71.61   10.61     -3.34  292.08  115.25      -Inf    0.66    3.20     15.07    3.24    3.79      -Inf    0.66    7.76   429.01  -49.80   438.56  -49.77 
 416   79.18   10.99      2.26  156.02  115.35      -Inf    0.61    3.19     15.23    3.16    3.79      -Inf    0.61    7.74   257.66  -37.42   268.51  -37.17 
 417   79.18   10.34     -3.93  321.71  115.84      -Inf    0.61    3.19     15.23    3.16    3.79      -Inf    0.61    7.72   385.15 -148.55   395.12 -146.04 
 418   79.18   10.54     -2.39  271.18  116.22      -Inf    0.61    3.18     15.23    3.16    3.79      -Inf    0.61    7.71   418.68  -25.38   428.32  -22.70 
 419   79.18   10.54      1.17  182.45  116.37      -Inf    0.61    3.17     15.23    3.16    3.79      -Inf    0.61    7.69   267.91  -61.67   277.13  -59.86 
 420   79.18   10.57     -0.97  236.49  116.66      -Inf    0.61    3.17     15.23    3.16    3.79      -Inf    0.61    7.67   325.93  -89.51   335.90  -87.53 
 421   76.10   12.28     -0.77  234.64  116.94      -Inf    0.60    3.16     15.23    3.14    3.79      -Inf    0.60    7.65   271.06 -117.96   280.50 -119.53 
 422   76.10   11.73     -2.03  272.21  117.31      -Inf    0.60    3.16     15.23    3.14    3.78     -9.31    0.64    7.64   389.31  -85.13   401.02  -84.90 
 423   76.10   11.65     -1.85  263.62  117.65      -Inf    0.60    3.15     15.23    3.14    3.78     -8.68    0.64    7.62   304.42 -143.03   316.16 -144.86 
 424   76.10   10.42      2.48  160.23  117.75      -Inf    0.60    3.14     15.23    3.14    3.78      -Inf    0.60    7.61   277.38  -46.53   288.28  -44.44 
 425   76.10   10.39      1.44  177.94  117.90      -Inf    0.60    3.14     15.23    3.14    3.78     -7.27    0.66    7.59   250.58  -81.34   259.78  -81.57 
 426   77.32   11.49     -0.71  226.37  118.15      -Inf    0.59    3.13     15.22    3.12    3.78      -Inf    0.59    7.57   299.23 -108.77   310.14 -111.28 
 427   77.32   10.41      3.03  148.31  118.22      -Inf    0.59    3.13     15.22    3.12    3.78     -2.31    0.89    7.56   251.37  -42.07   261.69  -42.46 
 428   77.32   11.43      1.04  184.73  118.38      -Inf    0.59    3.12     15.22    3.12    3.77      -Inf    0.59    7.54   239.44  -81.91   248.95  -83.91 
 429   77.32   11.92     -0.35  216.96  118.61      -Inf    0.59    3.11     15.22    3.12    3.77    -27.58    0.59    7.52   246.89 -111.87   256.98 -112.79 
 430   77.32   11.69     -2.73  285.65  118.99      -Inf    0.59    3.11     15.22    3.12    3.77    -12.62    0.61    7.51   388.54 -102.67   398.85 -100.70 
 431   82.04   10.51     -0.01  210.40  119.21      -Inf    0.59    3.10     15.22    3.11    3.77    -13.43    0.60    7.49   260.13  -99.87   272.12 -100.71 
 432   82.04   10.78     -1.17  238.99  119.48      -Inf    0.59    3.10     15.22    3.11    3.77      -Inf    0.59    7.48   406.94   11.08   415.62   13.91 
 433   82.04   10.85      0.19  206.13  119.68      -Inf    0.59    3.09     15.22    3.11    3.77      -Inf    0.59    7.46   310.84  -74.75   321.12  -72.76 
 434   82.04   10.64     -0.77  237.58  119.96      -Inf    0.59    3.08     15.22    3.11    3.77      -Inf    0.59    7.44   291.53 -127.51   300.93 -128.31 
 435   82.04   10.67     -2.56  292.98  120.35      -Inf    0.59    3.08     15.22    3.11    3.76      -Inf    0.59    7.43   389.95 -134.77   399.80 -131.65 
 436   92.06   11.53     -0.25  231.54  120.61      -Inf    0.58    3.07     15.22    3.09    3.76      -Inf    0.58    7.41   305.55 -119.82   317.33 -119.79 
 437   92.06   10.18     -1.35  267.93  120.95      -Inf    0.58    3.07     15.22    3.09    3.76      -Inf    0.58    7.40   322.29 -148.74   334.73 -150.80 
 438   92.06   10.76      1.49  197.19  121.12      -Inf    0.58    3.06     15.22    3.09    3.76      -Inf    0.58    7.38   371.27  -17.16   382.06  -15.67 
 439   92.06   10.47     -0.26  242.45  121.40      -Inf    0.58    3.06     15.22    3.09    3.76      -Inf    0.58    7.37   439.54   13.52   447.28   14.59 
 440   92.06   10.69     -1.87  289.14  121.78      -Inf    0.58    3.05     15.22    3.09    3.76      -Inf    0.58    7.35   426.78  -96.36   438.79  -92.92 
 441   84.24   11.35      0.78  209.26  121.98      -Inf    0.57    3.04     15.22    3.07    3.75      -Inf    0.57    7.34   323.50  -80.03   334.81  -78.90 
 442   84.24   12.02     -0.78  244.86  122.25      -Inf    0.57    3.04     15.22    3.07    3.75      -Inf    0.57    7.32   437.70   35.54   448.73   36.86 
 443   84.24   12.27     -0.69  243.09  122.53      -Inf    0.57    3.03     15.22    3.07    3.75      -Inf    0.57    7.30   322.65 -122.67   331.83 -124.07 
 444   84.24   11.33     -1.09  254.89  122.82      -Inf    0.57    3.03     15.22    3.07    3.75      -Inf    0.57    7.29   395.94  -80.03   408.64  -77.74 
 445   84.24   11.82     -1.54  269.44  123.15      -Inf    0.57    3.02     15.22    3.07    3.75      -Inf    0.57    7.27   426.58  -66.95   438.46  -66.21 
 446   79.87   10.52      0.15  223.83  123.38      -Inf    0.57    3.02     15.23    3.05    3.75      -Inf    0.57    7.26   405.61  -18.28   416.13  -17.39 
 447   79.87   10.17     -0.40  239.23  123.64      -Inf    0.57    3.01     15.23    3.05    3.75      -Inf    0.57    7.24   259.86 -152.28   269.18 -153.30 
 448   79.87   10.59      3.23  160.78  123.72      -Inf    0.57    3.01     15.23    3.05    3.74    -18.28    0.57    7.23   267.71  -69.21   279.64  -69.37 
 449   79.87   10.34     -1.85  291.15  124.09      -Inf    0.57    3.00     15.23    3.05    3.74      -Inf    0.57    7.21   336.87 -178.00   349.00 -180.37 
 450   79.87   11.87      2.92  169.35  124.20      -Inf    0.57    2.99     15.23    3.05    3.74      -Inf    0.57    7.20   369.50   28.88   381.02   30.20 
 451   83.42   10.84      2.86  170.57  124.30      -Inf    0.56    2.99     15.23    3.03    3.74      -Inf    0.56    7.19   267.27  -61.44   279.05  -61.73 
 452   83.42   10.61     -0.80  255.99  124.59      -Inf    0.56    2.98     15.23    3.03    3.74      -Inf    0.56    7.17   415.51  -40.10   424.48  -39.62 
 453   83.42   10.77     -1.34  261.65  124.89      -Inf    0.56    2.98     15.23    3.03    3.74      -Inf    0.56    7.16   443.11   31.92   453.73   33.17 
 454   83.42   11.03     -2.58  287.55  125.25      -Inf    0.56    2.97     15.23    3.03    3.73      -Inf    0.56    7.14   444.61  -15.53   453.30  -12.89 
 455   83.42   11.27     -1.08  228.00  125.48      -Inf    0.56    2.97     15.23    3.03    3.73      -Inf    0.56    7.13   378.44    2.35   386.95    5.12 
 456   98.51   10.54      0.55  178.06  125.59      -Inf    0.55    2.96     15.23    3.02    3.73      -Inf    0.55    7.11   278.48  -42.39   288.99  -41.79 
 457   98.51   10.35     -2.91  259.85  125.89      -Inf    0.55    2.96     15.23    3.02    3.73      -Inf    0.55    7.10   410.54   20.63   419.74   23.17 
 458   98.51   10.33     -2.32  238.34  126.13      -Inf    0.55    2.95     15.23    3.02    3.73      -Inf    0.55    7.08   258.94 -133.02   270.63 -131.24 
 459   98.51   10.81     -4.16  288.87  126.49      -Inf    0.55    2.95     15.23    3.02    3.73      -Inf    0.55    7.07   439.75   26.22   448.00   29.00 
 460   98.51   10.98     -0.60  194.24  126.63      -Inf    0.55    2.94     15.23    3.02    3.73      -Inf    0.55    7.06   267.35  -77.09   276.42  -78.59 
 461   84.38   12.59     -1.51  218.67  126.83      -Inf    0.59    2.94     15.66    2.86    3.72      -Inf    0.59    7.04   265.44 -102.36   274.91 -103.90 
 462   84.38   11.25     -1.30  218.62  127.03      -Inf    0.59    2.93     15.66    2.86    3.72      -Inf    0.59    7.03   282.94  -88.32   294.80  -87.18 
 463   84.38   11.86     -0.31  200.46  127.19      -Inf    0.59    2.93     15.66    2.86    3.72      -Inf    0.59    7.01   259.94  -77.36   269.44  -78.90 
 464   84.38   11.13      0.62  182.78  127.31      -Inf    0.59    2.92     15.66    2.86    3.72      -Inf    0.59    7.00   337.83   53.46   348.68   54.44 
 465   84.38   10.18     -4.19  322.42  127.73      -Inf    0.59    2.92     15.66    2.86    3.72    -14.30    0.60    6.99   478.02   47.83   489.08   49.47 
 466   81.61   10.35     -1.52  238.69  127.97      -Inf    0.58    2.91     15.65    2.84    3.71    -10.64    0.60    6.97   280.38  -99.46   290.02 -101.22 
 467   81.61   10.25     -0.86  222.75  128.17      -Inf    0.58    2.91     15.65    2.84    3.71     -0.54    1.25    6.96   198.67 -115.12   207.73 -116.83 
 468   81.61   11.22     -2.76  276.02  128.49      -Inf    0.58    2.90     15.65    2.84    3.71    -16.75    0.59    6.95   307.43 -139.46   320.01 -140.21 
 469   81.61    9.62     -1.79  247.97  128.74      -Inf    0.58    2.90     15.65    2.84    3.71     -2.07    0.82    6.93   264.50 -134.83   275.54 -133.96 
 470   81.61   11.93     -1.19  232.11  128.96      -Inf    0.58    2.89     15.65    2.84    3.71    -14.81    0.59    6.92   378.23  -14.80   389.62  -12.68 
 471   86.08   10.75     -0.62  219.35  129.15      -Inf    0.57    2.89     15.65    2.83    3.71      -Inf    0.57    6.91   287.08  -93.85   298.69  -92.42 
 472   86.08   10.84     -1.80  254.52  129.42      -Inf    0.57    2.88     15.65    2.83    3.70      -Inf    0.57    6.89   412.78   -1.64   423.21    0.57 
 473   86.08   10.23     -3.83  323.67  129.83      -Inf    0.57    2.88     15.65    2.83    3.70    -22.61    0.57    6.88   423.78 -112.17   436.05 -109.33 
 474   86.08   10.85     -2.24  271.17  130.13      -Inf    0.57    2.87     15.65    2.83    3.70    -11.18    0.59    6.87   280.95 -147.82   290.47 -150.13 
 475   86.08   11.08     -3.61  318.36  130.52      -Inf    0.57    2.87     15.65    2.83    3.70      -Inf    0.57    6.85   483.09   24.47   494.14   26.83 
 476   86.70   11.50     -1.38  246.78  130.77      -Inf    0.25    2.86     15.67    2.81    3.70      -Inf    0.25    6.84   399.91    6.18   407.48    8.54 
 477   86.70   11.16     -1.19  240.25  131.00      -Inf    0.25    2.86     15.67    2.81    3.69      -Inf    0.25    6.83   383.65   -2.29   394.53   -2.59 
 478   86.70   11.87     -2.32  267.56  131.28      -Inf    0.25    2.85     15.67    2.81    3.69      -Inf    0.25    6.81   307.41 -117.33   316.30 -118.28 
 479   86.70   12.15     -2.75  277.35  131.59      -Inf    0.25    2.85     15.67    2.81    3.69      -Inf    0.25    6.80   286.83 -139.62   295.13 -141.00 
 480   86.70   11.21     -1.13  226.55  131.79      -Inf    0.25    2.84     15.67    2.81    3.69      -Inf    0.25    6.78   312.42  -66.98   323.97  -64.94 
 481   95.90   11.03     -2.46  259.57  132.05      -Inf    0.54    2.84     15.68    2.79    3.69      -Inf    0.54    6.77   399.56   -7.09   409.87   -6.80 
 482   95.90   11.02     -2.62  258.03  132.31      -Inf    0.54    2.83     15.68    2.79    3.68      -Inf    0.54    6.76   417.37   67.44   428.74   68.37 
 483   95.90   10.65     -2.33  247.18  132.55      -Inf    0.54    2.83     15.68    2.79    3.68      -Inf    0.54    6.75   405.33   47.45   416.80   48.08 
 484   95.90    9.95     -0.19  194.36  132.68      -Inf    0.54    2.82     15.68    2.79    3.68      -Inf    0.54    6.73   302.79  -54.61   312.25  -51.21 
 485   95.90   11.78     -0.92  213.94  132.85      -Inf    0.54    2.82     15.68    2.79    3.68     -9.35    0.57    6.72   296.89  -84.50   308.86  -82.44 
 486   90.38   12.75     -2.52  261.28  133.11      -Inf    0.54    2.81     15.67    2.78    3.68      -Inf    0.54    6.71   419.48   16.61   429.98   17.30 
 487   90.38   11.07     -3.59  298.81  133.45      -Inf    0.54    2.81     15.67    2.78    3.68      -Inf    0.54    6.69   371.24 -126.07   383.76 -123.26 
 488   90.38    9.77      1.72  162.02  133.51      -Inf    0.54    2.80     15.67    2.78    3.67      -Inf    0.54    6.68   228.97  -50.93   240.48  -50.71 
 489   90.38   10.32     -2.27  257.99  133.76      -Inf    0.54    2.80     15.67    2.78    3.67      -Inf    0.54    6.67   416.40   43.20   426.37   45.06 
 490   90.38   10.79     -3.55  298.88  134.10      -Inf    0.54    2.79     15.67    2.78    3.67      -Inf    0.54    6.66   372.75 -108.49   385.92 -104.73 
 491   89.98   10.72     -1.84  242.92  134.32      -Inf    0.41    2.79     15.26    2.90    3.67      -Inf    0.41    6.64   399.24   57.17   409.69   57.48 
 492   89.98   10.00     -4.30  323.42  134.71      -Inf    0.41    2.78     15.26    2.90    3.67      -Inf    0.41    6.63   403.94 -109.39   416.59 -105.37 
 493   89.98   10.88     -4.28  325.63  135.09      -Inf    0.41    2.78     15.26    2.90    3.67      -Inf    0.41    6.62   400.84 -119.28   413.00 -115.61 
 494   89.98   11.56     -1.53  238.51  135.30      -Inf    0.41    2.77     15.26    2.90    3.66      -Inf    0.41    6.61   263.53 -112.62   273.27 -114.42 
 495   89.98   12.04     -3.63  310.00  135.66      -Inf    0.41    2.77     15.26    2.90    3.66      -Inf    0.41    6.59   391.99 -119.45   404.36 -114.86 
 496   89.98   11.33     -2.63  282.07  135.95      -Inf    0.40    2.76     15.26    2.88    3.66      -Inf    0.40    6.58   437.84  -16.25   449.08  -14.00 
 497   89.98   10.36     -0.01  213.02  136.11      -Inf    0.40    2.76     15.26    2.88    3.66      -Inf    0.40    6.57   382.47   11.01   392.03   11.41 
 498   89.98   10.73     -2.67  297.85  136.43      -Inf    0.40    2.75     15.26    2.88    3.66      -Inf    0.40    6.56   442.32  -72.96   451.36  -69.95 
 499   89.98   10.49      0.46  213.99  136.59      -Inf    0.40    2.75     15.26    2.88    3.66      -Inf    0.40    6.54   408.81   45.37   418.52   47.30 
 500   89.98   10.45     -0.36  242.15  136.80      -Inf    0.40    2.75     15.26    2.88    3.65      -Inf    0.40    6.53   438.24   36.13   448.45   37.19 
 501   91.03   11.73      0.97  210.60  136.94      -Inf    0.40    2.74     15.26    2.87    3.65    -13.12    0.41    6.52   403.39   24.77   413.23   26.37 
