   6    1.98   19.64     43.98    1.45    0.84     18.22    3.24    6.43     39.91    0.28   14.67      4.84   16.88   17.44   198.81  103.69   211.20  104.08 
   7    1.98   19.52     50.82    0.66    0.82     16.12    4.10    6.10     39.91    0.28   12.62      5.40   15.69   17.19   200.41  103.46   212.67  103.82 
   8    1.98   19.46     45.20    1.28    0.87     16.72    3.80    5.81     39.91    0.28   11.08      5.34   15.71   17.01   202.76  104.13   214.87  104.12 
   9    1.98   19.46     46.82    1.05    0.89     14.78    5.16    5.74     39.91    0.28    9.88      4.95   17.45   17.06   200.01  102.14   212.25  102.70 
  10    1.98   19.43     42.04    1.79    0.98     12.67    6.68    5.83     39.91    0.28    8.92      3.94   20.72   17.42   198.25  101.13   210.30  101.06 
  11    1.90   19.62     43.18    1.58    1.04     16.41    4.50    5.71     39.77    0.28    8.13      5.40   16.50   17.34   198.74  100.41   210.82  100.18 
  12    1.90   19.11     49.90    0.72    1.01     13.15    6.42    5.77     39.77    0.28    7.48      4.66   17.83   17.38   196.85  101.19   208.59  101.34 
  13    1.90   19.54     48.03    0.89    1.00     13.42    6.04    5.79     39.77    0.28    6.92      4.50   17.66   17.40   194.84  102.48   206.70  102.21 
  14    1.90   19.03     51.44    0.60    0.97     13.19    6.43    5.84     39.77    0.28    6.45      4.58   17.25   17.39   192.91  104.38   204.75  104.23 
  15    1.90   19.64     43.50    1.50    1.01     14.54    5.29    5.80     39.77    0.28    6.04      5.02   16.77   17.35   192.58  105.23   204.02  105.59 
  16    2.18   19.96     45.24    1.21    1.02     18.67    3.37    5.65     39.91    0.28    5.68      5.07   17.66   17.37   190.63  104.86   202.00  105.43 
  17    2.18   19.51     44.25    1.36    1.04     15.08    4.87    5.60     39.91    0.28    5.36      5.42   16.87   17.34   190.26  103.60   201.69  103.80 
  18    2.18   18.76     46.46    1.05    1.04     13.42    5.95    5.62     39.91    0.28    5.08      5.36   16.29   17.28   189.30  102.38   201.08  102.63 
  19    2.18   19.47     44.29    1.33    1.06     12.35    6.75    5.68     39.91    0.28    4.83      4.33   19.25   17.38   187.05  102.52   198.40  103.06 
  20    2.18   18.82     58.68    0.25    1.02     12.63    6.30    5.71     39.91    0.28    4.60      5.44   16.34   17.33   187.96  100.35   199.46  100.57 
  21    2.65   18.48     40.58    2.03    1.06     17.81    3.65    5.61     31.29    0.76    4.42      4.94   17.38   17.33   184.71  100.37   196.17  100.80 
  22    2.65   18.32     41.58    1.78    1.10     16.51    4.22    5.55     31.29    0.76    4.25      5.05   17.90   17.36   182.85   98.49   194.28   98.49 
  23    2.65   18.55     43.72    1.37    1.11     15.88    4.53    5.51     31.29    0.76    4.10      5.21   18.13   17.39   181.41   96.29   192.69   96.35 
  24    2.65   18.30     41.10    1.83    1.14     14.20    5.54    5.51     31.29    0.76    3.96      3.45   24.98   17.71   176.72   95.05   188.02   95.64 
  25    2.65   18.59     38.89    2.30    1.19     12.63    6.97    5.57     31.29    0.76    3.83      3.82   26.26   18.05   173.51   93.86   184.57   94.53 
  26    3.27   17.86     39.85    2.05    1.22     15.65    5.41    5.56     32.18    0.69    3.71      5.20   21.69   18.19   172.34   92.15   183.22   93.00 
  27    3.27   17.68     44.12    1.26    1.22     11.63    9.34    5.70     32.18    0.69    3.60      6.16   17.08   18.15   173.10   94.37   183.83   95.15 
  28    3.27   17.06     34.07    4.07    1.32      8.55   12.43    5.94     32.18    0.69    3.50      5.55   17.66   18.13   175.95   96.81   186.82   97.24 
  29    3.27   17.43     35.70    3.40    1.39      9.16   11.95    6.15     32.18    0.69    3.40      4.18   21.36   18.24   175.30  100.27   185.82  100.50 
  30    3.27   17.91     33.18    4.57    1.50      8.86   11.73    6.33     32.18    0.69    3.31      3.87   22.38   18.38   176.04  102.20   186.61  102.50 
  31    5.78   18.35     34.14    4.11    1.58     14.31    5.99    6.32     26.96    1.31    3.24      3.64   24.13   18.57   175.03  103.55   185.59  103.74 
  32    5.78   16.86     32.95    4.66    1.68     10.57    8.85    6.40     26.96    1.31    3.18      3.58   25.90   18.80   173.44  104.13   183.81  104.67 
  33    5.78   18.19     42.89    1.49    1.67     10.18    9.86    6.51     26.96    1.31    3.13      4.48   19.90   18.83   171.40  109.13   181.81  109.29 
  34    5.78   16.76     39.06    2.35    1.69      9.52   11.20    6.65     26.96    1.31    3.07      5.37   18.97   18.83   172.78  109.82   183.53  110.43 
  35    5.78   16.74     40.91    1.89    1.70      8.38   13.35    6.84     26.96    1.31    3.02      4.66   23.71   18.97   173.30  108.16   183.68  108.63 
  36   14.95   18.71     41.52    1.76    1.70     14.46    6.87    6.84     32.68    0.69    2.96      5.20   22.21   19.06   173.93  107.33   184.29  107.73 
  37   14.95   18.88     39.85    2.16    1.71      8.84   13.07    7.01     32.68    0.69    2.90      5.18   22.19   19.15   176.03  107.40   186.21  107.66 
  38   14.95   19.23     34.10    4.19    1.78      8.03   13.34    7.17     32.68    0.69    2.84      4.70   23.74   19.27   179.69  102.64   189.98  103.03 
  39   14.95   18.80     33.15    4.70    1.85     12.32    7.23    7.17     32.68    0.69    2.78      5.22   19.90   19.28   182.04  102.59   192.07  103.20 
  40   14.95   19.16     39.13    2.39    1.87     13.30    6.23    7.15     32.68    0.69    2.73      5.75   16.35   19.21   183.98  106.16   194.00  106.75 
  41    8.94   17.37     39.51    2.32    1.88     15.60    4.78    7.09     30.89    0.86    2.69      6.24   14.84   19.10   186.57  106.80   196.50  107.47 
  42    8.94   17.21     42.64    1.64    1.87     16.39    4.28    7.03     30.89    0.86    2.64      6.64   14.11   18.99   189.05  107.12   198.99  107.87 
  43    8.94   18.69     41.23    1.95    1.87     16.10    4.46    6.97     30.89    0.86    2.60      6.82   13.38   18.86   190.87  106.44   201.45  107.06 
  44    8.94   17.16     43.04    1.59    1.87     15.81    4.41    6.91     30.89    0.86    2.56      7.10   12.56   18.71   193.51  105.62   203.74  105.96 
  45    8.94   18.68     39.34    2.43    1.88     15.15    4.72    6.86     30.89    0.86    2.52      7.05   12.20   18.57   192.60  104.91   202.81  105.72 
  46   18.62   21.41     41.51    1.89    1.88     19.27    2.87    6.77     30.61    0.88    2.49      7.11   11.75   18.42   193.01  105.38   203.27  105.76 
  47   18.62   21.35     40.64    2.12    1.89     18.79    3.03    6.69     30.61    0.88    2.45      6.96   12.59   18.30   195.48  104.43   205.71  105.42 
  48   18.62   21.36     41.03    2.04    1.89     19.94    2.66    6.61     30.61    0.88    2.42      6.69   13.03   18.19   197.92  104.35   208.36  105.01 
  49   18.62   21.38     40.69    2.15    1.89     20.86    2.46    6.52     30.61    0.88    2.39      6.44   13.75   18.10   201.15  104.78   211.64  105.50 
  50   18.62   21.33     41.94    1.87    1.89     20.14    2.72    6.45     30.61    0.88    2.36      7.27   12.48   17.98   202.77  104.62   213.14  105.39 
  51   11.23   18.89     37.07    3.28    1.92     21.20    2.44    6.37     35.70    0.48    2.32      7.40   12.06   17.87   203.16  103.89   213.36  104.72 
  52   11.23   18.89     39.81    2.39    1.93     20.81    2.57    6.30     35.70    0.48    2.29      7.65   11.72   17.75   203.65  102.03   213.85  102.89 
  53   11.23   18.84     42.06    1.84    1.93     18.93    3.26    6.24     35.70    0.48    2.25      7.49   12.14   17.64   204.43  101.53   215.03  102.50 
  54   11.23   18.87     42.08    1.86    1.93     17.39    3.95    6.20     35.70    0.48    2.22      6.79   13.05   17.56   205.99  103.47   216.29  104.30 
  55   11.23   18.88     44.38    1.44    1.92     17.21    3.97    6.16     35.70    0.48    2.19      6.28   13.29   17.48   206.80  106.48   217.43  107.16 
  56 2272.89   17.49     44.29    1.47    1.91     16.29    4.47    6.13     11.40    7.93    2.29      6.04   13.83   17.41   207.55  109.82   217.83  110.45 
  57 2272.89   17.62     43.34    1.65    1.91     15.66    4.68    6.10     11.40    7.93    2.39      6.39   13.35   17.34   209.58  111.15   219.78  112.08 
  58 2272.89   18.87     40.16    2.38    1.91     16.10    4.44    6.07     11.40    7.93    2.49      7.08   12.28   17.26   208.94  111.81   219.06  112.52 
  59 2272.89   19.13     40.99    2.16    1.92     16.01    4.44    6.04     11.40    7.93    2.58      7.11   12.52   17.18   208.05  110.65   218.18  111.15 
  60 2272.89   17.87     43.14    1.65    1.91     15.58    4.69    6.02     11.40    7.93    2.67      6.75   13.52   17.11   206.23  107.08   216.51  107.60 
  61   48.94   22.29     43.22    1.61    1.91     18.24    3.53    5.98     26.99    1.31    2.65      6.24   14.09   17.07   202.14  104.77   212.51  105.26 
  62   48.94   22.03     43.95    1.46    1.90     19.04    3.19    5.94     26.99    1.31    2.62      6.59   13.78   17.01   199.89  102.67   210.31  103.17 
  63   48.94   22.32     43.39    1.53    1.90     17.64    3.79    5.90     26.99    1.31    2.60      6.08   15.26   16.98   197.05   98.92   207.11   99.97 
  64   48.94   21.86     37.52    2.99    1.91     17.52    3.84    5.87     26.99    1.31    2.58      6.29   15.04   16.95   196.05   95.58   206.49   96.35 
  65   48.94   21.49     43.32    1.52    1.91     17.24    4.01    5.84     26.99    1.31    2.56      6.75   13.59   16.90   194.39   96.18   204.59   96.54 
  66   28.39   22.34     43.44    1.48    1.90     17.94    3.62    5.81     28.33    1.12    2.54      6.00   13.70   16.85   192.12   97.63   202.78   98.00 
  67   28.39   22.39     44.07    1.37    1.89     17.34    3.90    5.78     28.33    1.12    2.52      5.14   15.94   16.84   188.41  100.29   198.92  100.47 
  68   28.39   21.98     48.13    0.84    1.88     17.40    3.91    5.75     28.33    1.12    2.50      4.66   19.00   16.87   183.44  101.02   194.22  101.45 
  69   28.39   22.32     41.39    1.80    1.88     17.45    3.93    5.73     28.33    1.12    2.48      5.06   18.92   16.90   180.00  101.34   190.25  101.72 
  70   28.39   22.27     41.60    1.75    1.87     16.92    4.24    5.70     28.33    1.12    2.46      5.68   16.85   16.90   177.17  102.38   187.93  102.91 
  71   74.55   22.39     43.10    1.46    1.87     15.96    4.79    5.69     21.87    2.36    2.46      4.68   21.96   16.97   175.28  102.05   185.89  102.41 
  72   74.55   22.73     39.46    2.21    1.87     14.27    6.17    5.70     21.87    2.36    2.46      5.85   18.42   16.99   173.36  101.56   184.05  101.90 
  73   74.55   22.20     39.22    2.27    1.88     14.13    6.54    5.71     21.87    2.36    2.46      6.01   18.55   17.01   173.94  100.42   184.36  100.66 
  74   74.55   22.12     39.54    2.18    1.88     11.85    9.50    5.76     21.87    2.36    2.46      5.99   19.45   17.05   173.85  101.10   184.73  101.46 
  75   74.55   21.77     46.77    0.95    1.87      8.61   15.65    5.89     21.87    2.36    2.45      5.33   24.20   17.14   175.45  101.43   186.09  101.50 
  76  204.71   22.56     43.54    1.38    1.86     12.11   12.26    5.98     18.92    3.37    2.47      5.32   27.82   17.28   175.70  101.87   186.31  102.03 
  77  204.71   22.55     43.33    1.43    1.86      8.36   21.47    6.18     18.92    3.37    2.48      5.05   32.42   17.48   178.03  102.30   188.66  102.32 
  78  204.71   22.16     24.93   12.01    1.99      5.03   19.90    6.35     18.92    3.37    2.49      4.94   34.97   17.70   185.48   91.45   196.02   91.26 
  79  204.71   22.16     26.40   10.23    2.09      6.53   15.88    6.47     18.92    3.37    2.50      4.38   20.26   17.74   189.05   96.23   199.37   96.47 
  80  204.71   22.18     32.73    5.01    2.13     10.92   11.96    6.54     18.92    3.37    2.51      3.86   19.18   17.75   186.58  102.56   197.12  102.28 
  81  136.83   22.85     33.41    4.66    2.16     12.67    8.03    6.56     21.76    2.52    2.51      6.89   16.53   17.74   186.91  101.63   197.75  101.46 
  82  136.83   23.10     40.93    1.99    2.16     13.94    6.47    6.56     21.76    2.52    2.51      7.06   14.57   17.70   187.77  104.45   198.39  104.30 
  83  136.83   22.61     43.75    1.44    2.15     15.34    5.28    6.54     21.76    2.52    2.51      7.84   13.20   17.65   189.15  105.03   199.87  104.79 
  84  136.83   22.92     40.78    2.05    2.15     15.37    5.18    6.53     21.76    2.52    2.51      7.73   13.66   17.60   191.85  103.40   202.05  103.37 
  85  136.83   22.60     42.52    1.69    2.14     17.06    4.38    6.50     21.76    2.52    2.51      7.30   14.56   17.56   195.30  102.19   205.65  102.54 
  86  497.86   23.24     43.47    1.52    2.14     17.94    3.98    6.47     16.42    4.67    2.54      7.43   13.95   17.52   197.24  100.28   207.36  100.39 
  87  497.86   22.77     44.14    1.40    2.13     16.36    4.71    6.45     16.42    4.67    2.56      7.47   13.49   17.47   198.20   98.94   208.65   98.67 
  88  497.86   23.12     42.98    1.62    2.12     15.88    5.10    6.44     16.42    4.67    2.59      7.58   13.33   17.43   200.03   99.21   210.35   99.17 
  89  497.86   22.27     36.96    3.25    2.13     14.38    6.41    6.44     16.42    4.67    2.61      6.95   14.13   17.39   200.65  102.60   210.78  102.46 
  90  497.86   22.77     43.79    1.49    2.13     13.34    7.41    6.45     16.42    4.67    2.63      7.07   14.55   17.36   200.68  103.98   210.95  103.98 
  91  154.31   22.59     43.85    1.48    2.12     14.83    6.29    6.45     16.08    4.87    2.66      7.55   14.14   17.32   200.74  104.60   210.97  104.54 
  92  154.31   22.95     42.35    1.77    2.12     13.79    7.12    6.45     16.08    4.87    2.68      7.50   14.03   17.29   200.71  105.76   210.99  105.79 
  93  154.31   22.54     44.03    1.46    2.11     14.63    6.27    6.45     16.08    4.87    2.70      7.40   13.81   17.25   200.63  107.19   210.80  107.03 
  94  154.31   22.69     47.38    1.00    2.10     16.07    5.08    6.44     16.08    4.87    2.73      7.30   13.46   17.21   200.32  109.13   210.51  109.03 
  95  154.31   22.55     43.79    1.50    2.09     18.53    3.84    6.41     16.08    4.87    2.75      7.25   13.17   17.17   197.47  111.14   207.81  111.08 
  96   94.37   23.08     43.32    1.58    2.09     19.34    3.50    6.38     20.15    3.06    2.75      7.80   12.89   17.12   196.15  111.25   206.56  111.40 
  97   94.37   22.46     42.14    1.81    2.08     19.22    3.58    6.35     20.15    3.06    2.76      8.20   12.67   17.08   196.49  111.20   206.78  111.17 
  98   94.37   22.81     38.83    2.63    2.09     19.88    3.36    6.32     20.15    3.06    2.76      8.17   12.84   17.03   195.19  110.28   205.56  110.31 
  99   94.37   22.36     43.09    1.60    2.08     18.43    3.94    6.30     20.15    3.06    2.76      7.93   13.48   17.00   195.97  107.94   206.43  107.82 
 100   94.37   22.74     42.11    1.79    2.08     17.91    4.28    6.28     20.15    3.06    2.76      7.58   14.50   16.97   196.21  104.39   206.33  104.22 
 101   63.22   22.47     40.10    2.23    2.08     20.09    3.30    6.25     22.48    2.35    2.76      8.13   13.02   16.93   195.02  101.42   205.44  101.30 
 102   63.22   22.94     44.29    1.36    2.07     19.64    3.46    6.22     22.48    2.35    2.76      7.92   12.80   16.89   192.32  100.77   202.97  100.58 
 103   63.22   22.60     41.78    1.79    2.07     19.85    3.37    6.19     22.48    2.35    2.75      7.76   12.77   16.85   188.91  101.15   199.47  100.67 
 104   63.22   22.97     42.83    1.58    2.07     18.19    4.12    6.17     22.48    2.35    2.75      8.05   12.41   16.81   186.76  101.90   196.99  101.75 
 105   63.22   22.55     42.82    1.57    2.06     20.67    3.07    6.14     22.48    2.35    2.75      8.11   12.81   16.77   186.17  102.65   196.65  102.30 
 106   56.78   23.09     43.14    1.51    2.06     22.02    2.62    6.11     24.22    1.93    2.74      7.34   13.92   16.75   183.95  104.62   194.53  104.21 
 107   56.78   22.35     45.18    1.19    2.05     21.89    2.64    6.08     24.22    1.93    2.73      6.79   14.77   16.73   181.85  106.54   192.28  106.46 
 108   56.78   22.67     -0.38  153.66    3.45     19.86    3.33    6.05     24.22    1.93    2.72      6.62   15.87   16.72   179.13  107.14   189.26  106.77 
 109   56.78   22.52     -0.38  149.79    4.80     18.43    3.89    6.03     24.22    1.93    2.72      5.30   20.46   16.75   174.47  104.32   184.49  104.11 
 110   56.78   22.64     40.78    1.87    4.77     20.53    3.08    6.00     24.22    1.93    2.71      4.97   22.62   16.81   171.36  102.57   181.42  102.30 
 111   49.42   22.51     48.61    0.75    4.73     20.00    3.31    5.98     27.20    1.37    2.70      6.96   15.90   16.80   169.90  102.01   180.23  101.79 
 112   49.42   22.44     45.01    1.13    4.70     19.47    3.49    5.96     27.20    1.37    2.68      7.81   13.72   16.77   169.10  101.75   179.05  101.44 
 113   49.42   22.39     41.50    1.69    4.67     20.81    3.07    5.93     27.20    1.37    2.67      7.67   13.95   16.75   168.42  103.06   178.47  103.12 
 114   49.42   22.75     48.37    0.77    4.64     22.34    2.56    5.90     27.20    1.37    2.66      7.43   14.19   16.72   169.20  104.07   179.24  104.13 
 115   49.42   22.52     45.71    1.07    4.61     20.83    3.03    5.88     27.20    1.37    2.65      7.27   14.97   16.71   172.83  104.16   182.61  104.20 
 116   59.63   22.57     44.84    1.21    4.58     21.27    2.90    5.85     24.06    1.97    2.64      6.83   15.53   16.70   176.52  105.97   186.45  106.09 
 117   59.63   22.33     39.69    2.22    4.56     18.61    3.99    5.84     24.06    1.97    2.64      6.90   15.14   16.68   177.25  109.33   187.01  109.63 
 118   59.63   23.03     43.57    1.44    4.53     18.84    3.91    5.82     24.06    1.97    2.63      6.73   15.84   16.68   180.00  112.40   189.70  112.63 
 119   59.63   22.44     39.89    2.24    4.51     17.52    4.48    5.81     24.06    1.97    2.63      6.57   15.63   16.67   182.83  115.46   192.41  115.89 
 120   59.63   22.57     40.74    2.06    4.49     17.31    4.62    5.80     24.06    1.97    2.62      6.94   15.36   16.66   184.43  118.36   194.04  118.40 
 121   51.21   22.34     39.59    2.38    4.48     13.38    8.24    5.82     24.74    1.83    2.62      6.55   18.84   16.68   186.39  119.32   196.45  119.65 
 122   51.21   22.86     42.44    1.74    4.45      8.23   21.36    5.95     24.74    1.83    2.61      4.27   34.18   16.82   191.14  118.81   201.07  119.16 
 123   51.21   22.43     44.09    1.46    4.43      9.51   24.67    6.10     24.74    1.83    2.60      4.29   44.61   17.05   195.23  118.60   205.02  118.84 
 124   51.21   22.78     41.03    2.09    4.41      8.84   30.31    6.29     24.74    1.83    2.60      5.45   45.28   17.27   197.16  117.10   207.11  117.35 
 125   51.21   22.43     36.32    3.63    4.40      8.73   21.39    6.41     24.74    1.83    2.59      5.24   45.49   17.50   204.76  110.88   214.55  111.15 
 126   51.45   22.46     27.58   10.02    4.45      8.90   11.55    6.46     24.64    1.96    2.59      6.61   28.11   17.58   213.07  101.75   222.97  101.89 
 127   51.45   22.45     39.38    2.57    4.43     13.16    9.78    6.48     24.64    1.96    2.58      5.95   17.90   17.59   207.10  107.57   217.00  107.74 
 128   51.45   22.52     40.61    2.25    4.42     14.24    7.49    6.49     24.64    1.96    2.58      7.70   17.13   17.58   209.44  106.43   219.31  106.38 
 129   51.45   22.30     39.66    2.53    4.40     17.98    4.58    6.47     24.64    1.96    2.57      7.77   15.63   17.57   212.33  105.98   222.29  106.07 
 130   51.45   22.82     42.76    1.80    4.38     16.26    5.64    6.47     24.64    1.96    2.57      7.16   16.59   17.56   217.22  106.40   227.18  106.56 
 131   54.02   22.47     39.80    2.58    4.37     15.08    6.62    6.47     24.06    2.11    2.56      6.64   18.15   17.56   221.75  107.15   231.35  107.12 
 132   54.02   22.78     42.96    1.81    4.35     14.16    7.95    6.48     24.06    2.11    2.56      7.23   17.65   17.56   224.25  108.23   234.08  108.27 
 133   54.02   22.23     42.60    1.91    4.33     14.10    8.20    6.49     24.06    2.11    2.56      7.04   18.62   17.57   227.24  108.98   237.14  109.14 
 134   54.02   22.87     41.20    2.28    4.32     14.85    6.94    6.50     24.06    2.11    2.55      7.35   17.28   17.57   231.34  108.93   241.16  108.71 
 135   54.02   22.31     43.99    1.65    4.30     16.09    6.18    6.49     24.06    2.11    2.55      7.91   16.12   17.56   232.45  109.40   242.14  109.48 
 136   69.47   22.06     41.92    2.10    4.28     13.49    9.37    6.52     22.33    2.59    2.55      7.30   19.20   17.57   234.02  109.22   243.99  109.38 
 137   69.47   22.01     43.60    1.74    4.26     12.06   12.47    6.56     22.33    2.59    2.55      6.87   23.00   17.61   234.00  108.68   243.87  108.71 
 138   69.47   22.50     43.01    1.86    4.24     11.00   15.26    6.62     22.33    2.59    2.55      6.41   26.30   17.67   234.50  107.73   244.51  107.82 
 139   69.47   21.91     42.22    2.02    4.23     10.70   16.02    6.69     22.33    2.59    2.55      5.79   27.00   17.74   231.37  106.78   241.55  106.67 
 140   69.47   22.40     42.32    1.98    4.21     10.39   16.87    6.76     22.33    2.59    2.55      5.98   25.80   17.80   229.35  108.67   238.94  108.76 
 141   61.22   22.20     44.49    1.55    4.19     11.85   15.80    6.83     25.32    1.88    2.55      5.53   32.09   17.90   230.56  108.82   240.13  109.05 
 142   61.22   22.54     42.88    1.87    4.18      7.04   34.15    7.02     25.32    1.88    2.54      4.33   45.93   18.10   230.18  109.91   240.00  110.10 
 143   61.22   22.11     25.42   13.84    4.24      4.13   42.28    7.27     25.32    1.88    2.54      4.14   54.55   18.35   220.05  120.88   229.86  120.93 
 144   61.22   22.54     24.74   14.90    4.32      5.50   34.60    7.46     25.32    1.88    2.53      4.07   44.72   18.54   225.11  124.51   234.67  124.52 
 145   61.22   22.05     27.49   10.84    4.36      6.31   28.60    7.60     25.32    1.88    2.53      5.45   35.73   18.65   227.06  119.53   236.63  119.53 
 146   93.26   23.07     27.30   11.05    4.41     12.38   13.94    7.64     19.85    3.69    2.54      6.10   29.85   18.73   225.51  118.77   235.22  118.86 
 147   93.26   22.10     46.16    1.25    4.39      9.41   18.54    7.72     19.85    3.69    2.54      6.03   27.90   18.79   225.58  106.15   235.14  106.14 
 148   93.26   22.40     42.70    1.85    4.37     10.93   13.60    7.76     19.85    3.69    2.55      6.74   21.48   18.81   223.79  104.06   233.49  104.02 
 149   93.26   21.90     42.43    1.90    4.35     10.98   16.49    7.82     19.85    3.69    2.56      5.65   29.99   18.89   222.38  105.25   232.21  105.08 
 150   93.26   22.39     41.29    2.15    4.34     10.61   22.52    7.92     19.85    3.69    2.57      4.92   42.62   19.04   219.57  107.88   229.50  107.73 
 151   84.76   22.09     39.49    2.63    4.33     14.33   17.35    7.98     22.67    2.74    2.57      5.42   47.28   19.23   215.72  110.11   225.77  109.96 
 152   84.76   22.10     39.84    2.52    4.32      9.88   31.00    8.13     22.67    2.74    2.57      5.79   48.85   19.43   213.81  110.06   223.86  109.78 
 153   84.76   22.05     44.60    1.46    4.30      9.14   35.70    8.31     22.67    2.74    2.57      5.58   52.11   19.64   216.40  111.13   226.31  110.96 
 154   84.76   22.47     42.42    1.85    4.28     10.20   32.88    8.47     22.67    2.74    2.57      6.51   49.92   19.84   213.71  109.51   223.80  109.33 
 155   84.76   22.13     41.71    2.01    4.27     10.52   33.40    8.63     22.67    2.74    2.57      6.53   52.65   20.05   213.50  108.09   223.60  107.84 
 156   77.40   22.74      0.41  168.79    5.32     14.54   21.67    8.71     22.66    3.02    2.57      7.09   49.65   20.24   213.24  107.24   223.33  106.92 
 157   77.40   22.12     39.56    2.56    5.30     10.02   35.76    8.89     22.66    3.02    2.58      6.51   50.41   20.43   211.61  107.47   221.77  106.96 
 158   77.40   22.49     32.89    5.57    5.31      7.05   37.72    9.07     22.66    3.02    2.58      6.08   53.29   20.64   219.75  105.65   229.76  105.44 
 159   77.40   22.01     25.78   12.78    5.35      5.79   39.59    9.26     22.66    3.02    2.58      5.44   52.59   20.84   225.00   99.30   234.91   99.22 
 160   77.40   22.37     20.47   23.90    5.47      5.72   38.23    9.44     22.66    3.02    2.59      4.40   54.94   21.05   226.72   89.14   236.59   89.15 
 161   80.14   22.04     20.30   24.38    5.59     12.70   18.63    9.50     22.01    3.47    2.59      5.99   40.70   21.17   226.56   89.27   236.53   89.38 
 162   80.14   22.08     16.61   37.19    5.78      3.67   25.10    9.59     22.01    3.47    2.60      4.92   39.66   21.29   225.82   74.56   235.63   74.68 
 163   80.14   21.89     17.03   35.82    5.96      0.67   17.34    9.64     22.01    3.47    2.60      3.44   21.51   21.29   237.46   78.88   247.23   79.19 
 164   80.14   22.31     17.64   33.38    6.13      4.55   14.21    9.67     22.01    3.47    2.61      0.93   18.61   21.27   238.37   80.34   248.07   80.28 
 165   80.14   22.00     15.18   44.31    6.36      0.00   16.24    9.71     22.01    3.47    2.61      3.79   25.64   21.30   218.92   64.40   228.70   64.42 
 166   80.24   23.07     15.25   44.44    6.59      2.69   12.48    9.73     23.41    2.95    2.61      0.84   16.39   21.27   221.38   65.03   231.01   64.77 
 167   80.24   21.97     14.01   51.72    6.86     -1.41   14.44    9.75     23.41    2.95    2.62     -0.00   18.14   21.25   206.81   61.75   216.61   61.69 
 168   80.24   22.33     14.49   49.89    7.12     -2.40   13.34    9.78     23.41    2.95    2.62     -1.71   15.95   21.22   208.58   64.84   218.43   64.59 
 169   80.24   21.91     14.57   50.04    7.37     -2.47   13.56    9.80     23.41    2.95    2.62     -0.75   17.63   21.20   212.53   65.19   222.48   65.00 
 170   80.24   22.38     13.74   56.21    7.66     -3.84   13.48    9.82     23.41    2.95    2.62     -0.36   18.30   21.18   208.43   67.25   218.18   67.47 
 171   79.76   21.26     13.44   59.67    7.96      2.24    5.85    9.80     21.88    3.47    2.63      1.64   14.67   21.14   212.51   69.21   222.00   69.53 
 172   79.76   22.04     13.37   60.85    8.27      1.48    6.45    9.78     21.88    3.47    2.63      2.24   17.29   21.12   215.16   70.54   224.47   70.93 
 173   79.76   21.77     11.43   76.51    8.67     -1.02    7.00    9.76     21.88    3.47    2.64      2.23   16.85   21.10   195.90   71.05   205.62   71.19 
 174   79.76   22.03     10.97   81.28    9.08     -1.48    7.15    9.75     21.88    3.47    2.64      2.13   19.29   21.09   192.15   71.77   201.43   71.72 
 175   79.76   21.42     10.32   87.66    9.53     -1.12    7.24    9.73     21.88    3.47    2.65      2.24   20.68   21.08   185.08   71.00   194.45   71.03 
 176   75.11   22.57      9.86   92.86   10.01      6.31    2.95    9.69     22.67    3.12    2.65      2.49   24.20   21.10   181.04   69.74   190.42   69.69 
 177   75.11   21.67      9.30  100.23   10.52      7.73    2.53    9.65     22.67    3.12    2.65      2.61   28.47   21.14   177.44   67.28   186.86   67.56 
 178   75.11   22.24      8.90  105.75   11.05      5.18    3.61    9.62     22.67    3.12    2.65      2.55   29.14   21.19   174.68   65.80   183.86   66.01 
 179   75.11   21.72      8.71  108.49   11.60      6.66    3.00    9.58     22.67    3.12    2.66      2.34   21.09   21.19   172.40   66.12   181.74   66.39 
 180   75.11   22.09      8.54  110.62   12.15      5.70    3.33    9.55     22.67    3.12    2.66      2.31   19.86   21.18   169.60   66.30   179.03   66.50 
 181   73.64   21.94      8.53  109.17   12.68      7.35    2.79    9.51     22.30    3.21    2.66      2.22   17.04   21.16   166.15   66.61   175.43   67.01 
 182   73.64   22.18      8.68  106.40   13.20      8.27    2.32    9.47     22.30    3.21    2.67      2.06   15.46   21.13   165.89   67.84   174.95   67.94 
 183   73.64   21.62      9.08  101.43   13.68      7.66    2.48    9.43     22.30    3.21    2.67      1.46   10.75   21.07   169.11   71.02   177.95   70.87 
 184   73.64   21.87      9.19   99.40   14.14      5.80    3.04    9.40     22.30    3.21    2.67      0.81    8.68   21.00   168.10   73.26   176.94   73.56 
 185   73.64   21.65      9.31   97.52   14.60      8.94    2.29    9.36     22.30    3.21    2.67      1.18   10.27   20.94   167.18   75.42   176.14   75.49 
 186  105.51   22.23      9.32   96.14   15.03      6.74    3.07    9.33     20.36    3.96    2.68      1.87   13.18   20.90   164.36   76.01   173.68   76.38 
 187  105.51   21.69      9.74   90.59   15.44      7.10    2.82    9.29     20.36    3.96    2.69      2.11   16.04   20.88   166.97   77.07   175.56   77.01 
 188  105.51   22.36     10.11   86.23   15.81      8.70    2.26    9.25     20.36    3.96    2.70      2.11   18.55   20.86   169.62   77.51   178.16   77.66 
 189  105.51   21.85     10.51   80.99   16.16      6.57    2.84    9.22     20.36    3.96    2.70      2.26   19.67   20.86   171.24   76.08   179.91   76.27 
 190  105.51   22.10     10.92   75.30   16.47      6.50    2.88    9.19     20.36    3.96    2.71      2.31   31.04   20.91   171.39   72.77   180.09   73.03 
 191  109.82   21.68     11.01   74.16   16.77     10.00    2.07    9.15     21.38    3.48    2.71      2.41   37.45   21.00   172.45   69.31   181.60   69.72 
 192  109.82   22.11     11.19   72.56   17.06      5.79    3.23    9.12     21.38    3.48    2.72      2.36   42.73   21.11   174.73   66.51   183.40   66.66 
 193  109.82   21.51     11.45   70.90   17.34      7.37    3.00    9.09     21.38    3.48    2.72      2.28   35.51   21.19   179.69   63.44   188.65   64.04 
 194  109.82   22.03     11.36   72.88   17.63      6.17    3.09    9.05     21.38    3.48    2.72      1.95   15.09   21.15   182.06   65.01   190.49   65.39 
 195  109.82   21.53     11.13   76.13   17.93      9.22    2.26    9.02     21.38    3.48    2.73      1.08    9.63   21.10   181.53   69.70   190.18   69.86 
 196  101.69   22.56     10.81   80.53   18.25      9.13    2.49    8.99     21.22    3.50    2.73      0.98    8.61   21.03   180.52   73.90   189.10   74.06 
 197  101.69   21.64     10.32   86.74   18.60      8.69    2.81    8.96     21.22    3.50    2.74      1.75   11.79   20.98   178.25   76.52   186.96   76.64 
 198  101.69   21.89      9.74   94.78   18.98      8.71    2.58    8.92     21.22    3.50    2.74      1.85   12.33   20.94   174.95   79.28   183.57   79.48 
 199  101.69   21.55      9.37  101.25   19.39      5.21    3.48    8.90     21.22    3.50    2.74      1.08    9.52   20.88   173.49   84.62   181.74   84.74 
 200  101.69   21.89      8.84  109.02   19.84      6.57    3.22    8.87     21.22    3.50    2.75      1.88   11.82   20.84   168.98   84.98   177.46   85.47 
 201  117.67   21.78      8.23  117.35   20.33      7.80    2.87    8.84     20.34    3.83    2.75      2.47   24.40   20.86   162.67   83.66   171.09   84.16 
 202  117.67   22.32      7.67  124.85   20.84      4.97    3.71    8.81     20.34    3.83    2.76      2.71   32.98   20.92   156.25   79.22   164.14   79.90 
 203  117.67   21.93      7.23  133.00   21.40      5.94    3.25    8.78     20.34    3.83    2.76      2.71   30.03   20.96   153.34   76.11   161.27   76.74 
 204  117.67   22.28      8.36  117.49   21.87      2.61    4.10    8.76     20.34    3.83    2.77      2.64   31.51   21.01   171.84   74.55   180.32   74.74 
 205  117.67   21.85      6.66  143.70   22.46      6.27    3.14    8.73     20.34    3.83    2.77      2.57   28.61   21.05   148.23   69.88   156.65   70.01 
 206  119.71   22.05      6.50  146.53   23.06      5.76    3.31    8.71     19.93    3.96    2.78      2.54   25.20   21.07   146.29   68.88   154.69   68.87 
 207  119.71   21.70      6.89  139.89   23.63      2.10    3.81    8.68     19.93    3.96    2.79      2.05   14.55   21.04   152.54   69.99   160.39   70.44 
 208  119.71   22.03      8.07  121.29   24.10      0.55    4.02    8.66     19.93    3.96    2.79      1.37    9.82   20.98   167.76   73.65   176.08   74.16 
 209  119.71   21.49      8.42  115.21   24.53     -4.86    4.39    8.64     19.93    3.96    2.80      0.85    9.58   20.93   169.95   74.78   178.36   75.22 
 210  119.71   21.73      8.46  114.56   24.96     -2.75    4.19    8.62     19.93    3.96    2.80      0.80    9.28   20.87   169.60   77.13   177.72   77.42 
 211  114.95   22.33      8.10  118.86   25.41      1.51    3.19    8.59     20.30    3.75    2.81      0.96    9.02   20.82   163.93   75.96   172.07   76.51 
 212  114.95   21.92      8.28  116.12   25.84      0.95    3.05    8.57     20.30    3.75    2.81      1.87   11.92   20.78   166.51   75.45   174.76   75.70 
 213  114.95   21.79      8.40  114.15   26.25      0.96    3.15    8.54     20.30    3.75    2.82      2.07   13.91   20.74   167.86   73.86   176.06   74.54 
 214  114.95   21.85      7.60  124.99   26.71      3.14    3.22    8.52     20.30    3.75    2.82      2.19   15.70   20.72   156.79   71.95   165.06   72.67 
 215  114.95   21.74      8.80  109.64   27.10     -0.73    3.20    8.49     20.30    3.75    2.82      2.18   17.11   20.70   174.89   72.14   183.02   72.43 
 216  132.63   22.23      9.03  106.18   27.46      2.89    2.10    8.46     20.07    3.81    2.83      2.38   15.72   20.68   177.07   70.77   185.14   70.75 
 217  132.63   21.42     10.36   90.70   27.75     -2.65    2.71    8.44     20.07    3.81    2.83      2.36   11.96   20.64   191.63   71.04   199.82   71.51 
 218  132.63   21.75      9.88   96.09   28.07      4.02    2.57    8.41     20.07    3.81    2.84      2.23   11.15   20.60   186.70   71.09   195.12   71.43 
 219  132.63   21.61     11.40   80.55   28.31     -2.08    2.75    8.38     20.07    3.81    2.84      2.19   10.42   20.55   202.22   72.19   210.52   72.50 
 220  132.63   22.17     11.16   83.14   28.56      4.46    2.86    8.36     20.07    3.81    2.85      1.71    9.80   20.50   200.47   72.14   209.50   72.70 
 221  111.41   22.09     12.37   72.18   28.75      0.41    2.49    8.33     20.60    3.54    2.85      2.22   10.32   20.46   211.97   71.39   220.09   72.10 
 222  111.41   22.23     12.65   70.09   28.94     -4.62    2.70    8.31     20.60    3.54    2.85      2.08   13.42   20.42   220.58   58.80   229.03   59.59 
 223  111.41   21.70     13.33   64.36   29.10      2.09    2.88    8.28     20.60    3.54    2.86      2.16   13.36   20.39   218.70   73.08   226.68   73.34 
 224  111.41   22.14     12.44   71.19   29.29     -4.41    3.02    8.26     20.60    3.54    2.86      2.17   14.15   20.36   229.44   43.43   237.38   44.29 
 225  111.41   21.73     12.85   68.36   29.46     -1.88    3.01    8.24     20.60    3.54    2.86      2.05   13.81   20.34   234.13   45.63   241.97   46.39 
 226  114.41   22.00     12.76   69.24   29.64     -2.73    3.07    8.21     21.00    3.34    2.86      1.91   10.59   20.29   239.29   41.93   247.02   42.65 
 227  114.41   21.84      7.78  123.11   30.05      5.82    3.30    8.19     21.00    3.34    2.87      1.88   12.51   20.26   161.52   71.42   168.21   71.91 
 228  114.41   21.62      7.52  126.85   30.47      5.86    3.07    8.17     21.00    3.34    2.87      1.88   11.23   20.22   157.70   70.22   164.09   70.77 
 229  114.41   21.76      7.64  123.28   30.88      5.56    3.11    8.15     21.00    3.34    2.87      2.25   10.62   20.18   156.68   70.49   163.21   71.02 
 230  114.41   21.63     11.49   77.77   31.08     -7.33    2.45    8.12     21.00    3.34    2.87      2.29    9.67   20.13   247.87   30.20   255.29   30.78 
 231   96.81   21.79     11.56   75.49   31.28     -5.26    2.31    8.10     22.01    2.95    2.87      2.35    9.27   20.08   245.49   32.14   252.86   32.70 
 232   96.81   21.82     11.49   74.39   31.46     -5.45    1.96    8.07     22.01    2.95    2.87      2.41   12.70   20.05   252.67   31.70   260.02   32.29 
 233   96.81   21.74     10.91   78.42   31.66     -8.45    1.82    8.04     22.01    2.95    2.87      2.31   15.16   20.03   256.84   27.18   264.18   27.75 
 234   96.81   21.77     11.23   73.20   31.84    -20.89    1.67    8.02     22.01    2.95    2.87      2.20   15.65   20.01   255.06   31.92   262.31   32.58 
 235   96.81   21.77     10.37   79.81   32.04    -17.11    1.64    7.99     22.01    2.95    2.87      2.49   11.97   19.98   266.36   30.41   273.70   30.99 
 236  110.36   21.83     10.72   75.13   32.23    -10.57    1.21    7.96     21.37    3.14    2.88      2.42   10.12   19.94   260.21   34.88   267.38   35.31 
 237  110.36   21.96     10.53   75.96   32.41     -8.06    1.20    7.93     21.37    3.14    2.88      1.85    6.17   19.88   253.53   31.96   261.09   32.34 
 238  110.36   22.26     10.54   75.68   32.59     -6.28    1.18    7.90     21.37    3.14    2.88      1.90    3.64   19.81   252.02   31.47   259.38   32.22 
 239  110.36   21.86     10.40   76.13   32.78     -4.24    1.17    7.88     21.37    3.14    2.88      2.02    3.61   19.74   250.14   32.28   257.85   32.79 
 240  110.36   22.22     10.35   76.00   32.96     -6.32    1.16    7.85     21.37    3.14    2.88     -1.83    1.97   19.67   251.52   34.84   259.45   35.29 
 241  113.44   21.86      7.88  100.27   33.23     -6.89    0.58    7.82     19.82    3.71    2.88     -3.90    2.48   19.60   268.71   17.96   276.67   18.65 
 242  113.44   21.87     10.64   72.13   33.40     -3.96    0.67    7.79     19.82    3.71    2.89     -3.22    2.60   19.53   264.23   50.55   271.67   51.25 
 243  113.44   21.79      8.19   94.52   33.65     -1.46    0.89    7.76     19.82    3.71    2.89     -2.67    2.70   19.46   282.41   40.81   289.82   41.87 
 244  113.44   22.09      6.71  109.47   33.96     -6.98    0.57    7.73     19.82    3.71    2.89     -3.30    2.59   19.39   282.43   22.24   288.99   22.29 
 245  113.44   21.75      9.21   80.30   34.15     -6.94    0.59    7.70     19.82    3.71    2.90     -2.57    2.83   19.32   268.67   54.75   276.68   55.69 
 246   88.57   22.23      4.90  128.97   34.53    -13.38    0.65    7.67     20.82    3.27    2.90     -0.23    2.36   19.25   269.58   -6.64   276.72   -6.20 
 247   88.57   21.52      4.67  127.91   34.91     -6.64    0.64    7.64     20.82    3.27    2.90     -0.17    2.52   19.18   268.07   -2.97   275.44   -2.31 
 248   88.57   22.23      5.58  110.04   35.21     -7.27    0.66    7.62     20.82    3.27    2.90     -0.11    2.44   19.12   269.99   32.02   277.67   32.48 
 249   88.57   21.83      6.86   90.98   35.44    -12.50    0.67    7.59     20.82    3.27    2.90     -0.04    2.72   19.05   256.96   59.84   265.51   60.76 
 250   88.57   22.27      5.84   98.82   35.69    -12.08    0.66    7.56     20.82    3.27    2.90     -0.01    2.49   18.98   259.49   59.41   266.85   60.19 
 251  135.31   21.63      4.40  113.77   36.00     -5.76    0.48    7.53     19.45    3.79    2.91      0.09    2.16   18.92   270.22   58.49   277.41   58.99 
 252  135.31   22.18      3.60  121.65   36.34     -9.54    0.48    7.50     19.45    3.79    2.91      0.69    3.42   18.86   274.34   58.27   281.46   58.52 
 253  135.31   21.65      2.79  132.93   36.72    -13.49    0.49    7.48     19.45    3.79    2.91      0.96    2.84   18.79   279.80   49.10   287.36   49.70 
 254  135.31   22.07      3.04  127.99   37.08    -10.80    0.49    7.45     19.45    3.79    2.92      0.29    2.67   18.73   275.62   63.18   283.37   64.14 
 255  135.31   21.66      2.65  132.28   37.46    -10.27    0.49    7.42     19.45    3.79    2.92      0.20    1.79   18.66   278.65   61.98   285.81   62.59 
 256  129.13   22.61      0.72  166.65   37.96     -6.60    0.40    7.39     20.35    3.39    2.92      0.51    2.51   18.60   304.28   27.43   311.21   28.67 
 257  129.13   21.81      3.02  128.55   38.31     -3.89    0.39    7.37     20.35    3.39    2.93      0.59    2.75   18.54   274.67   62.27   281.76   62.72 
 258  129.13   22.10      1.43  154.30   38.76     -6.51    0.38    7.34     20.35    3.39    2.93      0.68    2.68   18.48   298.17   61.73   305.75   61.62 
 259  129.13   21.46      0.70  166.30   39.26     -7.73    0.41    7.31     20.35    3.39    2.93      0.51    1.93   18.41   300.28   36.32   307.72   35.94 
 260  129.13   22.05      1.13  161.58   39.73    -10.45    0.40    7.29     20.35    3.39    2.93      2.32    2.89   18.35   298.01   32.45   304.89   33.74 
 261  127.78   22.06      1.88  150.62   40.15    -16.66    1.01    7.26     20.83    3.17    2.93      0.60    3.00   18.29   300.28   61.90   307.02   61.98 
 262  127.78   22.17      1.52  158.78   40.60    -10.89    0.98    7.24     20.83    3.17    2.93      1.06    3.60   18.24   307.88   56.91   316.44   57.67 
 263  127.78   22.03      3.10  133.19   40.96     -9.25    1.00    7.21     20.83    3.17    2.93      0.63    2.94   18.18   281.10   56.93   289.05   57.67 
 264  127.78   21.99      2.12  150.32   41.37    -13.49    1.00    7.19     20.83    3.17    2.93     -0.24    2.17   18.12   302.53   62.27   309.41   62.70 
 265  127.78   22.06      3.56  129.41   41.70    -10.14    0.99    7.17     20.83    3.17    2.94      0.70    3.17   18.06   283.42   60.31   291.37   60.50 
 266  136.10   22.90      1.96  158.77   42.14     -3.13    0.92    7.14     20.78    3.16    2.94      0.60    3.61   18.01   272.13  -15.43   278.97  -14.69 
 267  136.10   22.00      3.56  134.86   42.49    -15.28    1.14    7.12     20.78    3.16    2.94      0.65    3.80   17.95   301.78   74.58   309.38   75.08 
 268  136.10   22.62      4.36  126.44   42.80    -19.76    1.16    7.10     20.78    3.16    2.94      0.59    4.16   17.90   298.69   73.47   305.15   73.13 
 269  136.10   21.88      3.27  147.19   43.19    -16.57    1.17    7.08     20.78    3.16    2.94      0.61    4.10   17.85   315.27   44.99   323.06   45.16 
 270  136.10   22.27      3.68  141.34   43.55     -7.67    0.81    7.05     20.78    3.16    2.94      0.34    3.17   17.80   257.23  -15.50   263.72  -14.58 
 271  115.54   23.09      4.63  127.58   43.86    -27.31    0.66    7.03     21.06    3.03    2.94      0.10    1.85   17.74   310.59   71.31   317.48   71.60 
 272  115.54   22.79      4.21  132.92   44.19    -37.86    0.66    7.01     21.06    3.03    2.94      1.49    2.55   17.68   315.53   62.03   322.46   62.53 
 273  115.54   22.77      3.21  147.66   44.57    -23.14    0.65    6.98     21.06    3.03    2.94      1.67    3.69   17.63   289.60  -13.06   295.44  -12.04 
 274  115.54   22.66      4.02  133.45   44.89    -30.27    0.66    6.96     21.06    3.03    2.94      1.65    2.62   17.58   319.68   74.03   327.84   75.14 
 275  115.54   22.38      4.07  132.86   45.21    -34.26    0.66    6.94     21.06    3.03    2.94      1.91    4.23   17.53   319.70   62.79   326.37   63.00 
 276  114.66   22.87      4.21  130.54   45.52     -9.62    0.77    6.92     19.97    3.41    2.94      2.60    5.03   17.48   316.70   57.31   324.25   57.58 
 277  114.66   22.69      4.45  126.86   45.82     -5.60    0.78    6.89     19.97    3.41    2.94      2.72    3.55   17.43   311.58   58.84   318.33   59.53 
 278  114.66   23.08      4.54  127.60   46.11     -7.30    0.78    6.87     19.97    3.41    2.95      1.12    3.07   17.38   311.93   61.05   318.96   61.89 
 279  114.66   22.47      4.99  126.04   46.40     -4.75    0.80    6.85     19.97    3.41    2.95     -1.07    1.34   17.32   313.50   69.02   319.96   69.48 
 280  114.66   23.02      5.34  125.67   46.68     -7.05    0.78    6.83     19.97    3.41    2.95     -3.94    1.02   17.27   312.86   67.58   319.97   68.87 
 281  128.36   23.15      2.98  171.19   47.12     -5.11    0.74    6.81     20.47    3.19    2.95     -0.98    1.19   17.21   306.56  -11.45   313.61  -11.43 
 282  128.36   22.87      6.27  120.28   47.38     -7.38    0.75    6.79     20.47    3.19    2.95      0.57    1.64   17.15   309.98   69.15   317.54   70.50 
 283  128.36   22.86      3.79  165.97   47.80    -16.35    0.77    6.76     20.47    3.19    2.95     -1.14    1.18   17.10   285.83  -13.13   292.00  -12.72 
 284  128.36   23.32      6.63  122.12   48.06    -21.22    0.78    6.74     20.47    3.19    2.95      0.87    1.79   17.04   319.48   72.82   326.98   73.30 
 285  128.36   22.93      6.64  124.26   48.33     -9.56    0.73    6.72     20.47    3.19    2.95      0.67    1.85   16.99   315.84   61.16   323.30   61.79 
 286  115.33   23.06      7.20  117.62   48.57     -5.46    0.67    6.70     20.37    3.20    2.95      3.25    2.38   16.94   307.66   58.37   314.80   58.84 
 287  115.33   22.70      3.91  173.20   49.01    -13.92    0.70    6.68     20.37    3.20    2.96      2.41    1.90   16.89   302.96  -13.27   310.33  -13.04 
 288  115.33   23.07      7.18  119.84   49.25    -12.67    0.70    6.66     20.37    3.20    2.96      0.33    1.45   16.83   310.63   52.94   317.74   53.56 
 289  115.33   22.62      6.21  133.20   49.54     -1.36    0.67    6.64     20.37    3.20    2.96      0.27    1.90   16.78   320.22   45.89   327.42   45.65 
 290  115.33   23.08      2.60  198.52   50.06      -Inf    0.72    6.62     20.37    3.20    2.96      1.05    1.72   16.73   275.20  -52.53   281.70  -51.19 
 291  126.70   22.53      2.84  191.27   50.54      -Inf    0.73    6.60     20.25    3.21    2.96      0.90    2.42   16.68   321.77  -26.67   328.49  -25.71 
 292  126.70   22.96      3.62  171.13   50.96     -5.62    0.69    6.58     20.25    3.21    2.96     -2.58    1.02   16.63   318.51  -11.56   325.58  -10.88 
 293  126.70   22.76      5.08  141.11   51.26      -Inf    0.73    6.56     20.25    3.21    2.96     -3.54    0.93   16.57   353.62   88.85   361.09   89.84 
 294  126.70   23.44      3.89  157.39   51.63    -36.22    0.73    6.54     20.25    3.21    2.96     -7.00    0.80   16.52   293.77  -15.97   300.34  -14.88 
 295  126.70   22.99      3.50  158.80   51.99    -10.62    0.68    6.52     20.25    3.21    2.96    -12.71    0.75   16.47   311.01   -5.79   317.86   -5.20 
 296  119.89   23.21      4.81  133.18   52.26     -4.86    0.30    6.50     21.21    2.85    2.96     -0.87    1.46   16.41   250.77  -13.66   257.09  -12.89 
 297  119.89   22.78      3.85  147.19   52.58     -7.26    0.58    6.48     21.21    2.85    2.96     -0.67    1.36   16.36   288.36   -8.90   294.35   -8.48 
 298  119.89   23.14      3.01  160.31   52.94    -10.56    0.75    6.46     21.21    2.85    2.96     -3.97    0.93   16.31   295.12  -16.27   302.12  -15.28 
 299  119.89   23.02      2.71  163.86   53.32    -22.96    0.77    6.44     21.21    2.85    2.96      0.29    1.46   16.26   293.92  -16.11   300.94  -15.16 
 300  119.89   23.18      2.75  161.52   53.68    -24.40    0.78    6.42     21.21    2.85    2.96      1.52    1.68   16.21   290.69  -16.34   297.90  -15.37 
 301  119.87   22.98      2.45  167.72   54.05      -Inf    0.95    6.40     20.59    3.04    2.96     -2.46    1.33   16.16   345.93   57.16   353.56   57.38 
 302  119.87   23.08      0.51  210.02   54.57      -Inf    0.95    6.38     20.59    3.04    2.96     -1.11    1.21   16.11   286.73  -70.47   292.15  -69.50 
 303  119.87   23.06      1.60  184.41   55.00     -7.25    0.85    6.37     20.59    3.04    2.96     -6.67    1.02   16.06   314.54  -14.11   321.76  -13.53 
 304  119.87   23.35      2.57  163.49   55.36    -84.07    0.95    6.35     20.59    3.04    2.96     -0.41    1.28   16.02   276.14  -18.22   282.81  -16.30 
 305  119.87   22.67      3.31  147.97   55.66     -3.85    0.92    6.33     20.59    3.04    2.96     -7.98    1.01   15.97   252.37  -12.17   258.10  -11.47 
 306  133.94   23.18      2.29  163.99   56.01    -68.28    0.78    6.31     20.77    2.95    2.96     -2.89    0.95   15.92   278.23  -16.40   284.42  -14.54 
 307  133.94   23.07      0.05  211.41   56.52      -Inf    0.78    6.29     20.77    2.95    2.96      0.04    1.62   15.87   310.69  -52.06   317.21  -51.08 
 308  133.94   23.46      0.71  195.00   56.97    -30.30    0.77    6.28     20.77    2.95    2.96     -4.02    0.91   15.82   326.66  -13.13   333.78  -12.77 
 309  133.94   23.08     -0.27  216.93   57.49      -Inf    0.78    6.26     20.77    2.95    2.96     -3.14    1.03   15.77   333.00  -38.72   339.99  -38.39 
 310  133.94   23.19      0.93  187.90   57.91    -19.81    0.77    6.24     20.77    2.95    2.96     -1.50    1.19   15.73   317.35  -12.06   323.85  -11.78 
 311  122.08   22.67      2.30  160.31   58.24     -0.58    0.30    6.22     21.18    2.79    2.96     -1.70    0.69   15.68   284.75   -7.85   290.00   -7.41 
 312  122.08   23.46      2.45  158.88   58.56     -4.55    0.21    6.20     21.18    2.79    2.96     -1.52    0.63   15.63   281.99  -13.94   288.19  -12.16 
 313  122.08   22.72      0.52  200.36   59.01      -Inf    0.45    6.18     21.18    2.79    2.96     -2.12    0.64   15.58   263.84  -76.03   271.00  -75.47 
 314  122.08   23.43      1.22  191.93   59.44      -Inf    0.45    6.16     21.18    2.79    2.96     -1.87    0.66   15.54   291.64  -54.64   298.66  -53.67 
 315  122.08   23.09      1.96  179.63   59.82      -Inf    0.45    6.15     21.18    2.79    2.96     -0.15    0.83   15.49   356.83   42.50   365.02   43.63 
 316  147.59   23.11      0.27  225.27   60.34      -Inf    0.86    6.13     19.88    3.22    2.96     -6.55    0.95   15.44   294.40  -88.80   300.27  -88.20 
 317  147.59   23.10      2.26  184.64   60.73      -Inf    0.86    6.11     19.88    3.22    2.96     -0.86    1.53   15.40   262.61  -59.96   267.56  -59.37 
 318  147.59   23.12      2.14  191.60   61.15      -Inf    0.86    6.10     19.88    3.22    2.96     -0.41    1.57   15.36   296.18  -52.71   302.46  -51.93 
 319  147.59   23.03      1.39  211.07   61.62      -Inf    0.86    6.08     19.88    3.22    2.96      0.27    1.52   15.31   307.30  -71.72   313.25  -70.50 
 320  147.59   23.54      2.24  193.21   62.03      -Inf    0.86    6.06     19.88    3.22    2.96     -3.54    1.04   15.27   283.96  -65.80   291.60  -64.31 
 321  160.37   23.31      2.52  187.63   62.42      -Inf    0.43    6.05     20.38    3.01    2.96      2.04    1.72   15.23   284.37  -62.43   290.49  -61.53 
 322  160.37   23.11      4.36  151.31   62.69      -Inf    0.43    6.03     20.38    3.01    2.96     -0.09    0.61   15.18   354.87   42.63   364.06   44.18 
 323  160.37   22.69      3.17  170.37   63.03      -Inf    0.43    6.01     20.38    3.01    2.96     -1.93    0.64   15.14   288.46  -47.35   295.22  -46.41 
 324  160.37   23.41      3.08  170.21   63.36      -Inf    0.43    5.99     20.38    3.01    2.96      1.06    1.31   15.09   319.95  -26.55   326.44  -26.33 
 325  160.37   22.73      4.13  149.54   63.62      -Inf    0.43    5.98     20.38    3.01    2.96     -2.15    0.60   15.05   355.60   62.53   363.59   63.30 
 326  165.26   23.57      4.22  147.21   63.88    -21.90    0.42    5.96     20.48    2.96    2.96      0.26    0.77   15.00   325.85   12.57   333.29   12.86 
 327  165.26   22.71      2.12  187.33   64.26      -Inf    0.42    5.94     20.48    2.96    2.96     -1.50    0.62   14.96   288.43  -64.76   294.42  -63.94 
 328  165.26   23.13      3.24  163.89   64.56      -Inf    0.42    5.93     20.48    2.96    2.96     -1.37    0.70   14.92   251.12  -50.15   257.59  -49.02 
 329  165.26   23.03      3.79  153.69   64.83      -Inf    0.42    5.91     20.48    2.96    2.96     -0.49    0.80   14.87   352.41   59.58   360.51   60.38 
 330  165.26   23.13      1.82  192.80   65.22      -Inf    0.42    5.89     20.48    2.96    2.96     -1.42    0.62   14.83   332.45  -32.86   338.49  -32.05 
 331  140.11   23.44      3.31  161.80   65.51      -Inf    0.82    5.88     20.14    3.05    2.96     -2.72    1.03   14.79   222.26  -46.95   229.25  -46.60 
 332  140.11   23.05      4.05  146.99   65.76      -Inf    0.82    5.86     20.14    3.05    2.96     -3.09    1.04   14.75   222.13  -32.23   228.29  -31.50 
 333  140.11   23.09      1.84  187.35   66.12      -Inf    0.82    5.85     20.14    3.05    2.96     -7.20    0.90   14.71   316.56  -31.45   322.29  -31.22 
 334  140.11   23.39     -0.05  229.00   66.61      -Inf    0.82    5.83     20.14    3.05    2.96     -4.02    0.97   14.66   314.73  -81.64   321.79  -80.49 
 335  140.11   22.74      4.14  140.09   66.83      -Inf    0.82    5.82     20.14    3.05    2.96      -Inf    0.82   14.62   231.84  -27.19   238.29  -26.74 
 336  144.45   23.87      1.57  187.20   67.19      -Inf    0.82    5.80     20.47    2.92    2.96     -3.89    1.02   14.58   357.33   13.23   364.16   13.37 
 337  144.45   23.11      2.91  158.73   67.46      -Inf    0.82    5.79     20.47    2.92    2.96     -2.37    1.09   14.54   273.46  -34.30   279.76  -34.17 
 338  144.45   23.17      2.59  164.09   67.74    -30.20    0.82    5.77     20.47    2.92    2.96     -6.86    0.90   14.50   314.52  -10.27   320.60   -9.50 
 339  144.45   22.72      3.68  145.47   67.97    -17.52    0.82    5.76     20.47    2.92    2.96      0.30    1.42   14.46   281.42  -13.41   287.43  -12.72 
 340  144.45   23.20      1.38  190.51   68.33      -Inf    0.82    5.74     20.47    2.92    2.96      0.60    1.61   14.43   331.27  -25.11   336.68  -24.65 
 341  147.94   23.55     -1.62  268.42   68.92      -Inf    0.80    5.73     19.96    3.07    2.96      0.19    1.29   14.39   426.94  -20.93   433.44  -20.44 
 342  147.94   23.13      1.93  180.67   69.25      -Inf    0.80    5.72     19.96    3.07    2.96     -1.54    1.01   14.35   277.04  -48.47   281.77  -47.58 
 343  147.94   22.74      2.05  178.64   69.57    -47.85    0.80    5.70     19.96    3.07    2.96     -2.12    0.94   14.31   323.66  -10.63   330.11   -9.76 
 344  147.94   23.01      0.53  221.60   70.01    -35.34    0.80    5.69     19.96    3.07    2.97     -7.08    0.88   14.27   326.71  -11.21   333.16  -10.38 
 345  147.94   22.73      0.59  212.88   70.42      -Inf    0.80    5.67     19.96    3.07    2.97     -1.29    1.18   14.23   317.50  -58.42   324.41  -56.93 
 346  146.57   23.77      3.09  160.15   70.68      -Inf    0.12    5.66     20.81    2.76    2.96      0.99    0.69   14.19   266.40  -29.30   273.06  -29.19 
 347  146.57   23.15      3.40  155.34   70.93      -Inf    0.12    5.64     20.81    2.76    2.96      1.83    1.19   14.16   213.97  -42.14   221.78  -41.59 
 348  146.57   23.16      1.58  192.59   71.28      -Inf    0.12    5.62     20.81    2.76    2.96      1.78    1.14   14.12   295.79  -57.30   302.34  -55.91 
 349  146.57   23.12      2.79  168.28   71.55      -Inf    0.12    5.61     20.81    2.76    2.96      1.32    0.85   14.08   243.75  -55.47   250.02  -54.16 
 350  146.57   23.53      1.33  200.11   71.92      -Inf    0.12    5.59     20.81    2.76    2.96      1.52    0.92   14.04   274.31  -82.87   281.45  -81.83 
 351  144.11   22.77      4.15  147.17   72.14      -Inf    0.82    5.58     20.38    2.88    2.96      0.02    1.26   14.01   262.33  -33.04   268.75  -32.66 
 352  144.11   23.15      2.58  182.14   72.45      -Inf    0.82    5.57     20.38    2.88    2.96     -0.83    1.17   13.97   296.50  -58.57   303.54  -57.54 
 353  144.11   23.13      2.17  196.10   72.80      -Inf    0.82    5.55     20.38    2.88    2.96     -0.99    1.10   13.93   262.07  -84.95   267.53  -84.09 
 354  144.11   23.05      1.72  212.07   73.19      -Inf    0.82    5.54     20.38    2.88    2.96     -3.47    0.98   13.90   320.20  -79.54   325.97  -79.00 
 355  144.11   23.17      3.10  184.97   73.51      -Inf    0.82    5.53     20.38    2.88    2.96      -Inf    0.82   13.86   272.72  -65.85   279.41  -63.75 
 356  147.86   23.13      3.29  183.37   73.82      -Inf    0.55    5.51     20.39    2.86    2.96     -0.16    1.18   13.82   216.95  -63.31   224.10  -63.31 
 357  147.86   23.14      3.64  177.15   74.10      -Inf    0.55    5.50     20.39    2.86    2.96      0.52    1.20   13.79   257.88  -54.42   264.26  -53.68 
 358  147.86   23.17      5.71  139.30   74.29     -6.68    0.53    5.48     20.39    2.86    2.96     -0.51    0.98   13.75   269.85  -12.83   276.11  -12.37 
 359  147.86   23.04      5.87  135.61   74.46    -10.95    0.51    5.47     20.39    2.86    2.96      0.07    1.05   13.72   237.18  -13.63   243.27  -12.63 
 360  147.86   23.17      4.91  149.54   74.67      -Inf    0.55    5.46     20.39    2.86    2.96      0.24    1.19   13.68   372.37   77.91   380.34   79.24 
 361  166.16   24.13      2.05  202.13   75.02      -Inf    0.70    5.44     20.81    2.70    2.96     -7.02    0.76   13.65   278.08  -76.48   284.26  -75.49 
 362  166.16   23.19      3.32  171.72   75.29      -Inf    0.70    5.43     20.81    2.70    2.96     -1.28    1.08   13.61   289.12  -40.03   295.77  -38.39 
 363  166.16   23.17      3.40  166.74   75.54      -Inf    0.70    5.42     20.81    2.70    2.96    -11.21    0.73   13.58   260.94  -43.87   267.76  -44.62 
 364  166.16   23.50      2.96  171.56   75.80      -Inf    0.70    5.40     20.81    2.70    2.96     -1.50    0.99   13.54   286.38  -41.47   292.18  -40.00 
 365  166.16   23.17      3.78  155.82   76.02      -Inf    0.70    5.39     20.81    2.70    2.96    -11.59    0.72   13.51   223.15  -44.51   230.19  -44.44 
 366  190.29   23.76      3.31  165.69   76.27      -Inf    0.70    5.38     19.87    2.99    2.96     -3.41    0.84   13.47   299.73  -28.64   307.24  -27.98 
 367  190.29   23.25      1.23  212.04   76.64      -Inf    0.70    5.37     19.87    2.99    2.96    -12.08    0.72   13.44   328.64  -62.99   336.04  -62.92 
 368  190.29   23.15      2.67  183.46   76.93      -Inf    0.70    5.35     19.87    2.99    2.96     -8.45    0.74   13.40   282.52  -55.60   288.97  -54.61 
 369  190.29   23.11      5.77  131.37   77.07    -26.83    0.70    5.34     19.87    2.99    2.96    -48.31    0.70   13.37   255.07   -8.76   259.07   -7.94 
 370  190.29   23.14      3.34  176.65   77.34      -Inf    0.70    5.33     19.87    2.99    2.96     -4.29    0.85   13.34   247.60  -52.97   253.53  -51.95 
 371  165.52   23.09      1.62  216.02   77.72      -Inf    0.12    5.31     20.28    2.83    2.96      2.04    1.19   13.30   286.66  -85.51   292.74  -85.01 
 372  165.52   23.15      2.29  201.33   78.05      -Inf    0.12    5.30     20.28    2.83    2.96      1.52    1.48   13.27   316.06  -60.19   324.35  -59.26 
 373  165.52   23.13      4.97  146.69   78.23     -5.18    0.11    5.29     20.28    2.83    2.96      0.06    0.45   13.24   299.89   -9.17   305.06   -9.02 
 374  165.52   23.07      4.97  145.46   78.41    -13.64    0.12    5.27     20.28    2.83    2.96      2.15    1.33   13.20   298.22   -8.86   303.38   -8.67 
 375  165.52   23.23     -2.45  230.26   78.82      -Inf    0.12    5.26     20.28    2.83    2.96      1.66    0.43   13.17   277.94  -28.96   285.84  -27.93 
 376  160.77   23.25     -3.39  253.67   79.28    -19.21    0.10    5.24     21.49    2.45    2.95      0.26    0.63   13.14   313.01  -17.06   320.63  -15.76 
 377  160.77   23.11      3.97  153.57   79.48    -14.05    0.10    5.23     21.49    2.45    2.95      0.62    0.52   13.10   307.96  -10.03   313.16   -9.78 
 378  160.77   23.14      3.37  159.98   79.69     -7.52    0.09    5.22     21.49    2.45    2.95      2.84    1.20   13.07   313.85   -7.87   319.02   -8.00 
 379  160.77   23.08      0.53  218.96   80.06      -Inf    0.10    5.20     21.49    2.45    2.95      1.66    1.15   13.04   313.45  -77.56   321.34  -77.17 
 380  160.77   23.15      2.60  169.72   80.30      -Inf    0.10    5.19     21.49    2.45    2.95      1.71    0.99   13.01   282.82  -35.53   288.71  -34.36 
 381  161.52   23.10      0.77  206.44   80.63      -Inf    0.14    5.18     21.19    2.52    2.95     -3.75    0.16   12.98   282.23  -76.02   287.75  -75.61 
 382  161.52   23.11      2.46  169.24   80.86      -Inf    0.14    5.16     21.19    2.52    2.95      2.09    0.68   12.94   257.69  -47.42   263.83  -46.41 
 383  161.52   23.16      2.07  175.04   81.11    -16.56    0.14    5.15     21.19    2.52    2.95      2.02    1.48   12.91   327.07   -3.93   332.67   -2.77 
 384  161.52   23.43      3.03  153.04   81.29      -Inf    0.14    5.14     21.19    2.52    2.94      1.58    0.89   12.88   336.23   75.35   344.91   76.39 
 385  161.52   23.15     -0.68  231.40   81.68      -Inf    0.14    5.12     21.19    2.52    2.94      0.38    0.42   12.85   281.41 -109.38   286.92 -108.94 
 386  162.32   23.23      2.89  153.06   81.87    -21.33    0.50    5.11     20.81    2.61    2.94      2.17    1.10   12.82   288.87  -16.83   295.11  -14.78 
 387  162.32   23.14      3.23  145.66   82.03    -20.94    0.50    5.10     20.81    2.61    2.94      0.08    1.07   12.79   278.42  -18.63   286.12  -17.33 
 388  162.32   23.14      3.14  147.44   82.20    -12.45    0.49    5.09     20.81    2.61    2.94     -0.18    0.78   12.76   286.43  -18.19   294.15  -17.09 
 389  162.32   22.73      3.52  143.14   82.36    -33.42    0.50    5.08     20.81    2.61    2.94      0.42    1.09   12.73   289.45  -14.77   295.54  -12.79 
 390  162.32   23.16      2.83  158.11   82.55      -Inf    0.50    5.07     20.81    2.61    2.94      2.52    1.65   12.70   166.95  -61.67   174.40  -62.42 
 391  167.47   23.12      2.50  165.74   82.76     -6.45    0.09    5.05     21.47    2.41    2.94      0.63    0.59   12.67   326.36   -4.57   332.61   -3.16 
 392  167.47   23.55      2.19  172.07   82.99      -Inf    0.09    5.04     21.47    2.41    2.94     -1.38    0.17   12.64   201.68  -72.38   209.46  -72.80 
 393  167.47   23.18      1.99  176.85   83.23      -Inf    0.09    5.03     21.47    2.41    2.93      0.40    0.39   12.61   370.78  105.46   378.42  106.28 
 394  167.47   23.09      1.66  180.68   83.48      -Inf    0.09    5.02     21.47    2.41    2.93      0.44    0.29   12.57   359.24   39.04   366.33   41.46 
 395  167.47   23.16      0.39  201.32   83.78      -Inf    0.09    5.00     21.47    2.41    2.93      1.31    0.53   12.54   316.39  -46.57   324.71  -45.19 
 396  167.56   23.30      1.27  174.86   84.01    -48.48    0.12    4.99     21.40    2.41    2.93      1.43    1.67   12.52   327.07   16.40   333.28   17.74 
 397  167.56   23.15     -0.95  217.53   84.34      -Inf    0.12    4.98     21.40    2.41    2.93      0.05    0.38   12.49   327.72  -50.58   334.70  -49.10 
 398  167.56   23.19      0.10  183.72   84.59    -13.10    0.12    4.97     21.40    2.41    2.93      1.27    0.96   12.46   327.65   18.56   333.78   19.95 
 399  167.56   23.12     -2.15  228.91   84.95      -Inf    0.12    4.95     21.40    2.41    2.93     -0.33    0.28   12.43   351.74  -28.18   359.93  -27.59 
 400  167.56   23.20     -1.20  197.93   85.24      -Inf    0.12    4.94     21.40    2.41    2.93     -2.18    0.19   12.40   278.30  -69.19   283.59  -68.65 
 401  178.77   23.12      0.66  157.84   85.42      -Inf    0.09    4.93     21.09    2.48    2.92      1.50    0.99   12.37   253.16  -39.34   259.65  -39.45 
 402  178.77   23.20     -0.68  180.73   85.66      -Inf    0.09    4.92     21.09    2.48    2.92      -Inf    0.09   12.34   247.77  -71.75   252.84  -70.58 
 403  178.77   23.20      0.16  164.99   85.85      -Inf    0.09    4.91     21.09    2.48    2.92      0.67    0.32   12.31   254.99  -45.82   261.16  -46.07 
 404  178.77   23.09     -2.36  224.43   86.20      -Inf    0.09    4.89     21.09    2.48    2.92      1.17    0.97   12.28   264.37 -112.93   271.81 -111.58 
 405  178.77   23.15     -3.58  261.26   86.63      -Inf    0.09    4.88     21.09    2.48    2.92      1.32    0.34   12.25   352.13  -82.93   359.91  -82.05 
 406  175.56   23.16     -2.09  223.25   86.96      -Inf    0.09    4.87     21.18    2.44    2.92      0.39    0.34   12.22   290.61  -90.53   296.95  -89.43 
 407  175.56   23.24     -2.55  241.54   87.34      -Inf    0.09    4.86     21.18    2.44    2.92      -Inf    0.09   12.19   271.20 -127.62   278.64 -126.29 
 408  175.56   23.23     -1.14  208.42   87.64      -Inf    0.09    4.85     21.18    2.44    2.92     -0.13    0.30   12.16   359.93   32.15   366.85   34.21 
 409  175.56   22.73     -1.48  220.60   87.97      -Inf    0.09    4.83     21.18    2.44    2.92      0.67    0.43   12.13   333.77  -51.23   342.63  -51.42 
 410  175.56   23.58      0.53  177.46   88.18      -Inf    0.09    4.82     21.18    2.44    2.91      0.16    0.36   12.10   283.10  -47.20   287.64  -46.63 
 411  173.65   23.28      0.96  172.32   88.39      -Inf    0.41    4.81     20.24    2.71    2.91     -1.22    0.67   12.08   219.97  -77.58   227.21  -77.71 
 412  173.65   23.23      2.94  137.30   88.51      -Inf    0.41    4.80     20.24    2.71    2.91     -0.99    0.66   12.05   183.92  -50.48   191.59  -51.51 
 413  173.65   23.22     -0.70  209.98   88.80      -Inf    0.41    4.79     20.24    2.71    2.91      0.24    0.92   12.02   285.94  -91.64   292.03  -90.30 
 414  173.65   23.13     -0.50  207.18   89.09      -Inf    0.41    4.78     20.24    2.71    2.91     -6.65    0.46   11.99   293.20  -81.10   302.01  -81.01 
 415  173.65   23.24     -1.50  236.39   89.44      -Inf    0.41    4.77     20.24    2.71    2.91      1.54    1.95   11.97   294.07 -114.73   300.61 -112.66 
 416  169.15   23.59      4.34  122.75   89.52      -Inf    0.08    4.76     21.06    2.45    2.91      0.70    0.90   11.94   208.55  -24.30   215.57  -23.86 
 417  169.15   22.86      0.20  200.09   89.79      -Inf    0.08    4.75     21.06    2.45    2.91      1.99    0.81   11.92   309.57  -52.68   318.58  -51.78 
 418  169.15   23.58      3.38  139.46   89.91      -Inf    0.08    4.74     21.06    2.45    2.91      2.15    0.60   11.89   228.40  -32.44   235.43  -32.08 
 419  169.15   23.17      1.63  173.01   90.10      -Inf    0.08    4.73     21.06    2.45    2.91      1.96    2.19   11.87   279.20  -44.53   284.84  -43.01 
 420  169.15   23.17      1.69  174.18   90.30    -24.54    0.08    4.71     21.06    2.45    2.91      1.12    1.78   11.84   317.01  -14.30   323.02  -12.16 
 421  213.49   23.67      1.02  191.02   90.54      -Inf    0.10    4.70     21.40    2.34    2.90      1.77    1.21   11.82   285.09  -63.36   293.58  -63.73 
 422  213.49   23.56      2.61  159.52   90.71      -Inf    0.10    4.69     21.40    2.34    2.90      1.87    0.90   11.79   210.06  -61.74   217.80  -61.10 
 423  213.49   22.79      1.16  186.54   90.93      -Inf    0.10    4.68     21.40    2.34    2.90      1.75    2.40   11.77   368.92   44.94   376.92   46.01 
 424  213.49   23.13      1.72  175.00   91.13      -Inf    0.10    4.67     21.40    2.34    2.90      0.43    1.08   11.74   308.84  -42.51   314.30  -41.03 
 425  213.49   23.17      1.27  181.43   91.34      -Inf    0.10    4.66     21.40    2.34    2.90      0.50    0.62   11.72   327.17  -33.74   333.11  -31.68 
 426  204.86   23.15      1.54  174.70   91.54      -Inf    0.08    4.65     21.53    2.29    2.90      1.40    0.46   11.69   300.48  -47.22   309.59  -45.60 
 427  204.86   22.77     -0.56  224.37   91.85      -Inf    0.08    4.64     21.53    2.29    2.90      0.56    0.88   11.66   302.51 -102.18   309.11 -101.57 
 428  204.86   24.64     -1.83  257.27   92.24      -Inf    0.08    4.63     21.53    2.29    2.90     -0.59    0.19   11.64   346.24 -107.66   351.77 -106.07 
 429  204.86   24.58      1.30  179.30   92.44      -Inf    0.08    4.62     21.53    2.29    2.89      1.09    0.37   11.61   268.98  -62.21   277.76  -62.01 
 430  204.86   26.12     -0.89  231.28   92.76      -Inf    0.08    4.61     21.53    2.29    2.89      0.73    0.87   11.59   399.41   13.90   406.65   15.29 
 431  189.15   25.06      1.60  174.69   92.95      -Inf    0.07    4.60     21.22    2.36    2.89    -13.97    0.08   11.56   313.84  -23.53   319.80  -21.37 
 432  189.15   25.90     -0.23  214.37   93.23      -Inf    0.07    4.59     21.22    2.36    2.89      0.05    0.15   11.53   294.71  -89.30   302.33  -88.85 
 433  189.15   24.75      2.21  163.29   93.40      -Inf    0.07    4.58     21.22    2.36    2.89      2.59    0.59   11.51   305.06  -22.18   313.40  -22.46 
 434  189.15   25.14      2.21  168.72   93.57      -Inf    0.07    4.56     21.22    2.36    2.89      1.54    1.25   11.48   294.41  -47.65   302.56  -46.92 
 435  189.15   26.13     -0.02  218.69   93.86      -Inf    0.07    4.55     21.22    2.36    2.89     -1.22    0.12   11.46   409.69   34.46   416.68   35.87 
 436  191.23   24.93      4.65  131.74   93.94      -Inf    0.07    4.54     21.23    2.34    2.89      2.05    0.41   11.43   175.21  -41.13   184.33  -42.53 
 437  191.23   26.23      2.05  181.11   94.14      -Inf    0.07    4.53     21.23    2.34    2.88      2.14    0.90   11.41   265.60  -80.18   274.20  -80.44 
 438  191.23   24.72      1.05  207.58   94.40      -Inf    0.07    4.52     21.23    2.34    2.88      0.98    0.47   11.38   280.00 -100.87   287.47 -100.17 
 439  191.23   24.85      2.90  168.55   94.57      -Inf    0.07    4.51     21.23    2.34    2.88      1.14    0.58   11.36   301.35  -47.27   309.03  -46.76 
 440  191.23   26.68      3.52  155.50   94.71    -25.20    0.07    4.50     21.23    2.34    2.88      2.41    0.85   11.34   328.74   -7.72   335.41   -5.82 
 441  190.68   23.21      3.19  158.50   94.86      -Inf    0.07    4.49     21.25    2.32    2.88      -Inf    0.07   11.31   263.58  -55.35   271.62  -55.15 
 442  190.68   23.54      0.47  211.99   95.12      -Inf    0.07    4.48     21.25    2.32    2.88     -1.37    0.11   11.28   269.84 -110.71   277.14 -108.89 
 443  190.68   23.36      2.51  168.18   95.29      -Inf    0.07    4.47     21.25    2.32    2.88      2.10    0.96   11.26   155.53  -73.38   162.83  -73.91 
 444  190.68   23.05      2.79  163.08   95.44      -Inf    0.07    4.46     21.25    2.32    2.88      -Inf    0.07   11.24   139.50  -63.75   146.84  -63.94 
 445  190.68   22.80      4.07  141.21   95.54      -Inf    0.07    4.45     21.25    2.32    2.87     -0.95    0.14   11.21   273.45  -41.04   278.89  -39.17 
 446  194.73   23.52      1.25  197.11   95.77      -Inf    0.35    4.44     21.32    2.29    2.87     -5.55    0.41   11.19   272.47 -103.09   279.85 -101.27 
 447  194.73   23.64      0.84  207.50   96.02      -Inf    0.35    4.44     21.32    2.29    2.87     -1.90    0.53   11.16   319.67  -96.66   325.49  -94.53 
 448  194.73   23.21      1.71  191.60   96.23      -Inf    0.35    4.43     21.32    2.29    2.87      -Inf    0.35   11.14   301.99  -88.71   309.57  -88.88 
 449  194.73   23.16      1.98  187.37   96.43      -Inf    0.35    4.42     21.32    2.29    2.87     -2.82    0.49   11.12   298.53  -85.07   303.47  -83.28 
 450  194.73   23.19      0.78  216.69   96.70      -Inf    0.35    4.41     21.32    2.29    2.87      1.78    1.06   11.09   416.76   14.30   423.90   15.39 
 451  192.74   23.66      1.66  195.88   96.92      -Inf    0.30    4.40     21.16    2.32    2.87    -21.00    0.30   11.07   398.34   36.93   404.61   38.88 
 452  192.74   22.84      3.23  160.95   97.06      -Inf    0.30    4.39     21.16    2.32    2.87     -0.80    0.54   11.05   194.31  -55.40   201.82  -56.55 
 453  192.74   23.56      0.36  215.19   97.32      -Inf    0.30    4.38     21.16    2.32    2.86     -0.57    0.58   11.02   396.98   33.13   403.22   35.15 
 454  192.74   23.07     -1.44  252.14   97.67      -Inf    0.30    4.37     21.16    2.32    2.86     -4.95    0.36   11.00   409.62   -6.86   417.65   -5.48 
 455  192.74   23.20      1.78  164.02   97.81      -Inf    0.30    4.36     21.16    2.32    2.86     -3.51    0.38   10.98   267.68  -34.58   275.24  -33.89 
 456  194.93   23.11     -0.61  203.47   98.04      -Inf    0.29    4.35     21.16    2.31    2.86      0.22    0.63   10.95   276.73  -76.52   284.01  -77.06 
 457  194.93   23.19      0.28  179.83   98.22      -Inf    0.29    4.35     21.16    2.31    2.86     -0.08    0.51   10.93   170.43  -91.73   177.47  -92.22 
 458  194.93   22.81     -2.82  252.46   98.56      -Inf    0.29    4.34     21.16    2.31    2.86     -0.10    0.52   10.91   322.98 -110.33   328.63 -108.23 
 459  194.93   23.49      4.14  111.08   98.59      -Inf    0.29    4.33     21.16    2.31    2.86      1.13    0.70   10.89   175.49  -28.64   183.30  -29.46 
 460  194.93   23.22      4.95  102.46   98.59      -Inf    0.29    4.32     21.16    2.31    2.86      0.13    0.56   10.86   157.71  -20.22   165.19  -20.74 
 461  206.96   23.31      1.40  156.38   98.72    -27.87    0.26    4.31     20.28    2.54    2.85     -1.68    0.41   10.84   289.19   -0.74   294.78    0.94 
 462  206.96   23.17     -3.54  283.11   99.12      -Inf    0.26    4.30     20.28    2.54    2.85      0.87    0.74   10.82   420.19  -21.77   427.35  -20.73 
 463  206.96   23.54      0.85  175.39   99.28      -Inf    0.26    4.29     20.28    2.54    2.85      0.44    0.71   10.80   151.77  -77.63   158.31  -78.12 
 464  206.96   22.73      4.33  119.29   99.33     -8.38    0.25    4.28     20.28    2.54    2.85      1.16    2.28   10.78   178.19  -15.13   185.61  -15.71 
 465  206.96   23.17     -1.82  245.38   99.64      -Inf    0.26    4.28     20.28    2.54    2.85      1.53    1.27   10.76   311.63  -87.91   316.96  -87.09 
 466  216.47   22.98      2.12  156.98   99.76    -10.29    0.34    4.27     21.37    2.23    2.85      0.57    0.70   10.74   260.36  -16.29   268.40  -16.60 
 467  216.47   23.58     -1.70  245.25  100.08      -Inf    0.36    4.26     21.37    2.23    2.85      1.45    1.25   10.72   277.97 -115.37   284.60 -114.78 
 468  216.47   22.91     -1.78  246.59  100.39      -Inf    0.36    4.25     21.37    2.23    2.85      1.97    1.56   10.70   289.66 -119.09   294.90 -117.10 
 469  216.47   23.13     -0.29  208.58  100.62      -Inf    0.36    4.24     21.37    2.23    2.85      1.77    1.76   10.68   368.54   20.47   376.09   21.93 
 470  216.47   22.68      0.47  191.89  100.81      -Inf    0.36    4.23     21.37    2.23    2.85      -Inf    0.36   10.66   183.39  -97.02   190.55  -96.72 
 471  220.44   23.18     -1.27  236.28  101.10      -Inf    0.35    4.23     21.37    2.22    2.84     -1.95    0.50   10.63   396.63    6.10   402.26    6.86 
 472  220.44   23.61      3.25  142.31  101.19     -3.28    0.32    4.22     21.37    2.22    2.84     -9.91    0.37   10.61   267.37  -14.89   275.26  -14.59 
 473  220.44   23.18     -1.70  253.27  101.51      -Inf    0.35    4.21     21.37    2.22    2.84    -11.00    0.37   10.59   336.47 -100.89   342.33 -100.29 
 474  220.44   23.56      3.41  141.43  101.59    -27.82    0.35    4.20     21.37    2.22    2.84      0.41    0.92   10.57   264.32  -12.49   269.98  -10.85 
 475  220.44   23.59      3.08  147.37  101.69    -15.19    0.35    4.19     21.37    2.22    2.84      0.84    1.13   10.55   263.26  -13.97   268.90  -12.39 
 476  216.93   23.52      1.90  169.12  101.83      -Inf    0.29    4.18     21.19    2.25    2.84      1.16    0.56   10.53   282.20  -22.55   287.76  -21.35 
 477  216.93   23.13     -0.99  234.78  102.11      -Inf    0.29    4.18     21.19    2.25    2.84      0.35    0.65   10.51   364.58  -25.89   372.63  -24.15 
 478  216.93   23.18     -1.98  257.33  102.44      -Inf    0.29    4.17     21.19    2.25    2.84    -33.70    0.29   10.49   377.81  -39.64   385.68  -38.44 
 479  216.93   23.47     -2.25  261.93  102.77      -Inf    0.29    4.16     21.19    2.25    2.83      -Inf    0.29   10.47   401.22   -7.48   407.85   -7.12 
 480  216.93   23.17     -2.58  267.89  103.11      -Inf    0.29    4.15     21.19    2.25    2.83      -Inf    0.29   10.44   404.56  -16.07   412.60  -14.78 
 481  233.56   23.08     -0.59  209.36  103.33      -Inf    0.07    4.14     21.08    2.27    2.83      -Inf    0.07   10.42   368.76   49.23   374.22   51.12 
 482  233.56   23.58     -0.57  203.78  103.54      -Inf    0.07    4.13     21.08    2.27    2.83      -Inf    0.07   10.40   360.71   42.14   366.72   44.14 
 483  233.56   23.55     -0.66  203.84  103.75      -Inf    0.07    4.13     21.08    2.27    2.83      -Inf    0.07   10.38   349.05    2.00   355.63    3.49 
 484  233.56   23.05      0.26  184.46  103.92      -Inf    0.07    4.12     21.08    2.27    2.83    -28.28    0.07   10.36   344.83   33.77   350.49   35.25 
 485  233.56   23.15     -2.30  250.66  104.22      -Inf    0.07    4.11     21.08    2.27    2.83      -Inf    0.07   10.34   347.85  -91.44   352.38  -89.68 
 486  238.17   23.15      1.22  169.88  104.35      -Inf    0.07    4.10     21.08    2.26    2.83      -Inf    0.07   10.32   156.83  -79.49   163.46  -80.12 
 487  238.17   23.16      0.29  191.19  104.53      -Inf    0.07    4.09     21.08    2.26    2.82     -6.31    0.08   10.30   125.19  -91.33   133.86  -92.63 
 488  238.17   23.51     -2.13  252.29  104.83      -Inf    0.07    4.09     21.08    2.26    2.82     -8.02    0.08   10.27   391.36  -18.26   399.37  -16.50 
 489  238.17   22.74     -0.62  213.27  105.06      -Inf    0.07    4.08     21.08    2.26    2.82      2.80    0.64   10.25   127.55 -106.94   133.86 -107.42 
 490  238.17   23.12     -2.01  250.46  105.35      -Inf    0.07    4.07     21.08    2.26    2.82      -Inf    0.07   10.23   284.15 -116.71   288.62 -114.80 
 491  230.91   23.26     -1.75  240.41  105.63      -Inf    0.23    4.06     21.44    2.16    2.82      -Inf    0.23   10.21   384.14   11.35   391.98   12.75 
 492  230.91   23.16     -1.91  245.78  105.91      -Inf    0.23    4.05     21.44    2.16    2.82    -31.46    0.23   10.19   372.57  -25.94   377.34  -24.09 
 493  230.91   22.82      1.02  176.89  106.06      -Inf    0.23    4.05     21.44    2.16    2.82     -5.33    0.27   10.17   172.86  -71.11   181.62  -72.75 
 494  230.91   23.43      1.50  168.28  106.18      -Inf    0.23    4.04     21.44    2.16    2.82      0.29    0.58   10.15   180.94  -62.86   189.61  -64.28 
 495  230.91   23.13     -0.60  218.68  106.41      -Inf    0.23    4.03     21.44    2.16    2.81    -14.03    0.23   10.13   284.33  -88.19   290.75  -88.57 
 496  232.28   23.37     -1.35  243.34  106.69      -Inf    0.07    4.02     20.58    2.37    2.81     -0.52    0.17   10.11   333.00  -93.52   340.79  -92.55 
 497  232.28   23.53      2.44  160.65  106.80      -Inf    0.07    4.01     20.58    2.37    2.81      1.34    0.41   10.09   241.75  -57.02   249.15  -57.43 
 498  232.28   23.12     -1.41  257.62  107.10      -Inf    0.07    4.01     20.58    2.37    2.81      1.62    0.66   10.08   330.58 -127.66   335.19 -126.34 
 499  232.28   23.00      5.06  126.03  107.14    -26.53    0.07    4.00     20.58    2.37    2.81      2.88    0.58   10.06   282.32   -4.98   287.32   -2.28 
 500  232.28   23.08     -0.37  242.61  107.41      -Inf    0.07    3.99     20.58    2.37    2.81      0.24    0.50   10.04   407.05  -36.33   414.62  -34.71 
 501  226.85   22.65      5.59  123.77  107.44    -32.84    0.40    3.98     20.68    2.33    2.81     -0.30    0.68   10.02   284.62    2.32   289.51    5.07 
