   6    5.04    8.25     43.98    1.45    0.84     18.22    3.24    6.43     39.91    0.28   14.67      4.84   16.88   17.44   198.81  103.69   211.20  104.08 
   7    5.04    8.18     50.82    0.66    0.82     16.12    4.10    6.10     39.91    0.28   12.62      5.40   15.69   17.19   200.41  103.46   212.67  103.82 
   8    5.04    8.16     45.20    1.28    0.87     16.72    3.80    5.81     39.91    0.28   11.08      5.34   15.71   17.01   202.76  104.13   214.87  104.12 
   9    5.04    8.14     46.82    1.05    0.89     14.78    5.16    5.74     39.91    0.28    9.88      4.95   17.45   17.06   200.01  102.14   212.25  102.70 
  10    5.04    8.15     42.04    1.79    0.98     12.67    6.68    5.83     39.91    0.28    8.92      3.94   20.72   17.42   198.25  101.13   210.30  101.06 
  11    2.79    8.18     43.18    1.58    1.04     16.41    4.50    5.71     39.77    0.28    8.13      5.40   16.50   17.34   198.74  100.41   210.82  100.18 
  12    2.79    8.15     49.90    0.72    1.01     13.15    6.42    5.77     39.77    0.28    7.48      4.66   17.83   17.38   196.85  101.19   208.59  101.34 
  13    2.79    8.13     48.03    0.89    1.00     13.42    6.04    5.79     39.77    0.28    6.92      4.50   17.66   17.40   194.84  102.48   206.70  102.21 
  14    2.79    8.14     51.44    0.60    0.97     13.19    6.43    5.84     39.77    0.28    6.45      4.58   17.25   17.39   192.91  104.38   204.75  104.23 
  15    2.79    8.14     43.50    1.50    1.01     14.54    5.29    5.80     39.77    0.28    6.04      5.02   16.77   17.35   192.58  105.23   204.02  105.59 
  16    2.12    8.69     45.24    1.21    1.02     18.67    3.37    5.65     39.91    0.28    5.68      5.07   17.66   17.37   190.63  104.86   202.00  105.43 
  17    2.12    8.69     44.25    1.36    1.04     15.08    4.87    5.60     39.91    0.28    5.36      5.42   16.87   17.34   190.26  103.60   201.69  103.80 
  18    2.12    8.69     46.46    1.05    1.04     13.42    5.95    5.62     39.91    0.28    5.08      5.36   16.29   17.28   189.30  102.38   201.08  102.63 
  19    2.12    8.72     44.29    1.33    1.06     12.35    6.75    5.68     39.91    0.28    4.83      4.33   19.25   17.38   187.05  102.52   198.40  103.06 
  20    2.12    8.66     58.68    0.25    1.02     12.63    6.30    5.71     39.91    0.28    4.60      5.44   16.34   17.33   187.96  100.35   199.46  100.57 
  21    2.62    9.25     40.58    2.03    1.06     17.70    3.69    5.62     31.29    0.76    4.42      4.94   17.39   17.33   184.71  100.37   196.17  100.80 
  22    2.62    9.21     41.58    1.78    1.10     16.35    4.30    5.56     31.29    0.76    4.25      5.05   17.90   17.36   182.85   98.49   194.28   98.49 
  23    2.62    9.25     42.41    1.60    1.12     16.20    4.42    5.51     31.29    0.76    4.10      5.25   18.03   17.39   181.18   96.30   192.43   96.63 
  24    2.62    9.18     40.02    2.07    1.16     14.38    5.55    5.51     31.29    0.76    3.96      3.49   24.78   17.70   176.33   95.97   187.64   96.26 
  25    2.62    9.14     39.89    2.05    1.19     12.59    6.97    5.57     31.29    0.76    3.83      3.90   26.01   18.03   173.01   93.31   184.21   93.55 
  26    3.02    9.14     39.11    2.23    1.23     15.27    5.61    5.57     34.53    0.53    3.71      5.28   21.31   18.15   171.63   91.26   182.88   91.47 
  27    3.02    9.13     43.08    1.42    1.24     11.41    9.81    5.73     34.53    0.53    3.59      5.88   17.28   18.12   172.61   94.60   183.62   95.17 
  28    3.02    9.11     31.43    5.52    1.39      7.43   12.40    5.96     34.53    0.53    3.48      5.38   17.93   18.12   177.43   96.05   188.22   96.17 
  29    3.02    9.11     31.87    5.28    1.53      8.19   11.53    6.16     34.53    0.53    3.38      4.15   21.95   18.25   177.08   99.13   187.62   99.13 
  30    3.02    9.11     32.20    5.11    1.65      8.83   11.13    6.32     34.53    0.53    3.28      3.80   22.21   18.38   177.35  102.62   187.81  102.57 
  31    6.13    9.24     35.57    3.49    1.71     13.77    6.16    6.32     24.05    1.81    3.23      3.66   23.77   18.55   175.68  104.69   186.05  104.35 
  32    6.13    9.27     32.15    5.12    1.81     11.15    8.06    6.37     24.05    1.81    3.19      3.17   28.51   18.86   174.11  104.26   184.27  104.18 
  33    6.13    9.20     41.95    1.66    1.81      9.70   10.49    6.50     24.05    1.81    3.15      4.15   20.47   18.91   171.24  109.50   181.64  109.52 
  34    6.13    9.27     38.96    2.37    1.83      8.57   12.08    6.66     24.05    1.81    3.11      4.85   19.40   18.93   173.38  109.58   183.57  109.47 
  35    6.13    9.26     40.33    2.02    1.83      8.17   13.63    6.86     24.05    1.81    3.07      4.57   23.83   19.07   173.14  108.15   183.36  108.37 
  36    9.84    9.72     40.82    1.91    1.83     13.09    7.95    6.89     23.67    1.92    3.04      5.07   22.54   19.16   173.78  106.90   183.98  106.88 
  37    9.84    9.69     38.01    2.67    1.86      8.80   13.21    7.06     23.67    1.92    3.01      5.08   22.16   19.25   175.50  107.79   185.75  107.59 
  38    9.84    9.66     33.55    4.47    1.92      7.63   13.89    7.24     23.67    1.92    2.98      4.64   23.58   19.36   180.88  102.92   190.68  103.06 
  39    9.84    9.72     31.80    5.49    2.02     11.41    7.73    7.25     23.67    1.92    2.95      4.90   19.96   19.37   182.70  102.20   192.53  102.21 
  40    9.84    9.71     38.88    2.46    2.03     11.84    7.22    7.25     23.67    1.92    2.93      5.68   15.42   19.28   184.03  105.77   193.92  105.84 
  41    8.18    9.81     39.54    2.32    2.03     16.34    4.21    7.18     28.49    1.12    2.88      6.12   14.51   19.16   187.25  106.25   197.16  106.27 
  42    8.18    9.73     42.85    1.60    2.02     16.38    4.20    7.11     28.49    1.12    2.84      6.80   13.40   19.02   189.18  106.97   199.11  107.04 
  43    8.18    9.69     44.12    1.39    2.01     14.59    5.00    7.06     28.49    1.12    2.80      6.78   13.17   18.89   192.43  105.50   202.21  105.81 
  44    8.18    9.71     42.76    1.64    2.00     15.12    4.67    7.00     28.49    1.12    2.76      7.05   12.39   18.74   193.24  105.08   203.21  104.91 
  45    8.18    9.70     40.41    2.15    2.00     14.27    5.08    6.96     28.49    1.12    2.73      6.98   11.94   18.59   193.15  104.94   203.10  105.07 
  46   15.16   10.26     41.88    1.81    2.00     22.24    1.98    6.85     30.41    0.89    2.69      7.03   11.55   18.43   193.69  105.12   203.54  105.16 
  47   15.16   10.27     42.66    1.68    1.99     20.01    2.56    6.76     30.41    0.89    2.65      6.95   12.20   18.30   195.88  104.44   206.07  104.59 
  48   15.16   10.26     41.75    1.88    1.99     19.26    2.78    6.68     30.41    0.89    2.61      6.74   12.45   18.18   198.45  103.95   208.48  104.02 
  49   15.16   10.21     43.04    1.64    1.98     21.38    2.22    6.59     30.41    0.89    2.58      6.51   13.00   18.07   202.09  104.42   212.10  104.43 
  50   15.16   10.29     41.23    2.03    1.98     20.27    2.57    6.51     30.41    0.89    2.54      7.32   11.78   17.95   203.55  104.39   213.42  104.20 
  51   35.33   10.23     38.61    2.74    2.00     21.08    2.37    6.43     24.49    1.73    2.53      7.45   11.61   17.82   204.06  103.03   214.03  103.13 
  52   35.33   10.25     41.20    2.04    2.00     20.77    2.49    6.35     24.49    1.73    2.51      7.57   11.54   17.70   204.61  101.57   214.54  101.63 
  53   35.33   10.19     41.99    1.86    2.00     18.67    3.25    6.29     24.49    1.73    2.50      7.33   12.05   17.60   204.87  101.63   215.05  101.41 
  54   35.33   10.23     42.54    1.76    1.99     17.20    3.91    6.25     24.49    1.73    2.48      6.63   12.92   17.51   206.62  103.03   216.68  102.88 
  55   35.33   10.22     41.96    1.90    1.99     17.11    3.99    6.21     24.49    1.73    2.47      6.05   13.36   17.43   206.82  106.41   216.70  106.47 
  56   71.87   10.27     41.86    1.94    1.99     18.34    3.46    6.16     20.17    2.84    2.48      6.12   13.37   17.36   207.40  109.11   217.26  109.22 
  57   71.87   10.22     42.27    1.87    1.99     16.91    3.97    6.12     20.17    2.84    2.48      6.40   12.97   17.28   209.85  111.63   219.64  111.37 
  58   71.87   10.17     42.61    1.80    1.99     17.31    3.76    6.08     20.17    2.84    2.49      7.07   11.92   17.19   209.92  111.71   219.88  111.79 
  59   71.87   10.23     44.42    1.45    1.98     18.75    3.13    6.03     20.17    2.84    2.49      7.25   11.83   17.10   208.97  110.00   219.01  110.11 
  60   71.87   10.23     43.72    1.55    1.97     16.85    4.00    6.00     20.17    2.84    2.50      6.78   12.95   17.03   206.46  107.04   216.78  107.20 
  61   59.56   10.74     41.76    1.90    1.97     17.57    3.78    5.96     25.00    1.62    2.49      6.12   13.91   16.98   202.34  105.20   211.96  104.79 
  62   59.56   10.77     44.28    1.40    1.96     18.27    3.41    5.92     25.00    1.62    2.47      6.64   13.24   16.92   200.02  102.58   210.02  102.32 
  63   59.56   10.74     44.69    1.32    1.95     17.66    3.63    5.88     25.00    1.62    2.46      6.18   14.71   16.89   198.51   99.31   208.41   99.15 
  64   59.56   10.77     38.81    2.58    1.96     17.38    3.81    5.85     25.00    1.62    2.44      6.44   14.54   16.85   196.90   95.93   206.83   95.99 
  65   59.56   10.75     40.40    2.13    1.96     16.50    4.13    5.82     25.00    1.62    2.43      6.82   13.10   16.79   195.60   94.53   205.54   94.50 
  66   98.78   10.78     41.50    1.86    1.96     16.46    4.19    5.80     18.82    3.30    2.45      5.71   13.62   16.74   192.21   96.94   202.25   96.82 
  67   98.78   10.77     43.07    1.53    1.95     16.45    4.24    5.77     18.82    3.30    2.46      5.04   15.06   16.72   188.84   99.78   198.76   99.78 
  68   98.78   10.80     44.50    1.28    1.94     16.56    4.21    5.75     18.82    3.30    2.47      4.85   17.18   16.72   184.48  101.01   194.49  100.90 
  69   98.78   10.83     41.61    1.76    1.94     17.06    4.05    5.73     18.82    3.30    2.48      5.33   17.03   16.73   181.17  101.74   191.11  101.66 
  70   98.78   10.75     41.59    1.75    1.94     16.33    4.43    5.71     18.82    3.30    2.49      5.83   15.70   16.71   179.48  102.44   189.41  102.46 
  71   62.33   11.25     43.20    1.44    1.93     17.27    4.08    5.69     25.22    1.58    2.48      4.99   19.71   16.76   176.93  102.59   186.78  102.32 
  72   62.33   11.34     47.79    0.85    1.92     13.94    6.29    5.69     25.22    1.58    2.47      5.95   17.51   16.77   176.21  101.28   186.23  101.43 
  73   62.33   11.28     38.85    2.37    1.92     13.64    6.88    5.71     25.22    1.58    2.46      6.14   17.67   16.78   174.12  100.71   184.24  100.43 
  74   62.33   11.35     39.49    2.20    1.93     10.94   10.60    5.78     25.22    1.58    2.44      6.18   18.74   16.81   174.25  100.61   184.41  100.58 
  75   62.33   11.32     38.70    2.41    1.93      8.92   15.65    5.91     25.22    1.58    2.43      5.46   23.53   16.90   173.67  101.39   184.18  101.61 
  76  451.07   11.31     39.51    2.20    1.94     11.09   14.03    6.01     14.95    5.24    2.47      5.26   28.20   17.04   174.22  102.66   184.78  102.35 
  77  451.07   11.30     40.90    1.89    1.93      7.69   23.38    6.24     14.95    5.24    2.51      4.87   33.69   17.26   175.99  102.11   186.54  102.29 
  78  451.07   11.28     23.59   14.02    2.09      4.11   19.43    6.41     14.95    5.24    2.54      4.55   37.20   17.52   188.52   91.03   198.97   90.61 
  79  451.07   11.32     26.16   10.52    2.20      6.24   15.50    6.52     14.95    5.24    2.58      2.99   22.49   17.58   188.91   96.03   199.25   95.66 
  80  451.07   11.30     29.60    7.18    2.26      9.85   11.43    6.59     14.95    5.24    2.61      3.65   19.37   17.60   187.96  100.81   198.37  100.23 
  81   77.69   11.77     32.43    5.22    2.30     13.42    6.63    6.59     28.23    1.17    2.59      6.67   15.32   17.57   187.48  101.30   197.84  100.94 
  82   77.69   11.84     44.30    1.35    2.28     15.35    5.36    6.57     28.23    1.17    2.57      7.13   13.66   17.53   188.58  105.20   198.85  104.86 
  83   77.69   11.82     39.96    2.22    2.28     16.73    4.53    6.55     28.23    1.17    2.56      7.87   12.82   17.47   188.65  104.75   198.65  104.64 
  84   77.69   11.82     42.78    1.62    2.28     17.36    4.05    6.52     28.23    1.17    2.54      7.75   13.19   17.42   192.67  103.28   203.04  103.08 
  85   77.69   11.80     46.90    1.02    2.26     17.13    4.23    6.49     28.23    1.17    2.52      7.45   13.90   17.38   197.23  101.95   207.47  101.90 
  86  256.33   11.83     42.40    1.72    2.25     17.24    4.26    6.46     18.67    3.53    2.54      7.50   13.57   17.33   197.16   99.74   207.13   99.60 
  87  256.33   11.83     41.94    1.81    2.25     16.94    4.35    6.44     18.67    3.53    2.55      7.51   13.21   17.28   198.99   98.21   209.04   98.05 
  88  256.33   11.76     41.34    1.96    2.25     16.66    4.69    6.42     18.67    3.53    2.56      7.72   12.93   17.24   199.48   99.23   209.44   99.11 
  89  256.33   11.75     38.27    2.79    2.25     14.83    5.95    6.41     18.67    3.53    2.57      7.16   13.72   17.20   201.23  101.58   211.32  101.60 
  90  256.33   11.81     42.75    1.68    2.25     14.32    6.59    6.42     18.67    3.53    2.58      7.11   14.31   17.16   201.66  103.98   211.70  103.98 
  91  103.67   11.77     42.46    1.74    2.24     17.38    4.62    6.40     18.56    3.59    2.59      7.98   13.31   17.12   201.12  103.98   211.10  104.12 
  92  103.67   11.79     42.44    1.75    2.23     16.18    5.44    6.39     18.56    3.59    2.60      8.09   12.90   17.08   201.16  106.06   211.25  106.22 
  93  103.67   11.67     44.25    1.43    2.23     15.13    5.83    6.38     18.56    3.59    2.61      7.67   13.12   17.03   201.40  106.90   211.56  106.95 
  94  103.67   11.80     43.95    1.48    2.22     17.39    4.37    6.36     18.56    3.59    2.62      7.68   12.63   16.99   199.97  108.88   209.94  108.79 
  95  103.67   11.87     43.52    1.55    2.21     17.40    4.22    6.34     18.56    3.59    2.63      7.43   12.72   16.94   199.15  110.32   209.40  110.43 
  96   65.43   11.83     45.38    1.25    2.20     17.59    4.24    6.31     21.57    2.55    2.63      7.81   12.69   16.90   197.36  111.17   207.61  111.40 
  97   65.43   11.84     41.42    1.96    2.20     18.48    3.89    6.29     21.57    2.55    2.63      8.16   12.61   16.85   196.98  111.02   207.17  111.30 
  98   65.43   11.76     37.98    2.91    2.21     18.13    4.14    6.27     21.57    2.55    2.63      8.29   12.47   16.81   194.91  110.21   205.03  110.33 
  99   65.43   11.82     40.64    2.12    2.21     17.54    4.26    6.25     21.57    2.55    2.63      7.80   13.64   16.78   196.71  107.07   207.07  107.11 
 100   65.43   11.84     45.52    1.21    2.20     16.78    4.74    6.23     21.57    2.55    2.63      7.41   14.66   16.75   197.49  103.67   207.60  103.58 
 101   40.05   11.79     40.49    2.13    2.19     19.81    3.30    6.20     24.59    1.81    2.62      7.93   13.23   16.72   196.67  100.62   206.76  100.44 
 102   40.05   11.83     45.03    1.25    2.19     19.25    3.56    6.18     24.59    1.81    2.61      7.60   13.09   16.68   194.06  100.66   204.17  100.53 
 103   40.05   11.81     42.81    1.59    2.18     21.00    2.92    6.15     24.59    1.81    2.60      7.46   12.96   16.65   190.73  101.06   200.80  100.76 
 104   40.05   11.91     44.88    1.24    2.17     20.74    2.96    6.12     24.59    1.81    2.60      7.90   12.40   16.61   188.65  101.12   198.80  100.70 
 105   40.05   11.82     40.88    1.96    2.17     22.40    2.49    6.08     24.59    1.81    2.59      8.05   12.68   16.57   187.32  102.51   197.42  102.15 
 106   42.92   11.78     42.10    1.70    2.16     20.78    3.00    6.05     27.10    1.36    2.58      7.41   13.53   16.54   184.66  104.44   194.96  104.07 
 107   42.92   11.83     43.16    1.50    2.16     20.96    2.88    6.02     27.10    1.36    2.57      6.82   14.39   16.52   183.03  106.16   193.14  105.88 
 108   42.92   11.76     43.70    1.39    2.15     19.19    3.62    6.00     27.10    1.36    2.56      6.72   15.38   16.51   178.76  107.08   188.89  106.93 
 109   42.92   11.79     41.88    1.67    2.15     18.80    3.77    5.98     27.10    1.36    2.54      5.28   20.25   16.54   174.97  104.72   185.02  104.82 
 110   42.92   11.85     40.91    1.84    2.14     20.49    3.09    5.95     27.10    1.36    2.53      4.96   22.37   16.60   172.23  102.53   182.11  102.53 
 111   43.07   11.79     46.20    1.00    2.13     21.38    2.81    5.92     26.17    1.52    2.52      7.06   15.24   16.59   170.02  101.87   179.90  101.82 
 112   43.07   11.80     43.56    1.34    2.13     20.03    3.26    5.90     26.17    1.52    2.52      7.74   13.60   16.56   169.30  101.07   179.02  101.31 
 113   43.07   11.77     41.97    1.60    2.12     21.02    2.99    5.88     26.17    1.52    2.51      7.70   13.55   16.53   168.25  102.74   178.02  102.82 
 114   43.07   11.77     49.72    0.66    2.11     20.85    3.03    5.85     26.17    1.52    2.50      7.52   13.88   16.51   169.87  104.05   179.70  104.22 
 115   43.07   11.79     46.36    0.99    2.10     20.78    3.05    5.83     26.17    1.52    2.49      7.36   14.65   16.49   173.12  104.01   182.91  104.45 
 116   44.21   11.81     47.06    0.94    2.09     19.90    3.38    5.80     25.74    1.60    2.48      7.04   14.89   16.48   177.26  105.92   186.93  106.10 
 117   44.21   11.73     41.88    1.73    2.09     19.88    3.45    5.78     25.74    1.60    2.47      7.01   14.72   16.46   177.89  109.79   187.61  109.96 
 118   44.21   11.80     43.50    1.45    2.08     18.34    4.14    5.77     25.74    1.60    2.47      6.98   15.27   16.45   180.17  112.63   189.73  112.89 
 119   44.21   11.83     39.36    2.38    2.08     17.55    4.43    5.76     25.74    1.60    2.46      6.70   15.28   16.44   182.78  115.41   192.21  115.50 
 120   44.21   11.84     40.79    2.05    2.08     16.95    4.79    5.75     25.74    1.60    2.45      7.16   14.73   16.43   184.38  117.91   194.12  118.00 
 121   48.04   11.77     41.58    1.89    2.08     12.66    8.79    5.78     24.02    1.96    2.45      6.36   19.02   16.45   187.09  118.33   196.73  118.47 
 122   48.04   11.74     38.25    2.82    2.09      8.33   20.81    5.90     24.02    1.96    2.44      4.22   34.34   16.60   190.01  118.87   199.79  119.10 
 123   48.04   11.72     41.22    2.03    2.09      9.57   23.97    6.05     24.02    1.96    2.44      4.29   44.76   16.83   194.55  117.75   204.38  118.18 
 124   48.04   11.74     37.36    3.19    2.10      8.45   32.07    6.26     24.02    1.96    2.44      5.35   45.87   17.06   196.04  117.09   205.97  117.48 
 125   48.04   11.71     31.80    6.10    2.13      6.60   22.41    6.39     24.02    1.96    2.43      4.92   48.43   17.31   207.91  110.31   217.79  110.68 
 126   44.40   11.83     32.11    5.94    2.16      9.86   12.21    6.43     26.25    1.60    2.43      6.52   25.44   17.38   211.15  105.58   221.01  105.68 
 127   44.40   11.77     38.61    2.81    2.16     12.30   10.14    6.46     26.25    1.60    2.42      7.64   16.88   17.37   209.29  106.50   219.17  106.85 
 128   44.40   11.77     44.68    1.41    2.16     14.73    6.90    6.46     26.25    1.60    2.41      7.62   16.25   17.36   211.27  106.44   220.97  106.79 
 129   44.40   11.81     42.55    1.81    2.15     17.78    4.59    6.45     26.25    1.60    2.41      7.94   15.09   17.35   214.25  105.47   224.22  105.62 
 130   44.40   11.83     42.40    1.88    2.15     15.88    5.73    6.44     26.25    1.60    2.40      7.34   16.09   17.34   218.93  105.57   228.80  105.62 
 131   46.93   11.75     38.18    3.11    2.16     14.87    6.55    6.45     23.75    2.15    2.40      6.62   18.06   17.34   223.48  106.03   233.33  106.34 
 132   46.93   11.78     40.59    2.38    2.16     13.51    7.85    6.46     23.75    2.15    2.40      7.41   16.72   17.34   225.79  106.68   235.53  106.90 
 133   46.93   11.72     41.93    2.06    2.16     14.70    7.09    6.46     23.75    2.15    2.39      7.15   17.69   17.34   229.80  107.81   239.60  107.97 
 134   46.93   11.71     43.15    1.82    2.16     15.39    6.36    6.46     23.75    2.15    2.39      7.48   16.41   17.33   232.96  108.31   242.78  108.68 
 135   46.93   11.77     42.25    2.02    2.16     15.35    6.50    6.46     23.75    2.15    2.39      7.80   15.97   17.32   234.23  108.46   244.14  108.70 
 136   49.78   11.81     40.18    2.57    2.16     13.21    9.41    6.48     25.09    1.85    2.39      7.54   18.29   17.33   235.13  108.58   245.12  108.71 
 137   49.78   11.80     42.43    1.99    2.16     11.78   12.25    6.52     25.09    1.85    2.38      6.87   22.41   17.37   235.18  107.05   245.11  107.49 
 138   49.78   11.79     40.94    2.37    2.16     11.69   13.82    6.58     25.09    1.85    2.38      6.44   25.49   17.43   235.52  106.76   245.25  107.35 
 139   49.78   11.78     42.91    1.86    2.16     10.17   16.76    6.65     25.09    1.85    2.38      6.03   25.86   17.49   232.13  106.12   242.12  106.42 
 140   49.78   11.81     41.29    2.23    2.16     10.39   16.25    6.72     25.09    1.85    2.37      6.17   24.63   17.54   230.60  107.19   240.48  107.80 
 141   55.95   11.76     44.02    1.64    2.15     11.26   16.57    6.79     26.03    1.70    2.37      5.47   31.53   17.64   231.36  107.41   241.17  108.09 
 142   55.95   11.82     39.50    2.76    2.16      8.04   29.85    6.95     26.03    1.70    2.36      4.40   44.98   17.83   230.88  108.15   240.94  108.84 
 143   55.95   11.79     41.05    2.29    2.16      7.51   36.95    7.16     26.03    1.70    2.36      4.46   52.43   18.07   228.31  107.90   238.58  108.65 
 144   55.95   11.75     39.81    2.63    2.16      7.38   38.92    7.38     26.03    1.70    2.35      4.47   53.73   18.32   227.03  107.40   237.34  108.17 
 145   55.95   11.83     23.48   17.21    2.27      6.02   33.08    7.56     26.03    1.70    2.35      4.76   47.55   18.52   223.22  125.06   233.67  125.90 
 146   56.17   11.84     23.50   17.11    2.37     11.89   16.12    7.62     22.87    2.61    2.35      5.86   32.57   18.62   221.90  123.88   232.31  124.77 
 147   56.17   11.79     22.94   18.09    2.48      7.89   24.63    7.73     22.87    2.61    2.35      6.02   31.48   18.70   220.28  123.15   230.72  124.00 
 148   56.17   11.76     30.00    7.97    2.51      5.92   20.15    7.82     22.87    2.61    2.35      5.98   31.96   18.79   231.49  103.06   241.92  103.66 
 149   56.17   11.80     41.05    2.22    2.51      9.90   18.00    7.89     22.87    2.61    2.36      4.47   32.86   18.89   223.23  103.12   233.67  103.79 
 150   56.17   11.82     38.29    3.05    2.51     11.64   19.38    7.96     22.87    2.61    2.36      5.05   39.85   19.03   219.85  105.12   230.15  105.70 
 151   53.34   11.80     36.97    3.52    2.52     13.95   17.22    8.02     24.87    2.13    2.36      5.33   46.03   19.21   215.66  107.67   226.35  108.22 
 152   53.34   11.77     38.28    3.01    2.52      9.76   29.68    8.17     24.87    2.13    2.35      5.63   47.63   19.39   213.88  107.85   224.68  108.26 
 153   53.34   11.74     40.89    2.24    2.52      9.51   32.61    8.33     24.87    2.13    2.35      5.55   49.85   19.59   214.94  109.28   225.59  109.56 
 154   53.34   11.75     44.09    1.53    2.52      9.27   35.82    8.50     24.87    2.13    2.35      6.57   47.86   19.78   213.56  109.27   224.25  109.54 
 155   53.34   11.78     42.31    1.87    2.51      9.75   35.89    8.68     24.87    2.13    2.35      6.33   52.01   19.98   213.00  107.92   223.65  108.39 
 156   64.46   11.72     43.79    1.57    2.51     13.92   23.01    8.77     23.90    2.60    2.35      6.75   49.99   20.18   212.33  106.72   222.93  107.21 
 157   64.46   12.11     38.33    2.95    2.51      9.72   36.80    8.95     23.90    2.60    2.35      6.37   51.39   20.38   210.69  106.95   221.38  107.25 
 158   64.46   11.95     29.87    7.89    2.54      7.17   34.92    9.12     23.90    2.60    2.35      6.08   53.13   20.58   221.19  103.67   231.85  104.16 
 159   64.46   11.76     24.11   15.48    2.62      5.75   38.03    9.30     23.90    2.60    2.36      5.55   48.67   20.76   228.91   99.03   239.48   99.57 
 160   64.46   11.71     20.38   24.16    2.76      5.65   37.36    9.47     23.90    2.60    2.36      4.93   49.65   20.94   223.87   88.22   234.49   88.59 
 161   61.88   11.75     20.25   24.51    2.89     11.73   20.10    9.54     23.66    2.84    2.36      5.76   40.50   21.06   223.62   88.53   234.32   88.81 
 162   61.88   11.83     16.43   37.97    3.11      4.07   24.92    9.63     23.66    2.84    2.36      5.16   38.19   21.17   222.89   73.45   233.50   73.72 
 163   61.88   11.75     14.08   50.34    3.40     -0.50   16.98    9.68     23.66    2.84    2.37      3.59   22.84   21.18   225.07   61.60   235.67   61.86 
 164   61.88   11.76     14.44   48.24    3.67     -0.61   15.40    9.71     23.66    2.84    2.37     -0.30   17.38   21.15   222.52   62.06   232.95   62.48 
 165   61.88   11.76     13.97   50.92    3.96     -0.86   15.38    9.75     23.66    2.84    2.37     -0.68   18.84   21.14   219.13   57.71   229.61   57.62 
 166   69.08   11.81     13.71   53.06    4.26      1.92   11.67    9.76     21.74    3.54    2.38      0.12   15.58   21.11   217.93   56.65   228.50   56.64 
 167   69.08   11.82     13.10   57.46    4.57     -2.30   13.12    9.78     21.74    3.54    2.39     -1.00   16.00   21.08   209.43   53.80   219.95   54.10 
 168   69.08   11.80     12.37   63.63    4.93     -5.72   12.46    9.80     21.74    3.54    2.39     -2.69   14.75   21.04   199.47   54.01   210.05   54.12 
 169   69.08   11.85     12.15   66.11    5.29     -2.97   11.18    9.80     21.74    3.54    2.40     -3.84   13.99   21.00   190.08   63.43   200.81   63.69 
 170   69.08   11.82     11.99   68.75    5.66     -4.52   11.40    9.81     21.74    3.54    2.41     -1.82   15.64   20.97   192.43   65.30   203.06   65.36 
 171   80.09   11.90     11.26   76.71    6.08      2.80    4.53    9.78     20.42    4.06    2.42      1.12   10.58   20.90   190.86   66.58   201.39   66.65 
 172   80.09   11.88     10.48   84.91    6.53      3.75    4.75    9.75     20.42    4.06    2.43      1.34   13.03   20.86   184.70   66.65   195.68   67.06 
 173   80.09   11.79     10.13   88.89    7.01      3.55    4.25    9.72     20.42    4.06    2.44      1.64   13.94   20.82   181.52   68.57   192.10   68.73 
 174   80.09   11.80      9.64   94.77    7.52      2.52    4.69    9.69     20.42    4.06    2.44      1.68   14.22   20.78   176.87   68.61   187.11   69.15 
 175   80.09   11.81      9.11  100.76    8.05      1.00    5.13    9.67     20.42    4.06    2.45      1.87   16.19   20.75   171.20   67.11   181.49   67.24 
 176   82.33   11.78      8.84  104.33    8.60      2.91    4.40    9.64     20.41    4.01    2.46      2.04   18.71   20.74   168.15   67.16   178.51   67.62 
 177   82.33   11.80      8.31  112.25    9.18      5.04    3.14    9.60     20.41    4.01    2.47      2.33   22.35   20.75   164.19   65.14   174.11   65.36 
 178   82.33   11.82     10.82   84.85    9.61     -1.69    4.67    9.57     20.41    4.01    2.48      2.21   22.38   20.76   203.65   63.28   214.30   63.10 
 179   82.33   11.77     10.56   87.73   10.04     -0.71    4.49    9.54     20.41    4.01    2.49      2.01   15.76   20.73   200.62   63.38   211.32   63.80 
 180   82.33   11.81      7.60  123.24   10.67      3.14    3.67    9.51     20.41    4.01    2.50      1.98   14.13   20.70   157.44   61.75   167.22   61.76 
 181   85.17   11.85     10.37   88.29   11.10      2.86    3.60    9.48     21.06    3.67    2.50      1.44   10.47   20.64   193.76   64.11   204.48   64.24 
 182   85.17   11.81     10.52   86.15   11.51     -0.40    4.47    9.45     21.06    3.67    2.51      0.66    8.55   20.57   190.92   66.27   200.83   66.95 
 183   85.17   11.77      8.10  113.46   12.07      4.31    3.26    9.42     21.06    3.67    2.52     -1.53    6.31   20.50   156.78   67.35   166.66   67.43 
 184   85.17   11.74      8.17  111.83   12.61      6.73    2.79    9.38     21.06    3.67    2.52     -2.11    6.36   20.42   154.39   71.58   164.27   71.71 
 185   85.17   11.79      8.10  112.05   13.15      5.38    3.11    9.35     21.06    3.67    2.53     -0.61    7.02   20.35   151.57   72.72   161.54   72.82 
 186   74.24   11.76      8.43  106.52   13.65      8.20    2.35    9.31     21.48    3.45    2.53      0.57    7.99   20.28   152.99   74.77   162.85   74.80 
 187   74.24   11.79      8.67  102.45   14.13      7.48    2.53    9.27     21.48    3.45    2.54      1.06    9.06   20.22   154.03   74.58   163.81   74.66 
 188   74.24   11.74      8.82   99.98   14.58      7.57    2.52    9.24     21.48    3.45    2.54      1.11    9.25   20.16   154.87   74.39   164.64   74.58 
 189   74.24   11.81      9.15   94.74   15.01      7.06    2.93    9.20     21.48    3.45    2.55      1.46   10.81   20.11   155.84   74.19   165.42   74.54 
 190   74.24   11.78      9.21   91.65   15.41      5.27    3.28    9.17     21.48    3.45    2.55      1.58   12.12   20.07   153.97   68.87   163.80   69.35 
 191   78.46   11.81      9.64   86.81   15.78      7.20    2.71    9.14     20.67    3.74    2.56      1.14   10.98   20.02   158.57   67.67   168.12   67.88 
 192   78.46   11.77      9.71   86.03   16.15      6.55    2.77    9.11     20.67    3.74    2.57      1.44   11.11   19.98   160.91   62.76   170.41   63.43 
 193   78.46   11.78     10.49   79.20   16.48     -3.15    3.69    9.08     20.67    3.74    2.57      0.58    8.59   19.92   274.97   26.11   285.28   26.86 
 194   78.46   11.79      9.89   86.32   16.84      4.37    3.50    9.05     20.67    3.74    2.58     -3.05    5.83   19.84   168.46   61.07   177.82   61.58 
 195   78.46   11.79      9.96   87.15   17.20      5.87    3.16    9.02     20.67    3.74    2.58     -7.26    5.24   19.77   170.03   67.01   179.54   67.55 
 196   84.94   11.83     10.45   83.90   17.54     -4.86    2.70    8.99     20.22    3.89    2.59     -1.77    4.84   19.69   278.12   30.30   288.53   31.36 
 197   84.94   11.78     10.61   83.94   17.87     -4.36    2.71    8.95     20.22    3.89    2.60     -1.61    5.12   19.62   277.74   32.27   288.22   33.23 
 198   84.94   11.82     10.70   84.90   18.21     -5.09    2.73    8.92     20.22    3.89    2.60     -2.72    4.16   19.54   279.28   33.67   289.39   34.61 
 199   84.94   11.79     11.22   81.85   18.53     -6.24    2.72    8.89     20.22    3.89    2.61     -4.73    3.62   19.46   274.85   38.74   284.83   39.70 
 200   84.94   11.78     10.41   90.95   18.89     -5.23    2.74    8.86     20.22    3.89    2.62     -8.19    3.24   19.38   288.90   30.40   299.50   31.21 
 201   93.70   11.82     11.40   81.53   19.21      5.64    0.94    8.82     18.77    4.54    2.63     -0.23    2.94   19.30   280.01   33.89   289.57   34.46 
 202   93.70   11.88     11.16   83.59   19.53      4.01    0.96    8.78     18.77    4.54    2.64      0.96    4.59   19.23   275.29   25.74   285.42   26.17 
 203   93.70   11.79     11.40   82.34   19.83      4.74    0.94    8.74     18.77    4.54    2.64      0.94    4.29   19.15   276.40   21.97   286.10   23.03 
 204   93.70   11.87     11.73   79.70   20.13      5.57    0.94    8.71     18.77    4.54    2.65      0.79    3.88   19.08   266.89   23.13   276.58   23.48 
 205   93.70   11.83     11.34   83.84   20.44      5.34    0.89    8.67     18.77    4.54    2.66      0.80    3.77   19.00   272.26   14.81   281.86   16.28 
 206  111.95   11.80     11.33   83.98   20.75      7.23    0.75    8.63     19.38    4.18    2.67      0.87    4.30   18.93   266.37   14.12   276.50   14.16 
 207  111.95   11.78     11.05   86.73   21.07      7.26    0.78    8.59     19.38    4.18    2.68      0.20    3.94   18.86   238.60   25.50   248.66   26.10 
 208  111.95   11.75     10.88   87.74   21.39      7.34    0.79    8.55     19.38    4.18    2.68     -0.05    4.65   18.79   238.27   24.69   248.43   25.95 
 209  111.95   11.74     10.94   86.19   21.70      7.26    0.78    8.52     19.38    4.18    2.69     -0.15    4.70   18.72   239.60   25.80   249.15   26.89 
 210  111.95   11.79     10.84   87.07   22.01      5.91    0.82    8.48     19.38    4.18    2.70     -0.39    4.05   18.65   238.99   25.38   248.45   26.28 
 211   91.96   11.77     10.69   88.16   22.32     10.22    0.54    8.44     19.96    3.86    2.70     -0.15    3.55   18.58   226.97   31.56   236.71   31.68 
 212   91.96   11.76     10.82   86.72   22.63      9.61    0.57    8.41     19.96    3.86    2.71     -0.65    2.72   18.51   231.35   27.89   241.20   28.21 
 213   91.96   11.84     10.88   85.77   22.92      9.57    0.56    8.37     19.96    3.86    2.72     -0.80    2.61   18.43   231.33   27.55   241.27   27.60 
 214   91.96   11.85     10.70   87.43   23.22     10.46    0.53    8.33     19.96    3.86    2.72     -1.50    2.20   18.36   224.71   28.59   235.07   29.18 
 215   91.96   11.85     10.64   88.67   23.53      8.89    0.58    8.30     19.96    3.86    2.73     -3.87    1.85   18.28   220.97   31.62   231.36   32.49 
 216   91.15   11.91     11.36   81.17   23.79     10.03    0.52    8.26     21.07    3.36    2.73     -4.08    1.94   18.20   231.40   30.82   241.37   31.09 
 217   91.15   11.84     11.46   79.87   24.05      8.75    0.59    8.22     21.07    3.36    2.73     -4.62    2.02   18.13   227.68   34.29   238.15   33.79 
 218   91.15   11.87     11.66   78.26   24.30      3.46    0.93    8.19     21.07    3.36    2.73     -2.73    2.39   18.06   231.38   32.53   241.96   33.22 
 219   91.15   11.90     11.74   77.42   24.54      1.28    1.00    8.16     21.07    3.36    2.74     -1.10    3.23   17.99   231.86   31.67   242.62   32.57 
 220   91.15   11.88     11.86   76.72   24.78      3.11    1.13    8.13     21.07    3.36    2.74     -0.36    4.87   17.93   245.19   26.87   254.86   26.28 
 221   99.52   11.85     11.81   76.98   25.02      0.92    1.19    8.09     20.52    3.54    2.74      0.01    5.71   17.87   247.77   24.05   257.01   24.94 
 222   99.52   11.80     11.88   76.56   25.25      3.86    1.33    8.06     20.52    3.54    2.75      0.09    6.61   17.82   257.66   21.16   267.86   22.06 
 223   99.52   11.78      7.21  130.28   25.72    -20.72    1.60    8.04     20.52    3.54    2.75      0.00    5.38   17.77   220.05  -22.06   230.56  -21.42 
 224   99.52   11.85      7.31  128.47   26.18    -18.44    1.55    8.01     20.52    3.54    2.75     -0.06    5.02   17.71   220.45  -20.30   230.04  -18.98 
 225   99.52   11.80      7.28  129.86   26.64    -19.90    1.56    7.98     20.52    3.54    2.76     -0.50    3.61   17.65   221.15  -20.13   230.63  -19.31 
 226  107.99   11.80      7.37  128.93   27.09     -7.92    1.34    7.95     19.40    3.98    2.76     -1.02    2.85   17.58   228.46  -21.36   238.20  -19.88 
 227  107.99   11.86      7.47  127.64   27.54     -5.18    1.42    7.92     19.40    3.98    2.77     -2.09    2.30   17.52   232.96  -20.56   242.62  -19.94 
 228  107.99   11.81      7.72  123.91   27.96     -2.12    1.49    7.89     19.40    3.98    2.77     -2.03    2.15   17.45   247.01  -19.86   256.07  -18.64 
 229  107.99   11.80      7.56  124.48   28.38    -40.77    1.55    7.86     19.40    3.98    2.78     -3.57    1.96   17.38   244.89  -19.71   254.00  -18.37 
 230  107.99   11.84      7.33  125.51   28.80     -6.06    1.45    7.84     19.40    3.98    2.78     -8.91    1.64   17.31   242.42  -18.15   251.51  -16.84 
 231   90.64   11.76      6.94  128.43   29.23    -22.17    1.21    7.81     21.17    3.21    2.79     -6.43    1.38   17.24   241.54  -21.43   251.30  -20.35 
 232   90.64   11.86      6.61  130.54   29.67    -13.97    1.19    7.78     21.17    3.21    2.79     -6.37    1.37   17.17   232.41  -23.31   242.88  -21.89 
 233   90.64   11.72      6.63  128.35   30.09     -7.20    1.17    7.75     21.17    3.21    2.79     -7.27    1.35   17.11   231.12  -22.01   240.88  -20.88 
 234   90.64   11.82      6.45  126.91   30.51    -18.44    1.20    7.72     21.17    3.21    2.79     -6.06    1.37   17.04   216.06  -20.73   225.86  -19.91 
 235   90.64   11.87      6.44  125.51   30.91     -7.68    1.15    7.69     21.17    3.21    2.79     -9.31    1.29   16.97   228.72  -20.60   237.90  -19.50 
 236  104.36   11.82      6.22  126.12   31.32    -22.24    1.12    7.67     20.88    3.28    2.80     -7.37    1.26   16.91   213.22  -20.62   222.69  -19.57 
 237  104.36   11.86      5.84  130.31   31.73     -5.91    0.95    7.64     20.88    3.28    2.80     -8.55    1.24   16.84   290.30  -10.46   300.63  -10.10 
 238  104.36   11.85      6.19  124.75   32.12     -8.65    1.10    7.61     20.88    3.28    2.80     -5.10    1.34   16.78   288.09   -5.17   298.40   -5.01 
 239  104.36   11.84      6.08  125.17   32.51     -0.83    0.95    7.58     20.88    3.28    2.80     -8.60    1.24   16.71   224.84  -21.48   234.37  -19.87 
 240  104.36   11.87      5.33  135.51   32.94     -0.80    1.02    7.56     20.88    3.28    2.80     -4.80    1.34   16.65   280.35  -17.07   289.46  -16.97 
 241  112.12   11.84      5.90  125.85   33.33    -22.16    0.79    7.53     19.17    3.96    2.81     -3.64    1.02   16.58   222.28  -20.29   231.95  -19.04 
 242  112.12   11.87      4.98  138.49   33.76     -3.72    0.66    7.50     19.17    3.96    2.81     -7.07    0.90   16.52   279.47  -17.34   289.90  -17.05 
 243  112.12   11.82      4.58  143.34   34.21    -22.07    0.78    7.47     19.17    3.96    2.82     -2.06    1.15   16.45   279.79  -20.19   290.82  -19.38 
 244  112.12   11.82      6.63  110.44   34.53     -5.45    0.69    7.44     19.17    3.96    2.82     -5.17    0.96   16.39   272.51   14.38   283.06   14.79 
 245  112.12   11.86      6.04  115.73   34.86     -5.33    0.65    7.42     19.17    3.96    2.83     -0.86    1.31   16.33   275.92   12.79   286.44   13.37 
 246  115.17   11.87      5.51  120.18   35.20     -8.33    0.69    7.39     18.86    4.06    2.83     -1.62    1.15   16.27   278.25   12.42   288.79   12.88 
 247  115.17   11.89      3.59  144.79   35.65    -15.00    0.74    7.36     18.86    4.06    2.84     -1.78    1.11   16.20   269.00  -22.60   278.25  -21.26 
 248  115.17   11.81      3.72  136.37   36.05    -37.92    0.78    7.34     18.86    4.06    2.84     -2.11    1.08   16.14   251.02  -20.56   259.86  -18.43 
 249  115.17   11.83      4.40  120.74   36.39     -7.62    0.67    7.31     18.86    4.06    2.85     -1.07    1.16   16.08   206.29  -22.43   215.61  -20.69 
 250  115.17   11.88      3.90  123.55   36.74     -8.18    0.74    7.28     18.86    4.06    2.85      2.02    2.30   16.03   210.32  -23.32   219.77  -21.58 
 251  115.58   11.80      2.72  138.02   37.15    -29.57    0.62    7.26     19.87    3.58    2.85      1.33    1.97   15.97   234.63  -25.41   244.74  -23.40 
 252  115.58   11.84      0.83  167.50   37.66    -22.70    0.62    7.23     19.87    3.58    2.86     -0.94    0.99   15.91   281.66  -20.04   292.13  -19.37 
 253  115.58   11.82     -0.91  203.51   38.32      -Inf    0.63    7.20     19.87    3.58    2.86     -4.36    0.75   15.85   300.62  -47.64   310.26  -47.29 
 254  115.58   11.83      0.19  177.78   38.87    -21.17    0.63    7.18     19.87    3.58    2.86     -0.77    1.03   15.79   294.18  -10.61   303.12  -10.97 
 255  115.58   11.83      0.09  177.64   39.41    -42.73    0.63    7.15     19.87    3.58    2.87      1.84    2.37   15.74   293.46  -10.65   302.21  -11.03 
 256  112.11   11.89     -0.09  182.90   39.97      -Inf    0.64    7.13     19.04    3.89    2.87      1.61    1.76   15.69   291.17  -21.55   301.73  -21.63 
 257  112.11   11.83      1.53  152.71   40.41     -7.99    0.63    7.10     19.04    3.89    2.87      0.33    1.62   15.63   248.28  -20.43   257.57  -19.69 
 258  112.11   11.84      1.05  161.12   40.88     -3.54    0.57    7.08     19.04    3.89    2.88      1.97    2.33   15.58   250.53  -25.11   260.81  -23.53 
 259  112.11   11.81      0.85  163.62   41.35      -Inf    0.64    7.05     19.04    3.89    2.88      0.37    1.45   15.53   244.02  -31.66   253.05  -30.85 
 260  112.11   11.85     -0.34  191.42   41.93    -31.62    0.64    7.03     19.04    3.89    2.89      0.53    1.61   15.47   297.66  -21.09   308.26  -20.24 
 261  130.26   11.85     -0.21  191.57   42.50      -Inf    0.31    7.00     20.65    3.21    2.89     -0.65    0.60   15.42   279.74  -43.78   289.27  -43.81 
 262  130.26   11.83     -0.16  192.80   43.08      -Inf    0.31    6.97     20.65    3.21    2.89      1.09    2.83   15.37   225.81  -78.63   235.84  -76.92 
 263  130.26   11.79     -0.11  192.81   43.65    -35.98    0.31    6.95     20.65    3.21    2.89      0.49    0.86   15.31   313.11   -7.47   323.74   -6.35 
 264  130.26   11.80     -0.13  194.73   44.22      -Inf    0.31    6.92     20.65    3.21    2.89      0.66    1.25   15.26   287.21  -41.21   296.95  -40.45 
 265  130.26   11.82      0.55  183.11   44.74      -Inf    0.31    6.90     20.65    3.21    2.89      0.87    1.70   15.21   282.09  -34.10   291.82  -32.97 
 266  123.82   11.99     -0.12  201.93   45.33      -Inf    0.33    6.87     20.18    3.35    2.89      0.84    1.69   15.16   295.68  -51.04   305.02  -50.34 
 267  123.82   11.93      0.02  202.68   45.92      -Inf    0.33    6.85     20.18    3.35    2.90      1.06    1.09   15.11   304.46  -46.42   314.19  -46.48 
 268  123.82   11.93      2.02  165.62   46.37     -3.51    0.32    6.83     20.18    3.35    2.90      1.85    2.47   15.06   281.19  -21.15   291.30  -20.39 
 269  123.82   11.88      1.53  179.67   46.87      -Inf    0.33    6.80     20.18    3.35    2.90      0.48    0.95   15.01   250.57  -58.97   260.13  -58.23 
 270  123.82   11.90      2.46  162.53   47.29    -21.66    0.33    6.78     20.18    3.35    2.90      1.87    1.54   14.96   283.62  -22.06   293.12  -20.99 
 271  124.33   12.00      2.96  154.55   47.69    -19.28    0.26    6.75     20.91    3.05    2.90      1.63    0.73   14.90   274.91  -22.75   284.97  -21.51 
 272  124.33   12.16      2.73  157.72   48.09    -25.01    0.26    6.73     20.91    3.05    2.90      2.04    0.87   14.85   291.99  -18.53   300.92  -17.65 
 273  124.33   11.94      3.53  142.32   48.44     -7.15    0.23    6.71     20.91    3.05    2.90      1.95    1.72   14.80   270.07  -20.55   279.68  -19.99 
 274  124.33   11.93      1.02  188.57   48.95      -Inf    0.26    6.68     20.91    3.05    2.90      1.46    1.62   14.76   300.83  -59.01   310.61  -58.48 
 275  124.33   11.88      1.88  170.98   49.39      -Inf    0.26    6.66     20.91    3.05    2.90      0.76    1.97   14.71   263.10  -64.40   273.82  -64.59 
 276  128.37   11.83      2.32  162.36   49.80      -Inf    0.40    6.64     20.01    3.35    2.90      1.48    2.70   14.67   234.27  -69.12   244.47  -68.82 
 277  128.37   11.88      0.67  195.90   50.33      -Inf    0.40    6.61     20.01    3.35    2.91      1.38    3.75   14.63   308.19  -64.46   317.90  -64.50 
 278  128.37   11.78      4.32  130.82   50.62      -Inf    0.40    6.59     20.01    3.35    2.91      0.85    1.79   14.58   208.03  -33.85   217.31  -33.32 
 279  128.37   11.78      0.90  201.74   51.16      -Inf    0.40    6.57     20.01    3.35    2.91      1.82    2.17   14.54   240.05  -88.55   250.29  -89.03 
 280  128.37   11.85      3.13  162.21   51.56     -3.08    0.39    6.55     20.01    3.35    2.91      0.40    1.11   14.49   280.46  -21.58   290.57  -20.53 
 281  135.42   11.86      2.25  186.27   52.04    -37.12    0.26    6.52     19.86    3.38    2.91      1.83    1.77   14.44   323.95  -15.02   334.18  -15.80 
 282  135.42   11.93      3.16  172.08   52.46    -19.41    0.26    6.50     19.86    3.38    2.91      1.52    0.85   14.39   284.16  -22.45   294.60  -21.45 
 283  135.42   11.87      1.76  209.51   53.02      -Inf    0.26    6.48     19.86    3.38    2.92      2.09    2.08   14.35   220.73  -72.60   230.99  -72.68 
 284  135.42   11.85      1.55  219.15   53.60      -Inf    0.26    6.46     19.86    3.38    2.92      2.08    2.28   14.31   286.24  -67.47   295.55  -67.75 
 285  135.42   11.87      3.99  168.46   54.01     -9.56    0.26    6.44     19.86    3.38    2.92      0.11    0.58   14.26   263.75  -20.75   273.29  -19.86 
 286  121.31   11.76      3.53  179.54   54.45      -Inf    0.57    6.42     20.26    3.20    2.92    -18.45    0.57   14.21   205.32  -36.23   214.00  -35.96 
 287  121.31   11.91      2.72  198.59   54.95      -Inf    0.57    6.40     20.26    3.20    2.92      0.29    1.62   14.17   220.98  -56.60   230.31  -55.02 
 288  121.31   11.73      3.83  176.24   55.37      -Inf    0.57    6.38     20.26    3.20    2.92     -0.61    0.92   14.12   251.01  -33.23   260.91  -31.96 
 289  121.31   11.79      4.60  160.46   55.73    -14.41    0.52    6.36     20.26    3.20    2.92     -3.48    0.71   14.08   242.27  -18.18   250.20  -16.87 
 290  121.31   11.84      2.06  211.25   56.27      -Inf    0.57    6.34     20.26    3.20    2.92     -0.17    1.12   14.03   166.30  -63.55   176.40  -62.99 
 291  120.87   11.87      3.51  177.12   56.68      -Inf    0.26    6.31     19.97    3.28    2.93     -0.88    0.51   13.98   267.76  -33.78   277.60  -32.88 
 292  120.87   11.86      2.72  189.71   57.14      -Inf    0.26    6.29     19.97    3.28    2.93     -5.05    0.31   13.94   289.69  -47.50   299.52  -46.20 
 293  120.87   11.86      3.19  175.40   57.54      -Inf    0.26    6.27     19.97    3.28    2.93     -5.75    0.29   13.89   205.00  -52.02   215.24  -50.24 
 294  120.87   11.83     -0.20  252.04   58.20      -Inf    0.26    6.25     19.97    3.28    2.93     -0.41    0.62   13.85   272.02 -125.12   282.39 -125.27 
 295  120.87   11.79      3.60  156.86   58.54    -13.35    0.25    6.23     19.97    3.28    2.93     -6.44    0.29   13.80   283.86  -22.32   294.18  -21.21 
 296  145.87   11.87      1.09  204.36   59.03      -Inf    0.25    6.21     19.48    3.44    2.93      0.69    1.22   13.76   305.01  -63.98   314.75  -65.18 
 297  145.87   11.82      3.75  148.84   59.33    -10.23    0.24    6.19     19.48    3.44    2.93     -0.22    0.54   13.71   265.55  -24.94   275.74  -22.68 
 298  145.87   11.86      1.06  200.55   59.81      -Inf    0.25    6.17     19.48    3.44    2.94      0.61    1.31   13.67   242.68  -85.10   254.17  -84.57 
 299  145.87   11.83      2.23  173.10   60.19      -Inf    0.25    6.15     19.48    3.44    2.94      0.62    1.18   13.63   192.13  -61.81   201.50  -61.39 
 300  145.87   11.83     -0.46  233.89   60.77      -Inf    0.25    6.13     19.48    3.44    2.94      0.86    1.14   13.59   242.11 -117.80   252.36 -117.72 
 301  156.48   11.77      2.82  160.89   61.10      -Inf    0.18    6.11     21.13    2.82    2.94     -6.40    0.20   13.54   243.98  -36.64   254.55  -37.70 
 302  156.48   11.82      0.55  209.11   61.59      -Inf    0.18    6.09     21.13    2.82    2.94      0.69    0.84   13.50   294.19  -63.63   304.39  -63.03 
 303  156.48   11.82     -0.84  244.16   62.19      -Inf    0.18    6.07     21.13    2.82    2.94     -5.08    0.22   13.46   260.70 -114.51   270.88 -114.59 
 304  156.48   11.84     -1.45  259.67   62.84      -Inf    0.18    6.05     21.13    2.82    2.94      0.15    0.52   13.41   294.31 -118.18   304.12 -115.42 
 305  156.48   11.86     -0.53  230.34   63.39      -Inf    0.18    6.04     21.13    2.82    2.94     -2.06    0.27   13.37   304.43  -75.70   313.85  -75.01 
 306  149.69   11.84      1.25  184.83   63.79      -Inf    0.17    6.02     20.07    3.16    2.94    -14.86    0.17   13.33   201.90  -69.90   210.72  -68.42 
 307  149.69   11.87      1.93  170.27   64.13      -Inf    0.17    6.00     20.07    3.16    2.94     -0.62    0.42   13.29   212.02  -54.86   222.46  -52.98 
 308  149.69   11.83      2.76  153.97   64.43      -Inf    0.17    5.98     20.07    3.16    2.94      0.58    0.78   13.25   165.21  -42.97   174.52  -41.91 
 309  149.69   11.88      1.23  182.59   64.81      -Inf    0.17    5.96     20.07    3.16    2.94      1.43    1.02   13.21   233.54  -61.80   244.05  -62.16 
 310  149.69   11.91      0.78  191.37   65.22      -Inf    0.17    5.94     20.07    3.16    2.94      0.65    0.65   13.17   259.11  -60.89   270.16  -59.76 
 311  144.33   11.78      2.40  158.44   65.52    -39.33    0.44    5.92     19.38    3.40    2.94     -1.85    0.68   13.13   256.68  -24.00   267.91  -25.29 
 312  144.33   11.90      0.48  199.45   65.95      -Inf    0.44    5.91     19.38    3.40    2.94     -0.51    0.76   13.09   322.47  -29.13   331.66  -28.70 
 313  144.33   11.73      3.37  144.19   66.20    -19.81    0.42    5.89     19.38    3.40    2.94     -6.73    0.49   13.05   255.54  -17.24   262.86  -15.96 
 314  144.33   11.90      1.27  190.98   66.59      -Inf    0.44    5.87     19.38    3.40    2.95     -0.18    0.92   13.01   298.58  -46.78   309.00  -47.58 
 315  144.33   11.80      0.59  210.37   67.05      -Inf    0.44    5.85     19.38    3.40    2.95      1.50    1.25   12.97   228.12  -94.88   237.58  -94.69 
 316  144.40   11.77      2.11  182.16   67.41      -Inf    0.13    5.84     19.83    3.20    2.95      0.58    0.75   12.93   287.45  -42.88   297.51  -42.03 
 317  144.40   11.89      2.60  177.63   67.76      -Inf    0.13    5.82     19.83    3.20    2.95      0.87    0.93   12.89   230.36  -60.08   238.63  -58.87 
 318  144.40   11.86      1.86  197.92   68.17      -Inf    0.13    5.80     19.83    3.20    2.95      0.98    0.47   12.85   301.09  -55.52   310.90  -56.47 
 319  144.40   11.76      2.47  186.31   68.54      -Inf    0.13    5.78     19.83    3.20    2.95      0.71    0.69   12.82   337.62  -19.60   347.05  -20.03 
 320  144.40   11.81      2.22  193.68   68.93      -Inf    0.13    5.76     19.83    3.20    2.95      2.60    1.25   12.78   261.04  -71.72   271.45  -72.31 
 321  151.94   11.95     -0.45  264.07   69.54      -Inf    0.16    5.75     20.45    2.95    2.95     -2.48    0.22   12.74   306.30 -134.19   317.41 -134.65 
 322  151.94   11.91      5.47  133.23   69.74      -Inf    0.16    5.73     20.45    2.95    2.95      1.43    1.27   12.71   208.46  -22.25   217.32  -21.44 
 323  151.94   11.84      4.09  153.37   70.00      -Inf    0.16    5.71     20.45    2.95    2.95     -1.08    0.30   12.67   236.33  -43.84   248.16  -44.06 
 324  151.94   11.91      4.35  147.02   70.23      -Inf    0.16    5.69     20.45    2.95    2.95      0.94    0.52   12.63   255.53  -33.23   267.07  -33.24 
 325  151.94   11.90      0.35  230.91   70.73      -Inf    0.16    5.68     20.45    2.95    2.95      0.93    0.83   12.59   256.73 -121.21   267.10 -120.80 
 326  151.98   11.83      4.78  138.07   70.93      -Inf    0.23    5.66     19.77    3.17    2.95      0.67    0.66   12.56   222.67  -32.18   232.08  -32.47 
 327  151.98   11.84      2.16  186.37   71.29      -Inf    0.23    5.64     19.77    3.17    2.95      0.53    0.83   12.52   173.33  -77.08   181.60  -75.76 
 328  151.98   11.82      0.09  235.64   71.79      -Inf    0.23    5.63     19.77    3.17    2.95      1.44    1.15   12.49   324.33  -96.03   333.14  -95.74 
 329  151.98   11.80     -0.79  260.36   72.36      -Inf    0.23    5.61     19.77    3.17    2.95     -1.49    0.38   12.45   303.98 -130.83   315.29 -131.74 
 330  151.98   11.83     -0.02  238.20   72.86      -Inf    0.23    5.59     19.77    3.17    2.95      0.86    0.84   12.41   268.55 -116.44   278.98 -115.72 
 331  164.45   11.96      3.31  161.86   73.13      -Inf    0.14    5.58     18.78    3.53    2.96      0.66    0.60   12.38   220.98  -47.03   228.79  -46.84 
 332  164.45   11.87      2.92  167.54   73.42      -Inf    0.14    5.56     18.78    3.53    2.96      0.60    0.81   12.34   256.89  -43.59   266.67  -44.13 
 333  164.45   11.86      4.18  143.10   73.63      -Inf    0.14    5.55     18.78    3.53    2.96     -2.06    0.22   12.31   224.14  -26.18   231.68  -26.75 
 334  164.45   11.88     -0.30  235.55   74.11      -Inf    0.14    5.53     18.78    3.53    2.96     -0.02    0.30   12.27   328.54  -79.22   339.17  -77.82 
 335  164.45   11.89      2.26  173.87   74.41      -Inf    0.14    5.51     18.78    3.53    2.96     -0.32    0.30   12.24   210.66  -65.19   217.81  -64.75 
 336  151.58   11.88      4.58  132.31   74.58      -Inf    0.16    5.50     20.40    2.91    2.96      0.71    1.21   12.20   187.21  -28.21   196.19  -25.12 
 337  151.58   11.82      5.01  124.51   74.73    -22.71    0.16    5.48     20.40    2.91    2.96      1.91    1.36   12.17   191.04  -23.26   200.01  -20.09 
 338  151.58   11.81      5.19  121.69   74.87    -20.76    0.16    5.47     20.40    2.91    2.96      0.73    0.83   12.14   192.77  -22.04   201.86  -18.95 
 339  151.58   11.84      5.03  124.58   75.02     -9.81    0.15    5.45     20.40    2.91    2.96      1.00    0.82   12.10   197.29  -22.91   206.44  -19.79 
 340  151.58   11.87      3.94  141.83   75.21      -Inf    0.16    5.43     20.40    2.91    2.96      1.20    0.62   12.07   219.20  -33.36   227.15  -31.87 
 341  168.65   11.91     -1.94  278.56   75.81      -Inf    0.15    5.42     19.93    3.04    2.96      1.70    0.74   12.04   299.22 -147.67   310.24 -147.88 
 342  168.65   11.80      1.16  197.62   76.16      -Inf    0.15    5.40     19.93    3.04    2.96      1.30    1.09   12.00   272.81  -68.31   280.16  -68.18 
 343  168.65   11.83      3.53  150.65   76.38      -Inf    0.15    5.39     19.93    3.04    2.96      0.73    1.09   11.97   196.28  -39.58   204.32  -37.49 
 344  168.65   11.94      3.59  150.63   76.60    -39.78    0.15    5.37     19.93    3.04    2.96      0.55    0.98   11.94   256.98  -21.44   267.26  -22.01 
 345  168.65   11.86      4.18  140.88   76.78      -Inf    0.15    5.36     19.93    3.04    2.96      0.99    0.68   11.91   233.93  -19.29   241.42  -19.98 
 346  182.64   11.87      4.71  132.88   76.95    -11.85    0.11    5.34     18.52    3.55    2.97      1.53    1.94   11.88   208.22  -18.97   215.82  -17.29 
 347  182.64   11.89      3.11  160.48   77.19      -Inf    0.11    5.33     18.52    3.55    2.97      1.59    1.76   11.85   188.68  -48.98   197.19  -46.68 
 348  182.64   11.87      3.37  156.90   77.42      -Inf    0.11    5.31     18.52    3.55    2.97      2.20    1.69   11.82   192.32  -46.15   202.27  -46.68 
 349  182.64   11.83      0.74  213.14   77.80      -Inf    0.11    5.30     18.52    3.55    2.97      0.70    1.66   11.79   298.01  -81.72   308.89  -80.15 
 350  182.64   11.86      2.76  169.71   78.07      -Inf    0.11    5.28     18.52    3.55    2.97      0.76    1.23   11.76   233.34  -62.64   243.66  -60.88 
 351  175.36   11.98     -0.64  255.52   78.57      -Inf    0.13    5.27     19.19    3.27    2.97      1.12    0.77   11.73   223.43 -150.91   233.67 -149.92 
 352  175.36   11.88      1.04  217.33   78.97      -Inf    0.13    5.25     19.19    3.27    2.97      0.96    0.83   11.70   323.96  -83.09   331.73  -83.30 
 353  175.36   11.88      1.59  209.70   79.34      -Inf    0.13    5.24     19.19    3.27    2.97     -4.84    0.16   11.67   191.54  -99.38   200.23  -99.30 
 354  175.36   11.87      3.95  164.03   79.58      -Inf    0.13    5.22     19.19    3.27    2.98      0.87    0.96   11.64   187.22  -46.06   196.92  -46.53 
 355  175.36   11.93      1.81  214.67   79.96      -Inf    0.13    5.21     19.19    3.27    2.98      0.77    1.53   11.61   315.53  -81.73   324.25  -82.49 
 356  176.75   11.89      0.40  255.62   80.45      -Inf    0.13    5.20     20.34    2.84    2.98      1.09    0.93   11.58   309.52 -125.58   317.73 -125.75 
 357  176.75   11.89      2.25  207.81   80.81      -Inf    0.13    5.18     20.34    2.84    2.98      0.06    0.58   11.55   293.29  -78.12   303.52  -77.09 
 358  176.75   12.02      0.33  258.92   81.31      -Inf    0.13    5.17     20.34    2.84    2.98      1.28    1.18   11.52   204.41 -135.04   213.18 -134.09 
 359  176.75   12.32      4.13  165.84   81.54      -Inf    0.13    5.15     20.34    2.84    2.97      0.69    0.66   11.49   205.32  -41.26   213.05  -40.94 
 360  176.75   11.90      0.94  236.15   81.97      -Inf    0.13    5.14     20.34    2.84    2.97      1.84    0.89   11.46   261.46 -111.66   271.73 -112.44 
 361  183.88   11.92      0.42  243.92   82.42      -Inf    0.13    5.13     20.51    2.77    2.97      2.04    0.74   11.43   199.18 -124.23   207.63 -124.12 
 362  183.88   11.89      5.35  135.93   82.57      2.05    0.12    5.11     20.51    2.77    2.97      3.07    0.90   11.40   199.32  -17.20   207.35  -16.65 
 363  183.88   11.83      3.62  162.72   82.79      -Inf    0.13    5.10     20.51    2.77    2.97      -Inf    0.13   11.37   138.63  -29.04   148.54  -28.85 
 364  183.88   11.85      3.24  166.02   83.02      -Inf    0.13    5.08     20.51    2.77    2.97      2.10    1.66   11.34   135.54  -36.56   145.64  -36.46 
 365  183.88   11.87      2.13  188.42   83.30      -Inf    0.13    5.07     20.51    2.77    2.97     -1.13    0.26   11.31   300.91  -53.77   311.77  -52.84 
 366  189.55   11.81      2.27  186.87   83.59      -Inf    0.31    5.06     19.24    3.18    2.97      0.47    1.24   11.28   263.26  -67.00   272.64  -67.73 
 367  189.55   11.89      2.58  181.38   83.85      -Inf    0.31    5.05     19.24    3.18    2.97      0.50    0.80   11.26   296.34  -46.48   303.98  -46.29 
 368  189.55   11.89      0.34  239.97   84.28      -Inf    0.31    5.03     19.24    3.18    2.97     -0.33    0.72   11.23   260.37 -119.81   270.55 -118.92 
 369  189.55   11.80      3.65  167.68   84.50      -Inf    0.31    5.02     19.24    3.18    2.97      -Inf    0.31   11.20   252.68  -44.73   263.96  -45.85 
 370  189.55   11.95      1.76  212.08   84.85      -Inf    0.31    5.01     19.24    3.18    2.97     -2.03    0.45   11.17   253.70  -87.25   263.19  -87.08 
 371  182.81   11.82      3.93  165.65   85.07    -45.12    0.10    4.99     20.60    2.70    2.97    -72.90    0.10   11.14   313.66  -17.65   324.86  -16.61 
 372  182.81   11.90      3.69  171.50   85.30      -Inf    0.10    4.98     20.60    2.70    2.97      -Inf    0.10   11.11   233.25  -50.79   240.98  -49.23 
 373  182.81   11.94      1.56  217.28   85.65      -Inf    0.10    4.97     20.60    2.70    2.97     -1.24    0.16   11.08   265.01  -95.06   272.56  -94.84 
 374  182.81   11.90      1.00  229.89   86.04      -Inf    0.10    4.95     20.60    2.70    2.97      -Inf    0.10   11.05   247.91 -110.83   257.35 -110.75 
 375  182.81   11.92      1.65  207.51   86.36      -Inf    0.10    4.94     20.60    2.70    2.97     -0.63    0.27   11.02   304.22  -75.14   313.94  -74.94 
 376  167.12   11.93      0.87  224.72   86.73      -Inf    0.10    4.93     20.04    2.86    2.97      0.76    0.60   10.99   250.44 -110.31   261.05 -112.03 
 377  167.12   11.90      1.65  200.55   87.03      -Inf    0.10    4.92     20.04    2.86    2.97      1.32    0.57   10.97   283.06  -76.18   293.73  -75.86 
 378  167.12   11.87      1.48  198.94   87.33      -Inf    0.10    4.90     20.04    2.86    2.97      1.24    1.19   10.94   279.31  -73.87   290.07  -73.49 
 379  167.12   11.89      2.58  172.74   87.55      -Inf    0.10    4.89     20.04    2.86    2.97    -10.56    0.11   10.91   234.09  -59.94   242.24  -58.27 
 380  167.12   11.90      0.37  219.36   87.90      -Inf    0.10    4.88     20.04    2.86    2.97      0.79    0.42   10.88   268.91  -95.49   276.96  -95.30 
 381  192.18   11.84      3.60  149.06   88.06      -Inf    0.09    4.87     18.45    3.42    2.97      0.97    0.40   10.86   127.10  -23.55   137.58  -24.35 
 382  192.18   11.79      2.74  163.93   88.26    -17.61    0.09    4.85     18.45    3.42    2.97      1.25    0.74   10.83   281.06  -28.45   292.23  -25.95 
 383  192.18   11.79      1.49  187.09   88.52      -Inf    0.09    4.84     18.45    3.42    2.97     -0.38    0.33   10.80   259.19  -66.17   269.68  -65.95 
 384  192.18   11.75      0.35  208.23   88.83      -Inf    0.09    4.83     18.45    3.42    2.97      0.39    0.30   10.78   238.15  -97.66   247.64  -96.83 
 385  192.18   11.81      2.74  156.02   89.00     -5.70    0.08    4.82     18.45    3.42    2.98      0.57    0.49   10.75   274.78  -25.00   286.27  -23.80 
 386  166.40   11.84      2.08  167.94   89.21      -Inf    0.10    4.80     20.23    2.76    2.97      0.64    0.53   10.72   216.50  -67.72   224.71  -66.57 
 387  166.40   11.85      0.10  208.77   89.52      -Inf    0.10    4.79     20.23    2.76    2.97      0.87    0.30   10.70   277.08  -92.47   288.06  -92.92 
 388  166.40   11.92     -0.24  217.56   89.85      -Inf    0.10    4.78     20.23    2.76    2.97     -3.87    0.13   10.67   204.14 -125.25   213.97 -125.97 
 389  166.40   11.86     -0.65  231.37   90.21      -Inf    0.10    4.77     20.23    2.76    2.97      0.37    0.35   10.64   309.06 -107.58   318.61 -107.73 
 390  166.40   11.89     -1.01  245.97   90.61      -Inf    0.10    4.76     20.23    2.76    2.97      1.51    0.37   10.62   306.01 -126.56   316.74 -122.47 
 391  170.94   11.81      2.09  173.71   90.82      -Inf    0.12    4.74     20.61    2.63    2.97      1.64    0.70   10.59   135.50  -66.17   144.24  -66.01 
 392  170.94   11.84      0.37  212.18   91.13      -Inf    0.12    4.73     20.61    2.63    2.97      1.39    0.96   10.57   293.53  -87.76   302.69  -87.60 
 393  170.94   11.79      2.77  161.64   91.31      -Inf    0.12    4.72     20.61    2.63    2.97      1.38    0.76   10.54   196.82  -61.01   204.70  -59.68 
 394  170.94   11.79      3.12  152.69   91.47      -Inf    0.12    4.71     20.61    2.63    2.97      2.13    0.88   10.52   233.94  -44.20   242.48  -42.55 
 395  170.94   11.84      0.34  202.34   91.75      -Inf    0.12    4.70     20.61    2.63    2.97      -Inf    0.12   10.49   240.43  -90.82   249.62  -90.87 
 396  169.42   11.97     -0.60  216.85   92.06      -Inf    0.12    4.68     20.66    2.60    2.97      1.30    1.13   10.47   267.37  -94.17   279.15  -94.11 
 397  169.42   11.97      0.27  188.88   92.31      -Inf    0.12    4.67     20.66    2.60    2.97     -0.29    0.40   10.44   275.30  -58.23   284.53  -56.86 
 398  169.42   11.89      0.04  184.95   92.54      -Inf    0.12    4.66     20.66    2.60    2.97      1.87    1.15   10.42   286.25  -40.13   297.74  -39.63 
 399  169.42   11.92     -3.28  260.88   92.96      -Inf    0.12    4.65     20.66    2.60    2.96      0.66    0.79   10.39   287.33 -139.22   298.25 -135.31 
 400  169.42   11.93     -0.98  192.90   93.21      -Inf    0.12    4.64     20.66    2.60    2.96      1.48    1.13   10.37   216.59  -99.56   226.78  -97.70 
 401  171.29   11.86     -0.37  177.79   93.42      -Inf    0.12    4.63     20.66    2.58    2.96     -0.14    0.57   10.35   198.97  -91.73   205.54  -92.28 
 402  171.29   11.88     -2.69  227.74   93.76      -Inf    0.12    4.62     20.66    2.58    2.96      0.49    0.26   10.32   259.19 -117.60   268.74 -118.81 
 403  171.29   11.86      0.46  159.32   93.92      -Inf    0.12    4.61     20.66    2.58    2.96     -1.79    0.20   10.30   236.59  -53.05   243.84  -52.53 
 404  171.29   11.85     -2.11  218.06   94.23      -Inf    0.12    4.59     20.66    2.58    2.96      0.23    0.32   10.27   252.55 -110.71   262.11 -111.58 
 405  171.29   11.82     -1.94  216.35   94.53      -Inf    0.12    4.58     20.66    2.58    2.96     -2.91    0.16   10.25   247.40 -111.27   254.50 -111.28 
 406  176.30   11.81      1.22  152.50   94.67      -Inf    0.07    4.57     20.57    2.59    2.96     -0.67    0.19   10.22   232.28  -44.80   240.32  -43.80 
 407  176.30   11.80     -1.42  212.31   94.96      -Inf    0.07    4.56     20.57    2.59    2.96     -0.61    0.18   10.20   321.34  -44.47   333.12  -44.46 
 408  176.30   11.87      0.20  178.64   95.17      -Inf    0.07    4.55     20.57    2.59    2.96      -Inf    0.07   10.17   237.86  -74.73   245.24  -74.39 
 409  176.30   11.79     -2.80  256.57   95.56      -Inf    0.07    4.54     20.57    2.59    2.96     -2.83    0.10   10.15   338.90  -98.86   349.15  -98.06 
 410  176.30   11.85     -1.08  213.52   95.85      -Inf    0.07    4.53     20.57    2.59    2.95      1.11    0.45   10.12   275.79  -96.28   281.79  -96.52 
 411  180.93   11.84     -1.44  227.11   96.17      -Inf    0.07    4.52     20.39    2.63    2.95      1.62    0.73   10.10   276.52 -111.26   286.76 -112.88 
 412  180.93   11.88     -1.01  216.34   96.46      -Inf    0.07    4.51     20.39    2.63    2.95      0.92    0.34   10.08   275.96 -102.35   283.77 -102.32 
 413  180.93   11.86      0.77  177.18   96.66      -Inf    0.07    4.50     20.39    2.63    2.95      0.57    0.50   10.05   255.80  -70.74   263.25  -70.16 
 414  180.93   11.86      0.44  185.84   96.87      -Inf    0.07    4.49     20.39    2.63    2.95      1.10    0.32   10.03   245.22  -84.01   256.64  -83.05 
 415  180.93   11.87      1.04  176.48   97.06      -Inf    0.07    4.47     20.39    2.63    2.95      1.30    0.83   10.01   225.54  -78.94   233.25  -78.42 
 416  180.26   11.86      0.24  196.82   97.30      -Inf    0.07    4.46     20.55    2.56    2.95      0.53    0.48    9.98   287.16  -67.89   296.38  -66.46 
 417  180.26   11.85     -0.72  222.28   97.60      -Inf    0.07    4.45     20.55    2.56    2.95      0.52    0.63    9.96   303.68  -85.93   312.20  -84.88 
 418  180.26   11.86     -3.24  299.03   98.08      -Inf    0.07    4.44     20.55    2.56    2.95      -Inf    0.07    9.94   340.32 -154.16   352.12 -149.24 
 419  180.26   11.83     -1.72  254.52   98.46      -Inf    0.07    4.43     20.55    2.56    2.95      1.82    0.27    9.92   215.05 -153.42   222.93 -153.29 
 420  180.26   11.91      3.00  149.74   98.58      -Inf    0.07    4.42     20.55    2.56    2.95      -Inf    0.07    9.89   247.92  -36.34   255.58  -35.50 
 421  183.34   11.83     -1.91  267.60   98.98      -Inf    0.07    4.41     20.15    2.67    2.95      -Inf    0.07    9.87   343.97 -116.07   353.88 -115.33 
 422  183.34   11.84     -0.89  238.71   99.31      -Inf    0.07    4.40     20.15    2.67    2.94      -Inf    0.07    9.85    89.93 -121.37   102.36 -122.18 
 423  183.34   11.85     -3.45  316.86   99.83      -Inf    0.07    4.39     20.15    2.67    2.94      -Inf    0.07    9.82   345.83 -184.73   357.29 -179.54 
 424  183.34   11.91     -2.01  268.87  100.23      -Inf    0.07    4.38     20.15    2.67    2.94      1.04    0.44    9.80   323.77 -147.50   335.21 -141.20 
 425  183.34   11.88     -0.60  225.05  100.52      -Inf    0.07    4.37     20.15    2.67    2.94     -0.59    0.16    9.78   255.27 -129.22   263.58 -130.41 
 426  185.83   11.83     -1.78  255.93  100.88      -Inf    0.08    4.36     20.27    2.62    2.94      -Inf    0.08    9.75   328.11 -127.08   336.21 -128.32 
 427  185.83   11.92      3.58  139.18  100.97      -Inf    0.08    4.35     20.27    2.62    2.94      -Inf    0.08    9.73   248.59  -34.43   257.10  -33.37 
 428  185.83   11.82     -0.47  220.01  101.25      -Inf    0.08    4.34     20.27    2.62    2.94      -Inf    0.08    9.71   308.13  -88.16   317.10  -87.24 
 429  185.83   11.92     -0.88  230.65  101.55      -Inf    0.08    4.33     20.27    2.62    2.94      -Inf    0.08    9.69   263.51 -120.27   272.36 -122.13 
 430  185.83   11.86     -0.67  225.45  101.84      -Inf    0.08    4.32     20.27    2.62    2.94      -Inf    0.08    9.66   258.85 -116.59   267.91 -118.08 
 431  179.00   11.81      0.14  206.65  102.08      -Inf    0.10    4.31     20.11    2.65    2.94      -Inf    0.10    9.64   282.67  -87.47   293.07  -84.00 
 432  179.00   11.84     -1.38  244.65  102.41      -Inf    0.10    4.30     20.11    2.65    2.94      -Inf    0.10    9.62   297.90 -123.79   307.82 -119.20 
 433  179.00   11.82      1.20  183.55  102.60      -Inf    0.10    4.29     20.11    2.65    2.94      -Inf    0.10    9.60   263.18  -75.95   275.08  -76.19 
 434  179.00   11.86     -1.51  258.82  102.96      -Inf    0.10    4.28     20.11    2.65    2.94      -Inf    0.10    9.58   240.86 -166.08   248.89 -165.88 
 435  179.00   11.82      3.80  140.93  103.05      -Inf    0.10    4.27     20.11    2.65    2.94      -Inf    0.10    9.55   249.15  -45.03   257.74  -44.15 
 436  187.36   11.88      0.54  211.39  103.30      -Inf    0.10    4.26     19.67    2.77    2.94      1.22    0.71    9.53   260.53 -116.26   271.62 -115.86 
 437  187.36   11.86      1.46  193.78  103.50      -Inf    0.10    4.25     19.67    2.77    2.93      -Inf    0.10    9.51   215.13 -102.77   226.31 -102.71 
 438  187.36   11.82     -0.16  238.45  103.81      -Inf    0.10    4.24     19.67    2.77    2.93      -Inf    0.10    9.49   248.52 -139.63   256.81 -141.01 
 439  187.36   11.87     -1.04  265.14  104.18      -Inf    0.10    4.23     19.67    2.77    2.93      -Inf    0.10    9.47   321.48 -147.81   332.76 -141.95 
 440  187.36   11.86     -0.46  245.84  104.50      -Inf    0.10    4.23     19.67    2.77    2.93      -Inf    0.10    9.45   208.63 -151.89   216.02 -152.37 
 441  191.29   11.81     -1.12  260.37  104.86      -Inf    0.08    4.22     20.27    2.57    2.93      1.23    0.69    9.43   365.79 -112.95   375.56 -111.55 
 442  191.29   11.90     -2.31  291.96  105.28      -Inf    0.08    4.21     20.27    2.57    2.93      -Inf    0.08    9.41   385.29 -136.37   396.25 -131.96 
 443  191.29   11.92     -0.49  237.61  105.58      -Inf    0.08    4.20     20.27    2.57    2.93      1.13    0.76    9.39   219.07 -148.99   226.63 -149.74 
 444  191.29   11.94     -0.97  251.40  105.91      -Inf    0.08    4.19     20.27    2.57    2.93      -Inf    0.08    9.37   188.26 -164.80   195.90 -165.26 
 445  191.29   11.93      5.64  117.79  105.93     -4.00    0.08    4.18     20.27    2.57    2.93    -20.77    0.08    9.35   259.49  -21.32   267.62  -19.29 
 446  195.02   11.81      3.15  158.40  106.05      -Inf    0.09    4.17     20.26    2.56    2.93    -15.95    0.09    9.33   292.15  -50.16   301.21  -48.93 
 447  195.02   11.82      2.60  169.39  106.19      -Inf    0.09    4.16     20.26    2.56    2.93    -19.46    0.09    9.31   258.78  -82.20   266.05  -80.26 
 448  195.02   11.85      1.60  193.98  106.39      -Inf    0.09    4.15     20.26    2.56    2.93    -17.34    0.09    9.28   255.51 -106.89   265.38 -108.47 
 449  195.02   11.86      0.81  214.38  106.63      -Inf    0.09    4.14     20.26    2.56    2.93     -0.59    0.24    9.26   331.21  -95.29   340.97  -95.47 
 450  195.02   11.85      1.99  188.63  106.81      -Inf    0.09    4.13     20.26    2.56    2.93      0.66    1.17    9.25   305.72  -72.73   314.91  -70.96 
 451  223.50   11.92      0.83  215.31  107.05      -Inf    0.08    4.12     19.77    2.69    2.92      0.76    0.81    9.23   296.22  -98.54   308.01  -97.79 
 452  223.50   11.82      1.94  186.84  107.23      -Inf    0.08    4.12     19.77    2.69    2.92      -Inf    0.08    9.21   251.72  -76.95   259.43  -75.51 
 453  223.50   11.91      1.49  188.96  107.41      -Inf    0.08    4.11     19.77    2.69    2.92      -Inf    0.08    9.19   292.90  -54.77   301.74  -53.35 
 454  223.50   11.90     -1.06  241.49  107.70      -Inf    0.08    4.10     19.77    2.69    2.92      -Inf    0.08    9.17   325.63  -91.32   333.96  -90.21 
 455  223.50   11.93     -1.86  249.42  108.02      -Inf    0.08    4.09     19.77    2.69    2.92      -Inf    0.08    9.15   269.39 -132.50   279.15 -127.99 
 456  197.17   11.83     -0.14  192.72  108.20      -Inf    0.08    4.08     20.02    2.60    2.92      -Inf    0.08    9.13   249.14  -80.89   256.15  -80.40 
 457  197.17   11.81      0.32  179.06  108.36      -Inf    0.08    4.07     20.02    2.60    2.92      -Inf    0.08    9.11   275.66  -49.28   283.48  -48.67 
 458  197.17   11.77     -1.95  228.33  108.62      -Inf    0.08    4.06     20.02    2.60    2.92      -Inf    0.08    9.09   270.21 -115.03   278.58 -116.69 
 459  197.17   11.80     -0.61  192.08  108.80      -Inf    0.08    4.05     20.02    2.60    2.92      -Inf    0.08    9.07   274.69  -69.80   286.12  -68.75 
 460  197.17   11.85     -4.28  296.59  109.21      -Inf    0.08    4.05     20.02    2.60    2.92      -Inf    0.08    9.05   378.34 -115.98   389.35 -112.61 
 461  218.83   11.79     -0.25  189.22  109.38      -Inf    0.10    4.04     19.98    2.60    2.92      -Inf    0.10    9.03   227.94  -88.18   237.03  -89.23 
 462  218.83   11.87     -3.93  296.04  109.79      -Inf    0.10    4.03     19.98    2.60    2.92      -Inf    0.10    9.01   390.11  -93.10   400.07  -93.86 
 463  218.83   11.80     -0.46  204.07  109.99      -Inf    0.10    4.02     19.98    2.60    2.92      -Inf    0.10    8.99   246.05  -90.75   252.94  -88.63 
 464  218.83   11.89     -2.55  263.42  110.32      -Inf    0.10    4.01     19.98    2.60    2.92      -Inf    0.10    8.97   257.92 -145.05   269.86 -139.08 
 465  218.83   11.81     -3.05  282.69  110.69      -Inf    0.10    4.00     19.98    2.60    2.92      -Inf    0.10    8.95   302.73 -138.83   313.07 -133.91 
 466  221.34   11.89      0.18  196.35  110.87      -Inf    0.10    3.99     19.98    2.59    2.92      -Inf    0.10    8.93   261.38  -63.54   269.81  -61.99 
 467  221.34   11.83     -2.84  279.86  111.24      -Inf    0.10    3.99     19.98    2.59    2.91      -Inf    0.10    8.91   234.43 -169.60   243.98 -164.62 
 468  221.34   11.81      1.61  166.98  111.36      -Inf    0.10    3.98     19.98    2.59    2.91      -Inf    0.10    8.90   236.41  -54.91   244.99  -54.54 
 469  221.34   11.83     -3.98  318.94  111.80      -Inf    0.10    3.97     19.98    2.59    2.91      -Inf    0.10    8.88   399.49 -129.10   408.83 -128.31 
 470  221.34   11.80     -0.23  207.91  112.00      -Inf    0.10    3.96     19.98    2.59    2.91      -Inf    0.10    8.86   243.61 -103.86   255.42  -97.44 
 471  223.97   11.85     -2.30  266.10  112.33      -Inf    0.10    3.95     20.23    2.50    2.91      -Inf    0.10    8.84   335.15 -119.94   346.28 -114.46 
 472  223.97   11.83      2.18  161.01  112.43      -Inf    0.10    3.94     20.23    2.50    2.91      -Inf    0.10    8.82   266.88  -38.02   275.54  -37.74 
 473  223.97   11.87      3.65  136.72  112.48    -13.67    0.10    3.94     20.23    2.50    2.91    -41.81    0.10    8.80   243.72  -22.22   253.20  -20.55 
 474  223.97   11.81     -1.40  246.06  112.77      -Inf    0.10    3.93     20.23    2.50    2.91      -Inf    0.10    8.78   238.59 -139.23   250.46 -133.32 
 475  223.97   11.91     -1.13  239.40  113.03      -Inf    0.10    3.92     20.23    2.50    2.91      1.30    0.64    8.77   327.80  -79.32   337.41  -76.95 
 476  236.92   11.87     -0.03  211.24  113.24      -Inf    0.05    3.91     19.83    2.61    2.91      -Inf    0.05    8.75   253.05  -85.78   261.27  -86.81 
 477  236.92   11.94      0.03  208.85  113.44      -Inf    0.05    3.90     19.83    2.61    2.91      0.62    0.36    8.73   285.32  -63.75   294.82  -65.39 
 478  236.92   11.85     -3.99  324.08  113.88      -Inf    0.05    3.90     19.83    2.61    2.91    -32.33    0.05    8.71   245.33 -203.64   253.19 -204.98 
 479  236.92   11.81     -1.42  237.90  114.14      -Inf    0.05    3.89     19.83    2.61    2.91      -Inf    0.05    8.70   272.36 -102.91   281.02 -103.83 
 480  236.92   11.79      0.18  194.90  114.31      -Inf    0.05    3.88     19.83    2.61    2.91      -Inf    0.05    8.68   267.63  -61.78   274.99  -60.85 
 481  209.81   11.88      1.15  171.28  114.43    -48.75    0.07    3.87     19.22    2.78    2.90      1.47    0.35    8.66   288.57  -18.45   298.08  -15.61 
 482  209.81   11.81     -5.04  341.14  114.90      -Inf    0.07    3.86     19.22    2.78    2.90     -0.40    0.16    8.64   352.50 -189.57   362.08 -188.87 
 483  209.81   11.83     -2.14  241.84  115.16      -Inf    0.07    3.86     19.22    2.78    2.90      2.10    0.29    8.62   325.49  -91.25   337.09  -88.31 
 484  209.81   11.85      0.35  182.58  115.30      -Inf    0.07    3.85     19.22    2.78    2.90      -Inf    0.07    8.61   258.62  -72.35   266.98  -73.06 
 485  209.81   11.80      0.79  175.69  115.42      -Inf    0.07    3.84     19.22    2.78    2.90     -3.08    0.09    8.59   219.09  -82.96   227.36  -81.46 
 486  212.57   11.88     -0.92  217.45  115.63      -Inf    0.06    3.83     19.48    2.68    2.90      -Inf    0.06    8.57   314.64  -71.41   324.03  -72.55 
 487  212.57   11.87      0.26  191.88  115.79      -Inf    0.06    3.83     19.48    2.68    2.90     -3.45    0.08    8.55   285.39  -59.92   294.83  -57.38 
 488  212.57   11.85     -2.94  277.00  116.12      -Inf    0.06    3.82     19.48    2.68    2.90      -Inf    0.06    8.54   236.25 -169.33   244.16 -170.73 
 489  212.57   11.87     -0.83  218.55  116.33      -Inf    0.06    3.81     19.48    2.68    2.90      -Inf    0.06    8.52   262.82  -93.22   271.57  -93.53 
 490  212.57   11.88      0.78  181.58  116.46      -Inf    0.06    3.80     19.48    2.68    2.90      -Inf    0.06    8.50   259.15  -50.36   266.51  -49.51 
 491  235.85   11.92     -1.83  242.62  116.72      -Inf    0.08    3.79     18.48    3.00    2.90      -Inf    0.08    8.49   309.86  -88.20   319.62  -86.22 
 492  235.85   11.92     -2.44  261.23  117.01      -Inf    0.08    3.79     18.48    3.00    2.90      -Inf    0.08    8.47   320.50 -104.91   331.31  -98.54 
 493  235.85   11.89     -3.88  310.75  117.41      -Inf    0.08    3.78     18.48    3.00    2.90      -Inf    0.08    8.45   232.98 -197.78   240.68 -199.15 
 494  235.85   11.80     -0.04  201.04  117.57      -Inf    0.08    3.77     18.48    3.00    2.90      -Inf    0.08    8.43   230.95  -86.31   240.69  -85.96 
 495  235.85   11.87     -3.32  299.25  117.94      -Inf    0.08    3.76     18.48    3.00    2.90      -Inf    0.08    8.42   253.47 -187.54   261.49 -188.03 
 496  227.03   11.86     -3.46  310.40  118.33      -Inf    0.04    3.76     19.50    2.65    2.90      2.00    0.09    8.40   317.35 -182.05   326.56 -181.23 
 497  227.03   11.85     -3.25  309.41  118.71      -Inf    0.04    3.75     19.50    2.65    2.90      1.81    0.14    8.38   254.41 -207.59   262.20 -208.65 
 498  227.03   11.79      0.07  217.11  118.91      -Inf    0.04    3.74     19.50    2.65    2.90      -Inf    0.04    8.37   265.15 -112.93   273.28 -112.21 
 499  227.03   11.83     -1.36  263.95  119.20      -Inf    0.04    3.73     19.50    2.65    2.90      -Inf    0.04    8.35   382.87  -97.88   393.92  -94.13 
 500  227.03   11.85     -0.71  252.05  119.47      -Inf    0.04    3.73     19.50    2.65    2.90      -Inf    0.04    8.33   298.22 -136.39   308.16 -131.67 
 501  226.73   11.88      0.66  218.16  119.67      -Inf    0.06    3.72     19.12    2.76    2.90      -Inf    0.06    8.32   249.87 -111.70   258.44 -112.21 
