   6    2.34   22.19     48.66    0.70    0.95     25.40    5.01    6.63     50.26    0.29   32.29      7.71   38.30   38.63   178.29   77.13   156.76   98.87 
   7    2.34   22.73     42.70    1.39    1.01     21.35    7.95    6.82     50.26    0.29   27.72      7.75   37.98   38.54   178.91   77.85   157.64   99.68 
   8    2.34   21.97     43.72    1.24    1.04     23.88    5.99    6.71     50.26    0.29   24.29      7.73   38.03   38.47   178.59   77.04   157.12   98.62 
   9    2.34   22.13     48.65    0.70    1.00     25.14    5.14    6.54     50.26    0.29   21.62      7.80   37.73   38.39   178.30   77.43   157.14   99.23 
  10    2.34   21.95     46.57    0.89    0.99     23.72    6.04    6.49     50.26    0.29   19.49      7.66   38.35   38.39   178.33   77.67   157.25   99.40 
  11    3.71   21.67     51.84    0.49    0.95     29.73    3.04    6.17     50.24    0.29   17.74      7.88   37.37   38.29   178.43   77.04   157.45   99.02 
  12    3.71   21.78     43.86    1.23    0.97     22.98    6.59    6.21     50.24    0.29   16.29      7.67   38.62   38.32   178.59   78.34   157.59  100.38 
  13    3.71   20.27     42.49    1.44    1.01     22.82    6.77    6.25     50.24    0.29   15.06      7.98   37.21   38.23   180.11   78.39   159.04  100.45 
  14    3.71   20.73     44.69    1.13    1.02     22.63    6.84    6.29     50.24    0.29   14.00      7.76   38.11   38.23   182.00   79.11   160.97  100.83 
  15    3.71   20.42     42.93    1.40    1.04     22.78    6.76    6.32     50.24    0.29   13.09      7.88   37.38   38.17   182.96   78.93   161.35  100.34 
  16    2.88   20.73     44.50    1.16    1.05     22.99    6.59    6.34     37.54    1.24   12.35      7.86   37.40   38.12   182.83   79.46   161.00  100.62 
  17    2.88   20.65     39.29    2.09    1.11     16.15   14.63    6.83     37.54    1.24   11.69      7.95   37.44   38.08   182.00   79.28   160.09  100.60 
  18    2.88   20.68     28.45    6.99    1.44     11.43   25.18    7.85     37.54    1.24   11.11      7.57   39.55   38.16   179.31   79.72   157.41  100.76 
  19    2.88   20.56     23.00   12.72    2.03      9.34   32.85    9.16     37.54    1.24   10.59      7.16   41.88   38.36   178.92   79.74   156.65  100.72 
  20    2.88   20.43     33.88    3.47    2.10      9.09   36.44   10.53     37.54    1.24   10.13      6.47   45.31   38.71   159.91   76.27   137.89   97.17 
  21    3.52   20.64     30.61    4.96    2.24     19.05   11.74   10.59     36.53    1.40    9.71      9.47   34.04   38.48   156.00   76.00   134.20   97.03 
  22    3.52   20.44     29.41    5.53    2.39     15.97   16.67   10.86     36.53    1.40    9.33      9.00   35.88   38.37   150.15   77.22   127.42   97.78 
  23    3.52   20.57     25.79    8.05    2.63     12.34   25.03   11.48     36.53    1.40    8.99      9.17   35.19   38.23   145.21   76.57   122.20   97.06 
  24    3.52   20.48     20.21   14.92    3.15     11.32   27.58   12.15     36.53    1.40    8.67      8.70   37.42   38.19   147.23   81.11   124.69  102.29 
  25    3.52   20.36     19.03   16.84    3.69     10.97   28.39   12.80     36.53    1.40    8.38      8.42   38.03   38.19   143.08   83.82   120.77  105.07 
  26    3.98   20.86     18.71   17.55    4.23     16.15   15.36   12.90     34.19    1.87    8.13      9.00   35.83   38.10   140.30   88.85   118.18  109.83 
  27    3.98   20.80     18.45   18.05    4.74     15.14   17.36   13.06     34.19    1.87    7.90      9.28   34.31   37.96   137.49   92.31   115.65  113.20 
  28    3.98   20.71     18.90   17.79    5.21     13.12   22.02   13.38     34.19    1.87    7.68      9.08   35.48   37.87   138.32   97.02   116.45  117.62 
  29    3.98   20.50     19.61   16.75    5.60     11.90   25.73   13.81     34.19    1.87    7.48      8.87   36.51   37.82   136.85  102.39   115.54  122.92 
  30    3.98   20.73     20.22   16.11    5.95     11.02   28.37   14.29     34.19    1.87    7.30      8.60   37.64   37.81   138.00  107.31   116.60  128.05 
  31    6.92   20.36     20.79   15.50    6.26     20.25    9.81   14.15     35.79    1.57    7.11      9.26   35.38   37.74   140.05  110.50   119.06  131.27 
  32    6.92   19.94     20.31   16.58    6.58     15.96   16.18   14.21     35.79    1.57    6.94      9.11   36.75   37.71   143.99  110.03   122.74  130.85 
  33    6.92   20.45     20.53   16.35    6.88     15.79   16.87   14.29     35.79    1.57    6.77      9.15   36.80   37.68   145.83  110.97   124.59  131.75 
  34    6.92   19.90     20.95   16.09    7.15     14.43   20.05   14.46     35.79    1.57    6.62      9.31   37.54   37.67   152.80  111.33   131.80  131.31 
  35    6.92   20.77     21.24   16.00    7.40     12.85   24.78   14.76     35.79    1.57    6.48      9.34   38.49   37.70   160.08  112.30   139.10  132.06 
  36   54.34   20.90     21.85   15.42    7.63     20.00   11.20   14.66     31.69    2.54    6.37      9.70   38.46   37.72   168.59  112.02   147.82  131.78 
  37   54.34   20.14     23.41   13.46    7.78     15.45   19.81   14.80     31.69    2.54    6.26      9.25   41.80   37.83   177.75  112.20   156.79  131.48 
  38   54.34   20.08     23.47   13.79    7.94     15.07   21.07   14.96     31.69    2.54    6.17      9.13   43.05   37.97   185.97  112.89   164.99  132.46 
  39   54.34   20.57     22.83   15.02    8.12     14.99   21.37   15.13     31.69    2.54    6.07      9.21   42.35   38.08   190.33  114.45   169.35  133.52 
  40   54.34   19.81     23.30   14.73    8.29     11.58   31.38   15.53     31.69    2.54    5.98      9.01   43.53   38.21   196.63  116.22   176.33  135.94 
  41   64.90   20.29     24.05   13.95    8.43     18.02   14.74   15.51     29.37    3.41    5.92     10.01   37.89   38.21   201.74  119.68   181.71  139.36 
  42   64.90   21.25     24.86   13.14    8.54     16.81   16.45   15.54     29.37    3.41    5.86     10.17   36.66   38.17   207.90  121.67   187.70  141.43 
  43   64.90   19.81     24.77   13.52    8.65     15.08   19.48   15.63     29.37    3.41    5.81      9.92   36.65   38.13   213.54  123.02   193.25  142.71 
  44   64.90   19.88     24.84   13.34    8.76     13.75   22.25   15.78     29.37    3.41    5.75      9.11   38.15   38.14   212.90  122.16   192.54  141.45 
  45   64.90   19.84     24.30   14.20    8.88     13.24   23.12   15.94     29.37    3.41    5.70      9.38   36.54   38.10   213.54  123.04   193.29  142.00 
  46   56.71   20.30     24.26   14.27    9.00     21.99    8.17   15.77     32.82    2.32    5.63      9.59   34.52   38.02   214.05  123.78   193.75  142.64 
  47   56.71   21.62     24.64   13.74    9.10     19.71   10.41   15.66     32.82    2.32    5.56      9.39   34.46   37.95   214.21  124.14   193.82  143.11 
  48   56.71   20.41     24.63   13.73    9.20     17.33   13.42   15.61     32.82    2.32    5.49      9.13   34.68   37.88   214.15  123.89   194.00  142.91 
  49   56.71   22.01     24.09   14.58    9.31     15.91   15.50   15.61     32.82    2.32    5.42      9.13   34.25   37.80   214.66  121.43   194.47  140.80 
  50   56.71   20.82     24.08   14.50    9.41     16.16   15.12   15.60     32.82    2.32    5.36      9.12   34.18   37.73   214.86  119.54   194.38  138.78 
  51  190.94   24.67     24.54   13.67    9.49     21.74    7.92   15.45     23.86    6.50    5.38      9.49   32.98   37.64   214.64  116.48   194.44  136.18 
  52  190.94   24.73     23.56   15.17    9.60     17.55   12.73   15.40     23.86    6.50    5.41      9.13   33.81   37.56   216.20  113.85   195.52  132.40 
  53  190.94   24.57     24.99   12.87    9.66     17.08   13.57   15.36     23.86    6.50    5.43      9.49   32.70   37.47   215.65  111.29   195.49  130.62 
  54  190.94   25.08     24.16   14.22    9.75     16.17   14.96   15.35     23.86    6.50    5.45      9.75   32.35   37.38   219.00  110.95   198.35  130.07 
  55  190.94   25.18     24.06   14.32    9.83     15.30   16.67   15.38     23.86    6.50    5.46      9.29   33.30   37.30   218.83  108.83   197.99  127.97 
  56  110.52   24.23     24.06   14.21    9.91     18.42   11.74   15.31     22.67    7.43    5.50      9.29   33.32   37.23   217.86  107.58   196.84  126.75 
  57  110.52   23.08     22.28   17.03   10.04     17.00   13.83   15.29     22.67    7.43    5.53      8.70   34.95   37.19   214.98  106.38   193.88  125.46 
  58  110.52   23.02     21.91   17.12   10.16     15.12   17.66   15.33     22.67    7.43    5.57      7.98   36.94   37.19   207.52  104.26   186.35  123.42 
  59  110.52   24.13     22.39   15.64   10.25     14.46   19.40   15.40     22.67    7.43    5.60      7.47   39.29   37.22   198.62   99.76   177.68  119.12 
  60  110.52   24.03     22.83   14.21   10.32     13.87   21.34   15.50     22.67    7.43    5.63      7.70   39.11   37.26   187.10   99.06   166.27  118.64 
  61   56.30   24.24     21.46   15.86   10.41     14.52   20.28   15.58     23.52    6.73    5.65      8.14   38.17   37.27   178.13   97.64   156.85  117.01 
  62   56.30   24.40     21.05   16.18   10.50     14.94   19.14   15.63     23.52    6.73    5.66      9.00   36.37   37.26   172.67   96.83   152.06  116.33 
  63   56.30   24.66     20.38   16.65   10.60     14.15   21.62   15.73     23.52    6.73    5.68      8.13   38.46   37.28   162.23   96.76   141.58  116.97 
  64   56.30   24.70     21.36   14.38   10.66     13.74   23.39   15.85     23.52    6.73    5.70      8.68   38.01   37.29   153.35   96.97   132.57  117.00 
  65   56.30   24.91     19.64   17.19   10.76     12.77   26.37   16.01     23.52    6.73    5.71      9.38   37.98   37.30   150.63   96.94   129.68  116.90 
  66   37.39   24.91     19.46   17.60   10.86     19.29   12.66   15.96     27.57    4.26    5.69      9.89   37.64   37.30   150.85   98.53   129.96  118.37 
  67   37.39   24.54     19.99   16.78   10.95     16.86   17.22   15.98     27.57    4.26    5.67     10.08   37.63   37.31   150.67   99.37   130.31  119.10 
  68   37.39   24.48     19.42   17.83   11.05     15.51   20.18   16.04     27.57    4.26    5.65     10.11   37.72   37.31   151.48  100.00   131.26  119.98 
  69   37.39   24.57     19.33   18.41   11.16     14.85   21.74   16.12     27.57    4.26    5.63     10.51   36.53   37.30   155.39  100.58   134.79  120.31 
  70   37.39   24.69     20.75   16.00   11.23     15.49   20.35   16.18     27.57    4.26    5.61     10.59   36.34   37.29   158.63  102.22   138.16  122.06 
  71   30.95   24.35     20.97   15.99   11.29     20.98   10.63   16.10     28.57    3.84    5.58     10.50   36.43   37.28   164.83  101.54   144.22  121.35 
  72   30.95   24.46     21.63   15.23   11.35     16.44   17.57   16.12     28.57    3.84    5.56     10.55   35.89   37.26   171.08  100.70   150.38  120.44 
  73   30.95   24.34     21.76   15.47   11.40     17.96   14.83   16.11     28.57    3.84    5.54     10.63   35.23   37.23   178.11  100.90   156.82  120.26 
  74   30.95   24.33     22.76   14.00   11.44     17.90   15.10   16.09     28.57    3.84    5.51     10.65   34.88   37.20   179.12  100.36   157.95  119.68 
  75   30.95   24.91     22.28   15.11   11.49     18.86   13.41   16.06     28.57    3.84    5.49     10.60   35.62   37.18   185.73  100.19   164.45  119.20 
  76   32.24   24.30     22.63   14.89   11.53     17.72   15.28   16.05     26.00    5.22    5.49     10.69   35.52   37.15   192.38  100.74   170.69  119.58 
  77   32.24   24.66     22.20   15.88   11.59     16.66   17.43   16.06     26.00    5.22    5.48     10.59   36.07   37.14   197.22  100.39   175.48  119.45 
  78   32.24   24.21     23.05   14.70   11.63     16.14   18.54   16.10     26.00    5.22    5.48     10.36   36.71   37.14   201.02  100.72   179.05  119.05 
  79   32.24   24.44     22.82   15.16   11.67     16.27   18.09   16.12     26.00    5.22    5.48     10.38   36.11   37.12   202.50  101.16   180.53  119.50 
  80   32.24   24.20     23.25   14.42   11.71     16.54   17.89   16.14     26.00    5.22    5.47     10.50   35.71   37.10   201.50  102.18   179.91  120.27 
  81   30.80   24.57     25.10   11.92   11.71     21.60    9.96   16.07     26.70    4.86    5.47     10.84   34.13   37.07   201.20  105.32   179.74  123.53 
  82   30.80   24.82     24.24   13.21   11.73     18.33   13.66   16.04     26.70    4.86    5.46     10.92   32.13   37.01   201.16  110.22   180.09  128.79 
  83   30.80   24.95     24.39   13.32   11.75     17.01   15.36   16.03     26.70    4.86    5.45     10.48   33.04   36.96   204.25  115.75   183.61  134.46 
  84   30.80   24.38     23.86   14.27   11.78     15.71   17.33   16.05     26.70    4.86    5.45     10.14   32.63   36.91   204.40  118.40   183.67  137.33 
  85   30.80   25.08     23.43   14.96   11.82     15.85   16.71   16.05     26.70    4.86    5.44      9.45   34.40   36.88   203.50  119.27   182.91  138.22 
  86   33.85   24.47     23.61   14.46   11.85     17.94   12.83   16.02     28.07    4.16    5.42      8.80   35.01   36.86   198.37  119.94   178.11  139.28 
  87   33.85   24.52     22.99   15.23   11.89     15.57   16.51   16.02     28.07    4.16    5.41      8.09   36.63   36.85   192.50  119.44   171.99  138.92 
  88   33.85   24.30     23.13   14.55   11.92     14.79   18.02   16.04     28.07    4.16    5.40      8.13   35.53   36.84   184.73  120.55   163.74  139.75 
  89   33.85   24.36     22.71   14.89   11.95     14.15   19.07   16.08     28.07    4.16    5.38      7.76   36.22   36.83   176.20  123.19   155.21  142.36 
  90   33.85   24.55     22.50   14.88   11.98     14.41   18.23   16.10     28.07    4.16    5.37      8.20   35.69   36.82   170.73  121.71   149.66  140.75 
  91   35.00   24.88     22.01   15.49   12.02     21.92    7.67   16.01     26.56    4.94    5.36      9.29   32.81   36.78   169.06  119.22   148.14  138.19 
  92   35.00   24.56     20.98   16.61   12.07     18.15   11.93   15.96     26.56    4.94    5.36      8.36   37.28   36.78   167.22  110.27   146.13  129.14 
  93   35.00   24.48     20.90   16.24   12.12     15.33   17.10   15.98     26.56    4.94    5.35      8.95   35.92   36.77   166.80  103.71   145.58  122.36 
  94   35.00   24.50     21.35   15.37   12.15     15.65   17.16   15.99     26.56    4.94    5.35      9.95   33.20   36.73   167.32   96.95   145.76  116.21 
  95   35.00   24.67     20.81   16.38   12.19     15.74   17.33   16.00     26.56    4.94    5.35     10.66   31.77   36.68   169.96   97.64   148.35  116.74 
  96   37.61   24.27     21.52   15.45   12.23     18.49   13.05   15.97     25.65    5.47    5.35     10.67   32.94   36.64   172.89   98.60   151.42  117.57 
  97   37.61   24.42     21.71   15.22   12.26     15.77   18.28   16.00     25.65    5.47    5.35     10.81   32.78   36.60   174.88   97.94   153.46  117.10 
  98   37.61   24.45     23.23   13.10   12.27     16.98   16.60   16.00     25.65    5.47    5.35     10.96   33.53   36.57   179.57   96.41   158.15  115.53 
  99   37.61   24.25     23.33   13.37   12.28     16.67   17.57   16.02     25.65    5.47    5.35     10.80   35.31   36.56   186.53   97.02   165.14  115.89 
 100   37.61   24.79     21.72   16.64   12.32     16.42   18.12   16.04     25.65    5.47    5.35     10.74   36.35   36.56   197.28   97.04   175.72  115.74 
 101   43.52   24.34     24.30   12.77   12.33     16.92   17.77   16.06     25.93    5.33    5.35     10.97   35.80   36.55   201.67   96.37   179.84  115.04 
 102   43.52   24.51     23.63   13.97   12.34     15.98   19.80   16.09     25.93    5.33    5.35     10.69   37.27   36.56   208.74   94.61   186.53  112.72 
 103   43.52   24.43     23.07   14.91   12.37     16.17   19.16   16.12     25.93    5.33    5.35     10.83   36.03   36.55   209.14   93.98   188.12  112.85 
 104   43.52   24.28     24.28   13.15   12.38     17.34   17.14   16.13     25.93    5.33    5.35     11.15   34.88   36.54   207.74   96.09   186.40  114.52 
 105   43.52   24.82     23.80   14.23   12.39     17.54   16.30   16.13     25.93    5.33    5.35     10.60   38.07   36.55   212.61  103.38   191.38  121.92 
 106   45.26   24.50     23.92   13.95   12.41     21.90    9.87   16.08     25.41    5.70    5.35     10.97   34.53   36.53   209.87  104.32   188.92  122.90 
 107   45.26   24.56     23.17   14.83   12.43     19.95   12.36   16.04     25.41    5.70    5.36     10.38   35.51   36.52   205.05  103.00   183.79  121.39 
 108   45.26   24.35     22.55   15.75   12.46     18.95   13.69   16.02     25.41    5.70    5.36     10.97   33.85   36.50   202.57  103.19   181.38  121.75 
 109   45.26   24.49     22.22   15.60   12.49     18.17   15.03   16.01     25.41    5.70    5.36      9.89   36.09   36.49   191.65  102.50   170.35  120.92 
 110   45.26   24.32     22.91   13.84   12.50     17.65   16.29   16.01     25.41    5.70    5.37      9.54   37.72   36.50   180.42  101.95   158.89  120.65 
 111   38.38   24.71     22.10   14.89   12.52     17.38   16.42   16.02     24.41    6.45    5.38     10.55   34.69   36.49   175.19  104.86   153.74  124.06 
 112   38.38   24.81     21.53   15.92   12.55     18.52   13.97   16.00     24.41    6.45    5.39     10.16   35.57   36.48   171.43  108.30   150.21  127.66 
 113   38.38   24.44     22.39   14.59   12.57     18.44   14.08   15.98     24.41    6.45    5.40     10.14   35.89   36.47   168.90  113.21   147.95  132.52 
 114   38.38   24.23     22.99   13.70   12.58     17.70   15.28   15.97     24.41    6.45    5.40     10.37   35.55   36.47   169.21  115.48   148.28  134.58 
 115   38.38   24.48     22.18   15.29   12.61     16.37   17.41   15.99     24.41    6.45    5.41     10.26   35.53   36.46   171.64  116.51   150.63  135.93 
 116   37.64   24.35     22.78   14.51   12.62     19.61   11.88   15.95     23.87    6.90    5.43     10.21   35.47   36.45   175.44  119.28   154.39  138.26 
 117   37.64   24.47     22.83   14.87   12.64     17.98   13.85   15.93     23.87    6.90    5.44     10.34   34.32   36.43   182.57  119.00   161.61  138.02 
 118   37.64   24.33     23.89   13.68   12.65     17.99   13.46   15.91     23.87    6.90    5.45     10.29   33.62   36.41   188.37  120.55   167.81  140.22 
 119   37.64   24.31     24.18   13.62   12.66     19.05   11.47   15.88     23.87    6.90    5.46     10.16   32.87   36.38   195.80  123.54   175.50  142.91 
 120   37.64   24.37     23.29   15.19   12.68     19.44   10.75   15.83     23.87    6.90    5.48     10.18   31.92   36.34   200.18  123.56   178.99  142.35 
 121   46.74   24.46     23.21   15.41   12.70     19.06   11.10   15.79     24.83    6.17    5.48     10.04   32.01   36.30   203.54  121.43   182.32  140.36 
 122   46.74   24.34     24.26   13.57   12.71     17.99   12.73   15.77     24.83    6.17    5.49      9.60   33.78   36.28   204.21  116.69   183.17  135.64 
 123   46.74   24.39     24.34   13.19   12.71     17.30   14.02   15.75     24.83    6.17    5.49      9.51   34.18   36.27   203.95  111.56   182.77  130.05 
 124   46.74   24.21     23.85   13.84   12.72     16.57   15.37   15.75     24.83    6.17    5.50     10.06   32.37   36.24   204.44  106.85   183.15  125.62 
 125   46.74   24.44     24.87   12.13   12.72     15.27   18.65   15.77     24.83    6.17    5.50      9.93   33.40   36.21   203.12  100.81   181.73  119.58 
 126   58.06   24.23     25.20   11.63   12.71     20.14   10.86   15.74     24.52    6.39    5.51     10.82   30.93   36.17   202.85   97.86   181.51  116.68 
 127   58.06   24.38     24.66   12.28   12.71     17.64   15.06   15.73     24.52    6.39    5.52     10.68   33.06   36.15   204.69   94.20   183.31  112.96 
 128   58.06   24.39     25.66   11.02   12.69     15.88   18.96   15.76     24.52    6.39    5.52     10.87   33.10   36.12   206.53   91.95   184.93  110.72 
 129   58.06   24.24     25.02   11.89   12.69     15.35   20.46   15.79     24.52    6.39    5.53     10.90   33.84   36.10   207.64   91.94   185.83  110.61 
 130   58.06   24.40     23.38   14.19   12.70     15.55   20.21   15.83     24.52    6.39    5.54     10.63   34.78   36.09   207.91   90.70   185.87  109.34 
 131   39.81   24.43     22.58   15.37   12.72     16.46   18.32   15.85     23.35    7.33    5.55     10.44   35.96   36.09   206.52   90.24   184.48  108.63 
 132   39.81   24.41     23.19   14.20   12.73     15.94   19.45   15.87     23.35    7.33    5.56     10.66   35.18   36.09   203.11   90.54   181.62  109.11 
 133   39.81   24.39     23.05   13.96   12.74     15.25   20.83   15.91     23.35    7.33    5.58     10.00   36.83   36.09   194.59   88.64   173.20  107.44 
 134   39.81   24.30     22.31   14.65   12.75     15.40   20.05   15.94     23.35    7.33    5.59     10.07   35.87   36.09   187.35   88.73   166.15  107.87 
 135   39.81   24.40     20.83   16.36   12.78     16.06   18.20   15.96     23.35    7.33    5.60     10.01   35.63   36.09   176.85   87.16   155.56  106.52 
 136   42.87   24.33     21.51   14.24   12.79     17.65   14.88   15.95     23.52    7.22    5.62      9.68   35.40   36.08   164.06   84.71   142.70  104.12 
 137   42.87   24.41     20.20   15.98   12.81     17.51   14.88   15.94     23.52    7.22    5.63     10.97   30.83   36.04   159.82   82.83   138.59  102.32 
 138   42.87   24.33     19.57   16.67   12.84     15.73   17.41   15.95     23.52    7.22    5.64     10.37   31.53   36.01   153.45   83.37   132.53  103.18 
 139   42.87   24.81     19.24   17.35   12.87     15.48   17.51   15.96     23.52    7.22    5.65     10.69   30.38   35.97   147.38   90.15   126.66  110.15 
 140   42.87   24.26     20.45   15.45   12.89     16.61   15.26   15.96     23.52    7.22    5.66     10.87   29.95   35.93   147.54   96.48   126.40  116.19 
 141   42.83   24.45     20.43   15.82   12.91     19.59   10.79   15.92     23.57    7.18    5.67     11.04   29.29   35.88   148.65  100.16   127.70  120.07 
 142   42.83   24.53     20.13   16.60   12.94     18.46   12.49   15.90     23.57    7.18    5.68     10.86   30.11   35.84   151.50  102.27   130.58  121.81 
 143   42.83   24.40     20.18   16.75   12.97     18.75   12.02   15.87     23.57    7.18    5.69     10.98   29.81   35.80   154.50  102.10   133.88  121.83 
 144   42.83   24.36     21.20   15.33   12.98     18.96   12.02   15.84     23.57    7.18    5.70     11.07   30.27   35.76   160.53  102.19   139.71  121.69 
 145   42.83   24.36     22.62   13.65   12.99     17.17   14.80   15.84     23.57    7.18    5.71     11.10   30.97   35.73   169.16  101.83   148.44  121.91 
 146   44.11   24.23     22.89   13.76   12.99     17.57   14.68   15.83     23.24    7.45    5.73     11.06   31.61   35.70   177.66  101.49   156.59  120.62 
 147   44.11   24.35     23.77   12.89   12.99     17.58   14.97   15.82     23.24    7.45    5.74     11.01   32.32   35.68   185.21  104.18   163.88  123.08 
 148   44.11   24.50     23.10   14.31   13.00     17.10   15.65   15.82     23.24    7.45    5.75     11.05   32.37   35.65   193.50  105.06   172.51  124.12 
 149   44.11   24.29     23.87   13.25   13.00     16.53   16.86   15.83     23.24    7.45    5.76     11.11   31.77   35.63   195.26  104.94   174.48  123.88 
 150   44.11   24.43     23.60   13.76   13.01     17.80   14.53   15.82     23.24    7.45    5.77     11.03   31.91   35.60   198.39  103.94   177.61  122.91 
 151   46.76   24.30     24.05   12.99   13.01     19.70   11.68   15.79     22.57    8.06    5.79     10.76   32.43   35.58   197.69  101.42   177.11  120.55 
 152   46.76   24.78     23.62   13.65   13.01     18.52   13.51   15.78     22.57    8.06    5.80     11.12   31.39   35.55   199.79   97.57   179.00  116.60 
 153   46.76   24.98     23.93   13.27   13.01     17.56   15.22   15.77     22.57    8.06    5.82     10.98   32.42   35.53   203.41   95.44   182.67  114.01 
 154   46.76   24.19     24.08   13.05   13.01     18.19   14.32   15.76     22.57    8.06    5.83     11.05   32.03   35.51   202.95   95.21   182.23  114.09 
 155   46.76   24.47     23.83   13.37   13.02     18.78   13.49   15.75     22.57    8.06    5.85     10.87   32.79   35.49   202.45   95.36   181.44  113.92 
 156   59.65   24.29     22.75   15.01   13.03     17.97   14.57   15.74     23.35    7.38    5.85     10.76   32.91   35.48   201.53   95.75   180.55  114.22 
 157   59.65   24.44     25.80   10.25   13.01     13.18   21.08   15.78     23.35    7.38    5.86      8.90   33.02   35.46   190.32   97.31   169.56  115.97 
 158   59.65   24.34     28.40    7.43   12.98     13.24   18.85   15.80     23.35    7.38    5.87      8.80   29.96   35.43   182.13   97.06   161.36  115.98 
 159   59.65   24.30     22.07   14.74   12.99     12.13   19.37   15.82     23.35    7.38    5.88      8.23   30.34   35.39   180.72   96.89   159.31  114.96 
 160   59.65   24.34     22.87   12.88   12.99     11.12   21.49   15.85     23.35    7.38    5.89      7.23   32.77   35.38   170.52   88.63   149.84  107.77 
 161   46.92   24.49     22.11   13.77   12.99     16.39   11.86   15.83     22.42    8.18    5.91      9.56   26.15   35.32   166.67   87.99   146.00  107.32 
 162   46.92   24.45     20.77   15.22   13.00     15.41   13.34   15.81     22.42    8.18    5.92      8.15   29.18   35.28   158.43   87.43   137.53  106.32 
 163   46.92   24.50     20.39   15.38   13.02     13.96   15.32   15.81     22.42    8.18    5.94      8.48   27.89   35.24   151.01   88.07   129.95  106.94 
 164   46.92   24.27     20.28   15.52   13.03     13.95   15.10   15.81     22.42    8.18    5.95      9.12   26.77   35.18   144.38   91.93   123.52  111.52 
 165   46.92   24.42     19.86   16.48   13.05     12.78   16.34   15.81     22.42    8.18    5.96      9.32   26.46   35.13   141.68  103.17   120.86  122.92 
 166   71.67   24.37     19.83   16.79   13.08     17.29    9.60   15.77     22.54    8.01    5.97      9.89   23.51   35.06   141.62  107.60   120.63  127.52 
 167   71.67   24.45     21.40   14.66   13.09     15.18   12.10   15.75     22.54    8.01    5.99      9.59   24.21   35.00   142.14  113.69   121.37  132.97 
 168   71.67   24.40     21.59   14.88   13.10     13.72   14.19   15.74     22.54    8.01    6.00      9.42   24.71   34.94   144.82  117.92   124.27  137.91 
 169   71.67   24.43     21.52   15.38   13.11     13.45   14.77   15.73     22.54    8.01    6.01      9.59   24.60   34.87   150.35  121.49   129.66  141.19 
 170   71.67   24.31     22.36   14.48   13.12     13.37   14.92   15.73     22.54    8.01    6.02      9.52   25.50   34.82   157.80  122.44   137.33  141.84 
 171   82.73   24.45     22.37   14.83   13.13     17.25    9.61   15.69     22.72    7.77    6.03     10.23   24.05   34.76   165.75  121.30   145.46  140.70 
 172   82.73   24.34     23.21   13.78   13.13     16.85   10.08   15.66     22.72    7.77    6.04     10.92   21.37   34.68   170.38  121.73   150.01  140.84 
 173   82.73   24.44     22.95   14.69   13.14     16.51   10.68   15.63     22.72    7.77    6.05     10.56   23.35   34.61   181.11  122.60   159.93  141.67 
 174   82.73   24.22     23.23   14.75   13.15     16.38   10.94   15.61     22.72    7.77    6.06     10.57   23.52   34.55   189.56  122.19   168.73  141.37 
 175   82.73   24.40     23.81   14.11   13.16     15.46   12.38   15.59     22.72    7.77    6.07     10.38   24.03   34.49   197.04  120.60   176.37  139.74 
 176   77.16   24.54     24.65   12.97   13.16     18.02    9.24   15.55     22.58    7.84    6.08     10.78   22.58   34.42   202.18  119.81   181.47  138.70 
 177   77.16   24.40     24.30   13.60   13.16     17.07   10.27   15.52     22.58    7.84    6.09     10.92   22.02   34.35   206.10  116.00   185.39  135.01 
 178   77.16   24.45     24.37   13.51   13.16     17.22   10.16   15.49     22.58    7.84    6.10     10.90   21.69   34.28   207.65  113.70   186.80  132.38 
 179   77.16   24.37     24.34   13.57   13.16     16.42   11.13   15.47     22.58    7.84    6.11     10.84   21.90   34.21   209.30  112.72   188.55  131.31 
 180   77.16   24.45     24.32   13.48   13.16     16.81   10.75   15.44     22.58    7.84    6.12     10.67   22.09   34.14   209.56  109.19   188.75  127.51 
 181   68.05   24.49     24.09   13.69   13.17     17.97    9.83   15.41     22.58    7.78    6.13     10.91   22.82   34.08   210.91  104.56   190.43  122.87 
 182   68.05   24.38     28.23    8.46   13.14     15.78   15.31   15.41     22.58    7.78    6.14     10.53   27.07   34.04   207.36  101.11   186.10  119.09 
 183   68.05   24.41     23.65   14.38   13.15     15.50   17.28   15.42     22.58    7.78    6.15     11.18   29.68   34.02   214.65   99.56   193.59  117.20 
 184   68.05   24.23     24.16   13.52   13.15     16.86   15.76   15.42     22.58    7.78    6.16     11.25   30.04   34.00   213.52   97.71   192.63  115.70 
 185   68.05   24.49     23.11   15.23   13.16     19.09   12.89   15.41     22.58    7.78    6.17     11.32   31.53   33.98   214.60   96.65   192.96  114.57 
 186   78.49   24.51     23.85   13.89   13.17     20.17   11.90   15.39     22.36    7.97    6.18     11.13   33.29   33.98   212.19   96.28   190.80  114.19 
 187   78.49   24.48     23.85   13.55   13.17     19.06   14.09   15.38     22.36    7.97    6.19     10.91   34.79   33.98   206.55   95.70   185.56  114.22 
 188   78.49   24.42     23.14   14.30   13.17     19.55   13.62   15.37     22.36    7.97    6.20     10.86   35.57   33.99   201.02   94.32   179.89  112.68 
 189   78.49   24.32     22.29   15.07   13.18     17.07   18.08   15.39     22.36    7.97    6.20     10.52   36.60   34.01   192.21   92.21   171.65  111.31 
 190   78.49   24.50     22.62   14.38   13.19     16.94   18.34   15.40     22.36    7.97    6.21     11.33   34.55   34.01   189.54   91.63   168.83  110.44 
 191   57.24   24.51     21.80   15.32   13.20     18.06   16.24   15.41     21.88    8.48    6.23     11.14   34.63   34.01   183.29   89.63   162.49  108.37 
 192   57.24   24.53     22.16   14.25   13.21     17.48   17.14   15.42     21.88    8.48    6.24     11.14   34.49   34.02   176.43   89.42   155.43  108.17 
 193   57.24   24.47     21.18   15.31   13.22     17.95   15.83   15.42     21.88    8.48    6.25     11.23   33.68   34.01   169.34   88.16   147.94  107.18 
 194   57.24   24.30     20.45   16.11   13.23     16.98   17.24   15.43     21.88    8.48    6.26     11.08   33.04   34.01   163.44   88.27   141.92  106.74 
 195   57.24   24.50     19.70   17.17   13.25     17.02   16.92   15.44     21.88    8.48    6.27     11.61   31.29   33.99   160.51   87.65   139.14  106.40 
 196   78.38   24.42     19.05   17.95   13.28     17.96   14.82   15.43     21.73    8.67    6.28     11.10   31.95   33.98   154.37   87.65   132.93  106.40 
 197   78.38   24.44     19.43   16.66   13.29     16.65   17.05   15.44     21.73    8.67    6.30     10.86   32.49   33.98   147.65   87.65   126.00  106.24 
 198   78.38   24.37     19.69   16.01   13.31     15.89   18.39   15.46     21.73    8.67    6.31     11.24   31.26   33.96   143.41   88.84   121.81  107.45 
 199   78.38   24.33     18.68   17.91   13.33     14.52   21.17   15.48     21.73    8.67    6.32     11.37   30.95   33.95   141.16   95.48   119.79  114.24 
 200   78.38   24.42     19.13   17.38   13.35     14.98   20.05   15.51     21.73    8.67    6.33     11.07   31.82   33.94   139.73   99.04   118.71  118.16 
 201   92.90   24.38     19.38   17.14   13.37     20.28   10.78   15.48     22.07    8.36    6.34     11.46   30.09   33.92   139.81  101.31   119.08  120.37 
 202   92.90   24.42     19.28   17.57   13.39     18.46   13.18   15.47     22.07    8.36    6.35     11.10   31.01   33.90   140.37  105.09   119.59  124.16 
 203   92.90   24.42     19.32   17.93   13.41     17.21   14.96   15.47     22.07    8.36    6.36     11.05   30.85   33.89   143.10  106.74   122.24  125.99 
 204   92.90   24.21     20.91   15.38   13.42     16.55   15.88   15.47     22.07    8.36    6.37     10.76   31.56   33.88   147.56  109.10   126.69  128.30 
 205   92.90   24.40     20.14   17.33   13.44     16.79   15.31   15.47     22.07    8.36    6.38     10.94   30.99   33.86   155.44  108.07   134.96  127.44 
 206   76.78   24.22     21.41   15.36   13.45     18.86   12.02   15.45     21.37    9.06    6.39     10.96   30.78   33.85   163.06  106.26   142.07  125.50 
 207   76.78   24.37     19.98   18.28   13.47     18.29   12.87   15.44     21.37    9.06    6.41     11.18   29.76   33.83   167.64  104.56   146.12  123.50 
 208   76.78   24.37     21.48   15.99   13.49     16.81   15.43   15.44     21.37    9.06    6.42     11.12   30.26   33.81   175.80  106.36   154.18  125.13 
 209   76.78   24.38     22.33   15.08   13.49     17.19   14.80   15.44     21.37    9.06    6.43     10.90   31.25   33.80   185.06  106.25   163.30  124.93 
 210   76.78   24.47     23.30   13.93   13.50     17.83   13.88   15.43     21.37    9.06    6.45     10.84   31.75   33.79   190.55  105.80   169.47  125.19 
 211   96.73   24.42     24.21   12.89   13.49     18.17   13.58   15.42     21.31    9.13    6.46     10.79   32.16   33.78   195.11  106.85   174.35  126.66 
 212   96.73   24.49     23.36   14.48   13.50     19.06   12.34   15.41     21.31    9.13    6.47     10.83   32.06   33.77   200.70  108.85   179.40  127.63 
 213   96.73   24.39     23.97   13.58   13.50     18.15   13.87   15.40     21.31    9.13    6.48     10.67   32.50   33.77   201.15  109.73   180.04  128.35 
 214   96.73   24.29     24.02   13.54   13.50     18.35   13.67   15.39     21.31    9.13    6.50     10.58   33.07   33.76   202.33  108.46   181.16  127.43 
 215   96.73   24.39     24.51   12.66   13.49     18.68   13.47   15.38     21.31    9.13    6.51     10.41   34.08   33.77   201.49  104.66   180.30  123.53 
 216   80.28   24.63     25.19   11.57   13.49     18.51   13.82   15.38     21.73    8.71    6.52     10.45   33.87   33.77   201.72   99.35   180.50  118.30 
 217   80.28   24.44     25.16   11.72   13.48     17.66   15.27   15.38     21.73    8.71    6.53     10.99   32.65   33.76   204.86   97.74   183.12  116.51 
 218   80.28   24.33     24.22   13.09   13.48     16.43   17.44   15.38     21.73    8.71    6.54     10.77   33.66   33.76   206.33   99.26   184.38  117.81 
 219   80.28   24.28     25.09   11.88   13.47     15.56   18.94   15.40     21.73    8.71    6.55     10.65   33.12   33.76   205.21   99.53   184.12  118.74 
 220   80.28   24.39     23.01   14.82   13.47     15.29   19.14   15.42     21.73    8.71    6.56     10.14   34.14   33.76   204.18   98.67   182.87  117.76 
 221  113.60   24.63     24.03   12.96   13.47     15.78   18.19   15.43     21.55    8.91    6.57      9.72   34.36   33.76   198.07   97.98   176.74  117.18 
 222  113.60   24.43     23.76   12.97   13.47     15.73   18.33   15.44     21.55    8.91    6.58      9.61   34.68   33.77   190.35   97.44   169.01  116.56 
 223  113.60   24.45     24.14   11.91   13.46     15.73   18.77   15.46     21.55    8.91    6.59      9.22   35.58   33.77   180.64   94.86   159.49  114.27 
 224  113.60   24.28     23.00   13.35   13.46     15.36   18.95   15.47     21.55    8.91    6.60     10.20   33.55   33.77   179.30   95.23   158.36  114.60 
 225  113.60   24.44     22.31   14.01   13.46     15.34   18.73   15.49     21.55    8.91    6.61      9.58   34.78   33.78   172.44   95.20   151.39  114.32 
 226   95.31   24.89     22.93   12.77   13.46     18.10   13.81   15.48     21.42    9.06    6.62      9.72   34.63   33.78   166.14   95.52   145.02  114.84 
 227   95.31   24.47     21.20   15.12   13.47     17.22   15.55   15.48     21.42    9.06    6.63      9.84   34.41   33.78   160.97   93.66   140.14  113.14 
 228   95.31   24.31     21.91   13.69   13.47     16.67   16.66   15.49     21.42    9.06    6.64     10.30   33.12   33.78   156.85   94.52   135.42  113.95 
 229   95.31   24.37     20.00   16.60   13.48     15.79   18.22   15.50     21.42    9.06    6.65     10.44   33.18   33.78   155.35   95.54   134.17  114.72 
 230   95.31   24.37     21.37   14.24   13.49     16.39   17.27   15.51     21.42    9.06    6.66     10.77   32.16   33.77   153.77   94.49   132.40  113.93 
 231   72.47   24.46     21.14   14.68   13.49     19.65   11.91   15.49     21.22    9.27    6.67     10.80   32.03   33.76   153.86   93.85   132.33  113.08 
 232   72.47   24.34     20.61   15.57   13.50     18.84   12.95   15.48     21.22    9.27    6.69     11.10   31.64   33.76   156.21   94.66   134.92  114.42 
 233   72.47   24.44     21.03   14.96   13.51     18.64   13.31   15.47     21.22    9.27    6.70     11.05   31.71   33.75   157.08   94.12   135.67  113.84 
 234   72.47   24.29     21.81   14.04   13.51     18.64   13.04   15.46     21.22    9.27    6.71     11.34   30.56   33.73   161.52   93.90   139.95  113.62 
 235   72.47   24.48     21.08   15.52   13.52     18.41   13.26   15.45     21.22    9.27    6.72     11.48   30.14   33.72   166.34   95.24   145.48  114.79 
 236   65.80   24.79     22.86   12.90   13.52     19.16   12.37   15.44     21.00    9.53    6.73     11.43   30.43   33.70   168.14   94.31   146.78  114.32 
 237   65.80   24.39     21.80   14.89   13.52     18.04   14.43   15.43     21.00    9.53    6.74     11.45   31.06   33.69   175.54   94.28   153.80  113.79 
 238   65.80   24.40     23.38   12.84   13.52     17.95   14.78   15.43     21.00    9.53    6.75     11.36   31.60   33.68   180.43   93.62   159.07  113.16 
 239   65.80   24.30     23.08   13.69   13.52     19.26   12.80   15.42     21.00    9.53    6.77     11.29   32.38   33.68   187.76   93.04   166.31  112.15 
 240   65.80   24.38     23.46   13.46   13.52     18.00   15.00   15.42     21.00    9.53    6.78     11.49   32.54   33.67   194.67   94.92   173.38  114.32 
 241  132.78   24.28     23.63   13.46   13.52     18.85   13.84   15.41     21.32    9.19    6.79     11.20   33.83   33.67   199.31   95.53   177.97  114.65 
 242  132.78   24.47     24.34   12.53   13.51     18.55   14.56   15.41     21.32    9.19    6.80     11.27   33.35   33.67   200.58   95.02   179.22  113.81 
 243  132.78   24.38     24.58   12.32   13.51     19.81   12.52   15.40     21.32    9.19    6.81     11.48   32.83   33.67   202.33   98.10   180.56  116.91 
 244  132.78   24.34     24.57   12.70   13.51     20.33   11.46   15.38     21.32    9.19    6.82     11.36   33.20   33.67   203.96  105.39   182.55  124.62 
 245  132.78   24.44     24.73   12.94   13.50     20.76   10.84   15.36     21.32    9.19    6.83     10.77   34.85   33.67   206.67  115.75   185.35  134.28 
 246  135.49   24.38     24.37   13.60   13.50     18.64   13.69   15.35     21.35    9.19    6.84     10.62   33.92   33.67   205.97  120.78   184.83  139.27 
 247  135.49   24.51     24.38   13.25   13.50     18.38   14.04   15.35     21.35    9.19    6.85      9.76   36.14   33.68   200.49  119.45   179.73  138.21 
 248  135.49   24.31     24.20   13.47   13.50     18.25   14.04   15.34     21.35    9.19    6.85     10.14   34.47   33.69   197.89  118.64   176.96  137.36 
 249  135.49   24.25     22.83   15.21   13.51     18.71   12.95   15.33     21.35    9.19    6.86      9.38   34.67   33.69   188.83  120.72   167.95  139.69 
 250  135.49   24.27     22.55   15.20   13.52     18.45   13.10   15.33     21.35    9.19    6.87      8.76   35.85   33.70   178.05  123.01   156.98  141.83 
 251  142.79   24.44     22.28   15.15   13.52     17.97   13.18   15.32     20.98    9.60    6.88      8.15   37.01   33.71   167.41  123.25   146.50  142.14 
 252  142.79   24.31     21.90   15.45   13.53     17.56   13.38   15.31     20.98    9.60    6.90      8.98   34.23   33.71   161.40  122.14   140.59  141.33 
 253  142.79   24.47     21.95   15.19   13.54     17.42   13.39   15.30     20.98    9.60    6.91      9.79   32.04   33.71   160.80  121.38   139.91  140.60 
 254  142.79   24.30     21.15   16.09   13.55     16.96   14.13   15.30     20.98    9.60    6.92      8.63   36.96   33.72   158.71  115.70   137.65  134.76 
 255  142.79   24.49     22.02   14.27   13.55     17.29   13.79   15.29     20.98    9.60    6.93      9.25   34.60   33.72   156.70  110.12   135.69  129.35 
 256  115.79   24.27     21.53   14.85   13.56     19.01   11.94   15.28     21.00    9.57    6.94      9.90   33.73   33.72   156.74  106.31   135.60  125.51 
 257  115.79   24.57     21.36   15.06   13.56     18.74   12.75   15.27     21.00    9.57    6.95     10.28   33.22   33.72   156.34  103.44   135.28  122.81 
 258  115.79   24.28     21.73   14.13   13.56     19.28   12.01   15.26     21.00    9.57    6.96     10.37   32.90   33.72   155.40  101.18   134.37  120.61 
 259  115.79   24.50     21.39   14.70   13.57     20.75   10.23   15.24     21.00    9.57    6.97     10.87   31.44   33.71   155.67   99.55   134.74  119.22 
 260  115.79   24.47     21.56   14.20   13.57     19.97   11.49   15.22     21.00    9.57    6.98     10.62   33.27   33.71   155.70   96.16   134.91  115.76 
 261   86.17   24.71     22.25   13.16   13.57     19.73   12.02   15.21     20.93    9.65    6.99     11.24   31.66   33.70   156.72   94.96   135.93  114.70 
 262   86.17   24.42     21.14   15.18   13.57     19.64   11.95   15.20     20.93    9.65    7.00     11.49   31.06   33.69   162.15   94.21   141.29  113.66 
 263   86.17   24.49     21.72   14.28   13.58     19.59   12.12   15.19     20.93    9.65    7.01     11.41   31.32   33.68   164.81   92.08   143.97  111.48 
 264   86.17   24.40     22.38   13.58   13.58     19.07   12.70   15.18     20.93    9.65    7.02     11.67   30.38   33.67   170.42   89.24   149.45  108.90 
 265   86.17   24.50     22.69   13.35   13.58     18.38   13.79   15.17     20.93    9.65    7.03     11.66   29.92   33.65   174.31   90.36   153.40  109.98 
 266   85.05   24.45     22.62   13.86   13.58     17.94   14.44   15.17     20.89    9.71    7.04     11.55   30.28   33.64   182.38   89.67   161.29  109.42 
 267   85.05   24.41     24.07   12.08   13.57     17.46   14.97   15.17     20.89    9.71    7.05     11.37   30.44   33.63   187.81   88.03   166.62  107.95 
 268   85.05   24.35     24.10   12.34   13.57     16.32   17.19   15.17     20.89    9.71    7.06     11.31   30.72   33.62   193.25   86.90   172.24  106.53 
 269   85.05   24.29     23.81   12.97   13.57     16.75   16.25   15.18     20.89    9.71    7.07     11.16   31.44   33.61   198.32   89.39   177.50  108.33 
 270   85.05   24.49     25.06   11.44   13.56     17.43   15.20   15.18     20.89    9.71    7.08     11.22   30.87   33.60   200.84   88.05   179.51  106.97 
 271   99.51   24.66     25.01   11.56   13.55     19.54   11.88   15.17     20.79    9.83    7.09     11.24   31.00   33.59   202.07   89.77   180.26  108.44 
 272   99.51   24.56     26.06   10.38   13.54     17.38   15.37   15.17     20.79    9.83    7.10     11.31   30.61   33.58   204.31   89.20   182.46  107.63 
 273   99.51   24.70     24.18   12.90   13.54     17.02   15.82   15.17     20.79    9.83    7.11     11.31   30.28   33.57   206.81   87.98   184.92  106.46 
 274   99.51   24.27     22.89   14.83   13.54     16.90   15.82   15.17     20.79    9.83    7.12     11.05   30.93   33.56   208.68   87.15   186.80  105.31 
 275   99.51   24.51     22.70   15.18   13.55     16.21   17.18   15.18     20.79    9.83    7.13     10.93   31.47   33.55   209.20   86.37   186.97  104.63 
 276   73.75   24.43     23.87   13.46   13.55     19.09   12.18   15.17     20.94    9.67    7.14     11.52   29.53   33.54   210.67   86.76   188.39  105.00 
 277   73.75   24.43     24.41   12.72   13.54     17.91   13.84   15.16     20.94    9.67    7.15     11.37   29.87   33.52   211.39   87.22   189.26  105.40 
 278   73.75   24.45     23.22   14.40   13.55     16.88   15.53   15.17     20.94    9.67    7.16     11.24   29.43   33.51   210.45   85.55   188.53  103.73 
 279   73.75   24.28     23.36   13.96   13.55     16.45   16.24   15.17     20.94    9.67    7.16     11.01   29.79   33.50   206.49   84.68   184.68  103.18 
 280   73.75   24.40     22.53   15.13   13.55     15.31   18.23   15.18     20.94    9.67    7.17     10.96   30.16   33.48   204.12   86.94   182.19  104.92 
 281  120.77   24.46     21.72   16.04   13.56     15.11   18.56   15.19     20.94    9.68    7.18     10.45   31.58   33.48   197.80   86.24   175.84  104.13 
 282  120.77   24.41     21.13   16.93   13.57     14.66   19.43   15.21     20.94    9.68    7.19     10.58   30.99   33.47   195.16   85.00   173.29  103.20 
 283  120.77   24.51     19.66   18.97   13.59     17.03   14.89   15.21     20.94    9.68    7.20     10.20   32.29   33.46   185.82   85.25   164.22  103.80 
 284  120.77   24.29     21.49   14.89   13.60     15.87   16.89   15.21     20.94    9.68    7.21     10.13   32.55   33.46   175.22   85.49   153.53  103.50 
 285  120.77   24.43     21.89   13.73   13.60     16.26   16.45   15.22     20.94    9.68    7.22     10.78   30.54   33.45   165.70   86.30   143.95  104.75 
 286  127.01   24.41     21.29   14.27   13.60     18.08   13.81   15.21     20.80    9.82    7.23     10.64   31.41   33.44   158.12   87.48   136.57  106.03 
 287  127.01   24.48     21.40   13.68   13.60     17.34   15.29   15.21     20.80    9.82    7.24     10.78   31.78   33.44   153.09   86.32   131.45  104.70 
 288  127.01   24.59     20.32   15.20   13.61     17.47   15.16   15.21     20.80    9.82    7.24     11.17   31.38   33.43   151.00   85.11   129.89  103.99 
 289  127.01   24.37     20.30   14.82   13.61     16.47   17.90   15.22     20.80    9.82    7.25     11.05   32.91   33.43   146.89   83.14   125.34  101.59 
 290  127.01   24.57     19.50   15.93   13.62     16.34   19.09   15.23     20.80    9.82    7.26     11.33   33.52   33.43   144.08   81.49   122.61   99.82 
 291  140.34   24.81     19.21   16.20   13.63     18.60   15.14   15.23     20.83    9.81    7.27     11.29   34.98   33.43   143.53   82.12   122.01  100.03 
 292  140.34   25.19     19.58   15.42   13.63     17.43   17.82   15.24     20.83    9.81    7.28     11.52   34.76   33.44   141.67   81.11   120.06   99.12 
 293  140.34   25.12     18.88   16.78   13.64     17.56   17.76   15.25     20.83    9.81    7.29     11.36   35.81   33.45   141.45   81.22   120.21   99.83 
 294  140.34   25.03     18.70   17.09   13.66     17.22   18.40   15.26     20.83    9.81    7.30     11.47   35.49   33.45   142.18   82.29   121.15  100.81 
 295  140.34   25.00     18.73   17.24   13.67     16.55   20.15   15.28     20.83    9.81    7.31     11.45   35.87   33.46   144.14   82.78   122.60  101.04 
 296   85.57   25.39     19.37   16.45   13.68     19.05   15.42   15.28     20.51   10.22    7.32     11.46   36.64   33.47   147.48   82.79   126.09  101.54 
 297   85.57   24.93     18.07   19.41   13.70     17.23   19.37   15.29     20.51   10.22    7.33     11.47   37.41   33.49   154.82   82.75   133.42  101.34 
 298   85.57   25.04     20.43   15.91   13.70     16.54   20.80   15.31     20.51   10.22    7.34     11.30   38.68   33.50   165.01   80.77   143.44   99.80 
 299   85.57   24.62     22.04   14.00   13.71     16.05   22.27   15.33     20.51   10.22    7.34     11.16   39.45   33.52   175.11   80.43   153.91   99.05 
 300   85.57   25.12     23.78   11.87   13.70     15.35   24.02   15.36     20.51   10.22    7.35     11.40   38.13   33.54   180.41   81.74   159.60  100.32 
 301   79.59   25.04     23.16   13.27   13.70     15.45   23.28   15.39     20.35   10.46    7.36     11.23   38.88   33.56   191.07   80.88   170.13   99.28 
 302   79.59   24.97     23.49   13.27   13.70     14.70   25.66   15.42     20.35   10.46    7.37     11.18   38.84   33.57   198.59   79.84   177.75   98.53 
 303   79.59   25.02     25.27   11.08   13.69     15.04   24.88   15.45     20.35   10.46    7.39     11.29   38.42   33.59   202.39   81.50   181.32  100.04 
 304   79.59   25.03     24.54   12.25   13.68     15.69   23.26   15.48     20.35   10.46    7.40     10.68   42.13   33.62   203.48   87.55   182.86  105.71 
 305   79.59   25.07     24.90   12.13   13.68     15.85   22.90   15.50     20.35   10.46    7.41     10.13   46.64   33.66   205.05   99.70   183.73  117.89 
 306   99.03   25.64     26.62   10.31   13.67     20.43   13.74   15.50     20.38   10.49    7.42     11.32   40.39   33.68   207.38  106.49   186.56  124.52 
 307   99.03   25.97     24.08   14.07   13.67     17.56   19.09   15.51     20.38   10.49    7.43      9.80   46.99   33.73   207.85  118.77   186.74  136.89 
 308   99.03   25.61     24.90   12.91   13.67     15.93   23.58   15.54     20.38   10.49    7.44      9.87   45.56   33.76   203.63  124.62   183.05  143.18 
 309   99.03   25.49     24.80   13.00   13.66     14.88   26.63   15.57     20.38   10.49    7.45      9.87   45.13   33.80   200.26  126.81   179.55  145.50 
 310   99.03   25.75     24.27   13.47   13.66     14.88   26.90   15.61     20.38   10.49    7.46      9.29   46.79   33.84   191.53  129.87   171.08  148.07 
 311  168.78   25.78     23.56   14.38   13.67     19.42   15.83   15.61     20.67   10.21    7.46     10.04   43.86   33.87   186.39  131.21   165.64  149.08 
 312  168.78   25.95     21.70   16.91   13.68     17.77   18.57   15.62     20.67   10.21    7.47      8.21   49.25   33.92   172.34  133.17   151.56  150.86 
 313  168.78   25.82     20.88   17.86   13.69     15.90   22.10   15.64     20.67   10.21    7.48      8.42   47.79   33.97   161.70  133.56   141.09  151.42 
 314  168.78   26.03     23.14   13.37   13.69     15.06   24.33   15.67     20.67   10.21    7.49      8.35   47.32   34.01   148.35  134.24   127.79  152.22 
 315  168.78   25.40     20.66   17.07   13.70     14.56   25.61   15.70     20.67   10.21    7.50      9.24   45.32   34.05   141.17  130.87   120.31  148.79 
 316  145.85   25.50     20.34   16.79   13.71     18.49   16.25   15.70     20.70   10.22    7.51      9.45   45.92   34.08   137.17  122.50   116.15  140.16 
 317  145.85   26.13     20.28   16.43   13.72     17.98   17.15   15.71     20.70   10.22    7.52     10.39   41.03   34.11   137.54  117.16   116.61  134.87 
 318  145.85   25.96     19.26   17.80   13.73     16.54   19.82   15.72     20.70   10.22    7.52      9.37   45.26   34.14   138.71  108.77   117.58  126.47 
 319  145.85   25.93     19.14   17.52   13.74     15.66   21.49   15.74     20.70   10.22    7.53      9.95   40.56   34.16   138.89  103.41   117.97  120.89 
 320  145.85   25.98     18.52   19.03   13.76     15.84   20.30   15.75     20.70   10.22    7.54     10.80   36.37   34.17   144.53  101.39   123.88  119.68 
 321  183.18   26.08     18.89   18.60   13.77     18.99   13.93   15.75     20.59   10.39    7.55     10.75   36.09   34.17   151.26   98.73   130.34  116.83 
 322  183.18   25.96     21.23   14.84   13.78     18.17   15.25   15.74     20.59   10.39    7.56     11.08   34.55   34.18   158.78   95.29   137.84  113.82 
 323  183.18   25.94     21.12   15.33   13.78     18.72   14.18   15.74     20.59   10.39    7.57     11.59   32.60   34.17   163.04   95.71   142.58  114.47 
 324  183.18   25.84     23.70   12.11   13.78     18.19   15.14   15.74     20.59   10.39    7.58     11.33   33.59   34.17   172.68   95.41   151.81  114.38 
 325  183.18   25.89     24.90   11.15   13.77     17.57   16.32   15.74     20.59   10.39    7.59     10.99   34.91   34.17   184.36   94.96   163.48  113.84 
 326  148.14   25.80     24.63   12.11   13.76     18.18   14.97   15.74     20.48   10.54    7.59     11.07   34.88   34.17   197.45   94.86   176.17  113.68 
 327  148.14   25.94     25.06   11.84   13.76     18.22   14.51   15.73     20.48   10.54    7.60     11.26   33.36   34.17   204.51   95.40   183.45  114.40 
 328  148.14   26.03     24.00   13.65   13.76     17.58   14.58   15.73     20.48   10.54    7.61     11.27   32.07   34.16   212.93   95.66   191.41  114.21 
 329  148.14   25.91     23.96   13.83   13.76     17.11   15.15   15.73     20.48   10.54    7.62     10.76   31.83   34.16   213.56   95.63   192.43  114.35 
 330  148.14   25.93     23.63   14.43   13.76     18.24   12.72   15.72     20.48   10.54    7.63     10.91   30.83   34.15   214.58   98.30   193.46  117.19 
 331  162.19   25.89     24.54   13.27   13.76     18.92   11.52   15.71     20.49   10.52    7.64     10.38   33.04   34.14   214.03  106.63   193.23  125.68 
 332  162.19   25.73     24.22   14.08   13.76     19.15   11.02   15.69     20.49   10.52    7.65     10.29   32.52   34.14   215.42  114.08   194.53  132.59 
 333  162.19   25.78     24.02   14.32   13.76     17.24   13.72   15.69     20.49   10.52    7.66      9.84   31.33   34.13   212.62  116.91   191.64  135.56 
 334  162.19   25.44     23.82   14.36   13.76     17.67   13.49   15.68     20.49   10.52    7.66      9.02   32.61   34.13   204.35  118.32   184.20  137.23 
 335  162.19   25.79     24.00   13.83   13.76     17.52   14.30   15.67     20.49   10.52    7.67      9.83   31.81   34.12   198.67  118.08   178.77  137.13 
 336   96.78   25.47     22.26   16.14   13.77     15.67   17.41   15.68     20.20   10.87    7.68      8.57   34.99   34.12   190.35  119.25   170.63  138.28 
 337   96.78   25.73     22.76   14.67   13.77     16.99   16.15   15.68     20.20   10.87    7.69      8.47   36.24   34.13   178.96  117.91   158.88  136.61 
 338   96.78   25.68     22.32   14.97   13.78     17.21   15.86   15.68     20.20   10.87    7.70      9.13   36.52   34.14   171.44  117.84   151.52  136.78 
 339   96.78   25.68     21.75   15.65   13.78     16.49   17.71   15.69     20.20   10.87    7.71      9.18   37.97   34.15   165.46  118.41   145.61  137.14 
 340   96.78   25.82     21.51   15.88   13.79     17.06   16.56   15.69     20.20   10.87    7.72      9.90   36.57   34.15   163.95  117.77   144.08  136.52 
 341  142.15   25.78     22.04   14.56   13.79     18.76   14.01   15.69     20.34   10.70    7.73      9.15   39.63   34.17   160.22  112.27   140.26  130.98 
 342  142.15   25.84     21.80   14.73   13.79     18.17   14.94   15.68     20.34   10.70    7.74      9.99   37.54   34.18   160.39  108.63   140.66  127.60 
 343  142.15   25.79     20.54   16.66   13.80     18.02   15.32   15.68     20.34   10.70    7.75     10.28   36.71   34.19   160.83  105.64   141.17  124.25 
 344  142.15   25.79     20.93   15.88   13.81     18.90   14.21   15.68     20.34   10.70    7.75     10.70   35.86   34.19   161.17  102.57   141.09  121.18 
 345  142.15   25.80     21.80   14.49   13.81     19.33   13.78   15.67     20.34   10.70    7.76     11.08   35.58   34.20   163.99   98.87   143.86  117.55 
 346  148.70   25.65     21.08   15.79   13.81     21.04   11.37   15.66     20.43   10.61    7.77     11.68   33.62   34.19   167.09   97.46   146.94  116.27 
 347  148.70   25.77     21.61   15.19   13.82     19.90   13.53   15.65     20.43   10.61    7.78     11.56   35.62   34.20   175.07   94.07   154.42  112.79 
 348  148.70   25.71     23.90   12.26   13.81     19.03   15.45   15.65     20.43   10.61    7.79     11.69   36.22   34.20   182.88   94.06   162.41  112.50 
 349  148.70   25.64     23.43   13.54   13.81     17.73   17.97   15.66     20.43   10.61    7.80     11.57   37.46   34.21   193.68   94.82   173.33  112.97 
 350  148.70   25.76     22.60   15.28   13.82     17.27   19.17   15.67     20.43   10.61    7.80     11.59   37.70   34.22   201.73   93.49   181.28  111.43 
 351  192.04   25.80     23.34   14.18   13.82     17.13   19.61   15.68     20.55   10.50    7.81     11.74   37.30   34.23   205.61   93.74   184.88  111.79 
 352  192.04   25.94     23.16   14.55   13.82     16.99   19.95   15.69     20.55   10.50    7.82     11.71   36.82   34.24   205.96   93.98   185.09  112.05 
 353  192.04   25.81     23.56   14.11   13.82     17.37   18.94   15.70     20.55   10.50    7.83     11.69   37.14   34.25   206.71   99.60   185.89  117.76 
 354  192.04   25.75     23.93   13.71   13.82     17.83   17.81   15.71     20.55   10.50    7.83     11.35   37.60   34.26   205.27  105.70   184.66  123.56 
 355  192.04   25.82     22.55   15.66   13.83     17.19   18.78   15.72     20.55   10.50    7.84     11.41   35.97   34.26   201.82  106.81   180.99  124.53 
 356  241.26   26.01     22.96   14.66   13.83     16.51   19.77   15.73     20.33   10.81    7.85     11.37   34.92   34.26   194.63  104.90   173.92  123.40 
 357  241.26   25.82     22.52   14.80   13.83     17.19   17.70   15.73     20.33   10.81    7.86     10.91   34.99   34.27   184.54  105.21   164.04  123.96 
 358  241.26   25.78     22.70   14.17   13.83     17.39   17.10   15.74     20.33   10.81    7.87     11.59   32.67   34.26   179.70  105.86   159.10  124.14 
 359  241.26   25.68     21.15   15.94   13.84     17.24   16.82   15.74     20.33   10.81    7.88     10.08   36.04   34.27   167.56  103.24   146.97  121.80 
 360  241.26   25.80     20.84   15.94   13.84     17.96   15.18   15.74     20.33   10.81    7.88     10.73   33.09   34.26   159.08  103.49   138.72  122.20 
 361  100.58   26.11     20.83   15.55   13.85     18.69   13.65   15.73     20.17   11.03    7.89     11.11   31.54   34.26   152.80  103.74   132.36  122.09 
 362  100.58   25.84     20.32   15.98   13.85     17.45   15.19   15.73     20.17   11.03    7.90     11.05   31.20   34.25   148.82  102.10   128.35  121.08 
 363  100.58   25.80     20.22   15.85   13.86     17.24   15.21   15.73     20.17   11.03    7.91     11.04   30.63   34.24   145.06  102.29   124.73  121.06 
 364  100.58   25.69     20.05   16.36   13.87     17.34   14.77   15.73     20.17   11.03    7.92     11.24   29.88   34.23   145.02  102.54   124.20  121.46 
 365  100.58   25.84     20.22   16.50   13.87     18.40   12.79   15.72     20.17   11.03    7.93     11.22   29.38   34.21   144.45  108.04   124.44  126.50 
 366  153.69   25.79     20.34   16.41   13.88     16.59   15.44   15.72     20.39   10.75    7.93     10.82   30.37   34.20   145.20  110.53   125.67  129.57 
 367  153.69   25.87     20.02   17.36   13.89     17.00   14.34   15.72     20.39   10.75    7.94     10.53   30.59   34.19   148.86  112.16   128.58  130.31 
 368  153.69   25.87     20.78   16.31   13.90     16.63   14.53   15.71     20.39   10.75    7.95     10.59   29.85   34.18   154.53  113.11   134.15  131.08 
 369  153.69   25.73     20.98   16.15   13.90     16.66   14.36   15.71     20.39   10.75    7.96     10.67   28.99   34.17   157.52  112.85   137.15  130.98 
 370  153.69   25.92     21.66   15.53   13.91     16.42   14.47   15.71     20.39   10.75    7.96     10.93   28.34   34.15   166.54  113.02   145.78  131.00 
 371  180.82   25.85     22.33   14.89   13.91     15.49   16.35   15.71     20.32   10.83    7.97     10.93   28.33   34.13   174.60  112.66   153.89  130.79 
 372  180.82   25.92     23.64   13.35   13.91     14.58   18.17   15.71     20.32   10.83    7.98     10.84   28.48   34.12   183.08  112.65   162.30  130.63 
 373  180.82   26.00     22.85   15.05   13.91     14.31   18.32   15.72     20.32   10.83    7.99     10.80   28.57   34.10   193.14  114.23   172.28  132.63 
 374  180.82   25.84     23.77   13.95   13.91     14.89   17.21   15.72     20.32   10.83    8.00     10.69   28.69   34.09   199.77  113.31   178.78  131.76 
 375  180.82   25.87     24.27   13.25   13.91     15.32   16.85   15.73     20.32   10.83    8.00     10.64   28.69   34.08   200.80  111.32   180.00  129.81 
 376  127.32   25.86     23.18   15.09   13.91     18.38   12.11   15.72     20.20   10.96    8.01     11.06   28.45   34.06   204.51  110.98   183.26  129.06 
 377  127.32   25.98     24.17   13.28   13.91     17.75   13.60   15.71     20.20   10.96    8.02     10.23   31.82   34.05   202.93  105.76   182.04  123.86 
 378  127.32   25.99     25.44   11.48   13.91     17.20   14.50   15.71     20.20   10.96    8.03     10.80   30.05   34.04   204.08  101.89   183.53  120.37 
 379  127.32   25.83     25.69   11.14   13.90     15.96   16.72   15.71     20.20   10.96    8.03     11.33   28.34   34.03   205.38   99.19   184.86  118.00 
 380  127.32   26.06     24.34   12.88   13.90     16.36   15.98   15.71     20.20   10.96    8.04     10.84   29.60   34.02   204.69  100.64   183.61  118.63 
 381  199.50   26.37     24.35   12.78   13.89     17.23   14.44   15.71     20.13   11.04    8.05     11.18   28.52   34.00   202.98   99.88   181.97  118.15 
 382  199.50   26.08     23.80   13.24   13.89     17.82   13.70   15.70     20.13   11.04    8.06     10.37   31.11   34.00   197.87   97.12   177.30  115.56 
 383  199.50   26.07     21.95   15.70   13.90     17.14   15.14   15.70     20.13   11.04    8.07      9.63   33.85   33.99   191.12   95.60   169.95  113.68 
 384  199.50   25.93     23.99   12.17   13.89     18.87   13.12   15.70     20.13   11.04    8.07     10.03   33.90   33.99   181.71   94.95   160.93  113.76 
 385  199.50   26.11     20.31   17.22   13.90     17.59   15.71   15.70     20.13   11.04    8.08      9.10   39.04   34.01   172.17   93.74   151.12  112.30 
 386  209.49   26.02     20.95   15.34   13.90     19.56   13.97   15.69     20.13   11.04    8.09      9.79   39.25   34.02   161.46   92.98   140.23  111.65 
 387  209.49   26.03     20.86   15.08   13.91     19.85   14.20   15.69     20.13   11.04    8.10     11.33   36.07   34.03   156.53   92.41   135.52  111.24 
 388  209.49   26.10     20.89   14.35   13.91     17.57   19.44   15.70     20.13   11.04    8.10     10.65   39.98   34.04   146.67   90.54   125.65  109.51 
 389  209.49   25.93     19.65   15.92   13.91     17.03   20.18   15.71     20.13   11.04    8.11     11.16   37.72   34.05   140.27   90.32   119.16  109.31 
 390  209.49   26.02     18.99   17.09   13.92     17.37   18.16   15.71     20.13   11.04    8.12     11.72   34.37   34.05   138.41   92.51   117.41  111.47 
 391  162.97   25.96     19.08   17.11   13.93     17.71   16.22   15.72     19.97   11.28    8.13     11.69   32.48   34.05   138.36   96.69   117.37  115.41 
 392  162.97   25.96     19.94   15.95   13.93     16.82   16.93   15.72     19.97   11.28    8.13     11.68   30.72   34.04   139.11   99.84   118.04  118.61 
 393  162.97   26.03     19.35   17.06   13.94     16.77   16.83   15.72     19.97   11.28    8.14     11.64   30.22   34.03   138.95  101.16   117.84  120.27 
 394  162.97   25.92     19.65   17.22   13.95     17.53   14.96   15.72     19.97   11.28    8.15     11.67   30.21   34.02   144.30  104.21   123.91  123.32 
 395  162.97   26.07     20.12   16.85   13.96     18.41   14.04   15.72     19.97   11.28    8.16     11.98   30.40   34.01   150.13  105.92   129.91  125.33 
 396  218.33   26.17     21.47   15.11   13.96     19.21   13.36   15.71     20.13   11.08    8.17     12.36   30.60   34.00   158.41  108.32   138.08  127.48 
 397  218.33   26.13     22.31   14.26   13.96     18.72   14.76   15.71     20.13   11.08    8.17     12.56   31.13   34.00   167.38  107.67   146.96  126.83 
 398  218.33   26.09     21.92   15.29   13.96     18.35   15.60   15.71     20.13   11.08    8.18     12.76   30.57   33.99   174.03  106.78   153.19  126.10 
 399  218.33   25.94     21.80   16.13   13.97     17.36   17.59   15.71     20.13   11.08    8.19     12.42   32.40   33.98   185.59  107.08   165.28  126.20 
 400  218.33   26.09     23.45   14.02   13.97     17.50   17.19   15.72     20.13   11.08    8.19     12.43   31.54   33.98   195.18  109.35   174.88  127.75 
 401  229.47   26.13     23.41   14.48   13.97     18.83   14.12   15.71     20.14   11.09    8.20     12.58   29.93   33.97   203.14  110.51   182.81  128.41 
 402  229.47   26.09     23.99   13.85   13.97     17.94   15.16   15.71     20.14   11.09    8.21     12.66   28.53   33.95   207.63  109.30   187.00  127.50 
 403  229.47   26.04     23.94   14.05   13.97     17.84   15.00   15.71     20.14   11.09    8.22     12.41   28.54   33.94   209.81  110.44   189.34  128.87 
 404  229.47   25.94     24.80   12.88   13.97     17.92   14.98   15.71     20.14   11.09    8.22     12.40   28.44   33.93   211.28  111.83   190.29  130.03 
 405  229.47   26.06     23.93   14.18   13.97     18.34   14.15   15.70     20.14   11.09    8.23     12.12   29.19   33.91   212.12  110.63   191.33  128.60 
 406  172.30   25.96     24.13   13.81   13.97     20.86   10.45   15.69     20.13   11.11    8.24     11.97   29.28   33.90   211.38  108.40   190.89  126.60 
 407  172.30   26.07     24.62   12.92   13.97     20.07   11.52   15.68     20.13   11.11    8.24     11.54   29.99   33.89   208.27  104.82   187.75  123.00 
 408  172.30   26.09     23.13   14.80   13.97     20.85   10.49   15.67     20.13   11.11    8.25     11.36   30.40   33.88   204.97  101.23   184.23  119.50 
 409  172.30   26.01     23.46   13.70   13.97     17.80   15.18   15.67     20.13   11.11    8.26     10.38   33.50   33.88   196.74   97.85   176.02  115.71 
 410  172.30   26.05     24.44   11.91   13.96     19.10   13.27   15.66     20.13   11.11    8.27     11.47   30.67   33.88   190.43   95.06   169.78  113.34 
 411  186.21   26.11     22.16   14.55   13.96     18.80   14.14   15.66     20.07   11.19    8.27     10.87   32.53   33.87   180.74   91.00   160.08  109.28 
 412  186.21   26.08     21.46   15.17   13.97     18.01   15.35   15.66     20.07   11.19    8.28     11.53   31.12   33.87   173.38   88.12   152.59  106.50 
 413  186.21   26.06     20.65   15.97   13.97     19.57   12.80   15.65     20.07   11.19    8.29     11.27   31.78   33.86   165.64   89.43   144.58  108.01 
 414  186.21   25.90     20.58   15.42   13.98     18.41   14.84   15.65     20.07   11.19    8.29     11.13   32.02   33.86   156.90   88.43   136.07  107.34 
 415  186.21   26.14     19.46   16.78   13.98     18.28   14.82   15.64     20.07   11.19    8.30     11.41   31.23   33.85   151.16   85.55   130.31  104.70 
 416  220.48   26.14     19.87   15.81   13.99     19.31   13.03   15.64     20.18   11.07    8.31     11.85   30.06   33.84   147.54   85.50   126.76  104.43 
 417  220.48   26.10     21.02   13.76   13.99     19.05   13.41   15.63     20.18   11.07    8.31     11.84   30.10   33.83   143.94   86.36   122.92  105.27 
 418  220.48   26.12     20.01   15.56   13.99     18.95   13.59   15.63     20.18   11.07    8.32     12.26   29.42   33.82   143.61   90.17   122.57  109.31 
 419  220.48   25.96     20.61   14.93   13.99     18.85   13.71   15.62     20.18   11.07    8.33     12.19   29.76   33.81   144.05   94.65   123.31  114.34 
 420  220.48   26.15     19.70   17.07   14.00     20.51   11.06   15.61     20.18   11.07    8.33     11.91   30.42   33.80   149.63   98.83   128.60  118.49 
 421  182.12   26.11     20.53   15.98   14.00     20.49   11.12   15.60     20.05   11.23    8.34     11.96   29.98   33.79   153.30  101.61   132.90  121.10 
 422  182.12   26.06     21.84   14.07   14.00     20.21   11.55   15.59     20.05   11.23    8.35     12.08   29.43   33.78   155.23  102.94   134.60  122.55 
 423  182.12   26.11     21.67   14.91   14.01     20.04   11.59   15.58     20.05   11.23    8.35     12.01   30.04   33.78   163.80  103.62   143.31  123.04 
 424  182.12   25.99     23.65   12.42   14.00     18.97   13.17   15.58     20.05   11.23    8.36     11.80   30.73   33.77   170.74  105.76   150.44  125.19 
 425  182.12   26.05     19.87   19.64   14.02     19.15   12.68   15.57     20.05   11.23    8.37     11.52   31.56   33.76   182.11  106.52   162.25  125.76 
 426  195.45   26.09     24.43   12.37   14.01     20.14   11.40   15.56     20.06   11.23    8.37     11.75   30.85   33.76   191.82  106.92   171.21  126.27 
 427  195.45   26.12     24.01   13.21   14.01     21.42    9.92   15.55     20.06   11.23    8.38     11.81   30.41   33.75   196.93  106.60   176.00  125.54 
 428  195.45   26.05     24.15   13.47   14.01     19.50   12.29   15.54     20.06   11.23    8.39     11.75   31.00   33.74   205.96  106.59   185.12  125.44 
 429  195.45   26.00     26.24   10.92   14.00     18.40   13.95   15.54     20.06   11.23    8.39     11.85   30.57   33.73   211.47  107.33   190.76  126.07 
 430  195.45   26.08     25.46   11.99   14.00     18.28   14.23   15.53     20.06   11.23    8.40     11.58   30.83   33.73   213.24  107.29   192.19  125.90 
 431  216.31   26.00     25.18   12.36   13.99     20.33   11.31   15.52     20.02   11.29    8.41     11.46   31.23   33.72   213.53  107.29   192.31  125.79 
 432  216.31   26.09     24.45   13.31   13.99     21.11   10.38   15.51     20.02   11.29    8.41     11.22   32.44   33.72   214.15  104.57   192.87  122.68 
 433  216.31   26.04     25.52   11.81   13.99     20.19   11.60   15.50     20.02   11.29    8.42     11.36   32.00   33.72   214.47  101.87   193.17  120.25 
 434  216.31   26.03     24.78   12.68   13.98     18.39   14.38   15.50     20.02   11.29    8.43     11.21   32.81   33.71   214.22   99.30   192.98  117.77 
 435  216.31   26.12     24.37   13.28   13.98     17.77   15.46   15.50     20.02   11.29    8.43     11.41   32.24   33.71   215.17   96.59   193.92  115.11 
 436  181.33   26.32     24.57   12.88   13.98     18.16   13.50   15.50     20.09   11.20    8.44     11.23   30.09   33.70   215.18   95.17   193.85  113.17 
 437  181.33   26.16     29.75    7.08   13.96     16.33   14.35   15.49     20.09   11.20    8.45     11.19   25.18   33.68   209.44   94.07   187.80  111.96 
 438  181.33   26.11     24.49   12.94   13.96     15.48   14.10   15.49     20.09   11.20    8.45     11.40   23.46   33.66   216.86   88.72   195.61  106.99 
 439  181.33   25.98     24.48   12.91   13.96     15.53   13.84   15.49     20.09   11.20    8.46     10.66   25.01   33.64   216.90   88.39   195.56  105.59 
 440  181.33   26.08     25.20   11.94   13.95     14.99   14.60   15.48     20.09   11.20    8.47     10.37   25.43   33.62   217.01   87.92   195.63  105.21 
 441  183.79   26.17     23.75   14.03   13.95     16.39   12.11   15.48     20.04   11.24    8.47     10.36   25.29   33.60   217.74   89.57   196.15  106.62 
 442  183.79   26.18     23.68   14.12   13.95     16.64   11.91   15.47     20.04   11.24    8.48     10.42   25.02   33.58   217.54   88.29   195.95  105.47 
 443  183.79   26.17     23.61   13.94   13.95     15.66   13.44   15.46     20.04   11.24    8.48      9.59   26.37   33.57   213.58   85.97   192.16  103.04 
 444  183.79   26.00     23.90   13.42   13.95     14.89   14.68   15.46     20.04   11.24    8.49     10.17   25.58   33.55   212.89   84.27   191.46  101.19 
 445  183.79   26.15     23.42   14.16   13.95     15.02   14.60   15.46     20.04   11.24    8.50      9.84   27.61   33.53   213.70   84.39   192.11  101.22 
 446  129.73   26.60     23.48   14.09   13.95     17.00   11.60   15.45     19.82   11.50    8.50      9.93   26.98   33.52   213.65   84.43   191.99  101.27 
 447  129.73   26.12     23.28   14.38   13.96     16.22   12.59   15.44     19.82   11.50    8.51      9.95   26.80   33.50   213.22   84.70   191.63  101.74 
 448  129.73   26.27     23.89   13.40   13.95     16.05   12.95   15.44     19.82   11.50    8.52     10.12   26.22   33.49   212.35   83.97   190.89  100.75 
 449  129.73   25.99     22.75   15.15   13.96     16.83   11.70   15.43     19.82   11.50    8.52      9.93   26.78   33.47   211.36   84.43   190.00  101.00 
 450  129.73   26.14     23.18   14.44   13.96     16.64   12.92   15.42     19.82   11.50    8.53     11.19   24.60   33.45   211.66   83.82   190.13  100.53 
 451  140.04   26.33     23.44   13.94   13.96     16.84   13.37   15.42     19.84   11.44    8.54     11.22   25.81   33.44   210.97   82.33   189.89   99.18 
 452  140.04   26.08     23.56   13.77   13.96     15.91   16.80   15.42     19.84   11.44    8.54     11.70   27.93   33.42   210.79   82.94   189.61   99.77 
 453  140.04   26.05     23.14   14.48   13.96     16.15   17.76   15.43     19.84   11.44    8.55     11.94   29.04   33.41   212.02   81.34   191.10   98.34 
 454  140.04   25.96     23.75   13.48   13.96     17.31   16.45   15.43     19.84   11.44    8.56     11.97   30.38   33.41   211.13   81.52   189.36   98.44 
 455  140.04   26.11     22.92   14.80   13.96     17.06   17.00   15.43     19.84   11.44    8.56     11.79   31.61   33.40   211.90   81.65   190.50   98.53 
 456  160.24   27.50     23.69   13.57   13.96     18.96   13.82   15.43     19.75   11.56    8.57     11.87   31.44   33.40   210.98   82.01   189.41   98.92 
 457  160.24   29.25     23.03   14.61   13.96     19.16   13.46   15.43     19.75   11.56    8.58     11.85   31.55   33.40   211.66   81.47   190.48   98.48 
 458  160.24   27.44     22.62   15.34   13.96     15.66   16.34   15.43     19.75   11.56    8.58     11.27   27.68   33.38   212.12   81.63   190.84   98.54 
 459  160.24   29.22     22.67   15.28   13.97     17.55   11.65   15.42     19.75   11.56    8.59     10.82   26.00   33.37   212.83   81.27   191.58   98.23 
 460  160.24   28.39     23.68   13.56   13.96     18.30   10.39   15.41     19.75   11.56    8.60     10.32   26.17   33.35   210.93   80.75   189.44   98.25 
 461  217.32   27.14     23.31   14.23   13.97     18.54    9.75   15.40     19.81   11.47    8.60     10.35   26.37   33.34   211.96   82.54   190.55   99.13 
 462  217.32   26.62     23.42   14.05   13.97     18.95    9.16   15.38     19.81   11.47    8.61     10.39   25.68   33.32   212.71   82.81   191.16   99.37 
 463  217.32   26.16     23.58   13.81   13.97     18.87    9.32   15.37     19.81   11.47    8.61     10.29   25.83   33.30   212.38   82.17   191.08   98.89 
 464  217.32   26.03     23.23   14.35   13.97     19.04    9.20   15.36     19.81   11.47    8.62     10.07   26.53   33.29   212.73   81.75   191.28   98.88 
 465  217.32   26.09     23.36   14.08   13.97     19.09    9.12   15.34     19.81   11.47    8.63     10.19   25.99   33.27   211.80   81.89   190.19   98.99 
 466  187.83   26.23     23.18   14.43   13.97     19.56    8.54   15.33     19.89   11.34    8.63     10.14   26.26   33.26   212.65   82.06   191.45   98.78 
 467  187.83   26.26     23.58   13.79   13.97     20.64    7.49   15.31     19.89   11.34    8.64      9.94   26.73   33.24   212.23   82.51   191.00   99.00 
 468  187.83   26.19     23.12   14.49   13.97     20.74    7.43   15.30     19.89   11.34    8.64     10.03   26.31   33.23   212.24   82.45   191.00   98.93 
 469  187.83   26.09     23.50   13.90   13.97     18.45    9.83   15.28     19.89   11.34    8.65     10.31   25.74   33.21   210.71   82.55   189.57   99.02 
 470  187.83   26.21     23.00   14.65   13.97     20.12    8.93   15.27     19.89   11.34    8.65     11.31   25.45   33.20   211.78   81.97   190.68   98.57 
 471  186.66   26.16     23.13   14.48   13.97     16.49   15.37   15.27     19.89   11.32    8.66     11.59   27.65   33.19   211.70   82.24   190.56   98.69 
 472  186.66   26.17     23.49   13.90   13.97     19.24   12.27   15.26     19.89   11.32    8.67     12.05   28.35   33.17   211.67   81.49   190.65   98.55 
 473  186.66   26.21     23.21   14.32   13.97     18.30   14.38   15.26     19.89   11.32    8.67     11.97   30.17   33.17   211.49   81.79   190.31   98.92 
 474  186.66   26.08     23.97   13.17   13.97     20.24   11.71   15.25     19.89   11.32    8.68     12.01   30.41   33.16   211.61   80.78   190.33   98.19 
 475  186.66   26.12     23.02   14.64   13.97     21.10   10.80   15.25     19.89   11.32    8.68     12.09   30.83   33.16   211.70   80.70   190.36   98.15 
 476  188.64   26.07     23.38   14.06   13.97     20.74   11.33   15.24     19.95   11.25    8.69     12.03   31.25   33.15   211.64   81.57   190.25   98.85 
