   6    3.42   21.33     48.66    0.70    0.95     25.40    5.01    6.63     50.26    0.29   32.29      7.71   38.30   38.63   178.29   77.13   156.76   98.87 
   7    3.42   21.49     42.70    1.39    1.01     21.35    7.95    6.82     50.26    0.29   27.72      7.75   37.98   38.54   178.91   77.85   157.64   99.68 
   8    3.42   21.36     43.72    1.24    1.04     23.88    5.99    6.71     50.26    0.29   24.29      7.73   38.03   38.47   178.59   77.04   157.12   98.62 
   9    3.42   21.42     48.65    0.70    1.00     25.14    5.14    6.54     50.26    0.29   21.62      7.80   37.73   38.39   178.30   77.43   157.14   99.23 
  10    3.42   21.34     46.57    0.89    0.99     23.72    6.04    6.49     50.26    0.29   19.49      7.66   38.35   38.39   178.33   77.67   157.25   99.40 
  11    2.71   21.36     51.84    0.49    0.95     29.51    3.12    6.18     50.24    0.29   17.74      7.86   37.43   38.30   178.43   77.04   157.45   99.02 
  12    2.71   21.32     43.86    1.23    0.97     22.77    6.75    6.23     50.24    0.29   16.29      7.66   38.69   38.33   178.59   78.34   157.59  100.38 
  13    2.71   21.42     42.49    1.44    1.01     22.71    6.86    6.28     50.24    0.29   15.06      7.97   37.26   38.25   180.11   78.39   159.04  100.45 
  14    2.71   21.35     44.69    1.13    1.02     21.79    7.53    6.37     50.24    0.29   14.00      7.74   38.21   38.25   182.00   79.11   160.97  100.83 
  15    2.71   21.41     47.83    0.79    1.00     22.54    6.90    6.40     50.24    0.29   13.09      7.87   37.43   38.19   182.68   79.30   161.74  101.16 
  16    2.72   21.65     44.50    1.16    1.01     22.03    7.36    6.46     50.20    0.29   12.29      7.87   37.30   38.14   182.83   79.46   161.00  100.62 
  17    2.72   21.71     39.83    1.97    1.07     16.03   14.72    6.95     50.20    0.29   11.58      7.95   37.38   38.09   181.64   80.25   159.64  101.47 
  18    2.72   21.66     27.90    7.45    1.42     11.38   25.33    7.97     50.20    0.29   10.96      7.62   39.23   38.16   179.67   79.93   157.92  101.05 
  19    2.72   21.68     23.19   12.45    2.00      9.26   32.85    9.28     50.20    0.29   10.39      7.14   41.88   38.35   178.50   79.98   156.51  100.98 
  20    2.72   21.66     32.53    4.05    2.10      8.98   36.72   10.65     50.20    0.29    9.89      6.47   45.26   38.70   160.48   76.15   138.54   96.70 
  21    3.17   21.46     29.55    5.60    2.27     19.14   11.61   10.70     35.39    1.59    9.49      9.54   33.72   38.46   156.56   75.87   134.84   96.55 
  22    3.17   21.22     28.48    6.15    2.45     15.95   16.73   10.97     35.39    1.59    9.13      9.10   35.49   38.33   150.71   77.10   128.06   97.31 
  23    3.17   21.12     27.02    6.98    2.64     12.72   23.71   11.52     35.39    1.59    8.81      9.26   34.79   38.17   144.28   77.73   121.24   97.21 
  24    3.17   21.12     31.20    4.21    2.71     11.18   27.66   12.20     35.39    1.59    8.51      8.79   37.05   38.12   135.54   79.53   112.82   99.87 
  25    3.17   21.21     29.50    5.04    2.80     11.44   27.42   12.81     35.39    1.59    8.23      8.71   37.43   38.10   129.69   82.18   107.21  102.64 
  26    4.08   21.17     27.69    6.24    2.94     18.37   12.44   12.79     35.24    1.66    7.98      9.87   33.58   37.92   127.07   86.24   104.23  106.86 
  27    4.08   21.13     26.65    7.03    3.09     17.78   13.22   12.81     35.24    1.66    7.74     10.23   32.35   37.72   125.65   89.75   102.74  109.95 
  28    4.08   21.08     27.46    6.63    3.21     15.69   16.84   12.95     35.24    1.66    7.53      9.88   33.88   37.58   125.97   96.05   103.01  116.29 
  29    4.08   21.09     28.96    5.71    3.30     14.17   20.10   13.20     35.24    1.66    7.32      9.92   33.63   37.44   124.48  101.40   102.09  121.59 
  30    4.08   21.06     29.01    5.86    3.39     13.14   22.56   13.51     35.24    1.66    7.13      9.53   35.00   37.36   125.49  105.91   102.94  126.13 
  31    4.80   21.80     28.91    6.08    3.47     20.87    9.37   13.38     33.71    2.00    6.97     10.10   32.84   37.22   127.53  109.09   105.40  129.35 
  32    4.80   22.58     28.37    6.56    3.57     17.70   13.66   13.39     33.71    2.00    6.81      9.89   34.05   37.12   132.23  109.44   109.82  129.65 
  33    4.80   23.42     28.08    6.85    3.67     17.15   14.68   13.42     33.71    2.00    6.67     10.02   33.86   37.02   132.96  108.97   110.91  129.57 
  34    4.80   22.98     27.77    7.33    3.78     15.70   17.82   13.55     33.71    2.00    6.53      9.68   35.83   36.98   140.41  108.94   117.84  129.41 
  35    4.80   23.41     28.88    6.64    3.86     14.61   21.02   13.77     33.71    2.00    6.40      9.26   38.54   37.03   148.22  109.84   125.82  130.26 
  36    7.47   22.68     29.82    6.16    3.92     20.66   10.89   13.69     34.50    1.85    6.27      9.91   37.21   37.03   156.72  109.55   134.54  129.98 
  37    7.47   22.58     30.56    5.91    3.98     17.46   16.24   13.76     34.50    1.85    6.15      9.64   39.40   37.10   165.89  109.75   143.52  129.68 
  38    7.47   22.43     32.11    5.10    4.01     16.40   18.62   13.88     34.50    1.85    6.04      9.84   39.24   37.15   174.11  110.44   151.72  130.66 
  39    7.47   22.52     33.05    4.63    4.02     15.98   19.66   14.03     34.50    1.85    5.93     10.30   37.66   37.17   177.26  111.15   155.09  131.45 
  40    7.47   22.45     31.80    5.54    4.06     15.85   19.92   14.18     34.50    1.85    5.83      9.62   40.01   37.24   186.59  114.57   163.90  134.25 
  41   13.53   21.68     30.70    6.48    4.12     18.48   14.57   14.19     35.73    1.66    5.73      9.98   38.13   37.26   192.94  117.35   170.04  137.12 
  42   13.53   21.69     31.84    5.88    4.16     18.11   14.98   14.21     35.73    1.66    5.63     10.13   37.01   37.25   197.86  120.01   175.26  139.74 
  43   13.53   21.76     33.20    5.12    4.18     16.63   17.39   14.28     35.73    1.66    5.54      9.99   36.99   37.25   203.50  121.37   180.81  141.02 
  44   13.53   21.59     31.96    5.88    4.22     14.67   21.37   14.44     35.73    1.66    5.45      9.72   37.70   37.26   203.90  119.84   180.98  139.64 
  45   13.53   21.63     31.62    6.11    4.26     13.98   22.78   14.63     35.73    1.66    5.37      9.93   36.15   37.23   203.28  119.22   180.27  139.13 
  46   16.21   22.59     32.52    5.52    4.29     22.15    8.69   14.50     39.81    1.06    5.27      9.99   35.09   37.19   203.79  119.97   180.72  139.78 
  47   16.21   22.20     31.77    6.04    4.33     20.42   10.43   14.41     39.81    1.06    5.19      9.86   35.00   37.14   203.96  120.33   180.80  140.25 
  48   16.21   22.31     32.52    5.54    4.35     18.66   12.58   14.37     39.81    1.06    5.10      9.74   34.99   37.10   203.88  120.06   180.97  140.05 
  49   16.21   22.18     30.72    6.80    4.40     16.46   16.08   14.41     39.81    1.06    5.02      9.85   34.37   37.04   205.26  118.55   182.15  138.45 
  50   16.21   22.13     32.02    5.81    4.43     16.32   16.30   14.45     39.81    1.06    4.94      9.80   34.50   36.99   204.52  116.72   181.49  136.72 
  51   26.11   22.48     32.08    5.74    4.46     22.60    7.95   14.32     32.80    2.38    4.89     10.09   33.69   36.92   204.83  112.80   181.80  133.08 
  52   26.11   22.43     32.15    5.64    4.48     18.85   12.27   14.28     32.80    2.38    4.84      9.93   34.14   36.87   205.59  110.33   182.49  130.45 
  53   26.11   23.05     34.29    4.42    4.48     17.99   13.59   14.27     32.80    2.38    4.79     10.06   33.81   36.81   205.86  108.21   182.89  128.24 
  54   26.11   23.20     34.15    4.50    4.48     16.82   15.67   14.29     32.80    2.38    4.75     10.24   33.47   36.75   208.38  107.36   185.44  127.28 
  55   26.11   22.31     33.12    5.04    4.49     15.54   18.33   14.37     32.80    2.38    4.71     10.05   34.30   36.71   208.23  105.25   185.08  125.18 
  56   67.28   24.24     33.16    4.98    4.50     21.72    9.05   14.27     30.98    2.95    4.67     10.10   34.25   36.66   207.69  104.07   184.43  123.96 
  57   67.28   23.85     31.24    6.07    4.53     17.70   14.54   14.28     30.98    2.95    4.64      9.74   35.59   36.64   203.54  103.36   180.01  123.05 
  58   67.28   24.13     32.24    5.21    4.54     15.23   19.75   14.37     30.98    2.95    4.61      9.32   37.28   36.65   195.30  101.07   171.72  120.30 
  59   67.28   24.23     31.56    5.44    4.55     15.10   20.47   14.47     30.98    2.95    4.59      9.04   38.79   36.69   185.91   96.34   162.75  116.09 
  60   67.28   23.74     31.29    5.36    4.57     14.82   21.39   14.59     30.98    2.95    4.56      9.09   39.40   36.74   175.66   95.14   152.50  115.06 
  61  159.01   24.80     31.27    5.12    4.58     16.69   17.66   14.64     26.29    5.10    4.57      9.25   39.18   36.78   165.53   95.15   142.58  114.93 
  62  159.01   24.13     30.64    5.36    4.59     15.88   19.56   14.72     26.29    5.10    4.58      9.92   37.63   36.79   160.32   93.88   137.64  113.96 
  63  159.01   24.65     28.78    6.33    4.62     15.64   20.24   14.81     26.29    5.10    4.59      9.15   40.24   36.84   150.07   92.80   127.45  113.16 
  64  159.01   24.15     30.06    5.29    4.63     14.88   22.08   14.92     26.29    5.10    4.59      9.67   39.22   36.88   141.19   93.02   118.44  113.19 
  65  159.01   24.72     29.25    5.68    4.64     14.26   23.82   15.06     26.29    5.10    4.60      9.92   39.17   36.92   137.44   94.03   114.91  114.26 
  66  158.71   24.82     28.44    6.26    4.67     19.03   13.89   15.04     28.80    3.87    4.59     10.23   38.45   36.94   138.15   94.71   115.52  114.97 
  67  158.71   25.45     28.89    6.03    4.69     18.64   14.57   15.03     28.80    3.87    4.58     10.42   37.86   36.95   137.55   96.53   115.02  116.62 
  68  158.71   24.94     28.68    6.14    4.71     17.29   17.06   15.06     28.80    3.87    4.57     10.47   37.63   36.96   138.84   96.75   116.44  117.00 
  69  158.71   25.36     27.84    6.91    4.74     16.44   18.78   15.12     28.80    3.87    4.56     10.61   36.82   36.96   141.79   97.00   119.43  117.16 
  70  158.71   24.87     31.80    4.48    4.74     16.76   18.03   15.16     28.80    3.87    4.55     10.47   37.14   36.96   146.46   99.27   124.21  119.22 
  71  188.30   25.46     31.72    4.64    4.74     17.71   16.12   15.17     33.28    2.34    4.52     10.85   35.26   36.94   153.06   99.28   130.73  119.39 
  72  188.30   25.56     33.48    3.89    4.72     18.85   14.03   15.16     33.28    2.34    4.49     11.04   34.30   36.90   159.31   98.45   136.89  118.48 
  73  188.30   25.54     33.48    4.02    4.71     19.93   12.28   15.12     33.28    2.34    4.46     11.13   33.83   36.86   165.47   99.05   142.91  119.06 
  74  188.30   25.45     31.36    5.20    4.72     18.57   14.35   15.11     33.28    2.34    4.43     11.33   33.08   36.81   168.51   98.99   145.95  119.09 
  75  188.30   25.60     31.10    5.47    4.73     19.16   13.37   15.08     33.28    2.34    4.40     11.04   34.10   36.77   175.04   98.33   152.33  118.37 
  76  272.71   25.56     31.56    5.33    4.74     16.79   17.74   15.12     27.27    4.72    4.41     10.93   34.69   36.75   180.30   97.62   157.61  117.74 
  77  272.71   25.59     30.79    5.91    4.75     16.53   18.26   15.16     27.27    4.72    4.41     10.72   35.59   36.73   185.99   98.11   162.69  117.62 
  78  272.71   25.43     29.76    6.79    4.78     15.80   19.83   15.22     27.27    4.72    4.41     10.59   35.92   36.72   191.01   97.41   167.82  116.69 
  79  272.71   25.56     30.87    6.00    4.80     16.16   19.02   15.27     27.27    4.72    4.42     10.76   35.26   36.70   191.41   98.20   168.52  117.61 
  80  272.71   25.17     32.49    4.98    4.80     16.86   17.64   15.30     27.27    4.72    4.42     10.91   34.95   36.68   191.40   99.37   168.71  118.84 
  81  321.66   25.89     31.44    5.74    4.81     20.94   11.00   15.24     22.84    7.93    4.47     11.00   34.42   36.65   191.08  102.51   168.55  122.10 
  82  321.66   25.51     33.84    4.37    4.80     17.39   15.73   15.25     22.84    7.93    4.51     10.91   32.84   36.61   191.02  107.40   168.89  127.37 
  83  321.66   25.42     33.01    4.94    4.81     15.33   19.28   15.30     22.84    7.93    4.55     10.44   33.46   36.57   194.04  112.94   171.16  131.76 
  84  321.66   25.47     33.18    4.88    4.81     15.77   17.96   15.33     22.84    7.93    4.59     10.40   33.01   36.53   193.42  116.04   171.02  136.03 
  85  321.66   25.52     31.54    5.88    4.82     15.58   18.10   15.36     22.84    7.93    4.63      9.96   34.62   36.50   192.42  116.01   170.03  136.11 
  86  327.71   26.14     30.05    6.89    4.84     18.57   12.57   15.33     24.52    6.55    4.65      9.70   34.54   36.48   188.77  116.51   166.03  136.56 
  87  327.71   25.57     29.73    7.01    4.87     15.46   17.77   15.36     24.52    6.55    4.67      8.88   36.91   36.49   181.19  117.26   158.33  137.16 
  88  327.71   26.07     30.63    6.14    4.88     15.38   17.61   15.38     24.52    6.55    4.69      9.16   35.39   36.47   174.77  118.33   152.03  138.16 
  89  327.71   25.46     30.30    6.21    4.90     14.75   18.66   15.42     24.52    6.55    4.71      8.67   36.29   36.47   166.23  120.97   143.50  140.77 
  90  327.71   26.11     31.80    5.10    4.90     15.31   17.39   15.44     24.52    6.55    4.73      9.06   35.30   36.46   157.59  119.57   135.36  139.41 
  91  292.83   25.80     29.97    6.20    4.91     15.56   16.97   15.46     18.18   13.55    4.83      9.99   32.56   36.42   157.08  116.69   134.81  136.27 
  92  292.83   25.51     32.10    4.61    4.91     15.46   17.47   15.48     18.18   13.55    4.93      9.03   37.13   36.42   153.35  107.22   130.87  127.12 
  93  292.83   25.65     30.32    5.49    4.92     14.36   20.55   15.53     18.18   13.55    5.02      9.51   35.93   36.42   155.25   99.12   132.52  119.06 
  94  292.83   25.45     29.31    6.15    4.93     14.16   21.91   15.60     18.18   13.55    5.11      9.98   35.00   36.40   155.44   94.10   133.03  114.42 
  95  292.83   25.63     32.77    4.13    4.92     15.75   18.70   15.64     18.18   13.55    5.20     10.31   34.95   36.39   156.54   95.21   134.12  115.26 
  96   94.52   25.52     29.06    6.48    4.94     18.13   14.51   15.62     24.25    6.73    5.21     10.92   33.39   36.36   161.33   94.79   138.90  114.36 
  97   94.52   25.59     31.42    4.97    4.94     17.66   15.46   15.62     24.25    6.73    5.23     11.16   32.86   36.32   162.73   95.36   140.09  114.87 
  98   94.52   25.56     35.07    3.35    4.92     18.04   15.04   15.62     24.25    6.73    5.25     10.88   34.80   36.30   168.74   95.02   146.35  114.89 
  99   94.52   25.53     31.82    5.03    4.92     16.78   17.80   15.64     24.25    6.73    5.26     10.73   35.94   36.30   175.84   94.80   153.39  114.34 
 100   94.52   25.59     32.31    4.92    4.92     16.56   18.68   15.67     24.25    6.73    5.28     10.61   36.97   36.31   183.34   95.54   160.95  115.39 
 101   60.24   25.67     31.77    5.41    4.93     17.07   17.86   15.69     28.42    4.19    5.26     10.82   36.48   36.31   189.48   93.83   167.27  113.98 
 102   60.24   25.61     36.10    3.33    4.91     15.47   21.80   15.75     28.42    4.19    5.25     10.74   37.26   36.32   194.37   92.48   172.14  112.19 
 103   60.24   25.68     32.84    4.84    4.91     15.79   21.26   15.80     28.42    4.19    5.24     10.96   36.81   36.32   196.38   91.00   173.94  110.60 
 104   60.24   25.53     30.02    6.80    4.93     16.46   19.62   15.84     28.42    4.19    5.23     11.32   35.58   36.32   196.28   93.08   174.19  113.09 
 105   60.24   25.67     34.80    4.01    4.92     16.90   18.40   15.86     28.42    4.19    5.22     10.59   38.21   36.33   199.46  100.76   177.19  120.43 
 106   63.20   25.56     33.10    4.85    4.92     20.31   12.33   15.83     27.27    4.82    5.22     11.27   34.97   36.32   197.56  101.16   175.42  121.04 
 107   63.20   25.62     31.68    5.57    4.93     17.36   17.17   15.84     27.27    4.82    5.22     10.87   36.19   36.32   193.30   99.75   170.70  119.15 
 108   63.20   25.67     31.37    5.71    4.93     19.07   14.07   15.83     27.27    4.82    5.21     11.31   34.39   36.30   189.52  100.50   167.07  120.09 
 109   63.20   25.54     32.59    4.73    4.93     18.78   14.57   15.82     27.27    4.82    5.21     10.50   37.29   36.31   178.04   99.48   155.59  119.09 
 110   63.20   25.63     30.21    5.97    4.94     18.58   14.83   15.81     27.27    4.82    5.20     10.41   37.66   36.32   170.45   99.01   147.90  118.62 
 111   69.00   25.52     32.37    4.57    4.94     20.63   11.63   15.77     30.26    3.44    5.19     11.00   34.85   36.31   162.77  101.65   140.50  121.71 
 112   69.00   25.20     30.68    5.55    4.94     19.93   12.38   15.74     30.26    3.44    5.17     11.02   34.36   36.29   158.09  106.27   136.07  126.42 
 113   69.00   25.64     29.88    6.16    4.95     19.37   13.07   15.72     30.26    3.44    5.16     10.96   34.35   36.28   156.96  110.46   134.91  130.30 
 114   69.00   25.06     31.10    5.39    4.96     18.96   13.65   15.70     30.26    3.44    5.14     11.01   34.07   36.26   157.28  112.74   135.24  132.36 
 115   69.00   25.67     29.37    6.68    4.97     18.21   14.55   15.69     30.26    3.44    5.13     10.79   34.25   36.24   159.73  114.34   137.39  133.85 
 116   69.68   25.67     31.07    5.59    4.98     22.54    8.72   15.63     26.36    5.41    5.13     10.59   34.53   36.22   163.89  116.19   141.67  135.63 
 117   69.68   25.65     30.59    6.08    4.99     17.19   15.71   15.63     26.36    5.41    5.13     10.69   33.21   36.20   171.14  116.97   149.03  136.40 
 118   69.68   25.68     29.71    7.00    5.00     17.47   14.90   15.62     26.36    5.41    5.14     10.49   33.02   36.17   177.96  118.98   155.47  138.14 
 119   69.68   25.49     30.79    6.36    5.02     17.96   13.67   15.61     26.36    5.41    5.14     10.25   32.83   36.14   185.26  121.30   162.95  140.50 
 120   69.68   25.75     32.56    5.22    5.02     18.16   13.16   15.58     26.36    5.41    5.14     10.53   31.46   36.10   188.33  121.58   166.24  141.15 
 121   59.32   25.03     32.47    5.30    5.02     19.94   10.64   15.54     27.99    4.48    5.13     10.43   31.81   36.07   191.69  119.45   169.57  139.15 
 122   59.32   25.10     33.07    4.92    5.02     18.88   12.17   15.52     27.99    4.48    5.13     10.14   33.32   36.05   193.13  113.78   170.84  133.30 
 123   59.32   25.11     33.92    4.38    5.01     16.87   15.47   15.52     27.99    4.48    5.12     10.16   33.36   36.02   191.98  107.38   170.38  127.40 
 124   59.32   25.04     33.51    4.55    5.01     16.44   16.41   15.52     27.99    4.48    5.12     10.67   31.65   35.99   191.89  103.32   170.07  123.31 
 125   59.32   25.11     33.41    4.54    5.01     16.47   16.81   15.53     27.99    4.48    5.11     10.69   32.22   35.96   194.09   98.17   171.23  117.42 
 126   69.06   25.18     32.96    4.76    5.00     23.93    7.22   15.47     27.85    4.55    5.11     11.11   31.37   35.92   194.21   95.36   171.16  114.62 
 127   69.06   25.13     33.28    4.55    5.00     16.44   17.87   15.49     27.85    4.55    5.10     10.89   33.10   35.90   196.05   91.70   172.96  110.90 
 128   69.06   25.13     34.65    3.92    4.99     16.72   17.66   15.50     27.85    4.55    5.10     10.97   33.57   35.88   197.11   89.28   174.23  108.15 
 129   69.06   24.95     32.34    5.12    4.99     16.81   17.74   15.52     27.85    4.55    5.10     11.10   33.85   35.87   198.16   88.41   175.09  108.15 
 130   69.06   25.13     32.13    5.18    4.99     16.58   18.48   15.54     27.85    4.55    5.09     10.89   35.13   35.86   197.49   87.52   174.44  107.26 
 131   62.76   25.07     32.57    4.87    4.99     17.21   17.23   15.56     26.20    5.51    5.10     10.76   36.01   35.86   193.76   86.76   171.05  106.72 
 132   62.76   25.11     32.91    4.64    4.99     16.51   18.56   15.58     26.20    5.51    5.10     11.12   34.56   35.85   191.52   86.82   168.64  106.75 
 133   62.76   25.03     31.27    5.42    4.99     15.80   20.12   15.61     26.20    5.51    5.10     10.51   36.66   35.86   184.71   86.38   161.85  106.40 
 134   62.76   25.01     32.03    4.79    4.99     15.55   20.11   15.65     26.20    5.51    5.10     10.38   36.55   35.86   175.23   85.78   152.10  105.92 
 135   62.76   25.21     27.48    7.61    5.01     15.58   20.25   15.68     26.20    5.51    5.11     10.66   34.93   35.86   167.10   83.61   143.84  103.44 
 136   75.13   25.20     29.36    5.76    5.02     16.72   17.58   15.69     27.88    4.56    5.10     10.28   35.27   35.85   155.08   81.75   132.05  101.81 
 137   75.13   25.26     28.37    6.23    5.03     16.04   18.57   15.72     27.88    4.56    5.10     11.09   32.23   35.83   150.08   80.11   126.93   99.81 
 138   75.13   25.36     26.69    7.34    5.04     15.97   17.83   15.73     27.88    4.56    5.10     10.83   31.96   35.80   142.70   79.61   119.51   99.33 
 139   75.13   25.09     27.47    6.73    5.06     16.54   15.75   15.73     27.88    4.56    5.09     10.94   31.00   35.76   135.01   87.79   111.89  107.96 
 140   75.13   25.33     30.06    5.11    5.06     16.73   15.26   15.73     27.88    4.56    5.09     10.99   30.19   35.72   135.81   93.10   112.45  113.22 
 141   92.51   25.43     30.15    5.17    5.06     20.24   10.13   15.69     27.55    4.74    5.09     11.19   29.23   35.68   136.37   97.22   113.50  117.35 
 142   92.51   25.52     29.50    5.64    5.06     17.81   13.50   15.67     27.55    4.74    5.08     10.99   29.91   35.64   139.69   98.36   116.75  118.25 
 143   92.51   26.03     28.96    6.09    5.07     18.11   13.26   15.66     27.55    4.74    5.08     11.21   29.31   35.59   143.76   99.73   120.83  119.61 
 144   92.51   25.78     29.75    5.73    5.07     18.35   13.28   15.64     27.55    4.74    5.08     10.98   30.56   35.56   150.29   98.48   127.59  118.30 
 145   92.51   25.91     30.76    5.34    5.07     18.93   12.72   15.62     27.55    4.74    5.08     10.96   31.50   35.53   158.40   98.56   135.32  118.17 
 146   70.02   25.89     31.51    5.10    5.07     18.86   13.04   15.60     26.54    5.31    5.08     10.92   32.38   35.51   167.19   99.78   144.19  119.76 
 147   70.02   26.14     32.52    4.71    5.07     17.05   16.20   15.61     26.54    5.31    5.08     10.73   33.38   35.49   175.87  101.81   152.27  121.21 
 148   70.02   25.97     32.26    4.98    5.07     16.25   17.99   15.62     26.54    5.31    5.08     10.86   33.11   35.48   181.95  100.52   159.20  120.71 
 149   70.02   26.01     34.00    4.13    5.07     18.29   14.19   15.61     26.54    5.31    5.08     11.30   31.79   35.45   184.47  101.75   161.68  121.50 
 150   70.02   26.07     34.07    4.12    5.06     18.40   14.01   15.60     26.54    5.31    5.08     11.22   31.91   35.43   188.09  100.31   165.57  120.36 
 151   77.70   26.46     34.95    3.71    5.05     18.76   13.45   15.59     26.60    5.28    5.09     11.09   32.55   35.41   187.37   97.78   165.06  118.01 
 152   77.70   26.42     31.16    5.73    5.05     19.69   12.26   15.57     26.60    5.28    5.09     11.38   31.64   35.39   190.04   93.62   167.51  113.60 
 153   77.70   26.42     34.00    4.16    5.05     19.12   13.19   15.55     26.60    5.28    5.09     11.18   32.65   35.37   192.80   92.05   170.64  112.02 
 154   77.70   26.19     34.61    3.88    5.04     19.37   12.82   15.53     26.60    5.28    5.09     11.25   32.75   35.35   191.83   92.28   169.44  112.51 
 155   77.70   26.43     33.54    4.37    5.04     19.58   12.59   15.51     26.60    5.28    5.09     11.09   33.46   35.34   191.39   92.00   168.94  111.86 
 156   79.50   26.41     32.91    4.66    5.03     18.96   13.50   15.50     26.18    5.55    5.09     11.14   33.24   35.32   189.61   92.30   166.83  112.16 
 157   79.50   26.32     32.50    4.75    5.03     14.24   19.66   15.53     26.18    5.55    5.10     10.14   31.29   35.30   184.93   91.57   162.60  111.69 
 158   79.50   26.42     29.48    6.56    5.04     14.07   17.89   15.54     26.18    5.55    5.10      9.48   30.55   35.27   182.00   93.61   159.71  113.83 
 159   79.50   26.39     23.70   12.22    5.09     13.37   18.03   15.56     26.18    5.55    5.10      7.86   33.48   35.26   178.90   92.32   156.80  112.69 
 160   79.50   26.32     30.69    5.23    5.09     11.71   22.89   15.60     26.18    5.55    5.10      6.83   36.02   35.26   162.33   87.11   140.02  107.27 
 161   72.70   26.92     29.04    6.20    5.10     17.47   11.92   15.58     25.40    6.05    5.11      9.84   27.71   35.22   158.47   86.45   136.18  106.82 
 162   72.70   26.43     27.15    7.31    5.11     16.27   13.30   15.57     25.40    6.05    5.12      8.76   30.20   35.18   150.73   86.30   128.26  105.99 
 163   72.70   26.50     27.14    7.07    5.12     14.53   15.62   15.57     25.40    6.05    5.12      9.15   28.55   35.14   142.30   86.23   119.93  105.78 
 164   72.70   26.31     26.72    7.39    5.13     12.77   18.32   15.58     25.40    6.05    5.13      9.15   29.02   35.11   135.94   91.39   113.78  111.62 
 165   72.70   26.47     26.60    7.58    5.15     12.05   19.23   15.61     25.40    6.05    5.13      8.93   29.26   35.07   133.18  103.54   110.79  123.20 
 166   75.27   26.33     26.27    8.00    5.17     20.73    7.02   15.55     25.03    6.27    5.14     10.28   24.20   35.01   132.85  106.73   111.11  126.64 
 167   75.27   26.45     28.81    6.25    5.17     17.65    9.97   15.52     25.03    6.27    5.15      9.86   25.07   34.95   134.58  114.47   111.80  134.15 
 168   75.27   26.50     27.82    7.26    5.19     16.75   11.02   15.49     25.03    6.27    5.15      9.59   25.73   34.89   136.96  117.67   114.81  137.38 
 169   75.27   26.13     28.26    7.08    5.20     16.29   11.75   15.47     25.03    6.27    5.16      9.51   26.17   34.84   142.49  121.31   120.07  140.69 
 170   75.27   26.50     30.69    5.55    5.20     16.21   12.08   15.45     25.03    6.27    5.17      9.19   27.79   34.80   148.80  121.73   126.58  141.27 
 171   74.63   26.42     29.62    6.44    5.21     21.46    6.61   15.40     25.27    6.05    5.17      9.53   27.13   34.75   157.86  121.42   135.98  141.11 
 172   74.63   26.26     31.22    5.48    5.21     19.81    7.99   15.36     25.27    6.05    5.18     10.99   22.68   34.68   162.50  121.86   140.53  141.26 
 173   74.63   26.44     31.53    5.47    5.21     16.90   11.32   15.33     25.27    6.05    5.18     10.12   25.68   34.63   172.11  122.60   149.74  141.54 
 174   74.63   26.36     31.31    5.82    5.21     16.29   12.37   15.32     25.27    6.05    5.19     10.19   25.64   34.58   180.72  122.63   158.48  141.88 
 175   74.63   26.23     30.45    6.57    5.22     16.09   12.60   15.30     25.27    6.05    5.19     10.12   25.96   34.53   189.49  119.91   167.41  139.69 
 176   78.57   26.75     32.94    4.99    5.22     18.22    9.93   15.27     25.27    6.01    5.20     10.75   23.96   34.47   194.64  119.14   172.52  138.65 
 177   78.57   26.45     31.67    5.82    5.22     17.15   11.29   15.25     25.27    6.01    5.20     10.94   23.49   34.41   198.55  115.33   176.44  134.95 
 178   78.57   26.46     32.67    5.19    5.22     17.14   11.36   15.23     25.27    6.01    5.21     10.97   23.22   34.35   199.61  113.88   177.43  133.18 
 179   78.57   26.21     31.19    6.16    5.23     16.30   12.63   15.21     25.27    6.01    5.21     10.93   23.48   34.28   201.75  111.25   179.53  130.25 
 180   78.57   26.51     30.55    6.58    5.24     16.11   12.82   15.20     25.27    6.01    5.21     10.87   23.65   34.23   203.05  108.85   180.87  127.69 
 181   70.20   26.24     30.80    6.33    5.24     17.95   10.87   15.17     24.57    6.47    5.22     11.02   24.34   34.17   203.97  103.06   182.35  122.08 
 182   70.20   26.29     35.40    3.71    5.23     14.92   18.06   15.19     24.57    6.47    5.23     10.62   28.63   34.14   201.60   96.79   178.72  116.20 
 183   70.20   26.37     34.51    4.12    5.23     16.47   16.95   15.20     24.57    6.47    5.24     11.45   29.76   34.12   202.60   94.89   179.62  114.50 
 184   70.20   26.09     34.35    4.19    5.22     17.23   16.15   15.20     24.57    6.47    5.24     11.57   30.69   34.10   202.55   94.01   180.00  113.64 
 185   70.20   26.35     31.47    5.82    5.22     17.72   15.99   15.21     24.57    6.47    5.25     11.57   32.23   34.09   202.60   92.98   179.28  112.40 
 186  103.86   26.54     32.87    4.92    5.22     18.94   14.46   15.21     25.13    6.07    5.25     11.67   33.01   34.08   199.89   92.10   177.53  111.93 
 187  103.86   26.32     32.63    4.93    5.22     20.19   12.77   15.19     25.13    6.07    5.26     11.57   34.23   34.08   197.40   92.09   174.36  111.42 
 188  103.86   26.42     34.06    4.07    5.21     19.43   14.01   15.19     25.13    6.07    5.26     11.46   35.17   34.09   189.41   91.44   166.76  111.10 
 189  103.86   26.33     31.63    5.14    5.21     18.98   14.86   15.18     25.13    6.07    5.27     11.24   36.00   34.10   181.41   90.05   158.55  109.32 
 190  103.86   26.36     32.94    4.39    5.21     18.81   15.09   15.18     25.13    6.07    5.27     11.85   33.74   34.10   177.49   88.66   154.79  108.25 
 191   86.10   26.59     31.61    4.95    5.21     19.79   13.49   15.17     24.50    6.56    5.28     11.55   34.96   34.10   171.27   88.02   148.45  107.61 
 192   86.10   26.49     28.85    6.60    5.22     19.21   14.47   15.17     24.50    6.56    5.28     11.53   34.73   34.10   165.34   85.19   142.49  105.02 
 193   86.10   26.37     29.55    5.84    5.22     18.65   15.36   15.17     24.50    6.56    5.29     11.55   34.12   34.10   158.30   85.52   135.32  104.97 
 194   86.10   26.30     28.24    6.57    5.23     17.81   16.52   15.18     24.50    6.56    5.30     11.59   33.18   34.10   152.67   85.56   129.21  104.83 
 195   86.10   26.37     28.00    6.61    5.23     17.56   16.79   15.19     24.50    6.56    5.30     11.81   32.04   34.09   149.03   84.51   125.68  104.15 
 196  114.33   26.20     26.78    7.37    5.24     18.66   14.22   15.18     24.83    6.35    5.31     11.56   32.05   34.08   142.90   84.51   119.47  104.15 
 197  114.33   26.35     28.49    5.88    5.25     17.23   16.26   15.19     24.83    6.35    5.31     11.40   32.12   34.07   136.05   84.65   112.66  104.74 
 198  114.33   26.32     28.14    6.05    5.25     16.75   17.00   15.20     24.83    6.35    5.32     11.60   31.02   34.05   129.94   86.41   106.84  106.73 
 199  114.33   26.11     27.43    6.54    5.26     17.63   15.29   15.20     24.83    6.35    5.32     11.62   30.82   34.04   129.61   90.84   106.38  111.03 
 200  114.33   26.21     28.34    6.02    5.26     17.12   16.06   15.20     24.83    6.35    5.33     11.30   31.64   34.03   127.38   95.29   104.25  115.47 
 201  102.81   26.47     28.36    6.10    5.27     20.57   10.67   15.18     24.74    6.43    5.33     11.81   29.62   34.00   126.50   97.30   103.53  117.41 
 202  102.81   26.22     28.85    5.84    5.27     18.97   12.72   15.17     24.74    6.43    5.34     11.37   30.69   33.99   128.58  102.27   105.82  122.33 
 203  102.81   26.36     27.76    6.79    5.28     18.68   12.84   15.16     24.74    6.43    5.35     11.13   30.80   33.97   131.36  104.41   108.53  124.47 
 204  102.81   26.18     29.78    5.54    5.28     17.65   14.19   15.15     24.74    6.43    5.35     10.83   31.17   33.96   137.37  106.14   114.48  126.08 
 205  102.81   26.27     27.77    7.20    5.29     17.10   15.24   15.15     24.74    6.43    5.36     10.64   31.60   33.95   144.96  105.42   122.24  125.47 
 206  127.73   26.57     30.36    5.48    5.29     18.84   12.55   15.14     24.44    6.65    5.36     10.63   31.79   33.94   151.91  102.65   129.12  122.74 
 207  127.73   26.52     27.49    7.70    5.30     18.85   12.64   15.13     24.44    6.65    5.37     11.41   29.49   33.91   155.75  102.02   132.98  121.53 
 208  127.73   26.42     30.93    5.39    5.30     18.96   12.43   15.11     24.44    6.65    5.37     10.97   30.69   33.90   164.56  102.61   141.52  122.12 
 209  127.73   26.39     33.05    4.39    5.30     17.13   15.41   15.11     24.44    6.65    5.38     11.02   30.68   33.88   173.99  104.46   151.01  124.02 
 210  127.73   26.50     33.03    4.55    5.29     19.23   12.22   15.10     24.44    6.65    5.39     11.03   31.07   33.87   180.56  104.24   157.72  123.88 
 211   87.02   26.41     32.71    4.85    5.29     18.65   13.10   15.09     24.15    6.87    5.39     10.95   31.68   33.86   185.43  105.05   162.45  124.25 
 212   87.02   26.52     33.26    4.63    5.29     18.15   14.09   15.09     24.15    6.87    5.40     10.96   32.17   33.85   188.56  106.11   166.09  125.89 
 213   87.02   26.51     33.65    4.46    5.28     18.07   14.34   15.08     24.15    6.87    5.41     11.01   32.37   33.84   189.75  106.43   167.18  126.17 
 214   87.02   26.18     33.44    4.58    5.28     17.99   14.70   15.08     24.15    6.87    5.41     10.83   33.53   33.84   190.91  105.78   168.33  125.10 
 215   87.02   26.50     32.00    5.34    5.28     17.67   15.64   15.08     24.15    6.87    5.42     10.92   33.64   33.84   192.72  101.72   169.61  120.72 
 216   97.58   26.65     33.38    4.51    5.28     20.23   11.86   15.07     23.65    7.29    5.43     10.76   34.53   33.85   192.88   95.65   169.93  114.74 
 217   97.58   26.28     34.03    4.22    5.27     19.03   13.73   15.06     23.65    7.29    5.44     11.09   34.05   33.85   194.64   94.56   171.85  113.67 
 218   97.58   26.39     34.75    3.89    5.27     17.27   16.58   15.07     23.65    7.29    5.45     10.83   35.17   33.85   196.43   96.79   173.63  116.07 
 219   97.58   26.20     32.19    5.24    5.26     16.61   18.05   15.08     23.65    7.29    5.46     10.86   34.70   33.86   196.91   95.95   173.35  114.55 
 220   97.58   26.38     32.29    5.10    5.26     16.65   17.87   15.10     23.65    7.29    5.46     10.53   35.81   33.87   192.00   95.31   169.41  114.40 
 221  101.83   26.65     31.56    5.44    5.27     17.57   16.10   15.10     23.79    7.19    5.47     10.59   35.29   33.87   189.25   94.47   165.46  113.14 
 222  101.83   26.38     29.37    6.80    5.27     16.43   18.52   15.12     23.79    7.19    5.48     10.09   37.00   33.89   178.35   92.82   155.76  112.32 
 223  101.83   26.45     29.48    6.44    5.28     15.74   19.76   15.14     23.79    7.19    5.49     10.07   36.69   33.90   171.28   91.28   149.01  110.76 
 224  101.83   26.20     33.07    4.19    5.27     16.23   18.66   15.15     23.79    7.19    5.49     10.68   34.84   33.90   166.22   92.20   143.91  111.57 
 225  101.83   26.53     29.83    5.90    5.28     16.78   17.39   15.16     23.79    7.19    5.50     10.69   34.09   33.90   161.04   91.07   138.83  110.77 
 226  112.18   26.64     31.77    4.61    5.27     18.76   13.83   15.16     23.60    7.36    5.51     10.68   34.29   33.91   154.63   92.26   132.29  111.65 
 227  112.18   26.49     27.77    7.09    5.28     18.37   14.43   15.15     23.60    7.36    5.52     10.72   34.22   33.91   150.10   90.92   127.48  110.65 
 228  112.18   26.45     28.61    6.33    5.28     16.95   16.81   15.16     23.60    7.36    5.53     10.81   33.85   33.91   147.11   91.09   124.20  110.88 
 229  112.18   26.30     30.07    5.21    5.28     17.14   16.26   15.17     23.60    7.36    5.53     10.74   33.96   33.91   142.79   91.63   120.20  111.01 
 230  112.18   26.45     31.77    4.30    5.28     17.27   15.99   15.17     23.60    7.36    5.54     11.05   32.68   33.90   143.00   92.17   120.24  111.42 
 231   97.14   26.41     28.93    5.99    5.28     21.60    9.70   15.15     23.52    7.44    5.55     11.27   31.70   33.89   142.45   91.01   120.13  110.69 
 232   97.14   26.52     33.97    3.35    5.27     20.38   11.14   15.13     23.52    7.44    5.56     11.30   31.85   33.88   143.51   92.60   121.01  112.04 
 233   97.14   26.34     30.07    5.28    5.27     18.88   13.26   15.12     23.52    7.44    5.57     11.29   31.41   33.87   147.21   92.20   124.50  112.00 
 234   97.14   26.44     31.56    4.57    5.27     18.85   13.18   15.11     23.52    7.44    5.58     11.37   30.80   33.86   150.25   92.15   127.75  111.75 
 235   97.14   26.35     30.43    5.29    5.27     19.33   12.62   15.10     23.52    7.44    5.58     11.55   30.53   33.85   155.99   92.10   133.28  111.65 
 236  124.15   26.27     32.90    4.06    5.27     20.42   11.19   15.08     23.79    7.22    5.59     11.55   30.96   33.83   158.71   92.65   135.92  111.86 
 237  124.15   26.28     30.86    5.25    5.27     19.49   12.51   15.07     23.79    7.22    5.60     11.32   32.21   33.83   165.19   92.06   142.36  111.26 
 238  124.15   26.38     31.89    4.82    5.26     19.60   12.33   15.06     23.79    7.22    5.60     11.47   31.77   33.82   170.16   91.14   147.79  111.25 
 239  124.15   26.13     31.93    4.94    5.26     20.31   11.62   15.05     23.79    7.22    5.61     11.23   32.99   33.81   176.56   90.76   154.40  110.89 
 240  124.15   26.30     31.19    5.53    5.26     18.98   13.95   15.04     23.79    7.22    5.62     11.37   33.27   33.81   184.90   90.78   161.80  109.87 
 241  144.19   26.77     34.77    3.73    5.26     21.61   10.40   15.02     23.98    7.08    5.62     11.33   33.95   33.81   188.90   92.23   166.34  112.03 
 242  144.19   26.49     33.34    4.44    5.25     19.25   13.78   15.02     23.98    7.08    5.63     11.51   33.46   33.81   190.24   91.83   167.63  111.72 
 243  144.19   26.51     34.09    4.12    5.25     20.48   11.88   15.01     23.98    7.08    5.64     11.46   33.71   33.81   192.94   95.74   170.23  115.32 
 244  144.19   26.31     33.63    4.48    5.25     18.84   14.22   15.00     23.98    7.08    5.64     11.37   33.92   33.81   193.90  102.92   171.27  122.33 
 245  144.19   26.49     31.75    5.77    5.25     19.53   12.99   14.99     23.98    7.08    5.65     10.77   35.58   33.82   196.46  111.83   174.13  131.47 
 246  157.50   26.82     31.43    6.03    5.25     20.74   11.22   14.98     23.71    7.32    5.65     10.89   34.55   33.82   195.01  115.95   172.91  135.92 
 247  157.50   26.59     33.37    4.70    5.25     20.10   11.90   14.97     23.71    7.32    5.66     10.52   35.49   33.83   190.50  115.32   168.22  135.38 
 248  157.50   26.60     30.93    6.21    5.25     19.23   12.98   14.96     23.71    7.32    5.67     10.80   34.05   33.83   186.46  115.81   163.99  135.36 
 249  157.50   26.44     31.53    5.59    5.26     19.32   12.38   14.95     23.71    7.32    5.67     10.14   34.92   33.83   177.27  118.20   155.34  137.96 
 250  157.50   26.51     29.77    6.62    5.26     20.10   11.04   14.93     23.71    7.32    5.68      9.45   36.49   33.84   167.57  119.97   145.28  139.13 
 251  108.07   26.60     28.48    7.42    5.27     19.79   11.00   14.92     23.47    7.53    5.69      9.16   36.23   33.85   156.23  119.76   133.83  139.80 
 252  108.07   26.55     28.84    6.95    5.28     18.44   12.24   14.91     23.47    7.53    5.69     10.13   32.08   33.85   150.91  119.62   128.17  139.42 
 253  108.07   26.32     30.48    5.69    5.28     17.71   13.04   14.90     23.47    7.53    5.70     10.67   29.90   33.83   147.47  117.75   124.80  137.51 
 254  108.07   26.40     31.16    5.08    5.28     18.40   12.01   14.89     23.47    7.53    5.71     10.04   32.47   33.83   145.67  112.77   123.21  132.35 
 255  108.07   26.37     30.20    5.57    5.28     19.42   10.79   14.87     23.47    7.53    5.72     10.46   30.96   33.81   144.75  106.80   122.06  126.55 
 256  135.86   26.25     30.69    5.17    5.28     20.27   10.37   14.85     23.58    7.43    5.72     10.72   31.49   33.80   144.80  103.41   122.14  123.26 
 257  135.86   26.31     28.54    6.59    5.28     19.07   12.31   14.84     23.58    7.43    5.73     10.95   31.59   33.80   144.40  100.53   121.81  120.56 
 258  135.86   26.34     30.43    5.19    5.28     19.80   11.45   14.83     23.58    7.43    5.74     11.08   31.38   33.79   144.90   98.04   122.28  118.07 
 259  135.86   26.18     28.56    6.44    5.29     19.81   11.61   14.82     23.58    7.43    5.74     11.48   30.24   33.77   145.15   96.44   122.66  116.35 
 260  135.86   26.34     30.32    5.17    5.29     20.14   11.40   14.81     23.58    7.43    5.75     11.22   31.87   33.77   145.25   93.62   122.13  113.20 
 261  179.61   26.92     31.03    4.79    5.28     21.01   10.57   14.79     23.63    7.38    5.76     11.54   31.39   33.76   146.61   92.29   123.77  112.07 
 262  179.61   26.57     30.34    5.26    5.28     21.12   10.63   14.77     23.63    7.38    5.76     11.65   31.37   33.75   150.47   91.78   127.45  111.31 
 263  179.61   26.52     31.52    4.62    5.28     21.42   10.33   14.76     23.63    7.38    5.77     11.58   31.70   33.74   154.23   89.44   131.05  108.80 
 264  179.61   26.43     30.86    5.11    5.28     20.55   11.29   14.74     23.63    7.38    5.77     11.52   31.83   33.73   161.40   87.83   138.39  107.45 
 265  179.61   26.51     29.77    5.91    5.28     20.64   10.99   14.73     23.63    7.38    5.78     11.89   30.08   33.72   165.27   87.56   142.13  107.14 
 266  167.18   26.54     32.94    4.22    5.28     18.66   13.49   14.72     23.52    7.48    5.79     11.59   30.69   33.71   171.57   87.24   148.19  106.50 
 267  167.18   26.57     31.06    5.40    5.28     18.64   13.55   14.72     23.52    7.48    5.79     11.40   30.69   33.70   180.27   85.61   156.84  104.93 
 268  167.18   26.70     30.92    5.63    5.28     18.42   13.77   14.72     23.52    7.48    5.80     11.53   30.25   33.68   184.95   85.19   161.48  104.38 
 269  167.18   26.41     33.77    4.12    5.28     18.28   14.04   14.71     23.52    7.48    5.81     11.35   31.07   33.67   188.27   85.19   165.17  105.12 
 270  167.18   26.57     33.23    4.46    5.27     17.05   16.36   14.72     23.52    7.48    5.81     11.30   31.32   33.66   191.04   84.79   168.28  105.04 
 271  155.55   26.90     34.65    3.81    5.27     20.34   11.16   14.71     23.24    7.73    5.82     11.46   30.94   33.65   192.78   86.20   169.44  105.95 
 272  155.55   26.57     34.26    4.04    5.26     17.50   15.82   14.71     23.24    7.73    5.83     11.46   30.82   33.64   195.66   85.65   172.73  105.36 
 273  155.55   26.36     31.63    5.47    5.26     17.17   16.41   14.72     23.24    7.73    5.83     11.51   30.58   33.63   197.05   84.50   174.13  104.06 
 274  155.55   26.46     35.21    3.59    5.26     17.19   16.28   14.72     23.24    7.73    5.84     11.51   30.64   33.62   196.70   83.51   173.68  103.09 
 275  155.55   26.33     33.87    4.19    5.25     16.95   16.72   14.73     23.24    7.73    5.85     11.44   30.93   33.61   196.50   82.90   173.78  102.45 
 276  167.84   26.37     34.21    4.09    5.25     19.74   12.01   14.72     23.52    7.49    5.85     11.57   30.27   33.60   198.49   83.11   175.33  103.13 
 277  167.84   26.35     34.68    3.90    5.25     18.63   13.54   14.72     23.52    7.49    5.86     11.34   30.88   33.59   199.20   83.58   176.20  103.52 
 278  167.84   26.54     32.79    4.78    5.24     17.49   15.40   14.72     23.52    7.49    5.86     11.56   29.65   33.58   199.91   81.42   177.14  101.51 
 279  167.84   26.22     31.50    5.46    5.24     16.42   16.83   14.73     23.52    7.49    5.87     11.19   30.67   33.57   196.41   80.35   173.55  100.52 
 280  167.84   26.42     32.49    4.81    5.24     16.58   16.35   14.73     23.52    7.49    5.88     11.10   30.87   33.56   192.56   81.80   169.99  101.86 
 281  176.93   26.46     30.32    5.96    5.25     15.87   17.70   14.74     23.31    7.68    5.88     11.00   31.05   33.55   187.46   81.38   163.85  100.93 
 282  176.93   26.39     31.44    5.17    5.25     15.64   18.13   14.75     23.31    7.68    5.89     11.03   30.86   33.54   182.36   81.87   158.89  101.44 
 283  176.93   26.60     28.36    6.97    5.25     15.35   18.59   14.77     23.31    7.68    5.90     10.99   31.08   33.53   173.49   81.65   149.94  101.21 
 284  176.93   26.30     29.82    5.71    5.25     15.67   18.30   14.78     23.31    7.68    5.90     11.03   30.84   33.52   165.48   80.73   142.10  100.58 
 285  176.93   26.60     31.26    4.67    5.25     16.04   18.08   14.79     23.31    7.68    5.91     11.13   30.87   33.51   155.58   82.80   132.50  102.32 
 286  192.12   26.44     28.55    6.18    5.25     17.58   15.34   14.79     23.14    7.83    5.91     11.07   31.80   33.50   148.91   83.93   126.28  103.43 
 287  192.12   26.56     30.72    4.68    5.25     16.05   18.11   14.81     23.14    7.83    5.92     11.37   31.10   33.50   140.96   82.82   118.60  103.27 
 288  192.12   26.61     31.04    4.42    5.25     16.65   17.09   14.81     23.14    7.83    5.93     11.72   30.15   33.48   138.46   81.39   116.29  101.67 
 289  192.12   26.40     29.42    5.18    5.25     17.09   16.79   14.82     23.14    7.83    5.93     11.89   30.66   33.47   134.22   80.09   111.81   99.92 
 290  192.12   26.57     27.36    6.45    5.25     17.42   16.92   14.83     23.14    7.83    5.94     12.16   30.87   33.47   132.32   78.58   109.85   97.94 
 291  200.41   26.32     29.42    5.00    5.25     20.16   12.73   14.82     23.27    7.72    5.95     12.01   32.28   33.46   130.29   78.65   108.03   97.86 
 292  200.41   26.68     29.92    4.69    5.25     18.25   16.13   14.82     23.27    7.72    5.95     12.27   31.85   33.46   129.64   78.98   107.81   98.31 
 293  200.41   26.81     26.62    6.89    5.26     19.76   13.73   14.82     23.27    7.72    5.96     12.14   32.63   33.45   130.37   78.70   108.16   97.65 
 294  200.41   26.47     27.23    6.40    5.26     20.03   13.32   14.82     23.27    7.72    5.96     12.17   32.67   33.45   131.28   79.81   108.92   98.76 
 295  200.41   26.33     29.70    4.88    5.26     19.03   15.01   14.82     23.27    7.72    5.97     12.08   33.23   33.45   130.88   80.55   108.60   99.36 
 296  203.84   26.32     28.07    6.04    5.26     19.00   15.41   14.82     22.90    8.08    5.98     12.03   33.73   33.45   135.50   80.31   113.20   99.21 
 297  203.84   26.37     28.22    6.03    5.26     16.61   20.97   14.84     22.90    8.08    5.99     11.54   36.49   33.46   141.76   80.65   119.49   99.74 
 298  203.84   26.40     30.78    4.83    5.26     15.93   23.39   14.87     22.90    8.08    5.99     10.98   39.77   33.48   152.27   79.49   130.12   98.40 
 299  203.84   26.26     29.15    6.18    5.27     16.40   22.10   14.89     22.90    8.08    6.00     11.08   40.57   33.51   164.87   77.58   142.81   96.87 
 300  203.84   26.37     30.47    5.50    5.27     16.47   21.77   14.92     22.90    8.08    6.01     11.67   37.94   33.52   169.43   77.17   147.36   96.52 
 301  206.84   26.66     31.07    5.34    5.27     17.70   18.78   14.93     23.08    7.96    6.01     11.29   39.47   33.54   177.03   75.98   155.24   96.11 
 302  206.84   26.40     30.54    5.90    5.27     16.57   21.34   14.95     23.08    7.96    6.02     11.12   40.06   33.56   187.05   76.60   165.03   96.72 
 303  206.84   26.61     31.96    5.13    5.27     16.89   20.79   14.97     23.08    7.96    6.03     11.50   38.56   33.58   193.91   76.95   171.71   97.16 
 304  206.84   26.29     30.71    6.02    5.27     17.46   19.78   14.98     23.08    7.96    6.03     10.79   42.81   33.61   194.26   82.49   172.18  102.84 
 305  206.84   26.57     30.19    6.60    5.28     17.56   19.92   15.00     23.08    7.96    6.04     10.13   47.22   33.65   193.96   93.23   171.91  113.82 
 306  234.19   26.50     30.66    6.48    5.28     21.74   12.35   14.99     23.00    8.08    6.04     10.96   42.79   33.68   196.98  100.76   175.18  121.56 
 307  234.19   26.62     30.29    6.88    5.28     17.88   19.15   15.01     23.00    8.08    6.05      9.62   49.07   33.73   197.46  113.03   175.35  133.93 
 308  234.19   26.63     30.65    6.67    5.29     16.31   23.09   15.03     23.00    8.08    6.06      9.99   46.52   33.77   194.52  120.60   172.24  141.13 
 309  234.19   26.49     31.57    5.96    5.29     14.85   27.35   15.07     23.00    8.08    6.06     10.15   45.90   33.81   190.87  123.05   168.55  143.67 
 310  234.19   26.63     30.99    6.22    5.29     15.33   25.70   15.11     23.00    8.08    6.07      9.58   48.09   33.86   180.02  124.95   158.47  145.78 
 311  143.45   26.48     30.02    6.84    5.30     20.04   14.69   15.10     22.70    8.41    6.08     10.73   42.51   33.89   174.92  126.30   153.02  146.79 
 312  143.45   26.58     28.40    7.82    5.31     19.54   15.14   15.10     22.70    8.41    6.09      8.98   48.52   33.93   160.90  128.27   138.95  148.57 
 313  143.45   26.36     29.77    6.41    5.31     18.37   16.61   15.11     22.70    8.41    6.09      9.21   46.75   33.98   147.25  129.09   125.17  149.21 
 314  143.45   26.44     28.27    7.40    5.32     18.27   16.50   15.11     22.70    8.41    6.10      9.69   44.16   34.01   137.31  129.28   115.09  149.39 
 315  143.45   26.40     26.97    8.26    5.33     18.52   15.84   15.12     22.70    8.41    6.11      9.94   43.56   34.04   128.94  126.68   106.56  146.69 
 316  125.86   26.55     27.36    7.48    5.33     20.41   12.70   15.11     22.74    8.40    6.12     10.23   42.91   34.07   124.96  118.33   102.40  138.06 
 317  125.86   26.39     28.57    6.33    5.34     19.92   13.46   15.10     22.74    8.40    6.12     11.01   38.29   34.08   125.32  112.99   102.86  132.77 
 318  125.86   26.40     26.91    7.38    5.34     18.34   15.95   15.11     22.74    8.40    6.13     10.49   39.93   34.10   126.07  103.82   103.52  123.65 
 319  125.86   26.31     28.22    6.16    5.35     17.35   17.43   15.11     22.74    8.40    6.14     10.82   37.03   34.11   126.90   98.92   104.16  118.70 
 320  125.86   26.44     28.69    5.90    5.35     17.76   16.39   15.12     22.74    8.40    6.14     11.07   35.04   34.11   130.37   97.13   108.31  116.89 
 321  125.25   26.59     28.80    5.94    5.35     19.29   13.68   15.11     22.54    8.62    6.15     11.03   34.65   34.11   137.12   94.47   114.78  114.05 
 322  125.25   26.40     31.48    4.56    5.35     18.05   15.75   15.11     22.54    8.62    6.16     10.82   35.30   34.12   144.78   93.24   122.51  112.57 
 323  125.25   26.57     27.46    7.39    5.35     17.66   16.79   15.12     22.54    8.62    6.17     11.42   33.57   34.11   153.17   91.00   130.88  110.44 
 324  125.25   26.29     30.08    5.81    5.35     17.62   16.58   15.12     22.54    8.62    6.17     10.90   35.82   34.12   163.37   92.72   140.91  111.72 
 325  125.25   26.59     29.77    6.36    5.36     18.75   14.54   15.12     22.54    8.62    6.18     10.54   37.52   34.13   175.05   92.27   152.58  111.18 
 326  119.41   26.64     29.04    7.28    5.36     20.18   12.38   15.11     22.46    8.71    6.19     10.60   37.36   34.14   188.16   92.19   165.28  111.01 
 327  119.41   26.64     31.54    5.61    5.36     18.79   14.40   15.11     22.46    8.71    6.20     10.94   35.61   34.14   195.83   93.00   172.63  111.66 
 328  119.41   26.66     34.23    4.20    5.36     16.23   19.05   15.12     22.46    8.71    6.21     11.22   34.07   34.14   201.90   92.94   178.47  111.39 
 329  119.41   26.53     31.25    5.97    5.36     16.82   17.61   15.13     22.46    8.71    6.21     11.22   33.45   34.14   202.80   92.50   179.57  111.28 
 330  119.41   26.70     35.14    3.83    5.36     17.22   16.42   15.14     22.46    8.71    6.22     11.28   32.96   34.14   202.70   96.10   179.41  114.69 
 331  141.46   26.40     34.35    4.29    5.35     18.97   13.23   15.13     22.49    8.68    6.23     10.65   35.47   34.14   202.84  103.55   179.87  122.57 
 332  141.46   26.60     32.03    5.73    5.36     17.26   16.03   15.13     22.49    8.68    6.24     10.38   35.91   34.15   203.43  110.32   180.66  129.43 
 333  141.46   26.22     32.77    5.23    5.36     17.02   16.51   15.14     22.49    8.68    6.24     10.55   34.07   34.15   200.64  113.16   177.77  132.39 
 334  141.46   26.45     29.78    7.23    5.36     16.59   17.68   15.14     22.49    8.68    6.25     10.11   35.17   34.15   194.12  114.39   171.44  133.67 
 335  141.46   26.43     30.04    6.90    5.37     17.47   16.29   15.15     22.49    8.68    6.26     10.43   35.05   34.15   188.10  114.97   165.77  134.32 
 336  181.87   26.26     32.97    4.70    5.36     16.77   18.13   15.16     22.77    8.41    6.26      9.40   38.63   34.17   177.96  115.82   155.85  134.93 
 337  181.87   26.34     33.97    4.04    5.36     17.34   17.37   15.16     22.77    8.41    6.27      9.62   38.82   34.18   166.05  115.29   144.44  134.73 
 338  181.87   26.43     32.27    4.76    5.36     18.69   14.94   15.16     22.77    8.41    6.28     10.19   38.06   34.19   159.01  115.02   137.23  134.47 
 339  181.87   26.32     29.79    6.21    5.36     18.60   15.03   15.16     22.77    8.41    6.28     10.24   38.41   34.20   152.96  114.36   131.28  134.09 
 340  181.87   26.39     30.03    5.95    5.36     18.88   14.49   15.16     22.77    8.41    6.29     10.70   36.87   34.21   152.12  113.70   130.48  133.13 
 341  191.68   26.61     30.77    5.33    5.36     20.11   12.47   15.15     22.95    8.26    6.29     10.43   37.54   34.22   148.45  109.06   126.80  128.65 
 342  191.68   26.44     29.77    5.88    5.36     18.82   14.45   15.15     22.95    8.26    6.30     10.85   35.83   34.23   147.77  104.03   125.74  123.44 
 343  191.68   26.65     30.89    5.06    5.36     20.09   12.56   15.14     22.95    8.26    6.31     11.26   34.45   34.23   147.86  101.24   125.85  120.69 
 344  191.68   26.31     31.23    4.85    5.36     20.57   11.97   15.13     22.95    8.26    6.31     11.61   33.29   34.22   149.15   99.45   127.01  118.95 
 345  191.68   26.65     28.56    6.66    5.36     21.67   10.81   15.12     22.95    8.26    6.32     11.76   33.21   34.22   153.67   94.61   131.04  114.35 
 346  234.44   26.47     28.07    7.06    5.37     21.46   11.24   15.11     22.71    8.50    6.32     12.25   32.05   34.22   156.26   93.14   133.43  112.82 
 347  234.44   26.70     30.85    5.25    5.37     21.60   11.34   15.10     22.71    8.50    6.33     11.73   34.69   34.22   162.70   90.62   139.96  110.45 
 348  234.44   26.68     30.10    6.01    5.37     20.07   13.75   15.09     22.71    8.50    6.34     11.70   35.62   34.22   172.28   90.20   149.53  109.79 
 349  234.44   26.51     30.28    6.16    5.37     19.02   15.89   15.10     22.71    8.50    6.34     11.68   36.09   34.23   181.51   91.57   158.77  110.59 
 350  234.44   26.63     29.55    6.87    5.38     19.05   15.97   15.10     22.71    8.50    6.35     11.89   35.74   34.23   189.50   89.88   166.51  109.03 
 351  232.30   26.20     34.34    3.99    5.37     19.35   15.58   15.10     22.73    8.51    6.35     11.89   36.36   34.24   193.83   89.34   171.06  108.41 
 352  232.30   26.66     33.28    4.53    5.37     18.97   16.29   15.10     22.73    8.51    6.36     12.14   35.70   34.24   194.17   90.76   171.44  109.58 
 353  232.30   26.35     35.69    3.49    5.37     18.65   16.70   15.11     22.73    8.51    6.37     11.86   36.48   34.25   194.99   96.82   172.15  115.66 
 354  232.30   26.42     33.54    4.53    5.36     17.93   17.90   15.12     22.73    8.51    6.37     11.69   36.50   34.25   193.04  102.52   170.47  121.36 
 355  232.30   26.34     35.82    3.40    5.36     17.35   18.79   15.13     22.73    8.51    6.38     12.19   34.10   34.25   189.24  103.35   166.79  122.34 
 356  233.15   26.28     32.72    4.77    5.36     18.65   15.82   15.13     22.70    8.57    6.39     12.20   33.20   34.25   182.83  103.28   160.38  122.34 
 357  233.15   26.34     30.07    6.20    5.36     18.82   14.98   15.13     22.70    8.57    6.39     11.84   33.42   34.25   174.25  102.02   151.49  121.11 
 358  233.15   26.39     32.71    4.48    5.36     18.90   14.79   15.13     22.70    8.57    6.40     12.13   32.01   34.24   168.53  102.73   145.67  121.70 
 359  233.15   26.19     29.54    6.07    5.36     17.74   16.57   15.13     22.70    8.57    6.40     11.06   34.59   34.24   156.40  100.09   133.53  119.36 
 360  233.15   26.41     29.62    5.80    5.36     18.87   14.03   15.13     22.70    8.57    6.41     11.78   31.53   34.23   147.90  100.32   125.28  119.77 
 361  229.29   26.54     28.88    6.16    5.36     18.86   13.60   15.12     22.46    8.82    6.42     12.04   29.93   34.22   142.70  100.37   120.10  119.77 
 362  229.29   26.50     30.04    5.22    5.36     18.45   13.73   15.12     22.46    8.82    6.42     11.94   29.46   34.21   136.91   98.14   113.79  117.55 
 363  229.29   26.55     30.36    4.93    5.36     18.64   13.15   15.12     22.46    8.82    6.43     12.05   28.36   34.19   133.91   99.15   111.88  119.53 
 364  229.29   26.36     30.60    4.86    5.36     19.28   12.06   15.11     22.46    8.82    6.44     11.98   28.22   34.18   131.96   99.89   109.74  120.39 
 365  229.29   26.60     27.77    6.92    5.36     18.39   13.03   15.10     22.46    8.82    6.44     11.86   27.88   34.16   133.13  104.33   110.84  124.71 
 366  235.02   26.54     31.51    4.54    5.36     17.33   14.39   15.10     22.49    8.79    6.45     11.29   29.13   34.15   132.51  107.74   110.13  127.82 
 367  235.02   26.46     29.45    5.86    5.36     17.93   13.07   15.09     22.49    8.79    6.46     10.92   29.49   34.13   135.95  108.61   113.84  129.13 
 368  235.02   26.46     29.76    5.80    5.36     17.41   13.58   15.09     22.49    8.79    6.46     10.59   29.81   34.12   140.95  108.23   118.40  128.23 
 369  235.02   26.28     29.23    6.25    5.37     17.43   13.50   15.09     22.49    8.79    6.47     10.83   28.82   34.11   145.04  108.49   122.44  128.51 
 370  235.02   26.44     29.36    6.39    5.37     17.22   13.89   15.08     22.49    8.79    6.47     10.32   30.20   34.10   154.47  108.47   131.52  128.18 
 371  278.77   26.18     29.51    6.52    5.37     17.75   13.10   15.08     22.49    8.77    6.48     10.78   28.84   34.08   162.92  108.07   140.43  128.37 
 372  278.77   26.43     29.52    6.77    5.38     17.04   14.03   15.07     22.49    8.77    6.49     10.62   29.02   34.07   172.15  108.18   149.39  128.00 
 373  278.77   26.24     31.36    5.65    5.38     15.64   16.55   15.08     22.49    8.77    6.49     10.73   28.65   34.05   180.98  108.85   158.48  129.09 
 374  278.77   26.37     32.84    4.91    5.38     15.68   16.40   15.08     22.49    8.77    6.50     10.75   28.83   34.04   185.44  109.36   163.01  129.52 
 375  278.77   26.18     31.16    6.00    5.38     16.79   14.71   15.08     22.49    8.77    6.50     11.08   28.19   34.03   189.51  108.18   166.68  128.23 
 376  256.14   26.41     31.63    5.70    5.38     17.54   13.87   15.08     22.32    8.93    6.51     11.20   28.84   34.01   191.89  107.65   168.38  126.72 
 377  256.14   26.27     32.18    5.28    5.38     17.99   13.63   15.07     22.32    8.93    6.52     10.95   30.69   34.00   192.37  102.59   169.03  121.62 
 378  256.14   26.48     31.64    5.63    5.38     19.53   11.65   15.06     22.32    8.93    6.52     11.11   30.01   33.99   196.47   98.45   173.48  117.56 
 379  256.14   26.11     35.61    3.56    5.37     17.46   14.64   15.06     22.32    8.93    6.53     11.36   29.49   33.98   196.63   97.13   173.66  116.35 
 380  256.14   26.47     31.58    5.59    5.37     18.00   14.01   15.06     22.32    8.93    6.54     11.16   30.44   33.97   196.64   95.88   173.84  115.07 
 381  224.78   26.31     31.83    5.40    5.37     18.90   12.62   15.05     22.32    8.93    6.54     11.43   29.78   33.96   193.78   95.75   170.77  114.74 
 382  224.78   26.49     31.30    5.58    5.37     18.72   13.18   15.05     22.32    8.93    6.55     10.95   31.76   33.95   189.14   93.04   166.42  112.39 
 383  224.78   26.53     31.98    4.95    5.37     19.67   12.03   15.04     22.32    8.93    6.56     10.15   35.26   33.96   178.44   92.20   155.23  111.46 
 384  224.78   26.33     26.97    8.64    5.38     20.68   11.17   15.03     22.32    8.93    6.56     10.74   34.51   33.96   171.16   91.23   147.73  110.16 
 385  224.78   26.47     28.06    7.05    5.39     19.79   13.16   15.03     22.32    8.93    6.57     10.09   38.56   33.97   161.02   89.53   137.66  108.60 
 386  254.20   26.37     28.40    6.51    5.39     18.94   15.63   15.03     22.30    8.95    6.57     10.39   40.32   33.99   150.55   88.62   127.51  107.81 
 387  254.20   26.39     32.97    3.74    5.38     18.64   16.61   15.03     22.30    8.95    6.58     11.81   36.34   33.99   143.45   89.29   120.75  108.50 
 388  254.20   26.47     30.11    4.97    5.38     19.37   15.81   15.03     22.30    8.95    6.59     11.51   39.05   34.01   135.13   87.67   112.62  107.11 
 389  254.20   26.31     27.27    6.62    5.39     18.59   17.05   15.04     22.30    8.95    6.59     11.80   37.20   34.01   128.31   86.24   105.70  105.97 
 390  254.20   26.45     28.03    6.03    5.39     17.88   17.58   15.05     22.30    8.95    6.60     12.15   34.16   34.01   126.43   89.32   103.90  109.03 
 391  281.32   26.18     29.64    5.07    5.39     19.40   13.80   15.04     22.39    8.88    6.60     12.05   32.48   34.01   125.70   93.38   102.89  112.70 
 392  281.32   26.49     31.12    4.40    5.39     18.81   13.86   15.04     22.39    8.88    6.61     12.00   30.78   34.00   126.65   98.09   103.84  117.45 
 393  281.32   26.21     29.86    5.09    5.38     18.26   14.50   15.04     22.39    8.88    6.62     12.01   30.12   33.99   127.52   99.95   104.77  119.57 
 394  281.32   26.29     29.54    5.51    5.38     18.98   13.14   15.03     22.39    8.88    6.62     11.72   30.71   33.98   131.29  101.74   108.40  121.44 
 395  281.32   26.22     29.54    5.70    5.39     19.54   12.67   15.03     22.39    8.88    6.63     11.31   32.86   33.98   137.96  103.18   115.13  123.06 
 396  270.68   28.06     31.82    4.59    5.38     20.18   12.34   15.02     22.37    8.90    6.63     11.06   34.84   33.98   145.51  104.78   122.87  124.63 
 397  270.68   29.17     32.83    4.24    5.38     18.42   15.74   15.02     22.37    8.90    6.64     11.34   35.02   33.99   155.51  104.68   133.08  124.54 
 398  270.68   28.32     31.40    5.13    5.38     18.75   15.39   15.02     22.37    8.90    6.64     12.56   31.20   33.98   161.31  104.37   138.96  124.52 
 399  270.68   28.34     35.14    3.47    5.38     18.89   15.28   15.02     22.37    8.90    6.65     11.50   34.84   33.98   172.99  105.29   150.28  124.78 
 400  270.68   28.50     33.63    4.34    5.37     18.81   15.07   15.02     22.37    8.90    6.66     11.86   32.62   33.98   184.47  105.54   161.70  124.62 
 401  295.76   28.13     33.86    4.35    5.37     18.68   14.73   15.02     22.03    9.27    6.66     12.12   30.79   33.97   192.58  105.22   169.60  124.61 
 402  295.76   29.33     33.56    4.60    5.37     18.16   15.31   15.02     22.03    9.27    6.67     12.48   29.18   33.96   196.86  105.89   174.19  125.46 
 403  295.76   27.93     32.52    5.24    5.37     17.53   16.29   15.03     22.03    9.27    6.67     12.59   28.69   33.95   200.32  106.41   177.71  125.78 
 404  295.76   29.36     34.65    4.14    5.36     18.86   13.99   15.02     22.03    9.27    6.68     12.54   28.73   33.93   202.00  108.38   179.23  127.77 
 405  295.76   28.03     36.21    3.45    5.36     18.35   14.81   15.02     22.03    9.27    6.69     12.47   29.14   33.92   201.01  107.71   178.73  127.20 
 406  285.12   26.43     33.20    4.86    5.36     20.91   11.00   15.01     22.22    9.09    6.69     12.49   28.96   33.91   200.50  104.43   177.96  124.07 
 407  285.12   26.45     30.46    6.60    5.36     20.27   11.74   15.01     22.22    9.09    6.70     12.18   29.88   33.90   195.93  100.97   173.65  120.99 
 408  285.12   26.37     32.09    5.28    5.36     20.08   12.05   15.00     22.22    9.09    6.71     12.16   30.03   33.89   192.62   97.06   170.17  116.89 
 409  285.12   26.26     32.45    4.86    5.36     18.87   14.04   15.00     22.22    9.09    6.71     11.54   32.35   33.89   185.20   93.39   162.57  112.98 
 410  285.12   26.40     32.62    4.64    5.36     19.52   13.21   14.99     22.22    9.09    6.72     12.33   29.92   33.88   181.22   90.70   158.64  110.48 
 411  280.44   26.17     31.66    4.88    5.36     18.18   15.59   14.99     22.18    9.13    6.72     11.51   33.02   33.87   168.86   87.52   146.95  106.97 
 412  280.44   26.50     28.97    6.39    5.36     17.92   16.33   15.00     22.18    9.13    6.73     11.99   31.62   33.87   163.83   85.85   141.76  105.67 
 413  280.44   26.20     28.42    6.52    5.36     18.87   14.82   15.00     22.18    9.13    6.73     11.74   32.48   33.86   154.55   85.48   132.27  105.28 
 414  280.44   26.31     30.49    4.93    5.36     18.75   14.77   15.00     22.18    9.13    6.74     11.91   31.92   33.86   146.07   86.01   123.87  105.65 
 415  280.44   26.30     30.73    4.58    5.36     17.79   16.15   15.00     22.18    9.13    6.75     11.98   31.41   33.85   138.03   83.62   115.59  103.11 
 416  261.24   26.32     29.62    5.14    5.36     19.95   12.38   14.99     22.18    9.14    6.75     12.52   29.33   33.84   135.55   83.15   112.69  102.21 
 417  261.24   26.32     29.69    5.07    5.36     20.08   12.19   14.99     22.18    9.14    6.76     12.29   30.07   33.83   132.07   83.56   109.56  102.93 
 418  261.24   26.46     30.03    4.91    5.36     21.12   10.76   14.98     22.18    9.14    6.76     12.31   30.09   33.83   132.34   87.82   109.70  107.69 
 419  261.24   26.12     29.60    5.31    5.36     21.44   10.27   14.96     22.18    9.14    6.77     12.15   30.42   33.82   132.69   92.04   110.21  111.99 
 420  261.24   26.45     29.24    5.69    5.36     19.80   12.32   14.96     22.18    9.14    6.77     11.60   31.93   33.81   135.26   95.35   112.98  115.35 
 421  281.77   26.54     29.49    5.70    5.36     20.05   11.99   14.95     22.08    9.25    6.78     11.55   31.85   33.81   141.62   97.83   119.28  117.74 
 422  281.77   26.46     29.09    6.10    5.36     20.55   11.37   14.94     22.08    9.25    6.79     12.00   30.28   33.80   145.92   99.37   123.47  119.13 
 423  281.77   26.46     30.97    5.11    5.36     21.73    9.91   14.93     22.08    9.25    6.79     11.51   31.95   33.80   152.85  101.37   130.39  121.12 
 424  281.77   26.32     32.90    4.28    5.36     19.52   12.74   14.93     22.08    9.25    6.80     11.29   32.64   33.79   161.97  103.68   139.44  123.39 
 425  281.77   26.49     25.26   10.56    5.37     18.12   14.90   14.93     22.08    9.25    6.80     11.15   32.92   33.79   173.27  102.30   150.62  122.07 
 426  269.75   26.30     32.75    4.75    5.37     19.50   12.77   14.92     22.03    9.30    6.81     11.56   31.59   33.79   182.08  102.96   159.59  122.59 
 427  269.75   26.46     32.22    5.14    5.37     20.94   10.87   14.91     22.03    9.30    6.82     11.89   30.64   33.78   186.37  103.07   164.09  122.61 
 428  269.75   26.41     33.27    4.71    5.37     19.86   12.34   14.90     22.03    9.30    6.82     11.54   31.80   33.77   193.79  103.47   171.29  123.33 
 429  269.75   26.28     34.65    4.15    5.36     17.89   15.56   14.91     22.03    9.30    6.83     11.49   32.05   33.77   200.84  104.60   178.28  124.09 
 430  269.75   26.46     33.20    4.91    5.36     17.95   15.52   14.91     22.03    9.30    6.83     11.71   31.58   33.76   203.20  103.61   180.92  123.30 
 431  251.77   26.31     33.73    4.62    5.36     20.48   11.67   14.90     22.19    9.14    6.84     11.83   31.38   33.76   203.49  103.61   181.04  123.19 
 432  251.77   26.39     35.43    3.76    5.36     20.88   11.25   14.89     22.19    9.14    6.84     11.83   31.74   33.75   203.39  101.03   181.09  120.49 
 433  251.77   26.27     34.48    4.21    5.35     20.35   12.05   14.89     22.19    9.14    6.85     11.91   31.61   33.75   203.05   98.89   180.41  118.09 
 434  251.77   26.17     33.27    4.77    5.35     19.25   13.87   14.88     22.19    9.14    6.85     11.80   32.21   33.75   204.35   94.61   181.48  113.62 
 435  251.77   26.31     33.08    4.87    5.35     18.41   15.36   14.88     22.19    9.14    6.86     11.97   31.93   33.74   203.93   92.89   181.76  112.33 
 436  221.16   26.48     35.40    3.70    5.35     18.62   13.94   14.88     22.04    9.30    6.86     12.03   29.16   33.73   204.52   90.20   182.26  109.90 
 437  221.16   26.32     36.53    3.24    5.34     16.17   15.95   14.88     22.04    9.30    6.87     11.90   25.43   33.71   204.12   87.68   182.31  107.37 
 438  221.16   26.29     39.22    2.37    5.34     14.61   17.92   14.89     22.04    9.30    6.88     11.21   25.86   33.69   203.94   86.25   181.24  105.59 
 439  221.16   26.19     37.77    2.80    5.33     14.21   18.51   14.90     22.04    9.30    6.88     10.83   26.88   33.68   206.46   84.83   184.25  103.88 
 440  221.16   26.31     35.62    3.60    5.33     14.30   18.08   14.91     22.04    9.30    6.89     10.40   27.97   33.67   208.20   84.48   185.64  103.51 
 441  270.26   26.35     34.62    4.02    5.32     18.51   11.08   14.90     21.90    9.44    6.89     10.55   27.57   33.65   207.92   85.55   185.45  104.36 
 442  270.26   26.79     33.81    4.40    5.32     18.05   11.61   14.89     21.90    9.44    6.90     10.75   26.77   33.64   207.69   85.36   185.19  104.20 
 443  270.26   26.43     34.42    4.02    5.32     16.33   14.37   14.89     21.90    9.44    6.90     10.12   27.99   33.62   203.75   81.96   181.46  100.78 
 444  270.26   26.14     34.65    3.89    5.32     15.73   15.57   14.89     21.90    9.44    6.91     10.51   27.39   33.61   202.99   79.36   180.82   98.35 
 445  270.26   26.33     36.97    2.98    5.31     15.83   15.42   14.89     21.90    9.44    6.92     10.06   29.70   33.60   202.78   80.35   180.17   98.73 
 446  248.70   26.22     35.76    3.42    5.31     19.38   10.16   14.88     21.83    9.50    6.92     10.14   29.15   33.59   203.19   81.03   180.70   99.25 
 447  248.70   26.37     35.52    3.51    5.30     18.74   10.89   14.87     21.83    9.50    6.93     10.21   28.61   33.58   202.81   80.97   180.35   99.42 
 448  248.70   26.33     33.91    4.22    5.30     17.95   12.06   14.87     21.83    9.50    6.93     10.35   28.23   33.57   203.15   79.47   180.79   97.72 
 449  248.70   26.20     32.49    4.93    5.30     17.53   12.61   14.86     21.83    9.50    6.94     10.13   29.17   33.56   200.87   80.43   178.28   98.71 
 450  248.70   26.35     32.31    5.05    5.30     17.75   12.98   14.86     21.83    9.50    6.94     11.39   26.49   33.54   201.66   79.23   179.18   97.64 
 451  225.38   26.26     34.18    4.05    5.30     17.98   13.34   14.85     21.79    9.52    6.95     11.63   26.98   33.53   201.41   77.83   178.58   96.47 
 452  225.38   26.33     40.19    2.03    5.29     15.82   18.72   14.86     21.79    9.52    6.96     11.83   29.40   33.52   199.29   79.22   177.05   97.55 
 453  225.38   26.33     34.92    3.73    5.29     16.78   18.14   14.87     21.79    9.52    6.96     12.32   29.51   33.51   200.73   77.37   177.56   96.13 
 454  225.38   26.17     33.85    4.21    5.28     16.94   18.49   14.88     21.79    9.52    6.97     12.08   31.56   33.50   200.40   76.74   177.40   95.63 
 455  225.38   26.39     30.89    5.92    5.28     16.73   19.30   14.89     21.79    9.52    6.97     11.97   32.47   33.50   202.00   76.22   179.01   95.07 
 456  211.55   26.17     32.91    4.69    5.28     21.83   10.76   14.88     21.77    9.55    6.98     12.24   31.71   33.50   201.08   76.57   177.93   95.45 
 457  211.55   26.37     31.85    5.29    5.28     21.34   11.44   14.87     21.77    9.55    6.98     11.92   32.98   33.50   201.73   76.02   178.99   95.02 
 458  211.55   26.24     32.13    5.13    5.28     18.01   13.97   14.87     21.77    9.55    6.99     11.42   29.51   33.49   201.81   77.60   179.25   96.43 
 459  211.55   26.07     32.16    5.13    5.28     19.35   10.91   14.86     21.77    9.55    7.00     10.84   28.39   33.48   201.84   77.21   179.17   95.59 
 460  211.55   26.25     33.08    4.60    5.28     20.53    9.11   14.85     21.77    9.55    7.00     10.59   28.32   33.47   201.84   77.68   179.22   95.95 
 461  235.10   26.08     33.21    4.55    5.28     21.29    8.21   14.83     21.91    9.40    7.01     10.09   29.64   33.46   202.14   78.81   179.62   97.14 
 462  235.10   26.25     37.21    2.87    5.27     21.02    8.49   14.82     21.91    9.40    7.01     10.31   28.71   33.45   201.85   78.24   179.32   96.37 
 463  235.10   26.28     34.80    3.80    5.27     19.98    9.60   14.81     21.91    9.40    7.02     10.11   29.33   33.44   201.96   77.93   179.07   96.05 
 464  235.10   26.11     34.57    3.89    5.27     21.10    8.39   14.79     21.91    9.40    7.02      9.87   30.22   33.43   202.22   78.33   179.32   96.41 
 465  235.10   26.32     34.41    3.94    5.26     23.06    6.67   14.78     21.91    9.40    7.03     10.08   29.18   33.42   202.05   77.89   179.58   96.44 
 466  180.04   26.06     35.26    3.59    5.26     21.16    8.38   14.76     21.67    9.64    7.03     10.16   29.14   33.41   201.96   77.50   179.13   95.90 
 467  180.04   26.23     35.81    3.37    5.26     20.30    9.22   14.75     21.67    9.64    7.04      9.97   29.59   33.41   201.71   77.79   178.92   95.87 
 468  180.04   26.23     34.56    3.89    5.25     20.95    8.45   14.74     21.67    9.64    7.04     10.06   29.40   33.40   202.24   78.51   179.63   96.46 
 469  180.04   26.07     31.62    5.46    5.25     21.15    8.41   14.72     21.67    9.64    7.05     10.44   28.28   33.39   200.94   77.54   178.74   95.83 
 470  180.04   26.22     33.92    4.17    5.25     19.66   10.78   14.72     21.67    9.64    7.05     11.37   27.51   33.37   201.85   77.49   179.38   95.80 
 471  267.41   26.31     32.93    4.68    5.25     19.64   12.02   14.71     21.94    9.33    7.06     11.81   28.95   33.36   201.31   76.91   179.01   95.50 
 472  267.41   26.21     34.90    3.73    5.25     20.62   11.56   14.70     21.94    9.33    7.06     12.23   29.71   33.36   201.15   76.58   178.81   95.27 
 473  267.41   26.25     33.74    4.26    5.25     21.08   11.41   14.70     21.94    9.33    7.07     12.21   31.02   33.35   200.98   76.87   178.47   95.65 
 474  267.41   26.06     34.89    3.75    5.24     22.24   10.14   14.69     21.94    9.33    7.07     12.27   31.11   33.35   201.09   75.85   178.48   94.91 
 475  267.41   26.26     30.58    6.13    5.24     23.42    8.98   14.67     21.94    9.33    7.08     12.20   31.96   33.34   201.96   75.83   179.01   94.65 
 476  256.66   26.13     33.83    4.23    5.24     21.84   10.82   14.67     21.86    9.43    7.08     12.10   32.56   33.34   200.49   76.61   177.88   95.24 
