   6    3.11   21.36     48.66    0.70    0.95     25.40    5.01    6.63     50.26    0.29   32.29      7.73   38.22   38.62   178.29   77.13   156.76   98.87 
   7    3.11   21.14     42.70    1.39    1.01     21.35    7.95    6.82     50.26    0.29   27.72      7.76   37.90   38.51   178.91   77.85   157.64   99.68 
   8    3.11   21.15     43.72    1.24    1.04     23.88    5.99    6.71     50.26    0.29   24.29      7.74   37.96   38.44   178.59   77.04   157.12   98.62 
   9    3.11   21.15     48.22    0.74    1.01     25.70    4.83    6.50     50.26    0.29   21.62      7.82   37.64   38.35   178.29   77.01   157.17   98.96 
  10    3.11   21.19     47.72    0.78    0.98     25.47    4.96    6.35     50.26    0.29   19.49      7.66   38.38   38.36   178.32   77.25   157.27   99.13 
  11    2.76   21.03     45.13    1.05    0.99     24.23    5.69    6.29     39.98    0.93   17.80      7.87   37.41   38.27   178.98   78.10   157.77   99.96 
  12    2.76   21.07     40.58    1.80    1.06     22.27    7.16    6.36     39.98    0.93   16.40      7.72   38.21   38.27   178.24   78.05   157.02   99.88 
  13    2.76   21.04     41.01    1.71    1.11     22.77    6.79    6.40     39.98    0.93   15.21      7.95   37.39   38.20   180.39   79.29   158.87  100.96 
  14    2.76   21.08     50.73    0.57    1.07     20.13    9.18    6.59     39.98    0.93   14.19      7.73   38.28   38.20   183.09   78.82   161.53  100.44 
  15    2.76   21.01     46.18    0.96    1.06     23.42    6.28    6.57     39.98    0.93   13.30      7.87   37.57   38.16   183.24   78.92   162.08  100.73 
  16    3.81   21.72     42.47    1.47    1.09     22.53    6.96    6.60     38.37    1.12   12.54      7.96   36.93   38.08   182.64   78.51   161.38  100.48 
  17    3.81   20.60     39.72    1.99    1.14     15.60   15.54    7.12     38.37    1.12   11.87      8.01   37.22   38.03   181.91   79.44   160.50  100.95 
  18    3.81   20.68     28.05    7.32    1.48     11.31   25.50    8.14     38.37    1.12   11.27      7.61   39.25   38.10   179.34   80.50   157.55  101.70 
  19    3.81   21.64     22.32   13.76    2.13      9.33   32.87    9.45     38.37    1.12   10.74      7.19   41.47   38.28   179.87   79.42   157.88  100.31 
  20    3.81   20.71     33.96    3.44    2.20      9.75   32.39   10.59     38.37    1.12   10.26      6.44   45.29   38.63   157.19   80.86   135.97  102.45 
  21    5.89   20.38     38.01    2.12    2.19     20.93    8.96   10.51     34.48    1.77    9.85      9.68   32.51   38.34   153.28   80.60   132.28  102.30 
  22    5.89   20.60     35.20    2.84    2.22     15.83   15.95   10.76     34.48    1.77    9.49      9.42   33.61   38.12   147.45   82.02   126.34  103.73 
  23    5.89   20.37     34.65    2.90    2.25     12.99   21.70   11.24     34.48    1.77    9.15      9.34   33.76   37.93   139.68   81.71   118.39  103.55 
  24    5.89   20.61     32.89    3.47    2.30     12.57   22.92   11.72     34.48    1.77    8.84      9.33   34.22   37.78   132.56   84.31   111.15  105.98 
  25    5.89   20.39     38.08    1.88    2.28     12.45   23.62   12.20     34.48    1.77    8.56      9.36   34.62   37.65   125.59   86.24   104.62  108.33 
  26   10.56   21.09     34.13    2.97    2.31     19.60   10.58   12.14     34.90    1.70    8.30     10.56   30.95   37.39   121.51   91.59   100.85  113.84 
  27   10.56   21.14     36.47    2.27    2.31     19.00   11.33   12.11     34.90    1.70    8.05     10.69   30.65   37.14   119.67   94.88    99.10  116.91 
  28   10.56   21.38     43.01    1.11    2.27     17.25   13.91   12.17     34.90    1.70    7.83     10.49   31.64   36.95   121.00   99.59    99.92  120.97 
  29   10.56   21.57     45.88    0.81    2.22     15.46   17.24   12.35     34.90    1.70    7.62     10.36   32.08   36.78   119.54  104.98    99.00  126.27 
  30   10.56   21.35     43.22    1.14    2.18     14.49   19.40   12.58     34.90    1.70    7.42      9.93   33.61   36.67   121.19  110.65   100.69  132.13 
  31   13.85   20.51     38.53    2.01    2.18     21.45    8.85   12.46     30.53    2.85    7.27     10.00   33.51   36.57   123.25  113.86   103.16  135.35 
  32   13.85   20.30     47.38    0.74    2.13     18.74   12.29   12.46     30.53    2.85    7.13      9.65   35.46   36.54   127.94  114.18   107.57  135.66 
  33   13.85   20.01     42.74    1.27    2.10     18.37   12.96   12.47     30.53    2.85    7.00      9.83   35.02   36.49   130.19  113.97   110.01  135.33 
  34   13.85   20.47     36.73    2.61    2.12     17.35   14.85   12.54     30.53    2.85    6.88      9.51   36.94   36.50   135.52  113.48   115.23  134.54 
  35   13.85   20.01     42.23    1.43    2.10     16.42   17.13   12.67     30.53    2.85    6.77      9.18   39.06   36.58   143.91  114.14   123.37  135.38 
  36   18.56   20.98     42.32    1.46    2.08     19.02   13.21   12.69     27.90    3.94    6.69      9.48   39.15   36.65   152.42  113.87   132.10  135.10 
  37   18.56   20.93     38.99    2.24    2.09     17.25   16.67   12.80     27.90    3.94    6.61      9.41   40.55   36.75   162.65  113.64   142.56  134.64 
  38   18.56   20.90     40.79    1.88    2.08     16.62   18.33   12.94     27.90    3.94    6.54      9.83   39.60   36.83   170.47  115.02   149.88  135.74 
  39   18.56   21.12     40.66    1.93    2.08     16.49   18.70   13.09     27.90    3.94    6.48     10.19   38.57   36.87   173.63  115.75   153.26  136.53 
  40   18.56   20.83     43.60    1.42    2.06     15.26   21.68   13.30     27.90    3.94    6.41      9.60   40.53   36.96   181.07  119.06   160.39  139.70 
  41   10.32   21.26     38.82    2.55    2.07     20.04   12.33   13.28     29.76    3.29    6.34     10.15   37.78   36.98   186.17  122.53   165.77  143.13 
  42   10.32   20.72     36.85    3.30    2.10     19.64   12.70   13.27     29.76    3.29    6.26     10.28   36.77   36.98   192.34  124.51   171.75  145.20 
  43   10.32   20.80     38.89    2.66    2.11     17.70   15.57   13.32     29.76    3.29    6.19     10.13   36.76   36.97   197.98  125.86   177.31  146.48 
  44   10.32   21.04     37.75    3.02    2.13     15.49   19.60   13.46     29.76    3.29    6.13     10.05   36.89   36.97   197.25  124.66   176.86  145.29 
  45   10.32   20.56     44.23    1.43    2.12     15.19   20.06   13.61     29.76    3.29    6.07     10.41   34.85   36.93   198.26  124.06   178.72  145.39 
  46   11.54   20.90     42.43    1.76    2.11     21.97    8.96   13.51     25.98    5.19    6.05     10.12   35.05   36.88   198.78  124.79   179.17  146.03 
  47   11.54   20.48     39.11    2.60    2.12     19.25   12.01   13.48     25.98    5.19    6.03      9.95   35.14   36.85   198.93  125.15   179.24  146.50 
  48   11.54   20.62     42.32    1.79    2.11     17.46   14.53   13.50     25.98    5.19    6.01      9.79   35.29   36.81   198.86  124.91   179.42  146.30 
  49   11.54   20.62     39.80    2.39    2.12     15.14   18.87   13.61     25.98    5.19    5.99      9.91   34.53   36.77   198.69  123.65   178.75  144.97 
  50   11.54   20.93     42.25    1.79    2.11     15.40   18.25   13.70     25.98    5.19    5.98      9.95   34.45   36.72   198.90  121.75   178.66  142.95 
  51   13.89   21.30     39.61    2.41    2.12     22.69    7.90   13.59     27.48    4.39    5.95     10.02   34.38   36.68   199.30  118.58   178.94  139.83 
  52   13.89   21.30     44.74    1.32    2.10     17.00   15.06   13.62     27.48    4.39    5.92      9.90   34.57   36.64   200.67  115.57   180.20  136.37 
  53   13.89   21.26     37.22    3.15    2.12     17.21   14.66   13.64     27.48    4.39    5.89     10.05   33.96   36.59   200.27  113.21   180.16  134.31 
  54   13.89   21.25     38.65    2.68    2.13     16.29   16.38   13.69     27.48    4.39    5.86     10.13   33.96   36.54   202.80  112.35   182.71  133.35 
  55   13.89   21.29     40.49    2.16    2.13     15.90   17.25   13.75     27.48    4.39    5.83     10.02   34.39   36.50   202.63  110.22   182.34  131.26 
  56   16.82   20.52     39.04    2.53    2.14     22.65    7.99   13.65     26.04    5.20    5.82     10.27   33.45   36.44   201.65  108.97   181.19  130.04 
  57   16.82   20.40     41.88    1.78    2.14     19.70   11.36   13.61     26.04    5.20    5.81     10.06   34.29   36.41   197.50  108.22   176.77  129.13 
  58   16.82   20.38     36.07    3.35    2.16     16.99   15.92   13.65     26.04    5.20    5.80      9.70   35.76   36.39   189.29  105.90   168.47  126.38 
  59   16.82   20.37     38.77    2.37    2.16     16.25   17.71   13.72     26.04    5.20    5.79      9.25   37.93   36.42   181.13  102.25   160.75  123.14 
  60   16.82   20.34     38.51    2.34    2.16     15.43   19.85   13.82     26.04    5.20    5.78      9.18   38.61   36.46   170.34   99.93   150.12  120.76 
  61   18.23   20.24     40.08    1.86    2.16     20.60   11.16   13.78     25.36    5.66    5.78      9.80   36.69   36.46   160.24   99.95   140.21  120.62 
  62   18.23   20.48     39.12    2.02    2.16     19.25   13.09   13.76     25.36    5.66    5.78     10.66   34.60   36.43   154.77   99.31   135.10  120.29 
  63   18.23   20.20     41.68    1.43    2.14     18.04   15.19   13.79     25.36    5.66    5.78      9.71   37.86   36.45   144.83   98.77   124.70  119.62 
  64   18.23   20.46     34.31    3.24    2.16     16.63   18.00   13.85     25.36    5.66    5.77     10.22   36.84   36.46   136.18   98.66   115.89  119.48 
  65   18.23   20.45     38.79    1.89    2.16     15.51   20.56   13.96     25.36    5.66    5.77     10.53   36.66   36.46   132.21  100.00   112.17  120.72 
  66   14.70   21.27     35.67    2.72    2.17     16.98   17.45   14.01     24.32    6.47    5.78     10.53   37.31   36.48   132.61  101.86   112.06  122.54 
  67   14.70   21.15     41.41    1.43    2.16     17.03   17.49   14.06     24.32    6.47    5.79     10.54   37.49   36.49   132.70  101.54   112.36  122.36 
  68   14.70   20.99     41.37    1.42    2.14     17.21   17.13   14.11     24.32    6.47    5.80     10.65   36.96   36.50   133.98  101.78   113.78  122.74 
  69   14.70   21.22     50.95    0.48    2.12     17.26   16.97   14.15     24.32    6.47    5.81     10.72   36.36   36.50   137.13  102.01   117.03  123.09 
  70   14.70   21.00     40.17    1.71    2.11     17.13   17.17   14.19     24.32    6.47    5.82     10.55   36.77   36.50   142.41  103.36   122.45  124.68 
  71   15.98   20.88     42.15    1.40    2.10     21.63   10.15   14.13     23.36    7.31    5.84     10.63   36.03   36.49   148.61  102.67   128.51  123.96 
  72   15.98   20.56     39.01    2.06    2.10     19.13   13.50   14.12     23.36    7.31    5.86     10.73   35.39   36.48   155.93  102.31   135.60  123.70 
  73   15.98   20.78     41.56    1.58    2.10     19.85   12.35   14.10     23.36    7.31    5.88     10.88   34.78   36.45   162.08  102.90   141.61  124.28 
  74   15.98   20.96     39.69    1.99    2.10     19.65   12.65   14.08     23.36    7.31    5.90     11.09   34.07   36.42   164.71  102.92   144.03  123.84 
  75   15.98   20.57     49.67    0.64    2.08     19.05   13.54   14.07     23.36    7.31    5.92     10.82   35.09   36.40   170.35  101.78   149.67  122.47 
  76   17.73   21.42     37.40    2.72    2.08     20.11   12.03   14.05     23.50    7.26    5.94     10.75   35.41   36.39   174.80  101.70   154.23  122.40 
  77   17.73   21.19     41.08    1.81    2.08     17.65   16.06   14.07     23.50    7.26    5.96     10.60   35.95   36.39   179.63  101.35   159.02  122.27 
  78   17.73   21.36     37.26    2.86    2.09     17.86   15.62   14.09     23.50    7.26    5.97     10.47   36.26   36.38   184.38  101.53   163.35  121.96 
  79   17.73   21.41     38.80    2.41    2.09     18.02   15.29   14.11     23.50    7.26    5.99     10.72   35.34   36.37   185.86  101.97   164.83  122.41 
  80   17.73   21.39     47.76    0.86    2.08     18.88   14.00   14.11     23.50    7.26    6.01     10.88   35.07   36.35   186.93  102.78   166.08  123.22 
  81   18.22   20.63     34.01    4.27    2.11     21.95    9.79   14.05     23.02    7.74    6.03     11.24   33.55   36.32   186.17  106.54   165.23  126.79 
  82   18.22   20.70     40.02    2.15    2.11     19.40   12.46   14.03     23.02    7.74    6.05     11.18   31.89   36.27   186.10  111.46   165.58  132.06 
  83   18.22   20.84     40.75    2.03    2.11     18.34   13.72   14.03     23.02    7.74    6.07     10.56   33.14   36.23   189.18  117.01   169.11  137.72 
  84   18.22   20.61     39.72    2.30    2.11     16.70   16.32   14.06     23.02    7.74    6.09     10.70   32.20   36.18   188.71  121.55   168.80  142.44 
  85   18.22   20.62     45.46    1.18    2.10     18.08   13.79   14.05     23.02    7.74    6.11     10.31   33.66   36.15   187.71  121.53   167.81  142.52 
  86   20.28   20.91     42.74    1.60    2.09     16.89   15.50   14.07     22.82    7.95    6.13      9.97   34.07   36.13   182.85  122.79   162.67  143.49 
  87   20.28   21.00     41.77    1.75    2.09     16.95   15.07   14.08     22.82    7.95    6.15      9.32   35.95   36.12   176.47  122.73   156.10  143.58 
  88   20.28   21.04     45.23    1.14    2.08     16.60   15.47   14.10     22.82    7.95    6.17      9.56   34.50   36.11   169.90  123.36   149.15  144.06 
  89   20.28   20.89     43.66    1.33    2.07     16.97   14.52   14.10     22.82    7.95    6.19      9.34   34.53   36.09   160.48  124.68   140.21  145.27 
  90   20.28   21.02     36.42    3.00    2.08     18.32   12.34   14.08     22.82    7.95    6.21      9.92   32.61   36.05   152.80  123.74   132.74  144.44 
  91   18.42   20.63     42.26    1.51    2.07     21.97    8.13   14.02     22.54    8.18    6.23     10.53   30.90   35.99   152.37  120.80   132.28  141.67 
  92   18.42   20.64     38.96    2.10    2.07     21.15    8.99   13.96     22.54    8.18    6.25      9.38   36.13   35.99   148.30  111.47   128.26  132.62 
  93   18.42   20.42     38.91    2.04    2.07     20.95    9.43   13.91     22.54    8.18    6.27      9.97   34.20   35.98   149.24  103.53   128.56  124.48 
  94   18.42   20.67     37.43    2.42    2.08     19.21   11.87   13.89     22.54    8.18    6.29     10.69   32.07   35.93   149.59   99.16   129.02  120.18 
  95   18.42   20.37     38.44    2.15    2.08     18.45   13.39   13.89     22.54    8.18    6.31     11.25   31.12   35.88   153.13   99.52   132.63  121.03 
  96   21.64   21.24     40.71    1.70    2.07     18.88   13.10   13.88     22.47    8.23    6.33     11.11   32.41   35.85   156.28  100.74   135.63  121.68 
  97   21.64   20.79     39.27    2.01    2.07     18.80   13.42   13.87     22.47    8.23    6.35     11.29   32.18   35.81   158.92   99.97   138.60  121.53 
  98   21.64   21.00     34.72    3.49    2.09     17.53   15.81   13.89     22.47    8.23    6.37     11.06   33.88   35.79   164.15   99.52   144.02  121.23 
  99   21.64   20.74     43.03    1.38    2.08     19.02   13.61   13.89     22.47    8.23    6.39     10.93   35.05   35.78   171.90   98.03   151.60  119.43 
 100   21.64   21.00     42.54    1.51    2.07     18.22   15.38   13.91     22.47    8.23    6.41     10.95   35.44   35.78   179.18   98.95   158.84  119.81 
 101   19.54   21.07     35.88    3.36    2.09     18.67   14.75   13.91     22.33    8.41    6.43     10.98   35.65   35.78   185.90   98.69   165.86  119.88 
 102   19.54   21.16     39.80    2.17    2.09     17.19   17.71   13.95     22.33    8.41    6.45     10.86   36.50   35.78   192.83   96.19   172.63  117.31 
 103   19.54   20.88     41.55    1.78    2.08     18.27   15.69   13.97     22.33    8.41    6.47     11.05   36.21   35.79   192.70   95.19   172.35  115.87 
 104   19.54   21.14     37.87    2.75    2.09     19.33   13.90   13.97     22.33    8.41    6.49     11.62   34.08   35.77   192.89   97.83   172.75  118.82 
 105   19.54   20.86     38.32    2.67    2.10     19.06   14.26   13.97     22.33    8.41    6.50     11.01   36.22   35.78   195.38  103.93   175.39  125.20 
 106   25.08   22.69     39.81    2.24    2.10     21.63   10.56   13.94     22.92    7.92    6.52     11.24   35.06   35.77   193.90  105.59   173.61  126.47 
 107   25.08   22.50     49.46    0.72    2.09     18.52   15.08   13.95     22.92    7.92    6.53     10.82   36.56   35.78   189.93  103.95   169.53  124.64 
 108   25.08   21.39     43.18    1.47    2.08     21.16   11.08   13.92     22.92    7.92    6.54     11.28   34.59   35.77   185.81  104.42   165.72  125.20 
 109   25.08   22.46     39.26    2.19    2.08     20.74   11.57   13.90     22.92    7.92    6.56     10.29   38.45   35.79   173.66  103.66   153.26  124.48 
 110   25.08   22.42     46.18    0.95    2.07     19.12   13.93   13.90     22.92    7.92    6.57     10.34   38.24   35.81   167.07  103.22   146.73  124.10 
 111   32.41   21.14     44.35    1.15    2.06     21.65   10.28   13.87     22.84    8.05    6.58     10.76   36.10   35.82   159.56  106.07   139.51  127.30 
 112   32.41   21.29     40.97    1.70    2.06     20.35   11.78   13.85     22.84    8.05    6.59     10.87   35.28   35.81   154.26  109.19   134.47  130.85 
 113   32.41   21.30     37.81    2.47    2.06     19.64   12.69   13.84     22.84    8.05    6.61     10.77   35.39   35.81   152.29  113.84   132.39  135.30 
 114   32.41   21.25     35.55    3.23    2.07     19.43   12.98   13.83     22.84    8.05    6.62     10.76   35.31   35.80   153.16  116.28   133.35  137.45 
 115   32.41   21.22     41.73    1.61    2.07     18.77   13.75   13.83     22.84    8.05    6.63     10.65   35.00   35.80   155.06  119.06   135.13  140.24 
 116   33.61   21.41     41.84    1.62    2.06     18.95   13.24   13.83     22.91    8.02    6.64     10.55   34.94   35.79   159.74  119.74   139.92  141.05 
 117   33.61   21.27     44.31    1.25    2.06     18.02   14.37   13.83     22.91    8.02    6.66     10.66   33.52   35.77   166.88  120.65   147.23  142.12 
 118   33.61   21.41     41.26    1.85    2.06     18.33   13.58   13.83     22.91    8.02    6.67     10.36   33.69   35.75   173.84  124.66   153.72  145.28 
 119   33.61   20.90     37.66    2.89    2.06     18.28   13.28   13.82     22.91    8.02    6.68     10.27   32.97   35.73   180.55  127.00   160.04  147.00 
 120   33.61   21.19     40.22    2.16    2.06     18.53   12.70   13.81     22.91    8.02    6.69     10.35   32.27   35.70   183.32  127.18   163.64  147.87 
 121   33.58   21.27     45.98    1.12    2.06     19.36   11.38   13.79     22.56    8.35    6.70     10.39   32.08   35.67   187.03  124.28   167.36  144.72 
 122   33.58   20.91     36.37    3.36    2.07     18.45   12.71   13.79     22.56    8.35    6.72     10.25   32.87   35.65   187.86  120.15   167.73  140.12 
 123   33.58   21.22     35.64    3.59    2.08     17.29   14.58   13.79     22.56    8.35    6.73     10.18   33.21   35.63   189.45  113.97   169.56  134.29 
 124   33.58   21.14     38.89    2.45    2.08     17.47   14.29   13.80     22.56    8.35    6.74     10.52   31.94   35.60   188.10  108.65   168.18  129.22 
 125   33.58   20.87     39.18    2.34    2.08     17.55   14.41   13.80     22.56    8.35    6.76     10.52   32.49   35.57   189.47  103.22   169.51  123.79 
 126   27.28   22.68     38.50    2.51    2.09     20.77   10.02   13.77     22.42    8.47    6.77     11.10   30.79   35.53   189.76  101.25   169.48  121.33 
 127   27.28   21.31     35.52    3.52    2.10     18.82   13.00   13.77     22.42    8.47    6.78     10.97   32.12   35.51   190.90   96.89   170.56  117.39 
 128   27.28   22.41     35.32    3.62    2.11     18.06   14.48   13.77     22.42    8.47    6.80     11.11   32.24   35.48   192.42   94.14   172.20  114.88 
 129   27.28   21.35     39.01    2.38    2.11     17.65   15.46   13.78     22.42    8.47    6.81     11.44   31.77   35.45   194.20   93.97   173.77  114.64 
 130   27.28   22.39     40.07    2.08    2.11     16.66   17.72   13.81     22.42    8.47    6.82     11.14   33.36   35.44   193.58   91.67   172.97  112.76 
 131   33.79   20.57     40.90    1.87    2.11     17.82   15.71   13.83     22.42    8.48    6.84     10.97   34.56   35.43   191.30   91.79   170.48  112.25 
 132   33.79   20.76     38.41    2.46    2.11     16.87   17.60   13.86     22.42    8.48    6.85     11.22   33.66   35.42   189.06   91.84   168.07  112.29 
 133   33.79   20.99     43.72    1.29    2.11     16.27   18.35   13.89     22.42    8.48    6.86     10.35   36.90   35.43   179.53   90.17   158.91  110.84 
 134   33.79   20.76     41.69    1.57    2.10     17.22   16.25   13.91     22.42    8.48    6.87     10.49   35.70   35.43   171.74   90.38   151.25  111.37 
 135   33.79   21.01     37.71    2.34    2.10     18.42   14.02   13.91     22.42    8.48    6.88     10.50   35.01   35.43   161.92   88.86   141.39  109.61 
 136   37.06   20.29     35.60    2.81    2.11     17.78   14.71   13.92     21.88    9.05    6.90     10.31   34.85   35.42   150.10   87.61   129.47  108.50 
 137   37.06   20.15     32.06    4.08    2.12     18.38   13.47   13.91     21.88    9.05    6.92     11.01   31.99   35.40   146.14   85.70   125.46  106.54 
 138   37.06   20.67     43.04    1.12    2.12     16.55   15.72   13.93     21.88    9.05    6.93     10.77   31.63   35.37   136.54   85.26   115.84  105.97 
 139   37.06   20.83     36.00    2.52    2.12     18.12   12.91   13.92     21.88    9.05    6.95     11.78   27.78   35.32   132.03   91.32   111.52  112.95 
 140   37.06   20.56     39.84    1.66    2.12     18.95   11.64   13.90     21.88    9.05    6.96     11.28   29.06   35.27   131.16   97.76   110.25  119.32 
 141   38.92   20.79     42.22    1.29    2.11     19.46   10.98   13.88     21.98    8.93    6.98     11.15   29.26   35.23   131.92  101.52   111.62  122.94 
 142   38.92   20.77     38.16    2.08    2.11     19.77   10.71   13.86     21.98    8.93    6.99     10.76   30.67   35.20   135.51  103.46   114.61  124.70 
 143   38.92   21.00     42.16    1.33    2.11     19.19   11.55   13.84     21.98    8.93    7.00     10.98   30.04   35.16   138.08  103.26   116.99  124.49 
 144   38.92   20.66     38.29    2.14    2.11     20.59   10.08   13.82     21.98    8.93    7.02     10.40   32.42   35.14   145.75  103.27   124.99  124.62 
 145   38.92   20.79     38.98    2.07    2.11     20.47   10.56   13.79     21.98    8.93    7.03     10.42   33.10   35.13   154.70  103.53   133.80  125.07 
 146   42.03   21.03     38.62    2.25    2.11     20.72   10.44   13.77     21.88    9.02    7.04     10.67   33.02   35.11   163.05  104.34   142.03  125.85 
 147   42.03   22.57     43.29    1.36    2.10     19.53   12.09   13.76     21.88    9.02    7.06     10.58   33.79   35.10   171.40  105.44   150.72  126.61 
 148   42.03   22.46     37.11    2.85    2.11     18.45   13.86   13.76     21.88    9.02    7.07     11.00   32.58   35.09   177.49  105.90   156.65  126.83 
 149   42.03   22.38     37.06    2.90    2.11     18.45   13.90   13.76     21.88    9.02    7.08     11.34   31.54   35.06   180.08  105.89   159.57  126.94 
 150   42.03   22.47     36.54    3.10    2.12     19.31   12.59   13.75     21.88    9.02    7.10     11.20   31.85   35.04   185.44  105.65   164.61  126.07 
 151   30.90   19.79     37.80    2.67    2.12     21.21   10.05   13.73     21.79    9.13    7.11     10.93   32.96   35.03   184.73  103.14   164.11  123.72 
 152   30.90   20.64     41.79    1.69    2.12     20.70   10.71   13.71     21.79    9.13    7.12     11.23   31.80   35.01   186.02   99.53   165.30  120.26 
 153   30.90   21.06     34.93    3.74    2.13     18.90   13.28   13.71     21.79    9.13    7.14     11.03   32.69   34.99   188.46   97.32   167.76  118.13 
 154   30.90   21.01     37.28    2.86    2.13     18.73   13.61   13.71     21.79    9.13    7.15     11.25   32.23   34.97   188.60   97.34   167.80  117.95 
 155   30.90   20.68     39.46    2.21    2.13     18.48   14.15   13.71     21.79    9.13    7.16     11.06   33.08   34.96   189.46   96.83   167.99  117.37 
 156   28.10   21.48     41.21    1.79    2.13     17.58   15.63   13.72     21.64    9.29    7.18     10.95   33.51   34.95   186.51   97.51   165.28  117.85 
 157   28.10   20.52     34.64    3.71    2.14     16.33   14.76   13.73     21.64    9.29    7.19     10.10   30.72   34.92   178.56   97.33   157.72  117.93 
 158   28.10   21.19     35.41    3.32    2.15     13.64   18.44   13.76     21.64    9.29    7.20      9.82   28.72   34.89   173.14   96.83   152.28  117.49 
 159   28.10   21.38     22.68   13.74    2.22     13.12   18.46   13.79     21.64    9.29    7.22      8.02   32.67   34.87   179.84   90.36   158.65  111.09 
 160   28.10   20.43     39.14    1.98    2.22     11.62   22.66   13.84     21.64    9.29    7.23      6.73   36.36   34.88   159.62   89.05   138.37  110.43 
 161   37.45   21.06     34.74    3.22    2.23     19.18    9.55   13.82     21.25    9.68    7.24      9.12   29.84   34.85   156.07   88.21   134.69  109.59 
 162   37.45   21.02     31.77    4.29    2.24     17.07   11.83   13.80     21.25    9.68    7.26      8.28   31.68   34.83   147.87   87.66   126.22  108.59 
 163   37.45   21.07     31.77    4.15    2.25     12.76   18.47   13.83     21.25    9.68    7.27      8.50   30.52   34.80   139.79   87.83   118.51  108.96 
 164   37.45   20.99     33.02    3.58    2.26     12.12   19.54   13.87     21.25    9.68    7.29      8.78   29.73   34.77   132.89   93.60   111.17  114.57 
 165   37.45   21.12     30.33    4.94    2.28     11.74   20.08   13.90     21.25    9.68    7.30      8.70   29.92   34.74   130.06  103.51   108.48  124.08 
 166   42.63   21.10     28.30    6.33    2.30     16.64   11.31   13.89     21.28    9.58    7.32     10.30   24.32   34.68   131.06  108.27   109.29  128.73 
 167   42.63   20.93     34.94    3.09    2.31     15.30   13.14   13.88     21.28    9.58    7.33      9.92   25.08   34.62   130.89  114.81   109.29  135.08 
 168   42.63   21.01     32.96    4.02    2.32     14.71   13.99   13.88     21.28    9.58    7.34      9.58   26.05   34.57   133.72  118.30   112.29  139.57 
 169   42.63   20.76     33.36    3.93    2.33     15.21   13.38   13.88     21.28    9.58    7.36      9.46   26.62   34.52   139.07  121.21   117.53  142.15 
 170   42.63   20.94     33.98    3.80    2.33     16.83   11.32   13.87     21.28    9.58    7.37      9.21   27.93   34.49   146.69  121.87   125.44  142.34 
 171   49.27   21.26     36.42    2.94    2.34     19.48    8.44   13.84     21.35    9.43    7.38      9.36   27.87   34.45   154.44  122.40   132.99  142.93 
 172   49.27   22.46     36.99    2.82    2.34     19.32    8.54   13.80     21.35    9.43    7.39     10.57   24.11   34.39   159.44  122.04   138.38  142.94 
 173   49.27   21.34     38.03    2.59    2.34     18.81    9.13   13.78     21.35    9.43    7.41      9.97   26.34   34.34   169.10  123.37   147.44  143.83 
 174   49.27   22.45     34.34    4.10    2.35     16.67   11.89   13.77     21.35    9.43    7.42     10.04   26.30   34.29   178.38  122.04   156.87  142.66 
 175   49.27   21.39     37.08    3.07    2.36     15.61   13.51   13.77     21.35    9.43    7.43     10.05   26.39   34.25   185.95  120.97   164.28  141.46 
 176   53.39   20.66     36.88    3.17    2.36     18.02   10.23   13.74     21.01    9.74    7.44     10.53   24.89   34.20   192.66  119.47   170.79  139.68 
 177   53.39   20.77     39.31    2.41    2.36     17.94   10.42   13.73     21.01    9.74    7.45     10.83   24.05   34.14   194.93  116.11   173.24  136.19 
 178   53.39   20.87     39.17    2.46    2.36     18.29    9.97   13.71     21.01    9.74    7.47     10.88   23.77   34.08   196.81  114.50   175.49  135.11 
 179   53.39   20.46     39.44    2.38    2.36     17.11   11.55   13.69     21.01    9.74    7.48     10.85   23.94   34.02   197.59  111.74   176.33  132.41 
 180   53.39   20.71     41.66    1.83    2.36     17.06   11.69   13.68     21.01    9.74    7.49     10.86   23.99   33.97   197.74  108.68   176.03  129.17 
 181   44.04   20.48     38.32    2.66    2.36     17.89   11.09   13.67     21.17    9.50    7.50     10.95   24.87   33.92   200.24  103.61   178.52  123.77 
 182   44.04   22.53     38.36    2.64    2.36     16.32   14.88   13.67     21.17    9.50    7.51     10.82   28.18   33.89   197.50  100.72   176.33  121.54 
 183   44.04   21.34     36.71    3.20    2.37     17.50   14.43   13.68     21.17    9.50    7.53     11.29   29.83   33.86   197.82   99.41   177.12  119.98 
 184   44.04   22.54     37.62    2.87    2.37     18.35   13.62   13.68     21.17    9.50    7.54     11.50   30.35   33.84   198.69   99.42   178.31  120.05 
 185   44.04   21.35     44.24    1.34    2.36     20.15   11.71   13.67     21.17    9.50    7.55     11.50   31.92   33.83   198.62   97.23   178.17  117.51 
 186   50.36   21.99     37.85    2.77    2.37     20.87   11.17   13.65     20.99    9.70    7.56     11.60   32.84   33.83   195.86   97.69   175.58  118.08 
 187   50.36   21.58     37.51    2.81    2.37     21.28   11.01   13.64     20.99    9.70    7.57     11.51   34.06   33.83   192.57   97.57   172.11  117.95 
 188   50.36   21.22     39.95    2.07    2.37     18.94   14.75   13.65     20.99    9.70    7.58     11.16   36.07   33.84   186.94   95.87   166.06  116.03 
 189   50.36   21.41     34.85    3.55    2.37     17.90   16.43   13.66     20.99    9.70    7.59     10.70   38.05   33.86   177.07   94.56   156.38  114.71 
 190   50.36   21.09     43.77    1.26    2.37     18.85   14.68   13.67     20.99    9.70    7.60     11.65   34.30   33.87   174.20   92.52   153.88  113.00 
 191   32.51   19.87     44.78    1.09    2.36     20.08   12.93   13.66     20.74   10.02    7.62     11.48   35.06   33.87   167.70   91.68   147.27  112.33 
 192   32.51   19.25     38.06    2.29    2.36     19.17   14.26   13.67     20.74   10.02    7.63     11.42   35.01   33.88   161.88   91.49   141.85  112.19 
 193   32.51   19.21     41.02    1.56    2.36     21.40   10.89   13.65     20.74   10.02    7.64     11.52   34.01   33.88   154.94   90.42   134.52  111.06 
 194   32.51   19.23     41.38    1.45    2.35     19.38   13.35   13.65     20.74   10.02    7.65     11.64   32.82   33.87   147.12   89.56   126.66  110.35 
 195   32.51   19.21     38.07    2.07    2.35     18.25   14.98   13.66     20.74   10.02    7.67     11.99   31.11   33.86   144.67   89.03   124.15  109.96 
 196   56.25   20.91     48.83    0.58    2.34     18.59   13.78   13.66     21.04    9.73    7.68     11.68   31.39   33.85   136.20   88.19   115.25  109.18 
 197   56.25   22.89     38.13    1.94    2.34     17.59   15.41   13.67     21.04    9.73    7.69     11.65   31.07   33.83   131.65   89.01   110.94  109.90 
 198   56.25   22.78     30.16    4.80    2.35     17.46   15.53   13.67     21.04    9.73    7.70     11.79   30.40   33.82   125.07   90.47   104.36  111.67 
 199   56.25   22.81     36.13    2.40    2.35     17.20   15.96   13.69     21.04    9.73    7.71     11.95   29.83   33.80   124.63   94.50   104.08  115.50 
 200   56.25   22.45     40.11    1.55    2.35     17.37   15.56   13.70     21.04    9.73    7.72     11.49   31.15   33.78   123.06   99.85   102.58  121.37 
 201   39.57   19.98     41.34    1.37    2.34     19.87   11.63   13.69     20.77   10.06    7.73     11.75   29.98   33.76   123.24  102.46   102.74  123.78 
 202   39.57   20.60     40.96    1.45    2.34     18.81   12.97   13.68     20.77   10.06    7.74     11.45   30.56   33.75   123.12  105.80   102.85  127.18 
 203   39.57   20.01     39.89    1.68    2.33     17.56   14.67   13.69     20.77   10.06    7.75     11.00   31.36   33.74   126.60  108.34   105.79  129.58 
 204   39.57   20.60     36.77    2.48    2.34     17.55   14.35   13.69     20.77   10.06    7.76     10.48   32.50   33.73   130.80  109.72   110.59  131.43 
 205   39.57   20.27     45.24    0.96    2.33     18.27   13.24   13.69     20.77   10.06    7.77     10.04   33.73   33.73   138.70  108.80   118.31  130.52 
 206   43.54   21.53     35.13    3.17    2.33     18.82   12.42   13.68     20.82   10.00    7.79     10.00   33.92   33.73   145.64  106.63   125.22  128.27 
 207   43.54   21.60     38.21    2.24    2.33     18.89   12.41   13.68     20.82   10.00    7.80     10.71   31.60   33.72   151.01  106.40   130.74  128.03 
 208   43.54   21.56     36.09    2.97    2.34     18.63   12.77   13.67     20.82   10.00    7.81     10.44   32.26   33.71   159.40  106.73   139.09  128.00 
 209   43.54   21.55     35.98    3.13    2.34     16.83   15.79   13.68     20.82   10.00    7.82     10.47   32.42   33.71   168.68  106.61   148.22  127.80 
 210   43.54   21.61     37.89    2.60    2.34     17.05   15.56   13.69     20.82   10.00    7.83     10.53   32.64   33.70   174.24  107.67   153.64  128.92 
 211   66.13   20.66     41.25    1.81    2.34     17.99   14.15   13.69     20.88    9.93    7.84     10.60   32.71   33.70   180.96  108.89   160.16  129.89 
 212   66.13   21.19     39.34    2.30    2.34     18.68   13.20   13.69     20.88    9.93    7.85     10.83   32.49   33.69   184.51  110.41   163.84  131.47 
 213   66.13   20.62     38.37    2.59    2.34     18.75   13.17   13.69     20.88    9.93    7.86     10.85   32.80   33.69   186.00  111.54   165.28  132.37 
 214   66.13   21.16     38.41    2.58    2.34     17.83   14.80   13.69     20.88    9.93    7.87     10.66   33.90   33.69   186.68  110.43   166.12  131.07 
 215   66.13   20.63     42.25    1.64    2.34     17.97   14.82   13.70     20.88    9.93    7.88     10.66   34.39   33.69   188.17  105.84   167.59  126.60 
 216   42.82   20.49     36.00    3.33    2.34     17.85   15.14   13.70     20.77   10.07    7.89     10.42   35.50   33.70   187.74  100.37   167.08  121.06 
 217   42.82   20.75     34.87    3.83    2.35     17.88   15.19   13.71     20.77   10.07    7.90     10.89   34.22   33.70   189.45   98.90   168.86  120.03 
 218   42.82   18.95     35.52    3.56    2.35     17.84   15.15   13.72     20.77   10.07    7.91     10.73   35.09   33.71   191.95  100.72   171.61  121.67 
 219   42.82   20.61     35.48    3.59    2.36     17.84   15.21   13.73     20.77   10.07    7.92     10.72   34.70   33.71   190.16  100.29   169.99  121.52 
 220   42.82   18.95     37.07    2.94    2.36     17.40   16.09   13.74     20.77   10.07    7.93     10.46   35.61   33.72   187.40   98.85   167.10  120.16 
 221   40.43   21.46     33.97    4.13    2.37     18.43   14.33   13.74     20.61   10.27    7.94     10.30   35.97   33.73   181.75   98.77   161.51  120.22 
 222   40.43   22.94     35.41    3.39    2.37     18.09   14.81   13.74     20.61   10.27    7.95     10.08   36.65   33.75   174.49   98.69   153.80  119.26 
 223   40.43   21.27     33.26    4.16    2.38     17.39   16.12   13.75     20.61   10.27    7.96      9.57   38.01   33.76   164.90   95.03   144.92  117.02 
 224   40.43   22.49     33.10    4.18    2.39     18.19   14.54   13.76     20.61   10.27    7.97     10.80   34.12   33.77   162.13   95.01   142.00  116.92 
 225   40.43   21.29     33.87    3.70    2.40     17.42   15.69   13.77     20.61   10.27    7.98     10.59   33.97   33.77   155.29   94.98   135.03  116.63 
 226   37.93   20.73     32.98    4.01    2.40     18.45   13.72   13.77     20.29   10.68    7.99     10.49   34.60   33.77   150.23   95.66   130.25  117.57 
 227   37.93   20.44     33.49    3.67    2.41     17.68   14.95   13.77     20.29   10.68    8.00     10.28   35.43   33.78   144.21   95.12   123.81  116.47 
 228   37.93   20.62     31.91    4.33    2.42     16.93   16.22   13.78     20.29   10.68    8.01     10.71   33.62   33.78   140.17   94.92   120.21  116.42 
 229   37.93   20.40     36.05    2.62    2.42     17.57   14.87   13.79     20.29   10.68    8.03     10.67   33.63   33.78   137.92   95.57   117.36  116.86 
 230   37.93   20.71     36.54    2.48    2.42     17.16   15.53   13.79     20.29   10.68    8.04     10.83   32.88   33.77   137.62   95.70   117.17  117.10 
 231   57.14   20.54     37.49    2.23    2.42     19.73   11.55   13.78     20.55   10.37    8.05     10.80   32.93   33.77   136.95   94.97   116.77  116.48 
 232   57.14   21.63     31.70    4.35    2.43     18.23   13.68   13.78     20.55   10.37    8.06     10.89   32.77   33.77   137.35   96.22   117.15  117.48 
 233   57.14   20.70     34.13    3.31    2.43     17.59   14.66   13.79     20.55   10.37    8.07     10.72   32.85   33.76   140.89   96.86   120.92  118.06 
 234   57.14   21.54     32.98    3.88    2.44     19.20   12.08   13.78     20.55   10.37    8.08     10.89   31.74   33.75   144.85   96.65   124.25  117.72 
 235   57.14   20.74     35.70    2.88    2.44     19.47   11.85   13.77     20.55   10.37    8.09     11.00   31.61   33.74   149.88   97.14   129.37  118.06 
 236   67.86   20.97     35.45    3.03    2.44     19.87   11.49   13.76     20.30   10.67    8.10     11.41   30.80   33.73   153.33   97.07   132.99  118.14 
 237   67.86   21.25     36.76    2.66    2.44     20.19   11.25   13.75     20.30   10.67    8.11     11.21   31.98   33.72   159.24   96.45   138.96  117.32 
 238   67.86   20.62     36.40    2.87    2.44     20.23   11.24   13.74     20.30   10.67    8.12     11.28   31.98   33.72   165.75   96.24   145.58  117.17 
 239   67.86   21.22     38.93    2.21    2.44     19.08   12.91   13.74     20.30   10.67    8.13     11.22   32.56   33.71   171.95   95.43   151.50  115.97 
 240   67.86   20.66     34.84    3.63    2.45     18.34   14.60   13.74     20.30   10.67    8.14     11.44   32.53   33.71   177.98   96.47   157.44  116.84 
 241   64.43   21.61     35.16    3.57    2.45     20.73   11.28   13.73     20.45   10.50    8.15     11.19   33.77   33.71   184.80   97.32   164.37  118.07 
 242   64.43   19.64     32.74    4.76    2.46     20.48   11.65   13.72     20.45   10.50    8.16     11.47   33.10   33.70   186.78   98.01   166.34  118.50 
 243   64.43   19.60     29.62    6.90    2.48     20.73   11.29   13.71     20.45   10.50    8.17     11.76   32.14   33.70   188.54  101.06   167.68  121.59 
 244   64.43   19.51     38.02    2.70    2.48     18.92   13.93   13.71     20.45   10.50    8.18     11.72   32.38   33.69   189.89  107.13   169.22  127.89 
 245   64.43   19.59     37.86    2.86    2.48     18.04   15.32   13.72     20.45   10.50    8.19     10.87   35.22   33.70   191.17  116.81   170.34  136.87 
 246   73.12   21.23     37.90    2.86    2.48     18.45   14.56   13.72     20.53   10.43    8.20     11.00   34.38   33.70   189.72  120.94   169.13  141.32 
 247   73.12   21.25     39.35    2.36    2.48     19.38   12.92   13.72     20.53   10.43    8.21     10.43   36.21   33.71   185.68  120.16   165.18  140.59 
 248   73.12   21.22     34.61    4.07    2.49     18.61   13.89   13.72     20.53   10.43    8.22     10.79   34.34   33.71   181.18  119.70   160.97  140.20 
 249   73.12   21.21     45.23    1.15    2.48     19.37   12.25   13.72     20.53   10.43    8.22     10.14   35.44   33.72   173.20  122.23   153.01  142.97 
 250   73.12   21.24     43.63    1.34    2.48     19.25   12.19   13.71     20.53   10.43    8.23      9.21   38.19   33.74   162.91  124.97   142.45  145.53 
 251   49.72   18.98     36.43    2.97    2.48     20.91    9.73   13.69     20.45   10.53    8.24      8.76   38.90   33.76   152.26  125.21   131.97  145.84 
 252   49.72   19.23     47.05    0.85    2.48     19.08   11.38   13.68     20.45   10.53    8.25      9.85   33.52   33.76   145.48  124.31   125.38  145.09 
 253   49.72   18.60     37.88    2.43    2.48     18.80   11.57   13.68     20.45   10.53    8.26     10.60   30.29   33.74   143.26  122.93   123.07  143.67 
 254   49.72   20.46     40.98    1.64    2.47     19.12   11.09   13.67     20.45   10.53    8.27     10.02   32.63   33.74   141.48  116.79   120.77  137.51 
 255   49.72   18.61     38.98    2.03    2.47     20.06    9.99   13.65     20.45   10.53    8.28     10.28   31.68   33.73   140.56  111.16   120.27  131.96 
 256   55.26   21.43     40.68    1.64    2.47     20.03   10.57   13.64     20.49   10.47    8.29     10.50   32.26   33.73   140.23  107.52   119.89  128.54 
 257   55.26   21.58     38.84    2.01    2.47     19.06   12.20   13.63     20.49   10.47    8.30     10.76   32.24   33.72   139.94  105.38   119.46  126.33 
 258   55.26   21.50     36.10    2.70    2.47     19.34   11.88   13.63     20.49   10.47    8.30     10.77   32.41   33.72   139.91  102.07   119.45  123.32 
 259   55.26   21.49     40.59    1.61    2.46     19.26   12.04   13.62     20.49   10.47    8.31     11.23   30.98   33.71   139.36  101.08   119.21  122.36 
 260   55.26   21.52     34.47    3.21    2.47     18.63   13.31   13.62     20.49   10.47    8.32     10.88   32.87   33.70   139.66   98.44   119.06  119.50 
 261   48.77   19.20     34.10    3.36    2.47     20.96   10.32   13.61     20.36   10.63    8.33     11.06   32.72   33.70   141.25   97.36   120.92  118.29 
 262   48.77   19.06     34.22    3.36    2.47     21.35   10.01   13.59     20.36   10.63    8.34     11.31   32.06   33.69   145.11   96.82   124.60  117.54 
 263   48.77   19.05     34.62    3.23    2.48     21.24   10.17   13.58     20.36   10.63    8.35     11.16   32.71   33.69   148.88   94.46   128.20  115.02 
 264   48.77   19.06     36.78    2.59    2.48     21.59    9.69   13.57     20.36   10.63    8.36     11.08   32.73   33.68   155.81   93.02   135.60  113.68 
 265   48.77   19.07     36.74    2.65    2.48     21.93    9.24   13.55     20.36   10.63    8.36     11.68   30.19   33.67   159.68   92.30   139.33  113.17 
 266   44.20   20.87     37.81    2.41    2.48     19.24   12.41   13.54     20.38   10.61    8.37     11.28   31.26   33.66   167.09   91.32   146.93  112.28 
 267   44.20   22.46     35.94    3.08    2.48     19.14   12.16   13.54     20.38   10.61    8.38     11.15   31.09   33.65   173.24   90.42   152.74  111.19 
 268   44.20   20.95     34.44    3.75    2.48     16.97   15.69   13.55     20.38   10.61    8.39     11.13   31.00   33.64   177.37   90.48   157.37  111.24 
 269   44.20   22.46     35.72    3.29    2.49     18.73   12.94   13.55     20.38   10.61    8.40     11.08   31.22   33.63   184.02   90.88   164.07  111.44 
 270   44.20   20.91     32.47    4.87    2.50     17.32   15.01   13.55     20.38   10.61    8.41     11.35   30.25   33.62   185.50   91.66   165.41  112.19 
 271   62.72   21.30     35.43    3.48    2.50     19.49   11.71   13.54     20.60   10.35    8.41     11.59   29.36   33.61   188.06   91.49   168.06  112.14 
 272   62.72   21.29     34.35    4.00    2.50     18.95   12.55   13.54     20.60   10.35    8.42     11.49   29.71   33.59   190.70   91.13   170.22  111.17 
 273   62.72   20.62     41.04    1.85    2.50     18.85   12.62   13.54     20.60   10.35    8.43     11.44   29.75   33.58   192.67   90.42   172.25  110.64 
 274   62.72   21.25     36.30    3.17    2.50     19.43   11.84   13.53     20.60   10.35    8.43     11.26   30.44   33.57   192.48   88.68   171.81  108.91 
 275   62.72   20.65     37.04    2.91    2.51     17.57   14.56   13.53     20.60   10.35    8.44     11.38   30.17   33.55   191.80   88.52   171.37  108.65 
 276   95.10   21.08     34.99    3.74    2.51     17.52   14.60   13.54     20.68   10.26    8.45     11.42   29.70   33.54   193.91   88.16   173.44  108.79 
 277   95.10   19.99     34.36    4.05    2.52     17.16   15.10   13.54     20.68   10.26    8.45     11.37   29.79   33.53   195.58   88.48   175.48  108.89 
 278   95.10   19.67     36.34    3.18    2.52     16.02   16.89   13.56     20.68   10.26    8.46     11.27   29.69   33.51   193.94   87.13   174.06  107.53 
 279   95.10   20.65     39.94    2.07    2.52     15.13   18.62   13.57     20.68   10.26    8.47     10.99   30.36   33.50   192.28   86.30   171.87  106.98 
 280   95.10   19.84     37.26    2.78    2.52     14.40   20.26   13.60     20.68   10.26    8.47     10.82   31.00   33.49   187.94   87.31   167.60  107.96 
 281   82.49   20.92     38.79    2.25    2.52     15.57   17.66   13.61     20.55   10.40    8.48     10.71   31.28   33.48   180.63   85.69   160.06  106.13 
 282   82.49   19.60     37.84    2.47    2.52     16.35   15.83   13.62     20.55   10.40    8.49     11.00   30.24   33.47   176.30   86.75   155.69  107.04 
 283   82.49   20.83     31.58    4.81    2.52     16.36   16.10   13.63     20.55   10.40    8.49     11.08   29.95   33.46   168.11   86.83   147.57  107.24 
 284   82.49   19.58     35.41    3.00    2.53     16.82   15.52   13.64     20.55   10.40    8.50     10.94   30.45   33.45   159.96   85.28   139.90  105.86 
 285   82.49   20.82     34.51    3.21    2.53     16.58   16.14   13.64     20.55   10.40    8.51     11.28   29.92   33.44   149.52   86.84   129.79  107.67 
 286   52.25   19.83     34.72    3.04    2.53     17.14   15.12   13.65     20.12   10.93    8.52     11.54   29.86   33.42   142.80   89.34   123.17  110.47 
 287   52.25   20.99     30.35    4.88    2.54     17.18   15.26   13.66     20.12   10.93    8.52     11.20   31.32   33.42   136.61   87.08   116.76  108.07 
 288   52.25   21.02     36.05    2.48    2.54     18.53   13.31   13.65     20.12   10.93    8.53     11.76   29.68   33.40   134.40   85.44   114.06  106.14 
 289   52.25   19.45     30.97    4.34    2.54     18.54   13.92   13.65     20.12   10.93    8.54     11.99   30.11   33.39   130.53   84.18   110.37  105.18 
 290   52.25   20.99     33.45    3.20    2.55     18.78   14.11   13.66     20.12   10.93    8.55     12.12   30.87   33.38   126.23   82.46   105.93  103.36 
 291   69.88   20.62     28.42    5.62    2.56     18.07   15.77   13.66     20.11   10.94    8.56     12.02   32.10   33.38   124.85   83.35   105.03  104.23 
 292   69.88   19.81     30.26    4.51    2.56     18.04   16.07   13.67     20.11   10.94    8.57     12.09   32.30   33.38   124.06   82.26   104.33  103.38 
 293   69.88   19.70     37.29    2.01    2.56     17.66   16.93   13.68     20.11   10.94    8.57     11.94   33.19   33.38   124.32   83.46   104.93  104.68 
 294   69.88   20.68     31.63    3.86    2.57     17.09   18.11   13.70     20.11   10.94    8.58     12.08   32.74   33.37   125.03   84.22   105.83  105.41 
 295   69.88   20.36     32.17    3.67    2.57     17.00   18.49   13.71     20.11   10.94    8.59     11.95   33.45   33.37   127.04   84.98   107.30  105.89 
 296   69.81   21.50     33.44    3.25    2.57     19.63   13.83   13.71     20.11   10.98    8.60     12.01   33.45   33.37   130.49   85.01   110.63  105.76 
 297   69.81   22.44     30.17    4.82    2.58     19.04   15.26   13.72     20.11   10.98    8.61     11.44   36.11   33.38   137.86   84.00   117.61  104.97 
 298   69.81   22.42     33.76    3.43    2.58     15.60   23.05   13.75     20.11   10.98    8.61     10.81   39.57   33.40   148.14   85.09   127.94  106.17 
 299   69.81   22.39     35.83    2.86    2.58     16.23   22.09   13.78     20.11   10.98    8.62     10.71   40.99   33.43   159.03   81.39   138.97  102.47 
 300   69.81   22.38     32.47    4.37    2.59     17.44   18.79   13.80     20.11   10.98    8.63     11.44   38.62   33.45   164.34   82.73   144.67  103.74 
 301   82.59   20.98     32.47    4.54    2.60     18.80   16.14   13.80     20.07   11.08    8.64     11.04   40.21   33.47   173.41   79.83   153.39  100.74 
 302   82.59   20.64     35.29    3.41    2.60     15.86   22.84   13.83     20.07   11.08    8.65     10.83   41.27   33.49   183.42   80.43   163.17  101.35 
 303   82.59   20.67     40.79    1.86    2.60     17.40   18.97   13.85     20.07   11.08    8.65     11.31   39.06   33.51   189.88   82.55   169.90  103.48 
 304   82.59   20.54     39.53    2.18    2.60     17.91   18.32   13.87     20.07   11.08    8.66     11.07   41.27   33.54   190.05   87.95   169.94  108.66 
 305   82.59   20.68     37.26    2.93    2.60     17.87   18.95   13.88     20.07   11.08    8.67     10.45   45.91   33.58   189.75   98.70   169.68  119.64 
 306   89.02   21.44     34.07    4.38    2.60     19.35   16.13   13.89     20.27   10.89    8.68     11.16   42.02   33.61   192.77  106.25   172.95  127.38 
 307   89.02   21.36     36.99    3.18    2.60     16.99   21.41   13.91     20.27   10.89    8.68      9.95   48.03   33.65   190.48  118.18   170.58  139.20 
 308   89.02   21.35     39.58    2.38    2.60     15.96   24.33   13.95     20.27   10.89    8.69     10.17   46.79   33.70   189.07  127.22   169.29  148.02 
 309   89.02   21.30     32.43    5.40    2.61     15.16   26.81   13.99     20.27   10.89    8.70     10.53   45.35   33.73   183.50  129.08   163.86  149.92 
 310   89.02   21.35     37.47    2.95    2.61     15.13   26.49   14.03     20.27   10.89    8.71     10.22   46.58   33.78   176.15  128.80   156.76  149.85 
 311   56.22   21.52     39.31    2.35    2.61     19.78   15.37   14.03     19.96   11.35    8.71     10.94   42.52   33.80   170.26  130.78   150.69  151.73 
 312   56.22   21.34     40.27    1.99    2.61     18.59   17.15   14.04     19.96   11.35    8.72      9.34   48.53   33.85   156.24  132.74   136.61  153.51 
 313   56.22   21.78     41.76    1.61    2.61     18.75   16.14   14.05     19.96   11.35    8.73      9.57   46.58   33.89   142.59  133.55   122.83  154.15 
 314   56.22   21.24     31.88    4.89    2.61     18.74   15.88   14.06     19.96   11.35    8.74      9.98   44.04   33.92   132.26  134.45   112.61  155.04 
 315   56.22   21.31     39.67    1.91    2.61     18.85   15.49   14.06     19.96   11.35    8.75     10.21   43.21   33.95   123.95  132.33   104.16  152.85 
 316   95.88   20.88     37.36    2.36    2.61     20.23   13.15   14.06     20.17   11.13    8.76     10.32   42.72   33.98   121.69  123.04   101.87  143.21 
 317   95.88   20.66     40.67    1.57    2.61     19.74   13.77   14.06     20.17   11.13    8.76     11.29   37.21   33.99   120.83  117.55   100.78  137.51 
 318   95.88   20.71     38.46    1.95    2.61     18.73   15.09   14.06     20.17   11.13    8.77     10.77   38.29   34.00   120.07  109.39   100.26  129.40 
 319   95.88   20.63     35.89    2.55    2.61     17.72   16.42   14.07     20.17   11.13    8.78     11.06   35.51   34.01   121.59  105.05   101.60  125.04 
 320   95.88   20.56     36.34    2.44    2.61     16.45   18.58   14.08     20.17   11.13    8.78     11.21   33.90   34.01   125.73  103.24   105.92  123.00 
 321   65.69   21.20     36.26    2.52    2.61     18.55   14.42   14.08     19.97   11.42    8.79     10.94   34.15   34.01   131.97   99.80   112.25  120.14 
 322   65.69   21.22     30.28    5.23    2.61     19.32   13.09   14.08     19.97   11.42    8.80     10.64   35.14   34.01   140.12   98.29   120.27  118.36 
 323   65.69   21.20     33.69    3.60    2.62     20.29   11.67   14.07     19.97   11.42    8.81     11.37   32.74   34.01   145.58   98.19   125.57  118.22 
 324   65.69   21.23     35.97    2.95    2.62     20.48   11.46   14.06     19.97   11.42    8.82     10.35   36.60   34.02   157.83   98.13   137.81  118.35 
 325   65.69   21.23     33.70    4.05    2.62     18.28   14.69   14.07     19.97   11.42    8.83     10.53   36.56   34.02   169.69   98.58   150.03  118.94 
 326   93.58   21.30     33.78    4.22    2.63     16.70   17.89   14.08     20.06   11.31    8.83     10.64   36.64   34.03   182.78   98.45   162.72  118.77 
 327   93.58   21.33     41.20    1.85    2.62     18.74   14.11   14.08     20.06   11.31    8.84     10.86   35.43   34.04   190.95   96.51   170.82  116.76 
 328   93.58   21.27     35.53    3.62    2.63     18.62   14.04   14.08     20.06   11.31    8.85     11.24   33.56   34.04   195.65   96.19   175.42  116.44 
 329   93.58   21.32     37.67    2.85    2.63     18.90   13.45   14.08     20.06   11.31    8.86     11.17   33.20   34.03   197.57   96.95   177.08  117.20 
 330   93.58   21.32     41.78    1.78    2.63     19.21   12.71   14.07     20.06   11.31    8.86     11.38   32.15   34.03   198.58   99.62   178.12  120.04 
 331   98.85   21.07     34.96    4.00    2.63     20.44   10.94   14.06     20.03   11.36    8.87     11.00   33.80   34.03   198.01  107.97   177.89  128.53 
 332   98.85   20.69     38.43    2.74    2.63     18.89   13.10   14.06     20.03   11.36    8.88     10.62   34.94   34.03   198.61  114.77   178.68  135.39 
 333   98.85   20.70     37.75    2.95    2.63     18.35   14.11   14.06     20.03   11.36    8.89     10.47   34.66   34.03   195.23  118.09   175.27  139.21 
 334   98.85   20.60     38.01    2.80    2.63     18.52   14.26   14.06     20.03   11.36    8.89      9.94   36.32   34.04   187.33  119.35   167.94  140.48 
 335   98.85   20.66     38.87    2.50    2.63     19.09   13.58   14.06     20.03   11.36    8.90     10.31   36.14   34.04   183.16  119.33   163.95  140.41 
 336   82.13   21.23     40.73    1.92    2.63     18.19   15.27   14.06     20.13   11.23    8.91      9.15   40.14   34.06   173.06  120.20   154.03  141.02 
 337   82.13   21.23     36.39    3.05    2.63     17.62   16.73   14.07     20.13   11.23    8.91      9.35   40.12   34.08   161.14  119.74   142.65  140.82 
 338   82.13   21.18     38.37    2.36    2.63     18.10   15.90   14.08     20.13   11.23    8.92     10.09   38.52   34.09   154.09  119.45   135.42  140.56 
 339   82.13   21.08     42.82    1.38    2.63     17.49   16.92   14.08     20.13   11.23    8.93     10.17   38.70   34.11   148.13  120.03   129.52  140.91 
 340   82.13   21.15     36.94    2.69    2.63     17.60   16.44   14.09     20.13   11.23    8.93     10.72   36.61   34.11   146.02  119.56   127.06  140.48 
 341  100.04   21.69     37.00    2.60    2.63     18.51   14.63   14.09     20.05   11.35    8.94      9.98   39.24   34.13   143.58  114.87   124.50  135.38 
 342  100.04   21.35     39.82    1.85    2.62     17.37   16.57   14.10     20.05   11.35    8.95     10.47   36.93   34.14   144.79  110.67   125.90  131.33 
 343  100.04   21.34     33.78    3.63    2.63     18.84   13.99   14.10     20.05   11.35    8.96     10.71   36.22   34.14   143.03  108.19   123.65  128.45 
 344  100.04   21.26     40.48    1.67    2.62     19.88   12.65   14.10     20.05   11.35    8.96     11.03   35.02   34.15   145.03  104.21   125.62  124.64 
 345  100.04   21.36     36.91    2.54    2.62     21.20   11.09   14.09     20.05   11.35    8.97     11.38   34.21   34.15   147.84  100.51   128.39  121.01 
 346   92.91   20.57     39.03    2.00    2.62     21.66   10.65   14.08     19.89   11.59    8.98     12.04   32.28   34.14   150.42   99.02   130.78  119.48 
 347   92.91   20.62     36.42    2.76    2.62     22.76    9.80   14.06     19.89   11.59    8.98     11.59   34.59   34.14   158.93   95.68   138.95  116.25 
 348   92.91   20.60     34.35    3.68    2.63     20.88   12.49   14.06     19.89   11.59    8.99     11.97   34.24   34.14   168.51   95.26   148.52  115.59 
 349   92.91   20.58     33.31    4.34    2.63     18.41   16.97   14.07     19.89   11.59    9.00     12.02   34.54   34.14   177.62   94.85   157.59  114.90 
 350   92.91   20.60     35.45    3.48    2.63     18.74   16.49   14.08     19.89   11.59    9.01     12.15   34.48   34.14   185.18   93.99   165.17  114.15 
 351   91.20   21.39     35.28    3.59    2.64     18.65   16.74   14.08     20.02   11.45    9.01     11.97   35.91   34.15   189.16   94.60   168.98  114.53 
 352   91.20   21.08     39.73    2.16    2.63     18.64   16.80   14.09     20.02   11.45    9.02     12.25   35.21   34.15   189.33   94.11   169.22  114.45 
 353   91.20   21.11     36.74    3.09    2.64     18.53   16.96   14.10     20.02   11.45    9.03     12.22   34.93   34.16   190.66  100.85   170.70  121.04 
 354   91.20   21.06     37.35    2.92    2.64     17.68   18.53   14.11     20.02   11.45    9.03     11.98   35.44   34.16   189.53  106.37   169.85  126.53 
 355   91.20   21.10     35.34    3.59    2.64     17.30   18.90   14.12     20.02   11.45    9.04     12.15   34.60   34.16   183.70  106.70   164.18  127.05 
 356   71.11   21.42     33.89    4.16    2.64     19.52   14.23   14.13     19.89   11.66    9.05     12.00   34.42   34.16   176.24  106.30   156.31  126.45 
 357   71.11   21.34     36.71    2.89    2.64     19.12   14.62   14.13     19.89   11.66    9.06     11.90   33.70   34.16   167.79  106.97   147.99  127.04 
 358   71.11   21.43     35.10    3.40    2.65     19.32   14.12   14.13     19.89   11.66    9.06     12.43   31.42   34.15   163.81  106.71   144.28  127.21 
 359   71.11   21.36     36.67    2.67    2.65     18.34   15.45   14.13     19.89   11.66    9.07     11.12   35.03   34.15   152.08  105.44   132.35  126.14 
 360   71.11   21.42     38.72    2.04    2.64     19.36   13.26   14.13     19.89   11.66    9.08     11.46   33.25   34.15   142.74  104.98   123.01  125.66 
 361  108.23   20.57     39.98    1.72    2.64     20.58   11.15   14.12     20.05   11.47    9.08     11.81   31.05   34.14   136.60  104.29   116.66  125.08 
 362  108.23   20.58     34.48    3.13    2.64     18.40   13.92   14.12     20.05   11.47    9.09     11.61   30.95   34.13   131.34  102.66   111.63  123.36 
 363  108.23   20.58     31.60    4.28    2.65     17.04   16.00   14.12     20.05   11.47    9.10     11.72   29.76   34.12   129.83  103.22   109.47  123.35 
 364  108.23   20.54     35.73    2.69    2.65     18.15   13.91   14.12     20.05   11.47    9.10     11.78   29.11   34.11   127.61  105.01   107.61  125.67 
 365  108.23   20.63     37.25    2.32    2.65     18.05   13.64   14.12     20.05   11.47    9.11     11.67   28.71   34.09   126.52  107.98   106.82  129.42 
 366   69.11   20.98     42.66    1.26    2.64     16.96   15.20   14.13     19.85   11.75    9.12     11.21   29.54   34.08   129.23  111.98   108.37  132.15 
 367   69.11   21.06     41.78    1.42    2.64     17.20   14.28   14.13     19.85   11.75    9.12     10.80   30.13   34.07   130.01  113.51   110.48  134.48 
 368   69.11   21.06     38.10    2.22    2.64     16.67   14.71   14.13     19.85   11.75    9.13     10.38   30.50   34.06   136.10  112.67   116.30  133.99 
 369   69.11   21.11     40.22    1.76    2.64     16.70   14.53   14.13     19.85   11.75    9.14     10.71   29.23   34.05   140.28  113.38   120.30  134.44 
 370   69.11   21.08     38.05    2.35    2.64     17.34   13.53   14.13     19.85   11.75    9.15     10.13   30.65   34.04   148.82  113.75   128.80  133.87 
 371   91.10   21.66     36.38    2.95    2.64     17.86   12.72   14.12     19.93   11.62    9.15     10.44   29.59   34.03   156.87  113.39   136.91  133.65 
 372   91.10   21.40     37.72    2.64    2.64     16.60   14.61   14.12     19.93   11.62    9.16     10.32   29.72   34.01   167.22  114.94   147.59  134.98 
 373   91.10   21.44     43.71    1.36    2.63     16.53   14.86   14.13     19.93   11.62    9.17     10.76   28.47   34.00   176.55  114.37   156.33  134.10 
 374   91.10   21.40     36.67    3.16    2.63     16.79   14.46   14.13     19.93   11.62    9.17     10.76   28.61   33.99   182.97  115.48   162.58  135.27 
 375   91.10   21.44     35.22    3.76    2.64     17.04   14.15   14.13     19.93   11.62    9.18     11.07   28.17   33.97   184.93  115.20   164.31  135.34 
 376  104.44   20.66     40.07    2.16    2.64     17.45   13.94   14.13     19.95   11.57    9.19     10.93   29.52   33.96   187.34  113.12   167.08  133.40 
 377  104.44   20.53     38.65    2.51    2.64     19.02   11.89   14.12     19.95   11.57    9.19     10.61   31.55   33.95   189.20  108.65   168.87  128.55 
 378  104.44   20.50     38.79    2.47    2.64     18.97   11.90   14.11     19.95   11.57    9.20     10.65   31.09   33.94   191.02  103.91   170.90  123.95 
 379  104.44   20.47     34.24    4.17    2.64     17.55   13.89   14.11     19.95   11.57    9.20     11.14   29.35   33.93   191.53  102.48   171.40  122.80 
 380  104.44   20.55     35.97    3.37    2.64     17.90   13.45   14.11     19.95   11.57    9.21     10.98   30.17   33.92   190.70  102.33   170.70  122.61 
 381  112.93   21.30     38.08    2.63    2.64     18.49   12.70   14.11     19.92   11.60    9.22     11.08   29.95   33.91   188.32  101.58   167.97  121.95 
 382  112.93   20.93     34.19    4.00    2.64     18.17   13.56   14.11     19.92   11.60    9.22     10.36   33.10   33.91   181.59   99.12   161.66  119.58 
 383  112.93   21.04     38.58    2.31    2.64     18.87   12.69   14.10     19.92   11.60    9.23      9.93   35.59   33.91   173.96   97.35   153.89  117.63 
 384  112.93   20.94     28.04    7.63    2.66     21.36   10.00   14.09     19.92   11.60    9.24     10.40   35.22   33.92   165.18   96.87   145.06  117.57 
 385  112.93   21.03     39.01    2.00    2.66     19.15   13.58   14.09     19.92   11.60    9.24      9.79   39.57   33.93   155.04   95.18   135.00  116.02 
 386  103.01   21.78     38.68    1.99    2.65     20.25   12.92   14.09     19.93   11.58    9.25     10.32   40.73   33.95   144.57   94.31   124.85  115.22 
 387  103.01   21.45     34.23    3.23    2.65     19.99   13.86   14.09     19.93   11.58    9.25     11.87   35.76   33.95   139.64   93.96   119.95  115.07 
 388  103.01   21.50     33.88    3.22    2.66     19.42   15.54   14.09     19.93   11.58    9.26     11.09   40.93   33.97   130.36   92.64   110.80  113.62 
 389  103.01   21.31     35.02    2.71    2.66     17.89   18.28   14.10     19.93   11.58    9.27     11.64   38.00   33.98   122.98   92.61   103.56  113.46 
 390  103.01   21.38     42.40    1.15    2.65     18.47   16.32   14.11     19.93   11.58    9.27     12.42   33.27   33.98   120.57   93.45   100.62  114.61 
 391  101.02   20.46     36.49    2.31    2.65     19.86   13.04   14.11     19.89   11.66    9.28     12.09   32.60   33.98   120.46   97.44   100.44  118.50 
 392  101.02   20.52     38.38    1.91    2.65     19.29   13.13   14.10     19.89   11.66    9.28     12.02   30.97   33.97   121.57  100.63   101.72  121.75 
 393  101.02   20.47     35.44    2.67    2.65     19.72   12.29   14.10     19.89   11.66    9.29     11.92   30.77   33.96   122.70  102.88   102.57  123.83 
 394  101.02   20.45     44.30    1.01    2.65     17.99   14.86   14.10     19.89   11.66    9.30     11.55   31.66   33.96   126.28  105.36   106.13  126.76 
 395  101.02   20.49     40.41    1.63    2.64     18.92   13.77   14.10     19.89   11.66    9.30     11.09   34.20   33.96   131.70  106.87   111.68  127.70 
 396   89.89   20.96     37.03    2.52    2.64     20.19   12.46   14.10     19.90   11.66    9.31     10.65   36.86   33.96   140.75  108.88   120.78  129.77 
 397   89.89   20.93     36.32    2.84    2.64     19.59   13.86   14.09     19.90   11.66    9.31     10.85   37.35   33.97   150.63  108.87   130.64  129.86 
 398   89.89   20.84     37.73    2.48    2.64     19.58   14.12   14.09     19.90   11.66    9.32     12.08   33.35   33.97   156.54  108.50   136.87  129.66 
 399   89.89   20.96     39.68    2.06    2.64     18.29   16.58   14.10     19.90   11.66    9.33     11.18   36.45   33.98   169.35  108.16   149.85  129.61 
 400   89.89   20.96     39.53    2.20    2.64     17.14   18.63   14.11     19.90   11.66    9.33     11.69   33.69   33.98   179.78  109.87   160.00  130.81 
 401  110.21   21.79     36.37    3.26    2.64     17.74   16.60   14.12     19.94   11.64    9.34     12.05   31.45   33.97   186.44  110.06   166.77  131.01 
 402  110.21   21.37     38.32    2.66    2.64     18.35   15.05   14.12     19.94   11.64    9.34     12.33   30.05   33.96   191.53  109.41   171.92  130.12 
 403  110.21   21.40     37.44    2.97    2.64     18.08   15.41   14.12     19.94   11.64    9.35     12.57   29.09   33.95   193.16  111.36   173.70  132.03 
 404  110.21   21.79     38.09    2.79    2.64     18.33   14.90   14.13     19.94   11.64    9.35     12.51   29.17   33.94   195.52  111.75   176.17  132.49 
 405  110.21   21.48     37.83    2.86    2.64     18.62   14.37   14.13     19.94   11.64    9.36     12.43   29.56   33.93   195.51  111.41   176.39  132.16 
 406   97.77   20.89     36.61    3.28    2.65     19.91   12.30   14.12     19.84   11.78    9.37     12.20   30.26   33.92   193.88  108.58   174.79  129.60 
 407   97.77   20.48     37.73    2.86    2.65     19.77   12.47   14.12     19.84   11.78    9.37     11.95   30.99   33.91   193.11  105.92   173.77  126.59 
 408   97.77   20.43     41.92    1.70    2.64     20.75   11.15   14.11     19.84   11.78    9.38     11.60   32.18   33.91   188.88  102.81   169.40  123.42 
 409   97.77   20.41     39.39    2.19    2.64     18.43   14.64   14.11     19.84   11.78    9.38     10.72   35.63   33.91   181.17   98.43   161.35  117.73 
 410   97.77   20.45     33.85    4.03    2.65     19.64   12.68   14.11     19.84   11.78    9.39     11.81   31.63   33.90   174.54   95.37   154.70  115.51 
 411  124.53   21.06     38.86    2.13    2.64     18.87   14.06   14.11     19.93   11.67    9.39     11.10   34.55   33.91   166.08   93.48   146.79  113.63 
 412  124.53   20.86     45.18    0.99    2.64     20.32   12.13   14.10     19.93   11.67    9.40     11.44   33.53   33.90   158.07   90.57   137.94  110.70 
 413  124.53   20.95     37.64    2.26    2.64     19.03   14.14   14.10     19.93   11.67    9.41     11.79   32.53   33.90   148.79   90.18   128.45  110.32 
 414  124.53   20.90     40.79    1.51    2.64     18.83   14.22   14.10     19.93   11.67    9.41     11.75   32.58   33.90   140.03   89.20   119.94  109.65 
 415  124.53   20.96     37.34    2.14    2.64     18.92   13.88   14.10     19.93   11.67    9.42     11.66   32.70   33.89   134.78   87.82   115.10  108.51 
 416  114.18   23.01     38.68    1.81    2.63     19.08   13.58   14.10     19.83   11.82    9.42     12.11   30.72   33.89   129.58   86.28   109.97  107.13 
 417  114.18   22.65     31.99    3.89    2.64     18.69   14.16   14.10     19.83   11.82    9.43     12.32   30.02   33.88   126.92   87.99   106.99  108.59 
 418  114.18   22.62     46.40    0.75    2.63     19.49   12.95   14.10     19.83   11.82    9.43     12.54   29.36   33.87   127.31   91.51   107.21  111.91 
 419  114.18   22.66     50.46    0.48    2.63     18.67   14.13   14.10     19.83   11.82    9.44     12.32   30.02   33.86   128.98   96.42   109.00  116.63 
 420  114.18   22.72     38.68    1.92    2.63     19.04   13.43   14.10     19.83   11.82    9.45     11.80   31.46   33.85   131.80  100.71   112.19  121.70 
 421  114.81   21.78     38.18    2.10    2.62     19.45   12.73   14.09     19.79   11.87    9.45     11.55   32.07   33.85   136.09  103.17   116.42  124.03 
 422  114.81   21.46     37.08    2.43    2.62     19.45   12.74   14.09     19.79   11.87    9.46     11.67   31.52   33.84   140.76  105.54   120.92  126.00 
 423  114.81   21.48     35.57    3.01    2.62     20.84   10.81   14.08     19.79   11.87    9.46     11.30   32.64   33.84   147.65  107.45   127.79  127.95 
 424  114.81   21.68     35.85    3.05    2.63     19.50   12.54   14.08     19.79   11.87    9.47     11.06   33.31   33.84   157.59  109.43   137.79  129.69 
 425  114.81   21.53     28.80    7.03    2.64     21.08   10.45   14.07     19.79   11.87    9.47     11.23   32.57   33.84   167.64  109.63   147.93  129.48 
 426  105.90   20.06     34.79    3.75    2.64     19.52   12.63   14.07     19.88   11.75    9.48     11.74   30.80   33.83   175.54  108.26   156.26  128.63 
 427  105.90   18.87     37.70    2.73    2.64     20.23   11.72   14.06     19.88   11.75    9.48     12.06   29.98   33.82   181.56  108.98   161.46  128.45 
 428  105.90   20.15     39.75    2.24    2.64     19.85   12.29   14.06     19.88   11.75    9.49     11.58   31.46   33.81   190.81  109.68   170.93  129.06 
 429  105.90   20.10     33.76    4.59    2.64     19.21   13.26   14.06     19.88   11.75    9.50     11.84   30.60   33.81   196.79  109.90   176.90  129.72 
 430  105.90   18.86     37.02    3.17    2.64     18.65   14.11   14.06     19.88   11.75    9.50     11.85   30.90   33.80   197.97  108.88   178.29  128.74 
 431  106.78   23.17     36.53    3.35    2.65     20.39   11.68   14.05     19.97   11.65    9.51     11.84   31.19   33.79   198.22  109.37   178.13  129.12 
 432  106.78   23.24     39.07    2.47    2.64     19.50   13.04   14.05     19.97   11.65    9.51     11.61   32.32   33.79   199.25  105.95   179.14  125.66 
 433  106.78   23.18     38.17    2.75    2.64     18.99   13.93   14.05     19.97   11.65    9.52     11.78   31.90   33.79   199.73  102.78   179.80  122.56 
 434  106.78   23.24     39.55    2.32    2.64     19.28   13.53   14.05     19.97   11.65    9.52     11.64   32.51   33.78   199.55   99.61   179.33  119.06 
 435  106.78   23.14     39.85    2.24    2.64     19.40   13.42   14.05     19.97   11.65    9.53     11.93   31.67   33.78   200.05   97.75   179.92  117.26 
 436  121.07   22.88     35.59    3.62    2.65     17.65   14.94   14.05     19.75   11.95    9.53     11.76   29.56   33.77   200.15   96.30   180.43  116.28 
 437  121.07   22.80     32.11    5.39    2.65     15.33   16.48   14.05     19.75   11.95    9.54     11.56   25.67   33.75   198.64   94.16   178.68  114.42 
 438  121.07   22.67     33.39    4.64    2.66     14.63   16.67   14.06     19.75   11.95    9.54     11.10   25.48   33.73   201.26   91.39   181.35  111.40 
 439  121.07   22.87     36.24    3.34    2.66     14.28   17.35   14.07     19.75   11.95    9.55     10.90   25.72   33.71   201.94   88.89   181.90  109.03 
 440  121.07   22.94     30.94    6.16    2.67     13.90   17.32   14.07     19.75   11.95    9.55     10.72   25.87   33.69   204.89   92.43   184.42  111.15 
 441  115.48   18.69     30.93    6.14    2.67     15.31   14.89   14.08     19.80   11.86    9.56     11.07   24.48   33.67   202.87   91.94   182.57  111.35 
 442  115.48   20.75     31.80    5.55    2.68     15.54   14.45   14.08     19.80   11.86    9.56     11.11   24.37   33.65   201.96   90.89   181.67  110.48 
 443  115.48   18.42     31.36    5.71    2.69     14.96   15.41   14.08     19.80   11.86    9.57     10.39   25.86   33.64   199.12   88.06   178.87  107.28 
 444  115.48   20.67     32.21    5.16    2.69     14.43   16.42   14.09     19.80   11.86    9.57     10.92   24.70   33.62   198.44   86.36   178.17  105.43 
 445  115.48   19.61     28.33    8.05    2.70     14.32   16.42   14.09     19.80   11.86    9.58     10.70   25.82   33.60   194.71   87.72   174.73  107.06 
 446   83.61   21.39     31.62    5.51    2.71     16.95   12.30   14.09     19.78   11.86    9.58     10.87   25.20   33.58   199.28   86.60   178.69  105.32 
 447   83.61   21.97     31.55    5.55    2.72     17.21   11.90   14.08     19.78   11.86    9.59     10.75   25.43   33.56   198.83   86.88   178.33  105.79 
 448   83.61   22.35     31.05    5.88    2.72     17.38   11.69   14.08     19.78   11.86    9.59     10.91   24.94   33.54   198.41   86.18   177.99  105.58 
 449   83.61   21.95     31.71    5.40    2.73     16.96   12.27   14.07     19.78   11.86    9.60     10.80   25.31   33.52   197.43   86.65   177.10  105.83 
 450   83.61   22.27     33.52    4.39    2.73     16.76   13.43   14.07     19.78   11.86    9.60     11.49   24.80   33.50   196.31   84.83   176.13  104.01 
 451  104.37   21.46     30.80    5.97    2.74     17.28   13.43   14.07     19.74   11.88    9.61     11.83   25.17   33.48   196.51   84.58   175.49  103.61 
 452  104.37   21.17     36.55    3.08    2.74     16.30   16.83   14.08     19.74   11.88    9.61     11.97   27.73   33.47   194.85   81.82   174.58  100.74 
 453  104.37   21.22     37.23    2.86    2.74     16.88   16.94   14.08     19.74   11.88    9.62     12.40   28.40   33.46   194.74   81.16   174.94  100.78 
 454  104.37   21.03     35.66    3.42    2.74     17.32   16.80   14.09     19.74   11.88    9.62     12.52   29.19   33.45   195.56   81.49   175.49  100.89 
 455  104.37   21.23     39.31    2.25    2.74     17.83   16.12   14.09     19.74   11.88    9.63     12.35   30.35   33.44   194.60   80.74   174.66  100.23 
 456  128.86   19.41     36.15    3.23    2.74     17.69   16.30   14.10     19.68   11.96    9.63     12.62   29.58   33.44   193.47   80.74   173.99  100.44 
 457  128.86   18.76     35.25    3.58    2.75     18.08   15.60   14.10     19.68   11.96    9.64     12.47   30.13   33.43   193.71   81.18   174.27  100.78 
 458  128.86   18.96     33.12    4.58    2.75     16.35   15.70   14.10     19.68   11.96    9.64     12.18   25.85   33.41   195.80   83.87   175.40  103.24 
 459  128.86   18.86     33.24    4.53    2.75     17.63   12.06   14.10     19.68   11.96    9.65     11.67   24.53   33.39   197.58   84.06   177.96  103.36 
 460  128.86   19.12     32.29    5.03    2.76     18.21   10.90   14.09     19.68   11.96    9.65     11.27   24.58   33.37   196.25   83.54   176.18  102.91 
 461  107.59   21.75     32.79    4.78    2.76     18.47   10.49   14.08     19.67   11.97    9.66     10.89   25.49   33.36   197.79   83.76   177.18  102.98 
 462  107.59   22.30     30.91    5.94    2.77     18.74   10.08   14.08     19.67   11.97    9.66     10.95   25.13   33.34   198.29   84.28   177.57  102.89 
 463  107.59   22.23     30.98    5.90    2.78     18.08   10.80   14.07     19.67   11.97    9.67     10.79   25.60   33.32   198.12   84.54   177.54  104.08 
 464  107.59   21.80     30.64    6.12    2.78     19.09    9.55   14.06     19.67   11.97    9.67     10.70   25.59   33.31   197.84   84.57   177.81  103.79 
 465  107.59   22.03     29.26    7.14    2.79     18.98    9.64   14.05     19.67   11.97    9.68     10.88   24.96   33.29   197.59   85.05   177.34  104.10 
 466  108.68   20.54     30.78    6.01    2.80     20.75    7.93   14.04     19.71   11.89    9.68     10.96   24.72   33.27   197.49   84.62   176.87  103.57 
 467  108.68   23.21     30.25    6.40    2.81     20.26    8.34   14.02     19.71   11.89    9.69     10.75   25.34   33.25   197.75   85.14   177.36  103.78 
 468  108.68   19.87     30.24    6.38    2.82     20.28    8.30   14.01     19.71   11.89    9.69     10.87   24.95   33.23   197.76   85.08   177.37  103.72 
 469  108.68   22.95     30.80    6.00    2.82     18.89    9.91   14.00     19.71   11.89    9.70     11.19   24.38   33.22   196.94   85.52   176.63  104.15 
 470  108.68   20.13     30.86    5.92    2.83     18.22   11.67   14.00     19.71   11.89    9.70     11.84   24.58   33.20   196.80   84.50   176.35  102.85 
 471  106.43   20.38     29.29    7.13    2.84     15.60   17.44   14.01     19.67   11.92    9.71     11.75   27.87   33.19   192.39   84.85   172.04  103.50 
 472  106.43   19.92     35.03    3.68    2.84     16.99   16.59   14.01     19.67   11.92    9.71     12.35   27.98   33.18   195.17   81.07   175.21   99.81 
 473  106.43   19.66     37.04    2.91    2.84     18.30   15.01   14.01     19.67   11.92    9.72     12.63   28.70   33.17   195.52   80.49   175.82   99.64 
 474  106.43   18.53     35.39    3.54    2.84     19.12   13.73   14.01     19.67   11.92    9.72     12.63   29.10   33.16   194.91   80.62   175.14   99.81 
 475  106.43   19.59     37.11    2.89    2.84     19.53   13.33   14.01     19.67   11.92    9.73     12.73   29.20   33.15   194.99   80.54   175.18   99.77 
 476  114.38   20.18     35.80    3.37    2.84     21.54   10.63   14.00     19.66   11.93    9.73     12.78   29.31   33.14   194.88   80.96   175.42  100.44 
