   6    2.44   21.12     48.66    0.70    0.95     25.40    5.01    6.63     50.26    0.29   32.29      7.71   38.30   38.63   178.29   77.13   156.76   98.87 
   7    2.44   21.38     42.70    1.39    1.01     21.35    7.95    6.82     50.26    0.29   27.72      7.75   37.98   38.54   178.91   77.85   157.64   99.68 
   8    2.44   21.10     43.72    1.24    1.04     23.88    5.99    6.71     50.26    0.29   24.29      7.73   38.03   38.47   178.59   77.04   157.12   98.62 
   9    2.44   21.60     48.65    0.70    1.00     25.14    5.14    6.54     50.26    0.29   21.62      7.80   37.73   38.39   178.30   77.43   157.14   99.23 
  10    2.44   21.62     46.57    0.89    0.99     23.72    6.04    6.49     50.26    0.29   19.49      7.66   38.35   38.39   178.33   77.67   157.25   99.40 
  11    2.32   21.14     51.84    0.49    0.95     29.51    3.12    6.18     50.24    0.29   17.74      7.86   37.43   38.30   178.43   77.04   157.45   99.02 
  12    2.32   21.08     43.86    1.23    0.97     22.77    6.75    6.23     50.24    0.29   16.29      7.66   38.69   38.33   178.59   78.34   157.59  100.38 
  13    2.32   21.60     42.49    1.44    1.01     22.71    6.86    6.28     50.24    0.29   15.06      7.97   37.26   38.25   180.11   78.39   159.04  100.45 
  14    2.32   20.70     44.69    1.13    1.02     21.79    7.53    6.37     50.24    0.29   14.00      7.74   38.21   38.25   182.00   79.11   160.97  100.83 
  15    2.32   21.03     47.83    0.79    1.00     22.54    6.90    6.40     50.24    0.29   13.09      7.87   37.43   38.19   182.68   79.30   161.74  101.16 
  16    2.42   20.72     44.50    1.16    1.01     21.97    7.41    6.47     50.20    0.29   12.29      7.84   37.40   38.14   182.83   79.46   161.00  100.62 
  17    2.42   20.71     39.83    1.97    1.07     16.03   14.72    6.95     50.20    0.29   11.58      7.94   37.43   38.10   181.64   80.25   159.64  101.47 
  18    2.42   21.05     27.90    7.45    1.42     11.33   25.46    7.98     50.20    0.29   10.96      7.60   39.31   38.17   179.67   79.93   157.92  101.05 
  19    2.42   20.67     22.98   12.75    2.02      9.38   32.59    9.27     50.20    0.29   10.39      7.13   41.93   38.37   178.96   80.09   156.65  100.69 
  20    2.42   19.80     34.07    3.39    2.09      9.13   36.05   10.61     50.20    0.29    9.89      6.47   45.30   38.71   159.95   76.62   137.90   97.14 
  21    2.99   20.70     30.77    4.87    2.22     19.57   11.02   10.63     50.26    0.29    9.43      9.56   33.64   38.47   156.03   76.35   134.21   96.99 
  22    2.99   20.47     29.55    5.44    2.37     16.45   15.70   10.86     50.26    0.29    9.02      9.14   35.33   38.33   150.17   77.58   127.43   97.76 
  23    2.99   20.50     25.85    8.00    2.61     12.86   23.52   11.41     50.26    0.29    8.64      9.27   34.77   38.17   145.23   76.93   122.21   97.04 
  24    2.99   20.43     20.21   14.92    3.12     11.35   27.46   12.08     50.26    0.29    8.29      8.79   37.08   38.13   147.26   81.46   124.69  102.26 
  25    2.99   20.58     30.76    4.36    3.17     11.25   27.87   12.71     50.26    0.29    7.97      8.50   37.79   38.11   129.16   82.66   106.58  103.08 
  26    4.03   20.35     31.61    3.97    3.20     18.23   12.47   12.70     50.41    0.29    7.67      9.74   33.78   37.95   125.09   87.98   102.80  108.59 
  27    4.03   19.12     30.13    4.71    3.26     17.80   13.10   12.72     50.41    0.29    7.40     10.36   31.87   37.72   123.70   91.32   101.07  111.32 
  28    4.03   19.38     28.31    6.02    3.36     15.71   16.78   12.86     50.41    0.29    7.15      9.98   33.54   37.57   124.52   96.03   101.88  115.74 
  29    4.03   18.92     27.46    6.78    3.48     14.24   19.97   13.11     50.41    0.29    6.91     10.00   33.37   37.43   125.12  100.71   102.42  120.34 
  30    4.03   19.43     29.89    5.29    3.54     13.29   22.22   13.41     50.41    0.29    6.69      9.54   34.99   37.35   125.24  106.63   103.17  126.60 
  31    6.16   19.87     29.79    5.50    3.60     21.55    8.68   13.26     33.44    2.06    6.54     10.24   32.36   37.19   127.29  109.81   105.63  129.82 
  32    6.16   18.89     29.05    6.06    3.68     18.24   12.85   13.25     33.44    2.06    6.40      9.96   33.84   37.08   131.99  110.15   110.05  130.12 
  33    6.16   20.21     28.13    6.82    3.77     18.07   13.26   13.25     33.44    2.06    6.27     10.07   33.69   36.98   133.79  109.89   112.10  129.77 
  34    6.16   20.07     29.38    6.09    3.84     16.03   17.24   13.37     33.44    2.06    6.14      9.74   35.66   36.94   139.84  110.87   117.66  130.13 
  35    6.16   19.14     29.66    6.07    3.90     15.13   19.82   13.55     33.44    2.06    6.03      9.37   38.22   36.98   147.75  110.60   125.48  130.37 
  36    8.93   20.30     30.99    5.39    3.95     20.40   11.27   13.49     37.97    1.24    5.89     10.04   36.76   36.97   156.16  110.76   134.05  130.05 
  37    8.93   18.82     30.57    5.90    4.00     18.03   15.21   13.53     37.97    1.24    5.77      9.77   38.93   37.02   165.83  110.05   143.57  129.47 
  38    8.93   20.04     32.17    5.06    4.03     16.93   17.53   13.64     37.97    1.24    5.65     10.00   38.65   37.07   174.05  110.74   151.77  130.45 
  39    8.93   19.17     33.01    4.65    4.04     16.21   19.16   13.78     37.97    1.24    5.54     10.44   37.10   37.07   177.21  111.45   155.15  131.24 
  40    8.93   20.18     33.57    4.52    4.05     15.93   19.72   13.93     37.97    1.24    5.43      9.73   39.65   37.13   184.65  114.78   162.28  134.42 
  41   12.63   19.96     32.05    5.56    4.09     19.05   13.63   13.92     22.57    7.56    5.48      9.76   39.14   37.18   191.00  117.56   168.42  137.29 
  42   12.63   18.92     31.54    6.09    4.14     17.86   15.35   13.96     22.57    7.56    5.53      9.77   38.54   37.21   196.06  119.64   173.75  139.30 
  43   12.63   18.36     33.93    4.71    4.15     16.30   18.07   14.05     22.57    7.56    5.58      9.66   38.38   37.24   201.95  121.23   179.84  141.10 
  44   12.63   18.44     32.89    5.28    4.18     14.84   20.91   14.21     22.57    7.56    5.62      9.69   37.91   37.25   201.67  119.71   179.51  139.48 
  45   12.63   19.16     33.62    4.85    4.19     14.00   22.84   14.40     22.57    7.56    5.67      9.93   36.30   37.23   202.30  120.60   180.26  140.03 
  46   18.72   19.68     33.70    4.82    4.21     21.30    9.61   14.29     23.46    6.96    5.69      9.96   35.38   37.19   203.11  120.92   180.72  140.04 
  47   18.72   24.08     34.03    4.66    4.22     18.83   12.56   14.26     23.46    6.96    5.72      9.90   34.99   37.15   202.66  121.84   180.36  140.96 
  48   18.72   23.69     33.78    4.79    4.23     18.37   13.02   14.23     23.46    6.96    5.75      9.79   34.98   37.10   203.14  120.78   181.07  140.63 
  49   18.72   24.18     31.69    6.08    4.27     15.61   17.82   14.30     23.46    6.96    5.77      9.83   34.54   37.05   202.30  118.92   180.01  138.16 
  50   18.72   23.76     33.70    4.79    4.28     16.92   15.27   14.32     23.46    6.96    5.80      9.95   34.11   36.99   203.60  117.75   181.32  137.38 
  51   18.02   25.22     33.75    4.73    4.28     23.04    7.57   14.19     42.31    0.80    5.70     10.30   32.91   36.91   203.91  113.84   181.64  133.74 
  52   18.02   24.40     33.27    4.96    4.30     19.45   11.52   14.14     42.31    0.80    5.60     10.26   32.91   36.83   202.57  110.27   180.08  129.85 
  53   18.02   24.36     35.69    3.75    4.29     18.23   13.28   14.12     42.31    0.80    5.51     10.43   32.69   36.76   204.63  108.87   182.19  128.26 
  54   18.02   24.37     35.75    3.74    4.28     16.89   15.51   14.15     42.31    0.80    5.43     10.53   32.49   36.68   207.45  107.87   185.48  127.91 
  55   18.02   24.54     34.45    4.33    4.28     15.73   17.93   14.22     42.31    0.80    5.34     10.37   33.05   36.61   207.07  105.45   184.89  125.66 
  56   26.56   24.23     36.32    3.46    4.26     19.50   11.74   14.17     42.17    0.81    5.26     10.48   32.77   36.54   205.74  104.94   183.22  124.69 
  57   26.56   24.11     31.98    5.58    4.29     17.80   14.38   14.18     42.17    0.81    5.18     10.34   33.37   36.49   202.87  103.73   180.27  123.39 
  58   26.56   24.08     33.03    4.76    4.29     16.32   17.44   14.23     42.17    0.81    5.11      9.85   34.90   36.46   194.63  101.43   171.98  120.65 
  59   26.56   24.44     32.31    4.99    4.31     15.17   20.36   14.34     42.17    0.81    5.03      9.57   36.42   36.46   184.81   96.52   162.73  116.33 
  60   26.56   24.18     32.07    4.90    4.32     15.60   19.54   14.42     42.17    0.81    4.96      9.48   37.48   36.48   174.56   95.31   152.48  115.31 
  61   53.80   24.56     32.28    4.56    4.32     17.26   16.58   14.46     29.74    3.43    4.94      9.69   37.07   36.48   164.44   95.33   142.56  115.17 
  62   53.80   24.62     31.60    4.80    4.33     16.73   17.81   14.51     29.74    3.43    4.91     10.37   35.74   36.47   159.22   94.07   137.62  114.20 
  63   53.80   24.44     30.52    5.18    4.34     16.53   18.32   14.57     29.74    3.43    4.89      9.60   38.28   36.50   148.72   93.59   127.25  114.04 
  64   53.80   24.53     31.62    4.42    4.34     15.63   20.31   14.66     29.74    3.43    4.87     10.06   37.49   36.52   140.08   93.49   118.44  113.90 
  65   53.80   24.63     29.02    5.83    4.37     15.08   21.77   14.77     29.74    3.43    4.85     10.32   37.56   36.53   136.68   93.63   114.96  113.75 
  66  114.87   24.08     29.53    5.52    4.38     22.15    9.75   14.70     29.75    3.48    4.83     10.34   38.16   36.56   136.89   95.06   114.98  115.09 
  67  114.87   24.78     28.62    6.21    4.41     19.24   13.70   14.68     29.75    3.48    4.81     10.53   37.53   36.57   136.87   96.25   115.22  116.14 
  68  114.87   24.65     29.56    5.55    4.43     17.64   16.45   14.71     29.75    3.48    4.79     10.63   37.10   36.58   137.68   96.86   116.16  117.02 
  69  114.87   24.39     29.47    5.72    4.45     15.91   20.03   14.79     29.75    3.48    4.77     10.77   36.30   36.58   140.52   97.76   119.32  118.21 
  70  114.87   24.48     32.56    4.11    4.44     16.57   18.44   14.84     29.75    3.48    4.75     10.64   36.52   36.57   145.87   99.31   124.07  119.43 
  71   94.70   25.52     31.89    4.55    4.44     21.25   10.73   14.78     34.25    2.10    4.71     10.86   35.27   36.56   152.08   98.63   130.13  118.72 
  72   94.70   25.51     33.47    3.90    4.44     18.43   14.76   14.78     34.25    2.10    4.67     10.97   34.59   36.53   158.33   97.80   136.29  117.80 
  73   94.70   25.40     33.98    3.79    4.43     19.71   12.61   14.75     34.25    2.10    4.64     11.10   34.00   36.49   164.99   99.14   143.15  119.09 
  74   94.70   25.25     31.60    5.06    4.44     19.23   13.30   14.73     34.25    2.10    4.61     11.45   32.67   36.44   167.97   99.31   145.61  118.73 
  75   94.70   25.20     31.31    5.34    4.45     19.73   12.51   14.70     34.25    2.10    4.57     11.17   33.66   36.41   173.66   97.94   151.83  117.76 
  76 1927.20   24.11     30.10    6.30    4.47     15.87   19.66   14.77     17.71   14.22    4.70     10.31   37.28   36.42   177.29   96.13   155.57  116.09 
  77 1927.20   24.36     31.04    5.73    4.49     15.47   20.66   14.84     17.71   14.22    4.82     10.05   38.30   36.44   183.67   96.80   161.50  116.58 
  78 1927.20   23.90     31.71    5.42    4.50     14.80   22.19   14.94     17.71   14.22    4.94     10.03   38.25   36.46   188.39   97.24   166.13  117.31 
  79 1927.20   23.82     32.34    5.07    4.51     15.11   21.36   15.02     17.71   14.22    5.06     10.24   37.48   36.48   188.57   98.00   166.43  117.47 
  80 1927.20   23.86     32.53    4.95    4.51     16.17   19.15   15.07     17.71   14.22    5.17     10.44   36.97   36.48   190.50   98.91   168.43  118.14 
  81  195.51   23.95     30.98    6.05    4.53     21.44   10.41   15.01     26.24    5.36    5.18     10.98   34.63   36.46   190.18  102.05   168.26  121.40 
  82  195.51   24.83     35.36    3.67    4.52     17.86   14.85   15.01     26.24    5.36    5.18     10.80   33.36   36.42   189.31  107.64   167.36  127.08 
  83  195.51   24.99     32.23    5.40    4.53     15.98   17.94   15.05     26.24    5.36    5.18     10.24   34.32   36.40   193.64  111.71   171.82  131.50 
  84  195.51   24.77     33.52    4.69    4.53     16.54   16.47   15.06     26.24    5.36    5.18     10.33   33.35   36.36   193.18  116.23   171.51  136.22 
  85  195.51   23.89     33.56    4.66    4.54     17.34   14.87   15.06     26.24    5.36    5.19     10.04   34.37   36.34   191.03  117.03   168.85  136.66 
  86 1221.14   23.09     33.56    4.60    4.54     17.66   14.05   15.05     19.15   12.17    5.27      9.53   35.42   36.33   186.82  118.35   164.89  138.20 
  87 1221.14   22.79     30.56    6.37    4.56     14.67   19.52   15.10     19.15   12.17    5.35      8.78   37.72   36.34   180.96  117.85   158.77  137.83 
  88 1221.14   23.25     31.06    5.84    4.57     14.69   19.04   15.14     19.15   12.17    5.42      8.84   36.78   36.35   174.40  118.50   151.84  138.32 
  89 1221.14   22.78     30.05    6.39    4.59     13.67   21.02   15.21     19.15   12.17    5.50      8.37   37.69   36.36   164.74  119.85   142.04  139.67 
  90 1221.14   23.05     30.49    5.93    4.61     14.11   20.00   15.26     19.15   12.17    5.57      8.98   35.85   36.36   159.72  119.56   137.03  139.08 
  91  288.78   24.91     29.74    6.36    4.63     20.83    9.25   15.20     26.84    5.01    5.57     10.22   31.66   36.31   158.05  117.07   135.51  136.52 
  92  288.78   24.99     29.57    6.18    4.64     17.87   13.30   15.18     26.84    5.01    5.56      9.30   36.07   36.30   155.97  107.33   133.26  126.91 
  93  288.78   24.31     32.00    4.52    4.64     15.63   17.73   15.20     26.84    5.01    5.56      9.81   34.71   36.29   153.67   99.18   130.79  118.84 
  94  288.78   25.59     32.73    4.15    4.64     15.21   19.26   15.25     26.84    5.01    5.55     10.41   33.43   36.26   154.73   96.68   131.91  116.12 
  95  288.78   25.31     30.74    5.22    4.64     15.55   19.12   15.29     26.84    5.01    5.54     10.83   32.95   36.22   157.66   94.89   134.83  114.38 
  96  161.19   26.05     30.27    5.64    4.65     19.40   12.47   15.26     33.54    2.31    5.51     11.26   32.14   36.18   161.19   95.60   138.25  115.24 
  97  161.19   26.56     31.41    4.98    4.66     18.36   14.24   15.25     33.54    2.31    5.48     11.50   31.63   36.13   162.50   94.74   140.05  115.17 
  98  161.19   27.24     35.38    3.23    4.64     17.77   15.54   15.25     33.54    2.31    5.44     11.27   33.32   36.10   168.05   94.67   145.52  114.92 
  99  161.19   26.82     31.31    5.34    4.65     17.29   16.76   15.27     33.54    2.31    5.41     11.01   34.88   36.09   175.44   93.81   153.59  114.33 
 100  161.19   27.01     31.59    5.34    4.66     16.62   18.58   15.30     33.54    2.31    5.38     10.97   35.49   36.08   182.69   94.75   160.84  114.72 
 101  730.69   24.07     32.32    5.07    4.66     15.74   20.88   15.36     20.72   10.16    5.43     10.51   37.91   36.10   189.71   94.13   167.56  114.40 
 102  730.69   24.31     35.35    3.63    4.65     15.25   22.45   15.42     20.72   10.16    5.48     10.34   39.09   36.13   194.41   92.09   172.40  111.75 
 103  730.69   24.38     33.19    4.65    4.65     15.35   22.38   15.49     20.72   10.16    5.52     10.64   38.32   36.15   196.05   90.78   174.51  110.96 
 104  730.69   24.83     30.57    6.38    4.67     15.97   20.71   15.54     20.72   10.16    5.57     10.94   37.24   36.16   195.30   93.46   173.74  113.48 
 105  730.69   24.85     33.94    4.43    4.66     16.38   19.51   15.58     20.72   10.16    5.61     10.36   39.32   36.19   197.70  100.18   176.12  120.04 
 106  327.51   25.07     33.51    4.62    4.66     20.41   12.17   15.55     33.92    2.24    5.58     11.14   35.58   36.19   196.31  101.24   174.61  121.13 
 107  327.51   24.41     32.20    5.24    4.67     18.42   15.25   15.55     33.92    2.24    5.55     10.88   36.28   36.19   192.34   99.61   170.53  119.30 
 108  327.51   24.77     31.47    5.65    4.68     19.16   13.96   15.53     33.92    2.24    5.52     11.18   34.98   36.18   188.21  100.06   166.71  119.87 
 109  327.51   24.25     32.90    4.56    4.68     19.08   14.06   15.52     33.92    2.24    5.49     10.47   37.53   36.19   177.07   99.34   155.42  119.23 
 110  327.51   26.07     30.79    5.59    4.69     19.06   14.05   15.50     33.92    2.24    5.46     10.40   37.79   36.20   169.48   98.87   147.73  118.77 
 111  378.35   25.31     32.50    4.50    4.68     19.46   13.32   15.48     23.21    7.75    5.48     10.85   35.52   36.20   163.65  102.57   141.62  122.31 
 112  378.35   25.98     31.12    5.28    4.69     19.34   13.28   15.46     23.21    7.75    5.50     10.88   34.98   36.19   157.12  106.14   135.90  126.57 
 113  378.35   25.32     31.14    5.33    4.70     17.76   15.73   15.47     23.21    7.75    5.52     10.76   35.25   36.18   155.14  110.79   133.82  131.02 
 114  378.35   25.90     32.13    4.78    4.70     18.22   14.91   15.46     23.21    7.75    5.54     10.83   34.91   36.17   156.31  112.92   135.02  132.98 
 115  378.35   25.55     31.19    5.42    4.70     17.37   16.06   15.47     23.21    7.75    5.56     10.62   35.02   36.16   157.84  114.84   136.85  135.15 
 116  601.08   25.67     32.65    4.66    4.70     21.46    9.89   15.42     23.01    7.96    5.58     10.34   35.69   36.15   161.89  116.12   140.64  136.52 
 117  601.08   25.40     32.15    5.08    4.70     18.41   13.64   15.40     23.01    7.96    5.60     10.13   35.52   36.15   169.14  116.92   148.00  137.28 
 118  601.08   25.68     30.06    6.73    4.72     16.28   17.06   15.42     23.01    7.96    5.62     10.01   34.96   36.14   175.95  118.56   154.54  138.78 
 119  601.08   26.45     31.26    6.03    4.73     17.52   14.34   15.41     23.01    7.96    5.64      9.79   34.66   36.13   183.03  120.83   161.54  140.83 
 120  601.08   26.25     34.03    4.41    4.73     16.65   15.69   15.41     23.01    7.96    5.66     10.03   33.34   36.10   187.30  121.83   165.74  141.82 
 121 4359.84   24.11     35.87    3.59    4.72     15.69   17.35   15.43     17.75   14.58    5.73     10.00   33.48   36.08   188.78  119.99   167.23  140.29 
 122 4359.84   24.59     34.00    4.42    4.72     15.00   19.02   15.46     17.75   14.58    5.80      9.74   34.99   36.07   191.58  113.75   169.50  133.65 
 123 4359.84   23.88     34.63    4.04    4.71     14.44   20.46   15.50     17.75   14.58    5.87      9.76   35.09   36.06   193.17  108.51   170.98  128.21 
 124 4359.84   24.47     31.69    5.61    4.72     14.21   21.28   15.54     17.75   14.58    5.94     10.04   34.16   36.05   192.87  102.56   170.56  122.31 
 125 4359.84   24.39     31.48    5.66    4.73     13.65   23.47   15.61     17.75   14.58    6.01     10.20   34.35   36.04   193.97   96.64   171.71  116.26 
 126  219.21   24.87     31.05    5.93    4.74     20.28   11.11   15.57     19.82   11.48    6.06     10.65   33.24   36.01   194.08   93.82   171.64  113.47 
 127  219.21   24.80     31.79    5.40    4.74     18.72   13.91   15.56     19.82   11.48    6.10     10.46   35.00   36.01   195.93   90.00   173.43  109.81 
 128  219.21   25.90     32.40    5.07    4.74     16.56   18.15   15.58     19.82   11.48    6.14     10.50   35.79   36.00   196.99   87.59   174.70  107.07 
 129  219.21   25.62     31.03    5.96    4.75     15.88   19.89   15.61     19.82   11.48    6.18     10.43   36.77   36.01   198.10   87.58   175.60  106.96 
 130  219.21   26.34     31.52    5.56    4.76     15.63   20.68   15.65     19.82   11.48    6.22     10.46   37.05   36.02   196.79   86.50   174.38  106.26 
 131  146.97   27.76     30.06    6.50    4.77     16.53   18.91   15.68     22.76    8.21    6.24     10.62   36.76   36.02   195.41   86.05   172.99  105.55 
 132  146.97   27.65     33.22    4.48    4.77     14.95   22.29   15.73     22.76    8.21    6.25     10.84   35.87   36.02   190.57   86.89   168.22  106.32 
 133  146.97   27.47     31.45    5.31    4.78     14.72   22.33   15.78     22.76    8.21    6.27     10.25   37.88   36.04   180.45   85.56   158.69  105.49 
 134  146.97   27.57     31.21    5.26    4.78     16.42   18.18   15.79     22.76    8.21    6.28     10.54   35.99   36.04   174.74   85.32   153.21  105.09 
 135  146.97   27.15     27.65    7.46    4.80     15.16   21.24   15.83     22.76    8.21    6.30     10.36   36.03   36.04   166.78   84.32   144.83  103.87 
 136  117.55   28.12     27.63    7.04    4.82     17.19   16.69   15.84     24.97    6.38    6.30     10.21   35.32   36.03   155.86   81.48   133.92  101.14 
 137  117.55   27.43     25.75    8.43    4.84     15.86   19.09   15.86     24.97    6.38    6.30     10.99   32.47   36.00   151.62   79.60   129.81   99.34 
 138  117.55   25.67     30.76    4.59    4.84     14.33   21.22   15.90     24.97    6.38    6.30     10.35   33.53   35.99   140.31   81.56   118.79  101.63 
 139  117.55   24.79     28.24    6.15    4.85     15.57   17.62   15.92     24.97    6.38    6.30     11.20   30.04   35.94   134.24   88.33   112.91  108.61 
 140  117.55   26.23     31.21    4.48    4.85     17.05   14.76   15.91     24.97    6.38    6.30     10.98   30.37   35.90   135.03   93.63   113.47  113.87 
 141  116.45   26.40     31.10    4.63    4.85     19.64   10.92   15.87     23.43    7.62    6.31     11.32   28.94   35.85   135.60   97.77   114.53  118.00 
 142  116.45   26.88     31.17    4.65    4.84     18.27   12.88   15.85     23.43    7.62    6.32     11.10   29.67   35.81   137.96   98.82   116.80  119.19 
 143  116.45   26.22     31.60    4.49    4.84     17.20   14.65   15.84     23.43    7.62    6.33     11.22   29.36   35.77   140.65   99.30   119.24  119.36 
 144  116.45   26.94     36.01    2.79    4.83     17.73   14.18   15.83     23.43    7.62    6.34     10.76   31.39   35.74   147.17  100.34   126.34  120.31 
 145  116.45   26.85     32.54    4.36    4.82     16.23   17.51   15.84     23.43    7.62    6.35     10.77   32.17   35.71   155.24   98.64   134.98  118.70 
 146  102.33   26.30     32.19    4.72    4.82     18.66   13.44   15.83     27.15    4.96    6.34     11.21   31.54   35.68   162.84   99.46   142.46  119.67 
 147  102.33   27.58     37.00    2.81    4.81     16.95   16.31   15.83     27.15    4.96    6.33     10.81   33.29   35.67   171.65  102.13   151.42  122.41 
 148  102.33   27.09     34.92    3.67    4.80     16.16   18.19   15.84     27.15    4.96    6.32     11.08   32.36   35.64   178.37  100.87   158.28  121.42 
 149  102.33   26.72     33.84    4.21    4.80     15.81   19.01   15.87     27.15    4.96    6.31     11.38   31.50   35.62   180.51  100.80   160.32  121.04 
 150  102.33   27.09     36.91    2.97    4.79     16.77   17.03   15.87     27.15    4.96    6.30     11.24   31.89   35.59   184.71  100.24   164.17  120.30 
 151  103.72   26.79     36.26    3.19    4.78     18.88   13.36   15.86     26.81    5.16    6.29     11.32   31.63   35.56   184.00   97.73   163.66  117.94 
 152  103.72   27.85     33.44    4.41    4.77     18.70   13.81   15.84     26.81    5.16    6.28     11.59   30.81   35.53   186.35   93.96   166.08  114.09 
 153  103.72   27.70     36.65    3.07    4.76     16.80   17.23   15.85     26.81    5.16    6.28     11.38   31.83   35.51   188.67   92.53   168.34  112.87 
 154  103.72   27.89     34.95    3.73    4.76     17.90   15.34   15.85     26.81    5.16    6.27     11.43   32.03   35.49   189.17   92.00   168.56  112.15 
 155  103.72   27.69     33.59    4.35    4.75     18.01   15.20   15.85     26.81    5.16    6.26     11.36   32.45   35.47   188.82   91.20   168.08  111.51 
 156   99.94   27.80     33.15    4.53    4.75     18.05   15.11   15.84     26.12    5.60    6.26     11.36   32.47   35.45   187.04   91.48   165.97  111.81 
 157   99.94   27.19     44.93    1.13    4.73     14.14   19.23   15.86     26.12    5.60    6.25     10.40   30.34   35.42   179.83   93.23   158.97  113.72 
 158   99.94   28.35     28.42    7.42    4.74     13.99   17.74   15.87     26.12    5.60    6.25     10.12   28.08   35.37   182.38   93.90   161.40  114.23 
 159   99.94   28.27     23.37   12.69    4.79     12.89   18.95   15.89     26.12    5.60    6.25      7.53   34.28   35.36   179.05   91.54   157.55  111.76 
 160   99.94   28.92     42.81    1.30    4.77     12.71   20.14   15.92     26.12    5.60    6.24      6.77   36.16   35.37   158.84   90.22   137.27  111.09 
 161  105.34   27.26     39.89    1.78    4.75     20.08    8.61   15.87     27.15    4.95    6.23      9.98   27.14   35.32   154.97   89.56   133.43  110.64 
 162  105.34   27.25     33.12    3.68    4.75     17.51   11.19   15.85     27.15    4.95    6.23      9.02   29.28   35.28   147.24   89.40   125.51  109.81 
 163  105.34   28.03     36.48    2.41    4.73     14.97   14.32   15.84     27.15    4.95    6.22      9.32   27.79   35.23   137.74   88.94   116.30  109.65 
 164  105.34   28.04     34.71    2.94    4.72     14.13   15.49   15.83     27.15    4.95    6.21      9.56   27.22   35.18   132.44   94.51   111.04  115.43 
 165  105.34   28.37     30.72    4.72    4.72     12.98   17.43   15.84     27.15    4.95    6.20      9.33   27.83   35.14   129.61  104.42   108.36  124.94 
 166  105.14   28.09     31.01    4.63    4.72     19.60    8.10   15.80     27.16    4.91    6.20     10.26   24.47   35.08   128.84  108.76   107.59  129.22 
 167  105.14   28.11     36.89    2.47    4.71     17.79    9.91   15.76     27.16    4.91    6.19      9.93   25.14   35.02   130.04  114.54   108.68  135.36 
 168  105.14   28.76     35.59    2.97    4.70     16.50   11.53   15.74     27.16    4.91    6.18      9.65   25.97   34.96   133.03  119.80   111.88  140.64 
 169  105.14   28.19     35.59    3.04    4.69     17.23   10.74   15.71     27.16    4.91    6.17      9.59   26.34   34.91   138.17  122.75   116.93  142.82 
 170  105.14   28.65     38.47    2.27    4.67     17.02   11.18   15.68     27.16    4.91    6.17      9.25   28.02   34.87   145.28  123.08   123.91  143.44 
 171  100.75   27.34     38.08    2.43    4.66     20.18    7.79   15.63     25.92    5.62    6.16      9.24   28.49   34.83   153.74  122.86   133.03  143.64 
 172  100.75   27.30     42.65    1.47    4.64     20.20    7.81   15.59     25.92    5.62    6.16     10.68   23.90   34.77   158.39  123.30   137.58  143.79 
 173  100.75   27.74     37.98    2.60    4.63     18.23    9.72   15.55     25.92    5.62    6.16      9.85   26.94   34.72   168.45  122.77   147.82  143.55 
 174  100.75   28.17     39.60    2.24    4.62     17.11   11.41   15.53     25.92    5.62    6.15      9.97   26.61   34.68   176.13  123.12   155.19  143.63 
 175  100.75   27.37     45.56    1.15    4.60     16.16   12.79   15.52     25.92    5.62    6.15      9.72   27.62   34.64   183.71  122.05   162.60  142.42 
 176  112.60   26.94     39.78    2.27    4.58     16.61   12.12   15.50     26.00    5.53    6.15     10.14   26.26   34.59   191.50  120.06   170.08  140.32 
 177  112.60   25.35     44.67    1.30    4.57     17.57   10.91   15.47     26.00    5.53    6.14     10.55   24.96   34.54   193.77  116.69   172.52  136.83 
 178  112.60   25.51     42.15    1.74    4.55     17.31   11.29   15.45     26.00    5.53    6.14     10.60   24.67   34.48   195.89  114.84   174.45  134.75 
 179  112.60   24.80     43.59    1.48    4.53     16.80   12.08   15.43     26.00    5.53    6.14     10.67   24.58   34.42   196.91  112.97   175.54  133.16 
 180  112.60   25.86     41.06    1.96    4.52     17.07   11.76   15.41     26.00    5.53    6.13     10.69   24.56   34.37   197.95  109.83   176.14  129.46 
 181  109.10   26.53     40.91    1.98    4.50     17.52   11.47   15.39     26.26    5.34    6.13     10.86   25.19   34.32   197.99  104.42   177.83  125.11 
 182  109.10   27.74     35.02    3.87    4.50     14.33   19.06   15.41     26.26    5.34    6.12     10.53   29.13   34.29   196.16   96.35   175.41  116.82 
 183  109.10   26.76     32.86    4.98    4.50     15.55   18.79   15.42     26.26    5.34    6.12     11.56   29.34   34.26   198.13   93.17   177.48  113.89 
 184  109.10   27.57     35.16    3.81    4.50     16.34   17.78   15.44     26.26    5.34    6.12     11.75   30.21   34.24   199.00   93.18   178.67  113.95 
 185  109.10   28.06     33.03    4.86    4.50     17.67   16.00   15.44     26.26    5.34    6.11     11.81   31.39   34.23   199.22   92.48   178.40  113.10 
 186  105.09   27.38     34.51    4.07    4.50     19.34   13.73   15.43     26.04    5.47    6.11     11.69   33.02   34.22   198.78   92.32   177.74  112.83 
 187  105.09   27.73     37.93    2.68    4.49     18.83   14.81   15.43     26.04    5.47    6.10     11.48   34.72   34.22   194.14   92.65   172.82  112.53 
 188  105.09   27.72     33.61    4.28    4.49     18.90   15.05   15.43     26.04    5.47    6.10     11.57   34.82   34.23   188.75   90.66   167.66  110.69 
 189  105.09   27.22     32.01    4.93    4.49     18.79   14.99   15.42     26.04    5.47    6.10     11.12   36.58   34.24   177.65   88.19   156.20  107.78 
 190  105.09   27.99     32.36    4.69    4.49     18.10   16.29   15.43     26.04    5.47    6.09     12.11   32.76   34.23   176.02   87.96   154.60  107.48 
 191  107.88   27.84     30.69    5.50    4.50     18.54   15.66   15.43     26.03    5.51    6.09     11.86   33.84   34.23   169.94   86.83   148.93  106.53 
 192  107.88   28.86     31.69    4.76    4.50     19.05   14.74   15.43     26.03    5.51    6.09     11.80   33.74   34.23   163.10   86.62   141.87  106.33 
 193  107.88   28.07     31.09    4.89    4.50     18.04   16.51   15.43     26.03    5.51    6.09     11.92   32.82   34.22   157.28   86.51   136.34  105.99 
 194  107.88   27.83     30.70    4.95    4.50     17.42   17.28   15.44     26.03    5.51    6.08     11.64   33.08   34.21   150.14   85.92   128.90  105.43 
 195  107.88   27.64     32.36    4.00    4.50     17.40   17.02   15.45     26.03    5.51    6.08     12.06   31.25   34.20   145.79   85.91   124.86  105.48 
 196  104.35   28.42     29.25    5.55    4.51     19.40   13.05   15.44     25.68    5.76    6.08     12.04   30.42   34.18   140.59   85.83   119.33  105.31 
 197  104.35   27.77     31.99    3.93    4.50     16.67   17.43   15.45     25.68    5.76    6.08     11.82   30.65   34.16   132.30   85.54   111.05  104.81 
 198  104.35   28.18     29.28    5.31    4.51     17.41   15.96   15.45     25.68    5.76    6.07     12.28   28.90   34.13   128.06   86.73   106.85  106.02 
 199  104.35   28.09     32.05    3.84    4.50     17.18   16.28   15.45     25.68    5.76    6.07     12.26   28.98   34.11   125.86   91.73   104.76  111.10 
 200  104.35   28.57     31.13    4.36    4.50     16.37   17.78   15.47     25.68    5.76    6.07     11.81   30.25   34.09   125.54   97.06   104.67  116.43 
 201  119.74   27.01     30.33    4.86    4.50     20.17   11.39   15.44     25.61    5.82    6.07     12.44   27.77   34.06   125.50   99.01   104.48  118.12 
 202  119.74   28.14     32.02    4.05    4.50     19.07   12.73   15.43     25.61    5.82    6.07     12.14   28.38   34.03   125.86  102.95   105.04  122.43 
 203  119.74   27.91     30.21    5.12    4.50     19.87   11.35   15.41     25.61    5.82    6.07     11.80   28.77   34.00   129.29  105.64   108.27  125.19 
 204  119.74   28.49     33.63    3.56    4.50     16.70   16.01   15.41     25.61    5.82    6.07     11.18   30.13   33.98   133.83  106.30   112.93  125.99 
 205  119.74   28.30     30.11    5.50    4.51     17.21   15.10   15.41     25.61    5.82    6.06     10.85   30.95   33.97   140.53  104.80   119.76  124.95 
 206  113.14   29.08     33.97    3.62    4.50     19.52   11.67   15.39     26.20    5.44    6.06     10.90   30.73   33.95   148.59  103.64   127.91  123.68 
 207  113.14   28.03     31.73    4.72    4.50     19.11   12.32   15.38     26.20    5.44    6.06     11.74   28.41   33.93   152.09  103.63   132.17  124.09 
 208  113.14   28.33     35.00    3.37    4.50     19.49   11.72   15.36     26.20    5.44    6.06     11.39   29.29   33.90   160.89  104.19   140.70  124.69 
 209  113.14   28.12     36.65    2.90    4.49     18.39   13.26   15.35     26.20    5.44    6.05     11.31   29.79   33.88   169.86  103.81   149.10  124.22 
 210  113.14   28.84     37.35    2.77    4.48     17.45   15.05   15.35     26.20    5.44    6.05     11.23   30.35   33.87   177.58  104.58   156.78  124.65 
 211  147.04   27.71     34.65    3.88    4.48     17.73   14.55   15.35     26.10    5.50    6.05     11.38   30.16   33.85   182.68  104.79   161.14  125.14 
 212  147.04   28.66     35.60    3.54    4.47     17.46   15.29   15.35     26.10    5.50    6.04     11.31   30.99   33.84   187.05  106.81   165.69  126.60 
 213  147.04   27.88     33.90    4.33    4.47     18.00   14.50   15.34     26.10    5.50    6.04     11.25   31.55   33.83   189.54  106.33   167.58  126.32 
 214  147.04   28.49     33.77    4.41    4.47     17.85   15.01   15.34     26.10    5.50    6.04     11.02   32.89   33.82   190.49  105.39   168.53  125.52 
 215  147.04   27.34     30.29    6.51    4.48     17.35   16.36   15.35     26.10    5.50    6.04     10.87   33.95   33.82   193.25  100.38   170.63  119.86 
 216  132.53   28.13     31.70    5.47    4.49     18.49   14.58   15.34     25.85    5.67    6.04     10.84   34.42   33.82   193.00   93.96   170.81  114.14 
 217  132.53   27.76     32.54    5.01    4.49     18.43   14.82   15.34     25.85    5.67    6.03     11.06   34.29   33.83   195.59   93.39   173.05  113.38 
 218  132.53   27.59     31.83    5.45    4.49     17.50   16.31   15.34     25.85    5.67    6.03     10.76   35.58   33.83   197.08   94.93   174.32  114.68 
 219  132.53   27.33     33.61    4.45    4.49     17.24   16.75   15.35     25.85    5.67    6.03     10.83   35.03   33.84   194.65   95.42   172.10  115.21 
 220  132.53   27.54     31.98    5.28    4.50     17.51   16.14   15.35     25.85    5.67    6.03     10.61   35.58   33.85   192.61   95.00   170.18  115.04 
 221  119.20   27.90     32.59    4.84    4.50     17.71   15.93   15.36     25.36    6.01    6.03     10.44   35.76   33.86   186.72   94.05   164.49  113.87 
 222  119.20   28.59     30.33    6.09    4.51     17.27   16.72   15.36     25.36    6.01    6.03     10.31   36.18   33.87   179.00   93.51   156.76  113.25 
 223  119.20   27.96     30.07    6.01    4.51     16.31   18.60   15.38     25.36    6.01    6.03      9.95   36.91   33.88   169.75   91.31   147.40  111.21 
 224  119.20   28.19     32.27    4.59    4.51     16.11   18.99   15.39     25.36    6.01    6.03     10.89   34.11   33.88   165.83   91.77   143.58  111.30 
 225  119.20   28.53     29.71    5.98    4.52     16.11   18.80   15.41     25.36    6.01    6.03     10.75   33.77   33.88   160.72   90.66   139.10  111.21 
 226  120.86   28.25     30.59    5.28    4.52     18.81   13.75   15.40     25.65    5.82    6.03     10.52   34.91   33.89   154.17   91.11   132.29  111.78 
 227  120.86   28.08     27.74    7.12    4.53     18.10   14.84   15.40     25.65    5.82    6.03     10.56   34.91   33.89   149.71   90.59   127.83  111.13 
 228  120.86   28.63     30.40    5.15    4.54     16.99   16.55   15.40     25.65    5.82    6.03     10.73   34.17   33.89   145.09   91.65   122.80  112.00 
 229  120.86   28.52     28.54    6.21    4.54     16.66   17.27   15.41     25.65    5.82    6.02     10.79   33.78   33.89   143.71   90.72   121.57  111.23 
 230  120.86   29.10     30.02    5.26    4.55     16.23   18.03   15.42     25.65    5.82    6.02     11.01   32.90   33.89   143.92   91.25   121.61  111.64 
 231  128.29   27.43     28.65    6.18    4.55     19.60   12.23   15.41     24.88    6.37    6.03     11.05   32.60   33.88   142.58   90.55   120.47  110.97 
 232  128.29   28.13     33.37    3.58    4.55     20.15   11.44   15.39     24.88    6.37    6.03     11.20   32.28   33.87   143.64   92.14   121.35  112.33 
 233  128.29   27.61     30.57    4.99    4.55     18.12   14.43   15.39     24.88    6.37    6.03     11.21   31.80   33.87   146.60   91.92   124.59  112.27 
 234  128.29   26.86     32.36    4.17    4.55     17.63   15.12   15.39     24.88    6.37    6.03     11.37   30.87   33.85   150.19   92.09   128.65  112.86 
 235  128.29   27.28     30.66    5.16    4.55     18.12   14.52   15.38     24.88    6.37    6.03     11.60   30.38   33.84   155.53   91.59   133.33  111.87 
 236  173.65   27.42     33.16    3.94    4.55     21.50    9.89   15.36     25.19    6.16    6.03     11.74   30.38   33.82   158.25   92.14   135.98  112.07 
 237  173.65   28.15     32.94    4.13    4.55     20.87   10.64   15.34     25.19    6.16    6.03     11.55   31.41   33.81   163.80   92.08   141.43  111.98 
 238  173.65   27.62     32.39    4.55    4.55     18.42   14.11   15.34     25.19    6.16    6.03     11.55   31.51   33.80   169.19   91.10   147.44  111.04 
 239  173.65   27.75     32.20    4.79    4.55     17.56   15.86   15.34     25.19    6.16    6.03     11.39   32.44   33.80   175.60   90.73   154.05  110.68 
 240  173.65   28.19     33.49    4.25    4.55     18.23   15.18   15.34     25.19    6.16    6.03     11.60   32.43   33.79   179.75   90.84   158.52  110.94 
 241  152.98   28.44     38.51    2.43    4.54     19.40   13.46   15.33     25.43    6.00    6.03     11.31   33.97   33.79   185.50   92.28   164.45  112.31 
 242  152.98   28.19     35.86    3.32    4.53     17.78   16.27   15.33     25.43    6.00    6.03     11.70   32.81   33.79   189.64   93.35   168.32  113.03 
 243  152.98   28.91     32.53    4.93    4.54     18.86   14.47   15.33     25.43    6.00    6.03     11.83   32.43   33.78   193.97   94.95   172.13  114.28 
 244  152.98   28.40     32.81    4.92    4.54     17.98   15.80   15.33     25.43    6.00    6.03     11.38   34.21   33.78   194.07  102.48   172.52  121.82 
 245  152.98   28.34     34.41    4.25    4.54     18.91   13.94   15.33     25.43    6.00    6.03     10.89   35.42   33.79   194.74  113.29   172.83  132.49 
 246  127.89   28.25     33.96    4.51    4.54     21.07   10.81   15.31     24.83    6.44    6.04     11.23   33.50   33.79   193.34  117.70   171.43  136.89 
 247  127.89   28.84     36.77    3.18    4.53     18.52   14.24   15.30     24.83    6.44    6.04     10.83   34.44   33.79   187.70  116.73   165.84  135.96 
 248  127.89   27.81     29.98    6.93    4.54     18.18   14.67   15.30     24.83    6.44    6.04     11.16   32.82   33.79   187.24  115.20   165.21  134.55 
 249  127.89   28.48     30.06    6.62    4.55     19.42   12.28   15.29     24.83    6.44    6.04     10.02   35.42   33.80   178.80  118.22   156.78  137.55 
 250  127.89   27.79     29.62    6.73    4.56     18.78   12.84   15.28     24.83    6.44    6.04      9.46   36.48   33.81   167.41  119.57   145.23  139.01 
 251  159.53   28.39     28.08    7.77    4.57     18.99   12.07   15.27     24.86    6.42    6.04      9.11   36.56   33.82   156.76  119.80   134.75  139.32 
 252  159.53   27.90     28.45    7.27    4.58     17.96   12.94   15.26     24.86    6.42    6.04     10.15   31.96   33.81   150.96  119.65   128.81  138.98 
 253  159.53   28.10     30.11    5.93    4.59     17.91   12.89   15.25     24.86    6.42    6.05     10.86   29.30   33.79   149.95  118.70   127.56  138.18 
 254  159.53   28.09     28.86    6.62    4.59     18.23   12.36   15.24     24.86    6.42    6.05     10.16   31.99   33.79   147.92  112.46   125.67  132.08 
 255  159.53   28.55     31.74    4.66    4.59     17.93   12.88   15.23     24.86    6.42    6.05     10.48   30.91   33.77   145.02  107.95   122.76  127.65 
 256  194.79   30.22     31.39    4.77    4.60     19.65   11.18   15.21     24.94    6.36    6.05     10.83   31.15   33.76   145.06  104.13   122.67  123.81 
 257  194.79   30.44     29.24    6.08    4.60     18.38   13.33   15.20     24.94    6.36    6.05     11.02   31.44   33.75   143.00  100.53   121.28  120.90 
 258  194.79   28.55     30.78    4.99    4.60     19.22   12.26   15.19     24.94    6.36    6.05     11.15   31.18   33.74   143.80   97.23   122.35  118.00 
 259  194.79   29.91     28.99    6.13    4.61     19.45   12.10   15.18     24.94    6.36    6.05     11.52   30.19   33.73   144.49   96.41   122.74  116.63 
 260  194.79   28.70     30.64    4.99    4.61     18.89   13.28   15.17     24.94    6.36    6.06     11.33   31.54   33.72   144.30   92.86   122.85  113.17 
 261  133.82   28.95     31.65    4.46    4.61     19.82   12.14   15.16     24.67    6.56    6.06     11.66   31.06   33.71   145.53   91.81   123.92  112.10 
 262  133.82   29.40     31.58    4.56    4.61     20.95   10.85   15.14     24.67    6.56    6.06     11.89   30.63   33.70   149.67   91.66   128.12  112.12 
 263  133.82   26.68     31.77    4.49    4.61     21.16   10.64   15.13     24.67    6.56    6.06     11.71   31.33   33.69   154.00   89.07   132.47  109.48 
 264  133.82   26.79     32.71    4.13    4.61     20.87   10.93   15.11     24.67    6.56    6.06     11.71   31.25   33.68   159.58   87.58   137.93  108.07 
 265  133.82   26.89     31.34    4.93    4.61     20.81   10.79   15.10     24.67    6.56    6.06     12.07   29.58   33.67   163.45   87.30   141.68  107.77 
 266  150.26   28.42     33.72    3.86    4.61     18.72   13.32   15.09     24.53    6.67    6.07     11.75   30.22   33.65   170.92   86.93   148.80  107.04 
 267  150.26   28.26     32.27    4.70    4.61     17.72   14.79   15.09     24.53    6.67    6.07     11.66   29.85   33.64   175.39   84.45   153.28  104.53 
 268  150.26   27.64     32.27    4.82    4.61     17.76   14.94   15.09     24.53    6.67    6.07     11.45   30.50   33.63   180.11   84.30   159.08  105.05 
 269  150.26   27.83     34.00    4.01    4.60     18.61   13.63   15.08     24.53    6.67    6.07     11.40   30.86   33.62   185.06   84.07   163.86  104.74 
 270  150.26   27.72     37.94    2.59    4.60     16.42   17.33   15.09     24.53    6.67    6.08     11.34   31.22   33.61   189.26   86.55   167.83  106.90 
 271  191.69   28.16     39.34    2.22    4.59     19.77   11.73   15.08     24.89    6.40    6.08     11.88   29.29   33.59   189.52   86.91   168.17  107.49 
 272  191.69   28.74     37.14    2.90    4.58     17.55   15.38   15.08     24.89    6.40    6.08     11.77   29.56   33.58   192.50   86.60   171.06  106.97 
 273  191.69   28.30     34.93    3.74    4.58     17.27   15.87   15.08     24.89    6.40    6.08     11.74   29.62   33.56   194.26   85.30   172.40  105.39 
 274  191.69   27.97     38.55    2.44    4.57     17.39   15.76   15.08     24.89    6.40    6.08     11.66   29.98   33.55   194.76   83.51   172.99  103.71 
 275  191.69   27.73     37.33    2.82    4.56     16.99   16.36   15.09     24.89    6.40    6.08     11.66   30.07   33.54   193.47   82.98   172.39  103.52 
 276  186.48   28.65     34.30    4.05    4.56     19.28   12.40   15.08     24.82    6.46    6.08     11.93   28.86   33.52   194.39   83.24   173.11  103.83 
 277  186.48   29.43     35.32    3.62    4.56     19.94   11.46   15.07     24.82    6.46    6.08     11.81   29.10   33.50   196.35   83.35   175.42  104.22 
 278  186.48   29.10     36.85    3.00    4.55     17.15   15.65   15.07     24.82    6.46    6.09     11.95   28.13   33.49   195.95   81.73   175.31  102.27 
 279  186.48   28.89     34.36    3.93    4.55     16.54   16.43   15.07     24.82    6.46    6.09     11.51   29.42   33.47   193.96   80.95   172.82  101.55 
 280  186.48   29.43     36.99    2.87    4.55     16.33   16.78   15.08     24.82    6.46    6.09     11.41   29.64   33.46   188.72   82.19   167.52  102.71 
 281  205.83   28.22     39.36    2.11    4.54     15.83   17.57   15.09     24.29    6.86    6.09     11.34   29.72   33.44   181.57   81.71   160.40  102.79 
 282  205.83   27.74     35.45    3.26    4.53     16.22   16.61   15.09     24.29    6.86    6.09     11.46   29.18   33.43   178.03   81.52   156.91  102.63 
 283  205.83   28.43     31.17    5.04    4.53     17.07   15.39   15.09     24.29    6.86    6.10     11.34   29.68   33.42   170.22   80.86   149.64  101.92 
 284  205.83   27.78     36.22    2.73    4.53     17.15   15.56   15.10     24.29    6.86    6.10     11.21   30.00   33.40   160.72   80.96   139.86  101.88 
 285  205.83   27.56     32.07    4.26    4.53     16.60   16.91   15.10     24.29    6.86    6.10     11.57   29.49   33.39   154.88   82.68   133.75  103.34 
 286  228.65   26.38     29.69    5.42    4.53     18.51   13.79   15.10     24.63    6.60    6.10     11.34   30.91   33.38   147.65   83.33   126.72  104.39 
 287  228.65   25.33     31.57    4.24    4.53     17.09   16.20   15.10     24.63    6.60    6.11     11.33   31.23   33.37   140.24   82.07   119.53  102.89 
 288  228.65   25.42     32.89    3.57    4.53     17.49   15.44   15.10     24.63    6.60    6.11     11.89   29.53   33.36   134.68   81.34   113.88  102.11 
 289  228.65   27.63     29.74    5.00    4.53     17.83   15.50   15.10     24.63    6.60    6.11     12.29   29.20   33.35   131.06   79.18   110.14   99.78 
 290  228.65   27.55     30.48    4.50    4.53     18.07   15.75   15.11     24.63    6.60    6.11     12.40   30.02   33.33   128.53   78.57   108.01   99.05 
 291  158.97   28.31     31.20    4.08    4.53     19.99   12.93   15.10     23.75    7.31    6.11     12.10   31.98   33.33   126.78   78.19   106.02   99.05 
 292  158.97   28.10     30.89    4.19    4.52     19.56   13.86   15.09     23.75    7.31    6.12     12.19   32.13   33.33   127.08   76.90   105.84   97.33 
 293  158.97   27.47     29.94    4.70    4.52     19.07   14.82   15.09     23.75    7.31    6.12     11.90   33.50   33.33   127.19   78.14   106.45   99.03 
 294  158.97   28.13     32.01    3.69    4.52     18.97   14.98   15.09     23.75    7.31    6.13     12.14   32.76   33.32   127.11   78.97   106.15   99.21 
 295  158.97   27.75     34.81    2.71    4.52     18.10   16.61   15.10     23.75    7.31    6.13     12.05   33.24   33.32   127.90   80.20   106.93  100.83 
 296  175.50   27.67     31.73    3.96    4.51     20.68   12.58   15.09     24.25    6.92    6.13     12.15   33.23   33.32   131.91   80.31   111.07  100.78 
 297  175.50   28.73     28.18    6.06    4.52     17.72   18.55   15.10     24.25    6.92    6.14     11.57   36.16   33.33   140.82   79.80   120.06  100.08 
 298  175.50   28.26     31.20    4.60    4.52     16.02   23.23   15.13     24.25    6.92    6.14     11.19   38.89   33.35   151.35   78.64   130.69   98.74 
 299  175.50   29.41     31.58    4.67    4.52     15.95   23.47   15.16     24.25    6.92    6.14     11.42   39.28   33.37   161.10   77.49   140.55   97.79 
 300  175.50   28.37     31.10    5.11    4.52     15.62   24.08   15.19     24.25    6.92    6.14     11.80   37.69   33.39   168.33   76.50   147.61   97.41 
 301  210.72   28.31     31.26    5.22    4.52     17.11   20.02   15.20     24.04    7.13    6.15     11.51   38.66   33.40   175.66   75.66   155.17   96.56 
 302  210.72   28.47     30.10    6.20    4.53     17.13   20.23   15.22     24.04    7.13    6.15     11.28   39.49   33.42   186.58   75.47   166.15   96.23 
 303  210.72   28.24     34.87    3.67    4.53     17.45   19.47   15.23     24.04    7.13    6.15     11.64   38.10   33.44   191.69   77.71   171.50   98.29 
 304  210.72   28.36     32.23    5.06    4.53     17.21   20.45   15.25     24.04    7.13    6.16     11.25   40.98   33.46   191.86   83.11   171.54  103.47 
 305  210.72   28.52     34.24    4.14    4.53     17.27   20.60   15.27     24.04    7.13    6.16     10.61   45.36   33.50   193.51   95.78   173.23  116.39 
 306  243.26   29.17     35.38    3.76    4.52     22.38   11.50   15.26     24.31    6.95    6.16     11.86   39.03   33.52   196.53  103.32   176.50  124.13 
 307  243.26   28.79     34.81    4.09    4.52     18.99   17.07   15.26     24.31    6.95    6.17     10.35   45.76   33.56   194.42  115.17   174.30  135.96 
 308  243.26   27.95     33.51    4.79    4.52     17.10   21.31   15.28     24.31    6.95    6.17     10.56   44.53   33.60   191.31  121.67   171.11  142.37 
 309  243.26   28.60     33.70    4.66    4.52     16.18   23.87   15.31     24.31    6.95    6.17     10.57   44.54   33.63   186.94  124.86   166.79  145.37 
 310  243.26   28.15     34.33    4.23    4.52     15.28   26.15   15.34     24.31    6.95    6.17     10.27   45.54   33.67   178.31  127.11   158.21  147.51 
 311  156.85   28.41     32.37    5.21    4.53     21.82   12.13   15.33     23.85    7.38    6.18     11.08   41.56   33.70   173.17  127.71   153.03  148.14 
 312  156.85   28.45     30.54    6.11    4.53     19.73   14.98   15.33     23.85    7.38    6.18      9.34   47.31   33.74   159.15  129.67   138.95  149.92 
 313  156.85   28.19     32.53    4.67    4.53     18.28   17.02   15.34     23.85    7.38    6.18      9.59   45.45   33.78   145.50  130.48   125.17  150.57 
 314  156.85   28.61     30.42    5.78    4.54     18.43   16.40   15.34     23.85    7.38    6.19      9.90   43.60   33.81   135.56  130.66   115.09  150.75 
 315  156.85   28.39     29.18    6.41    4.54     17.97   17.07   15.35     23.85    7.38    6.19     10.37   41.90   33.83   127.07  128.08   106.42  148.14 
 316  160.84   28.57     29.06    6.15    4.55     20.01   13.51   15.34     23.68    7.55    6.20     10.51   41.66   33.86   124.03  119.64   103.31  139.40 
 317  160.84   28.99     30.77    4.91    4.55     19.34   14.53   15.34     23.68    7.55    6.20     11.50   36.33   33.87   123.77  113.88   103.15  133.80 
 318  160.84   28.35     30.03    5.15    4.55     17.73   17.20   15.34     23.68    7.55    6.21     10.94   37.83   33.88   123.25  105.23   102.54  124.99 
 319  160.84   27.09     31.10    4.42    4.55     17.78   16.73   15.35     23.68    7.55    6.21     11.28   35.06   33.88   124.38   99.62   103.39  119.25 
 320  160.84   27.74     31.42    4.31    4.55     17.29   17.37   15.35     23.68    7.55    6.21     11.57   33.13   33.88   128.57   98.21   107.64  117.59 
 321  166.84   27.28     34.69    3.02    4.54     18.79   14.33   15.35     23.77    7.49    6.22     11.47   32.90   33.88   133.66   96.29   112.64  115.89 
 322  166.84   27.55     31.19    4.71    4.54     19.00   14.19   15.35     23.77    7.49    6.22     10.97   34.52   33.88   142.91   92.61   121.79  112.10 
 323  166.84   28.13     31.23    4.78    4.55     19.01   14.30   15.34     23.77    7.49    6.23     11.74   32.47   33.87   148.49   91.92   127.55  111.62 
 324  166.84   27.90     30.23    5.71    4.55     19.67   13.19   15.34     23.77    7.49    6.23     11.24   34.43   33.88   160.74   91.86   139.79  111.75 
 325  166.84   28.95     31.07    5.48    4.55     19.09   13.89   15.33     23.77    7.49    6.23     10.99   35.83   33.88   172.59   92.29   152.01  112.33 
 326  287.81   28.04     30.51    6.15    4.56     18.46   15.16   15.33     24.06    7.26    6.24     10.91   36.26   33.89   185.70   92.18   164.70  112.17 
 327  287.81   28.52     32.05    5.30    4.56     18.24   15.41   15.33     24.06    7.26    6.24     11.31   34.32   33.89   192.43   92.09   171.37  111.67 
 328  287.81   27.83     34.50    4.07    4.56     16.46   18.75   15.34     24.06    7.26    6.24     11.44   33.48   33.89   199.93   91.37   178.37  111.02 
 329  287.81   27.94     31.94    5.52    4.56     16.31   18.73   15.35     24.06    7.26    6.25     11.32   33.30   33.89   201.86   92.14   180.03  111.79 
 330  287.81   27.02     35.41    3.71    4.56     17.34   16.30   15.36     24.06    7.26    6.25     11.25   33.31   33.89   201.16   95.31   179.79  114.75 
 331  194.71   27.80     34.11    4.41    4.56     18.55   13.95   15.35     23.80    7.48    6.25     10.80   35.25   33.89   201.79  103.03   180.70  122.55 
 332  194.71   28.66     32.66    5.32    4.56     18.41   14.05   15.35     23.80    7.48    6.26     10.66   35.09   33.89   202.96  110.13   181.70  129.88 
 333  194.71   28.69     34.62    4.23    4.56     17.91   14.95   15.35     23.80    7.48    6.26     10.69   33.47   33.89   199.34  113.47   178.01  133.45 
 334  194.71   28.69     31.65    5.83    4.56     17.88   15.36   15.35     23.80    7.48    6.26     10.30   34.34   33.89   191.49  114.95   170.15  134.71 
 335  194.71   28.53     30.86    6.28    4.57     17.92   15.47   15.35     23.80    7.48    6.27     10.77   34.13   33.89   187.63  114.97   166.52  135.11 
 336  167.21   28.95     33.83    4.26    4.57     16.91   17.74   15.36     23.31    7.92    6.27      9.60   37.46   33.91   177.50  115.84   156.61  135.72 
 337  167.21   28.80     34.92    3.62    4.56     18.20   15.72   15.36     23.31    7.92    6.28      9.93   37.10   33.91   165.57  115.33   145.20  135.52 
 338  167.21   28.74     33.75    4.02    4.56     18.64   15.03   15.36     23.31    7.92    6.28     10.34   37.20   33.92   158.78  115.58   137.62  135.43 
 339  167.21   28.68     32.45    4.57    4.56     18.45   15.38   15.36     23.31    7.92    6.29     10.40   37.69   33.94   151.90  115.83   130.71  135.53 
 340  167.21   28.66     33.16    4.15    4.56     18.43   15.21   15.35     23.31    7.92    6.29     10.99   35.82   33.94   149.68  114.11   129.04  134.60 
 341  239.69   29.28     31.88    4.69    4.56     20.08   12.47   15.35     23.91    7.40    6.29     10.56   37.09   33.95   148.19  109.23   127.50  129.71 
 342  239.69   28.23     32.15    4.48    4.56     19.84   12.80   15.34     23.91    7.40    6.30     10.95   35.52   33.96   146.84  104.73   126.09  125.18 
 343  239.69   28.19     34.73    3.25    4.56     19.98   12.67   15.33     23.91    7.40    6.30     11.31   34.33   33.96   146.17  102.21   125.37  122.42 
 344  239.69   28.16     32.47    4.21    4.56     19.51   13.52   15.33     23.91    7.40    6.30     11.58   33.46   33.95   146.80   98.89   125.63  118.86 
 345  239.69   28.92     31.64    4.67    4.56     19.41   13.96   15.32     23.91    7.40    6.31     11.89   32.74   33.95   149.41   95.68   128.47  115.85 
 346  344.08   27.65     30.56    5.30    4.56     21.63   11.00   15.31     23.83    7.49    6.31     12.45   31.31   33.94   153.52   93.62   132.34  113.89 
 347  344.08   28.62     32.45    4.36    4.56     20.51   12.89   15.30     23.83    7.49    6.31     12.04   33.54   33.94   160.00   90.53   138.82  111.04 
 348  344.08   28.07     30.69    5.61    4.56     20.48   13.07   15.30     23.83    7.49    6.32     11.82   35.16   33.95   169.58   90.13   148.39  110.38 
 349  344.08   28.80     29.06    7.08    4.57     18.56   16.70   15.30     23.83    7.49    6.32     11.91   35.14   33.95   178.69   89.74   157.46  109.70 
 350  344.08   28.41     29.87    6.62    4.57     17.41   19.46   15.31     23.83    7.49    6.32     11.94   35.44   33.95   188.94   89.05   167.80  109.30 
 351  199.13   29.39     36.31    3.18    4.57     18.86   16.54   15.32     23.55    7.75    6.33     12.17   35.43   33.96   192.23   89.14   171.10  109.34 
 352  199.13   28.81     32.71    4.84    4.57     17.91   18.47   15.32     23.55    7.75    6.33     12.35   35.05   33.96   192.89   89.27   171.45  109.15 
 353  199.13   29.57     34.66    3.93    4.57     18.15   17.77   15.33     23.55    7.75    6.34     11.92   36.39   33.97   193.64   94.89   172.25  114.86 
 354  199.13   29.51     33.10    4.77    4.57     17.69   18.42   15.34     23.55    7.75    6.34     11.66   36.78   33.98   191.75  101.04   170.48  120.94 
 355  199.13   29.26     34.61    3.91    4.57     16.51   20.82   15.36     23.55    7.75    6.34     12.22   34.19   33.98   188.77  101.67   167.62  121.70 
 356  365.79   28.34     31.54    5.46    4.57     19.63   14.05   15.35     23.76    7.59    6.35     12.31   32.96   33.97   180.20  101.04   158.92  121.08 
 357  365.79   29.03     32.05    4.94    4.57     19.38   14.15   15.35     23.76    7.59    6.35     12.14   32.45   33.97   171.74  101.71   150.59  121.67 
 358  365.79   28.92     34.46    3.66    4.57     19.71   13.56   15.34     23.76    7.59    6.35     12.55   30.72   33.96   166.91  102.39   145.66  121.85 
 359  365.79   28.67     31.72    4.72    4.57     17.89   16.43   15.35     23.76    7.59    6.36     11.46   33.34   33.96   155.41  101.18   134.15  121.19 
 360  365.79   28.16     32.01    4.40    4.57     18.77   14.17   15.34     23.76    7.59    6.36     11.93   31.28   33.95   143.57   99.70   122.53  119.96 
 361  286.87   27.87     31.86    4.37    4.57     19.53   12.57   15.34     23.66    7.69    6.37     12.33   29.14   33.94   137.54   99.66   116.43  119.75 
 362  286.87   28.10     33.52    3.50    4.57     19.88   11.76   15.33     23.66    7.69    6.37     12.34   28.31   33.92   133.27   98.05   112.44  118.46 
 363  286.87   28.00     34.87    2.94    4.56     19.20   12.53   15.32     23.66    7.69    6.37     12.27   27.86   33.91   130.66   99.06   110.17  119.28 
 364  286.87   27.54     33.17    3.61    4.56     19.39   12.16   15.31     23.66    7.69    6.38     12.24   27.59   33.89   130.32  100.91   109.88  120.63 
 365  286.87   28.55     28.99    6.01    4.56     18.86   12.52   15.30     23.66    7.69    6.38     12.12   27.35   33.87   129.93  104.12   108.80  124.51 
 366  206.84   28.50     34.46    3.23    4.56     19.13   11.96   15.29     23.74    7.62    6.38     11.82   27.71   33.85   131.33  109.08   111.20  128.98 
 367  206.84   28.81     32.43    4.16    4.56     18.68   12.25   15.28     23.74    7.62    6.39     11.50   27.88   33.84   133.74  110.05   113.49  129.94 
 368  206.84   28.74     32.50    4.23    4.56     16.77   14.96   15.28     23.74    7.62    6.39     11.14   28.20   33.82   138.72  109.66   118.04  129.06 
 369  206.84   28.99     32.12    4.48    4.56     16.44   15.37   15.28     23.74    7.62    6.39     11.41   27.20   33.80   142.47  109.76   122.08  129.34 
 370  206.84   28.84     32.11    4.66    4.56     15.56   16.89   15.29     23.74    7.62    6.40     10.85   28.61   33.79   153.98  110.69   133.78  130.20 
 371  271.05   27.81     32.46    4.64    4.56     20.03   10.11   15.27     23.49    7.83    6.40     11.67   26.23   33.77   162.04  110.33   141.89  129.98 
 372  271.05   28.23     33.15    4.47    4.56     17.59   13.21   15.27     23.49    7.83    6.40     11.86   25.40   33.75   170.53  110.32   150.29  129.82 
 373  271.05   28.97     34.59    3.89    4.55     16.73   14.71   15.27     23.49    7.83    6.41     11.77   25.57   33.72   178.27  110.39   158.04  129.91 
 374  271.05   28.35     39.53    2.27    4.55     16.18   15.73   15.27     23.49    7.83    6.41     11.52   26.49   33.71   186.05  111.95   165.60  131.55 
 375  271.05   27.42     38.85    2.47    4.54     15.71   16.72   15.27     23.49    7.83    6.42     11.74   26.27   33.69   187.84  112.43   167.11  130.95 
 376  293.79   27.60     36.44    3.28    4.54     19.19   11.52   15.26     23.54    7.77    6.42     11.77   26.92   33.67   189.70  110.36   168.88  128.80 
 377  293.79   27.25     36.50    3.21    4.54     17.83   13.87   15.26     23.54    7.77    6.42     11.47   28.47   33.65   190.34  105.10   169.27  123.48 
 378  293.79   27.26     33.65    4.46    4.54     15.96   17.54   15.26     23.54    7.77    6.43     11.57   28.18   33.64   190.86   98.67   170.53  118.40 
 379  293.79   27.75     38.70    2.49    4.53     15.64   18.18   15.27     23.54    7.77    6.43     11.80   27.85   33.62   192.75   97.58   172.56  117.39 
 380  293.79   28.05     39.65    2.21    4.52     16.21   17.16   15.28     23.54    7.77    6.43     11.75   28.30   33.61   190.97   97.04   170.81  117.05 
 381  331.40   27.78     37.44    2.83    4.52     19.35   11.98   15.27     23.49    7.81    6.44     12.03   27.67   33.59   190.42   97.07   169.89  116.84 
 382  331.40   29.08     32.85    4.67    4.52     17.82   14.62   15.27     23.49    7.81    6.44     11.45   29.75   33.58   182.50   92.79   162.11  112.60 
 383  331.40   28.74     33.57    4.12    4.52     18.43   13.76   15.26     23.49    7.81    6.44     11.58   30.12   33.58   175.42   91.71   155.34  111.70 
 384  331.40   28.62     27.59    8.04    4.53     20.12   12.03   15.25     23.49    7.81    6.45     11.40   31.76   33.57   167.36   91.08   146.94  110.69 
 385  331.40   28.13     31.97    4.49    4.53     20.65   11.95   15.25     23.49    7.81    6.45     10.67   36.02   33.58   157.31   90.30   136.86  109.94 
 386  318.20   28.74     32.51    4.05    4.53     19.90   13.97   15.24     23.26    8.03    6.46     11.11   37.40   33.59   146.62   89.53   125.98  109.29 
 387  318.20   28.59     35.53    2.78    4.52     19.80   14.62   15.24     23.26    8.03    6.46     12.63   33.29   33.59   141.70   89.17   121.08  109.13 
 388  318.20   28.45     32.08    3.96    4.52     19.03   16.64   15.24     23.26    8.03    6.46     11.76   38.10   33.60   133.38   87.56   112.95  107.73 
 389  318.20   29.23     29.43    5.16    4.52     18.42   17.58   15.25     23.26    8.03    6.47     12.10   36.16   33.60   126.85   87.05   106.31  107.23 
 390  318.20   27.91     30.33    4.63    4.52     17.87   17.78   15.26     23.26    8.03    6.47     12.68   32.46   33.60   123.91   89.30   103.05  109.36 
 391  214.41   28.40     31.22    4.23    4.52     19.37   14.01   15.25     22.98    8.31    6.48     12.38   31.62   33.60   123.91   92.85   103.26  113.12 
 392  214.41   29.06     34.25    3.07    4.52     18.59   14.39   15.25     22.98    8.31    6.48     12.31   29.98   33.59   123.68   97.66   103.16  117.91 
 393  214.41   28.64     30.69    4.62    4.52     18.80   13.78   15.25     22.98    8.31    6.49     12.39   29.12   33.58   125.47   98.87   104.86  119.03 
 394  214.41   28.65     30.52    4.92    4.52     19.15   13.01   15.24     22.98    8.31    6.49     12.01   30.06   33.57   129.21  101.30   108.06  121.43 
 395  214.41   28.30     31.49    4.55    4.52     19.02   13.52   15.24     22.98    8.31    6.50     11.53   32.42   33.56   135.03  102.98   114.06  123.44 
 396  332.00   27.62     31.45    4.79    4.52     18.75   14.61   15.24     23.26    8.05    6.50     11.21   34.61   33.57   144.76  103.86   123.90  124.65 
 397  332.00   28.82     33.60    3.89    4.52     19.70   13.67   15.23     23.26    8.05    6.50     12.14   32.34   33.56   153.01  104.22   132.20  124.70 
 398  332.00   28.40     32.13    4.72    4.52     20.79   12.24   15.22     23.26    8.05    6.51     12.93   30.12   33.55   159.81  104.27   139.03  124.89 
 399  332.00   29.07     35.16    3.46    4.52     19.53   14.10   15.22     23.26    8.05    6.51     12.01   33.10   33.55   169.94  103.64   149.03  124.23 
 400  332.00   28.29     33.69    4.31    4.52     17.85   16.75   15.23     23.26    8.05    6.51     11.92   32.43   33.55   178.82  104.94   158.12  125.32 
 401  336.69   28.84     37.39    2.90    4.51     19.96   12.70   15.22     23.23    8.10    6.52     12.12   30.71   33.54   187.64  105.48   166.97  125.74 
 402  336.69   29.38     34.42    4.17    4.51     18.85   14.18   15.22     23.23    8.10    6.52     12.69   28.54   33.53   194.99  105.01   174.11  125.26 
 403  336.69   28.89     35.85    3.57    4.51     18.94   13.86   15.21     23.23    8.10    6.53     13.05   27.44   33.52   194.42  106.48   173.74  126.49 
 404  336.69   29.37     36.60    3.31    4.51     18.43   14.78   15.21     23.23    8.10    6.53     12.97   27.55   33.50   198.83  107.68   178.48  127.73 
 405  336.69   28.94     39.25    2.43    4.50     17.59   16.18   15.21     23.23    8.10    6.53     12.98   27.69   33.49   197.08  107.24   176.74  127.33 
 406  347.02   28.51     33.45    4.72    4.50     19.10   13.57   15.21     23.27    8.06    6.54     12.85   28.03   33.47   195.27  104.24   175.24  124.24 
 407  347.02   28.20     32.12    5.45    4.50     19.60   12.80   15.20     23.27    8.06    6.54     12.85   27.92   33.46   195.73  102.05   175.32  121.75 
 408  347.02   28.09     35.64    3.51    4.50     18.57   14.43   15.20     23.27    8.06    6.55     12.23   29.89   33.45   189.46   98.44   169.18  118.32 
 409  347.02   28.55     30.46    6.12    4.51     17.89   15.80   15.20     23.27    8.06    6.55     11.76   31.65   33.45   182.17   91.52   161.50  111.43 
 410  347.02   29.14     34.51    3.73    4.50     19.15   13.63   15.20     23.27    8.06    6.55     12.73   28.75   33.44   177.94   90.91   157.45  110.79 
 411  348.28   28.60     31.78    4.81    4.50     20.01   12.53   15.19     23.21    8.13    6.56     11.93   31.48   33.43   169.16   87.81   148.57  107.61 
 412  348.28   28.81     33.84    3.65    4.50     19.40   13.72   15.19     23.21    8.13    6.56     12.25   30.69   33.42   160.09   86.94   139.56  106.91 
 413  348.28   28.85     32.61    4.03    4.50     19.61   13.48   15.19     23.21    8.13    6.56     12.40   30.45   33.42   151.61   86.85   131.12  106.84 
 414  348.28   28.72     31.32    4.48    4.50     18.39   15.45   15.19     23.21    8.13    6.57     12.39   30.41   33.41   144.13   85.47   124.00  105.34 
 415  348.28   28.87     31.84    4.03    4.50     18.47   14.92   15.19     23.21    8.13    6.57     12.47   29.70   33.40   137.62   84.58   117.25  104.38 
 416  327.14   27.48     30.97    4.40    4.50     20.24   12.02   15.18     23.28    8.07    6.58     12.69   28.82   33.39   135.15   84.07   114.33  103.49 
 417  327.14   27.33     32.52    3.66    4.50     20.79   11.24   15.17     23.28    8.07    6.58     12.51   29.43   33.38   129.93   84.28   109.13  104.40 
 418  327.14   26.98     32.09    3.87    4.50     20.72   11.37   15.16     23.28    8.07    6.58     12.66   29.11   33.37   130.20   87.98   109.29  107.75 
 419  327.14   26.54     30.29    4.90    4.50     20.59   11.46   15.15     23.28    8.07    6.59     12.44   29.73   33.36   131.16   92.09   110.58  112.00 
 420  327.14   27.00     32.25    4.03    4.50     20.60   11.30   15.14     23.28    8.07    6.59     12.02   30.80   33.36   134.31   96.85   113.50  116.95 
 421  321.16   28.10     31.13    4.72    4.50     20.75   11.11   15.13     23.13    8.21    6.59     11.96   30.71   33.35   140.65   98.47   119.86  118.83 
 422  321.16   27.78     33.29    3.76    4.49     20.98   10.82   15.12     23.13    8.21    6.60     12.34   29.30   33.34   142.50   99.97   122.23  120.44 
 423  321.16   27.95     32.65    4.22    4.49     21.23   10.53   15.11     23.13    8.21    6.60     11.79   31.17   33.33   151.38  101.46   130.29  121.79 
 424  321.16   29.10     32.07    4.71    4.49     19.80   12.49   15.11     23.13    8.21    6.60     11.67   31.53   33.33   158.42  101.80   137.95  122.04 
 425  321.16   29.06     26.57    9.08    4.51     20.89   10.83   15.10     23.13    8.21    6.61     11.29   32.72   33.33   170.70  103.26   149.98  123.42 
 426  330.53   27.52     33.06    4.58    4.51     19.77   12.43   15.09     23.09    8.25    6.61     11.94   30.40   33.32   178.13  102.37   157.50  122.63 
 427  330.53   27.53     33.28    4.55    4.51     19.73   12.55   15.08     23.09    8.25    6.62     12.07   30.12   33.31   183.80  102.67   163.04  122.90 
 428  330.53   27.76     32.54    5.13    4.51     19.75   12.61   15.08     23.09    8.25    6.62     11.69   31.40   33.31   192.02  102.94   171.11  122.52 
 429  330.53   27.72     33.46    4.75    4.51     18.86   13.99   15.07     23.09    8.25    6.62     11.80   31.14   33.30   197.36  104.31   176.95  124.20 
 430  330.53   27.74     35.31    3.86    4.51     18.47   14.64   15.07     23.09    8.25    6.63     12.12   30.22   33.30   200.23  104.30   179.59  124.21 
 431  344.74   27.72     36.48    3.36    4.50     22.30    9.50   15.06     23.03    8.32    6.63     12.19   30.20   33.29   200.53  104.29   179.71  124.10 
 432  344.74   27.98     38.51    2.64    4.50     21.79   10.16   15.05     23.03    8.32    6.64     12.21   30.43   33.28   200.05  101.34   179.35  121.00 
 433  344.74   27.53     34.43    4.23    4.50     20.70   11.61   15.04     23.03    8.32    6.64     12.39   29.97   33.28   200.35   98.63   179.65  118.57 
 434  344.74   27.30     35.08    3.87    4.50     18.87   14.58   15.04     23.03    8.32    6.64     12.17   30.90   33.27   201.65   94.33   180.71  114.11 
 435  344.74   28.45     33.18    4.81    4.50     18.74   14.89   15.04     23.03    8.32    6.65     12.46   30.28   33.26   202.09   92.31   181.20  112.00 
 436  378.09   26.94     37.77    2.82    4.49     17.69   15.51   15.04     23.07    8.28    6.65     12.23   28.55   33.25   201.21   90.55   180.42  110.45 
 437  378.09   29.08     39.29    2.36    4.49     16.39   15.38   15.04     23.07    8.28    6.65     12.17   24.73   33.23   202.11   88.68   180.60  108.41 
 438  378.09   27.50     43.25    1.49    4.48     15.53   15.55   15.04     23.07    8.28    6.66     11.51   25.01   33.21   204.43   88.29   182.93  108.23 
 439  378.09   27.68     43.65    1.42    4.48     15.12   16.18   15.05     23.07    8.28    6.66     11.04   25.93   33.20   204.54   86.98   183.35  107.13 
 440  378.09   27.81     39.50    2.30    4.47     14.85   16.49   15.05     23.07    8.28    6.67     10.69   26.69   33.18   204.44   87.22   182.85  107.09 
 441  368.16   27.55     36.44    3.26    4.47     19.35    9.68   15.04     23.06    8.27    6.67     10.56   27.07   33.17   205.65   88.04   184.03  107.97 
 442  368.16   28.43     37.64    2.83    4.46     18.70   10.52   15.03     23.06    8.27    6.67     10.59   26.78   33.15   204.98   87.09   183.30  107.04 
 443  368.16   28.25     36.70    3.09    4.46     16.09   14.28   15.02     23.06    8.27    6.68     10.05   27.82   33.14   201.48   84.56   180.10  104.47 
 444  368.16   27.93     40.16    2.06    4.46     15.93   14.56   15.02     23.06    8.27    6.68     10.46   26.92   33.13   199.70   82.83   178.15  102.40 
 445  368.16   28.77     35.86    3.38    4.45     15.45   15.30   15.02     23.06    8.27    6.68     10.28   28.23   33.12   199.74   84.21   178.28  103.57 
 446  269.96   27.90     35.45    3.55    4.45     19.93    9.10   15.01     22.80    8.51    6.69     10.48   27.18   33.10   199.69   84.25   178.16  103.63 
 447  269.96   28.04     36.04    3.31    4.45     18.53   10.69   15.00     22.80    8.51    6.69     10.58   26.67   33.09   199.90   84.44   178.00  103.59 
 448  269.96   26.72     36.14    3.27    4.45     18.67   10.64   14.99     22.80    8.51    6.70     10.69   26.42   33.08   200.37   83.27   178.45  102.54 
 449  269.96   27.55     35.95    3.31    4.44     19.20   10.00   14.98     22.80    8.51    6.70     10.59   26.79   33.06   198.76   83.33   177.17  102.82 
 450  269.96   28.61     38.10    2.59    4.44     17.88   12.37   14.97     22.80    8.51    6.70     11.45   25.63   33.04   198.45   81.88   177.03  101.33 
 451  427.00   28.18     37.44    2.78    4.44     18.62   11.99   14.97     22.84    8.45    6.71     11.81   25.93   33.03   198.20   80.94   176.49  100.10 
 452  427.00   28.73     44.22    1.28    4.43     15.88   18.57   14.98     22.84    8.45    6.71     12.13   27.93   33.02   198.26   78.82   176.85   97.91 
 453  427.00   28.00     37.23    2.86    4.43     17.15   17.43   14.98     22.84    8.45    6.72     12.55   28.74   33.01   198.61   77.27   176.84   96.23 
 454  427.00   29.08     36.63    3.06    4.42     17.91   16.56   14.99     22.84    8.45    6.72     12.52   30.04   33.00   198.22   76.66   177.10   96.05 
 455  427.00   29.21     33.86    4.21    4.42     17.61   17.45   14.99     22.84    8.45    6.72     12.48   30.71   33.00   197.91   75.87   176.80   95.15 
 456  421.86   28.13     34.24    4.03    4.42     22.24   10.29   14.98     22.90    8.40    6.73     12.73   30.04   32.99   197.80   75.78   176.42   95.22 
 457  421.86   28.69     35.32    3.55    4.42     24.33    8.13   14.97     22.90    8.40    6.73     12.53   30.77   32.99   198.22   75.77   176.97   95.20 
 458  421.86   26.96     33.59    4.33    4.42     18.94   12.72   14.96     22.90    8.40    6.73     11.81   28.20   32.97   198.68   75.94   177.33   95.26 
 459  421.86   28.59     38.14    2.58    4.41     19.89    9.73   14.95     22.90    8.40    6.74     10.98   28.03   32.96   199.46   80.86   178.24  100.02 
 460  421.86   27.41     38.96    2.34    4.41     17.92   11.83   14.94     22.90    8.40    6.74     11.00   26.14   32.95   198.54   80.19   177.18   99.43 
 461  383.91   28.58     35.31    3.57    4.41     21.44    7.75   14.93     23.00    8.30    6.74     10.72   26.82   32.94   199.66   81.96   177.90  101.06 
 462  383.91   28.84     36.03    3.29    4.41     21.83    7.38   14.91     23.00    8.30    6.75     10.87   26.06   32.92   198.98   81.30   177.51  100.39 
 463  383.91   28.61     36.21    3.23    4.40     21.72    7.43   14.89     23.00    8.30    6.75     10.75   26.50   32.91   198.89   81.67   177.28  100.78 
 464  383.91   28.78     35.14    3.64    4.40     22.76    6.58   14.88     23.00    8.30    6.75     10.68   26.54   32.89   199.14   81.66   177.44  101.10 
 465  383.91   28.62     35.13    3.63    4.40     21.50    7.62   14.86     23.00    8.30    6.76     10.64   26.55   32.88   199.11   80.98   177.72  100.54 
 466  276.18   27.99     38.58    2.45    4.40     20.28    8.86   14.85     22.34    8.94    6.76     10.60   26.85   32.87   199.02   80.56   177.26  100.01 
 467  276.18   28.42     37.14    2.90    4.39     22.03    7.17   14.83     22.34    8.94    6.77     10.37   27.51   32.86   199.28   81.09   177.74  100.22 
 468  276.18   28.21     37.09    2.90    4.39     20.50    8.55   14.82     22.34    8.94    6.77     10.52   26.94   32.84   199.29   81.03   177.75  100.16 
 469  276.18   28.40     35.72    3.41    4.39     21.96    7.34   14.80     22.34    8.94    6.78     10.80   26.43   32.83   198.66   81.47   176.69  100.54 
 470  276.18   27.86     36.19    3.21    4.39     20.48    9.44   14.79     22.34    8.94    6.78     11.65   25.99   32.81   198.68   81.03   177.07  100.29 
 471  453.23   27.47     38.74    2.40    4.38     20.68   10.56   14.78     22.87    8.39    6.78     12.07   27.56   32.80   198.80   77.70   177.29   97.06 
 472  453.23   28.55     37.67    2.72    4.38     21.76   10.15   14.77     22.87    8.39    6.79     12.48   28.74   32.79   198.55   76.16   176.82   95.39 
 473  453.23   28.66     33.75    4.26    4.38     20.49   12.32   14.77     22.87    8.39    6.79     12.45   30.18   32.79   198.86   74.93   177.12   94.29 
 474  453.23   28.94     37.91    2.65    4.37     22.00   10.40   14.76     22.87    8.39    6.79     12.45   30.55   32.78   198.59   76.11   177.06   95.47 
 475  453.23   28.47     32.95    4.67    4.37     23.21    9.20   14.75     22.87    8.39    6.80     12.62   30.38   32.78   198.69   75.33   177.15   94.76 
 476  354.17   28.66     34.81    3.77    4.37     22.12   10.48   14.74     22.94    8.33    6.80     12.29   31.85   32.78   198.62   75.75   176.71   95.20 
