   6    0.65   22.35     48.66    0.70    0.95     25.42    5.00    6.63     35.54    1.56   32.50      7.70   38.35   38.64   178.29   77.13   156.76   98.87 
   7    0.65   22.75     42.70    1.39    1.01     20.35    8.92    6.95     35.54    1.56   28.08      7.74   38.02   38.55   178.91   77.85   157.64   99.68 
   8    0.65   21.66     43.72    1.24    1.04     23.89    5.97    6.83     35.54    1.56   24.77      7.71   38.16   38.50   178.59   77.04   157.12   98.62 
   9    0.65   22.16     48.65    0.70    1.00     22.78    6.74    6.82     35.54    1.56   22.19      7.79   37.77   38.42   178.30   77.43   157.14   99.23 
  10    0.65   22.73     44.76    1.10    1.01     21.40    7.90    6.93     35.54    1.56   20.12      7.64   38.48   38.43   178.91   77.74   157.63   99.44 
  11    0.19   22.70     48.77    0.69    0.98     27.89    3.77    6.64     32.86    2.12   18.49      7.85   37.46   38.34   178.63   76.93   157.27   98.62 
  12    0.19   22.16     42.89    1.38    1.02     22.69    6.84    6.66     32.86    2.12   17.12      7.63   38.87   38.38   178.79   78.23   157.40   99.97 
  13    0.19   22.18     42.12    1.51    1.05     21.96    7.45    6.72     32.86    2.12   15.97      7.92   37.57   38.32   180.34   78.59   158.83  100.26 
  14    0.19   22.82     41.14    1.71    1.10     21.18    8.08    6.82     32.86    2.12   14.98      7.68   38.51   38.33   182.81   79.95   161.48  101.86 
  15    0.19   22.09     43.05    1.38    1.12     22.11    7.30    6.85     32.86    2.12   14.12      7.86   37.41   38.27   182.78   79.49   161.02  100.81 
  16    0.16   22.18     42.17    1.52    1.14     22.96    6.62    6.83     28.78    3.39   13.45      7.81   37.54   38.23   182.18   79.08   160.32  100.55 
  17    0.16   22.15     39.75    1.98    1.19     16.40   14.12    7.26     28.78    3.39   12.86      7.93   37.61   38.19   181.77   80.12   159.75  101.00 
  18    0.16   21.46     27.53    7.77    1.56     11.41   25.40    8.27     28.78    3.39   12.33      7.56   39.51   38.26   180.22   79.71   158.19  100.52 
  19    0.16   22.20     23.27   12.34    2.13      9.24   33.07    9.58     28.78    3.39   11.86      7.12   42.02   38.46   178.49   79.76   156.34  100.44 
  20    0.16   21.52     32.42    4.11    2.23      9.03   36.49   10.92     28.78    3.39   11.44      6.38   45.53   38.81   160.29   75.92   138.78   96.58 
  21    0.15   22.11     29.35    5.73    2.39     19.49   11.12   10.93     25.65    4.90   11.13      9.50   33.83   38.58   156.38   75.65   135.08   96.43 
  22    0.15   21.69     28.35    6.25    2.57     16.14   16.42   11.18     25.65    4.90   10.84      9.06   35.58   38.44   150.52   76.87   128.30   97.19 
  23    0.15   21.84     26.95    7.04    2.76     12.67   23.89   11.73     25.65    4.90   10.59      9.22   34.86   38.28   144.10   77.48   121.47   97.08 
  24    0.15   22.69     20.79   13.96    3.23     11.42   27.04   12.37     25.65    4.90   10.35      8.77   37.04   38.23   146.15   82.02   123.96  102.30 
  25    0.15   21.51     19.29   16.35    3.75     11.08   27.77   12.99     25.65    4.90   10.13      8.58   37.12   38.19   142.49   84.66   120.50  105.15 
  26    0.17   22.09     20.10   14.95    4.18     15.07   17.61   13.16     23.20    6.62   10.00      9.27   34.39   38.04   137.57   88.91   115.67  109.42 
  27    0.17   22.09     19.25   16.48    4.64     14.50   18.67   13.37     23.20    6.62    9.87      9.59   33.23   37.86   135.55   92.36   114.43  113.08 
  28    0.17   21.48     21.06   13.87    4.97     12.78   23.08   13.72     23.20    6.62    9.75      9.37   34.44   37.74   134.02   98.14   113.32  119.20 
  29    0.17   21.94     20.93   14.38    5.29     11.53   26.95   14.17     23.20    6.62    9.65      9.13   35.71   37.67   134.14  102.17   113.44  123.26 
  30    0.17   21.38     20.69   15.26    5.63     10.75   29.37   14.68     23.20    6.62    9.55      8.79   37.06   37.65   136.95  107.53   115.99  128.12 
  31    0.16   20.29     22.15   13.25    5.87     15.11   18.08   14.79     21.10    8.50    9.51      9.38   34.98   37.57   137.98  111.71   116.94  132.25 
  32    0.16   20.15     21.77   14.02    6.13     13.95   20.76   14.97     21.10    8.50    9.48      9.25   36.53   37.53   141.43  111.00   120.57  131.98 
  33    0.16   21.33     21.53   14.57    6.38     13.70   21.64   15.18     21.10    8.50    9.45      9.24   36.68   37.51   143.68  110.78   123.01  131.66 
  34    0.16   20.28     23.86   11.51    6.53     12.73   25.08   15.47     21.10    8.50    9.42      9.35   37.41   37.50   147.92  111.29   127.40  132.32 
  35    0.16   21.29     23.75   11.98    6.69     11.96   28.15   15.83     21.10    8.50    9.40      9.06   39.97   37.58   155.74  112.19   135.38  133.17 
  36    0.22   21.79     24.97   10.77    6.80     19.68   11.96   15.72     21.64    8.11    9.36      9.85   37.95   37.59   163.53  111.52   143.25  132.44 
  37    0.22   21.40     26.52    9.41    6.87     16.06   18.72   15.80     21.64    8.11    9.33      9.44   40.95   37.68   173.43  112.09   153.07  132.58 
  38    0.22   21.50     26.47    9.75    6.95     14.62   22.66   15.98     21.64    8.11    9.30      9.58   41.01   37.76   181.64  112.78   161.27  133.56 
  39    0.22   21.86     26.30   10.07    7.03     14.77   22.43   16.15     21.64    8.11    9.26      9.71   40.33   37.83   185.11  113.58   164.62  133.96 
  40    0.22   21.57     26.55   10.13    7.11     13.92   24.63   16.36     21.64    8.11    9.24      9.33   42.05   37.94   192.24  116.82   171.79  137.53 
  41    0.24   21.29     27.39    9.49    7.16     18.63   14.16   16.31     20.95    9.06    9.23      9.68   39.68   37.98   197.45  119.32   176.83  139.80 
  42    0.24   21.81     28.87    8.28    7.19     16.38   18.05   16.35     20.95    9.06    9.23      9.71   39.06   38.00   203.06  121.65   182.25  141.86 
  43    0.24   21.55     28.18    9.12    7.24     14.63   21.38   16.47     20.95    9.06    9.22      9.52   38.95   38.03   209.59  123.92   188.75  144.49 
  44    0.24   21.90     28.87    8.39    7.26     13.47   24.04   16.64     20.95    9.06    9.22      8.91   40.17   38.07   208.12  121.58   186.95  141.80 
  45    0.24   21.89     27.81    9.48    7.31     13.14   24.44   16.81     20.95    9.06    9.22      9.30   38.07   38.07   209.09  122.63   188.27  142.88 
  46    0.23   21.38     27.77    9.54    7.36     16.19   16.72   16.81     20.29    9.94    9.23      9.04   38.00   38.07   209.31  122.25   188.60  142.58 
  47    0.23   20.15     28.34    8.98    7.39     15.20   18.38   16.84     20.29    9.94    9.25      8.92   37.88   38.07   209.39  123.15   188.56  143.51 
  48    0.23   20.16     27.85    9.48    7.44     14.10   20.41   16.92     20.29    9.94    9.26      8.75   37.86   38.06   210.22  122.94   189.24  143.18 
  49    0.23   21.26     28.22    9.06    7.47     13.24   22.52   17.03     20.29    9.94    9.28      8.78   37.29   38.05   209.02  120.23   188.22  140.71 
  50    0.23   21.80     27.67    9.60    7.51     12.75   23.51   17.16     20.29    9.94    9.29      8.95   36.76   38.02   210.31  119.80   189.36  140.42 
  51    0.27   20.09     28.32    8.84    7.54     18.93   11.57   17.05     20.07   10.21    9.31      9.11   36.09   37.98   209.94  115.50   189.11  136.15 
  52    0.27   20.28     27.00   10.21    7.59     15.84   16.42   17.04     20.07   10.21    9.32      9.05   35.95   37.95   211.18  112.36   190.21  132.43 
  53    0.27   21.25     28.93    8.18    7.60     15.84   16.56   17.03     20.07   10.21    9.34      9.25   35.40   37.90   211.41  110.86   190.26  131.04 
  54    0.27   21.17     28.18    8.95    7.63     14.89   18.50   17.06     20.07   10.21    9.36      9.37   35.33   37.85   213.93  110.00   192.80  130.09 
  55    0.27   20.19     28.01    9.08    7.65     14.11   20.42   17.12     20.07   10.21    9.37      9.22   35.60   37.81   213.76  107.88   192.44  127.99 
  56    0.28   21.31     28.15    8.87    7.68     18.58   12.22   17.03     19.36   11.08    9.40      9.37   35.03   37.76   212.52  106.95   191.54  127.58 
  57    0.28   21.41     26.10   10.98    7.73     17.05   14.85   16.99     19.36   11.08    9.43      8.84   36.59   37.74   208.62  104.64   187.89  125.24 
  58    0.28   21.94     25.52   11.30    7.79     15.42   18.24   17.01     19.36   11.08    9.46      8.33   38.15   37.75   201.71  102.67   180.64  123.59 
  59    0.28   22.62     27.15    9.04    7.82     14.66   20.17   17.07     19.36   11.08    9.49      7.94   39.91   37.78   191.76   99.61   171.43  120.30 
  60    0.28   21.25     27.02    8.77    7.83     13.31   24.45   17.19     19.36   11.08    9.51      8.05   40.11   37.82   181.27   97.61   160.80  118.01 
  61    0.32   22.20     24.97   10.58    7.88     14.25   21.67   17.26     19.07   11.50    9.55      8.38   39.41   37.85   172.31   97.24   152.14  117.86 
  62    0.32   22.10     24.64   10.71    7.92     13.77   23.19   17.36     19.07   11.50    9.58      9.28   37.14   37.84   166.85   96.60   147.03  117.54 
  63    0.32   21.94     23.80   11.23    7.97     13.41   24.96   17.48     19.07   11.50    9.61      8.24   40.20   37.87   156.54   96.10   136.33  117.21 
  64    0.32   22.11     24.03   10.58    8.02     12.70   27.41   17.64     19.07   11.50    9.64      8.84   39.73   37.90   149.13   94.86   128.75  115.98 
  65    0.32   21.35     23.65   10.83    8.06     11.95   30.66   17.84     19.07   11.50    9.67      9.35   39.72   37.93   143.58   95.19   123.35  116.20 
  66    0.34   21.07     23.69   10.81    8.10     12.73   28.31   17.99     18.24   12.79    9.72      9.60   40.18   37.96   143.51   96.67   123.37  118.25 
  67    0.34   19.95     23.90   10.70    8.14     12.72   28.83   18.16     18.24   12.79    9.76      9.76   40.22   38.00   144.24   98.06   123.98  119.24 
  68    0.34   20.21     23.10   11.69    8.19     13.01   27.93   18.30     18.24   12.79    9.81      9.81   40.10   38.03   145.11   98.19   125.11  119.92 
  69    0.34   21.01     23.16   11.84    8.24     13.88   25.27   18.40     18.24   12.79    9.85     10.04   39.21   38.05   148.13   98.75   128.34  120.53 
  70    0.34   21.89     23.18   12.09    8.30     14.66   22.75   18.46     18.24   12.79    9.89     10.02   39.26   38.06   154.63  100.61   134.36  122.38 
  71    0.34   21.82     23.95   11.34    8.34     16.10   19.12   18.47     17.53   14.08    9.95     10.24   37.74   38.06   159.92   99.66   139.52  121.47 
  72    0.34   21.48     25.01   10.32    8.37     16.71   17.56   18.46     17.53   14.08   10.01     10.27   37.35   38.05   166.02   99.04   145.55  120.41 
  73    0.34   21.50     25.61    9.94    8.39     17.07   16.68   18.44     17.53   14.08   10.06     10.32   36.85   38.03   172.18   99.63   151.56  120.99 
  74    0.34   21.35     25.03   10.77    8.42     17.05   16.76   18.41     17.53   14.08   10.12     10.35   36.53   38.01   175.72   99.92   154.93  120.71 
  75    0.34   21.96     24.72   11.41    8.46     16.04   18.81   18.42     17.53   14.08   10.17     10.19   37.51   38.01   182.09  100.24   160.99  121.05 
  76    0.36   21.36     26.49    9.55    8.48     14.14   23.57   18.49     16.92   15.24   10.24      9.52   40.75   38.04   186.66   99.31   165.40  119.81 
  77    0.36   21.89     25.73   10.57    8.50     13.56   25.28   18.57     16.92   15.24   10.30      9.34   41.82   38.09   191.47   99.23   170.38  119.55 
  78    0.36   19.82     26.16   10.27    8.53     13.19   26.40   18.67     16.92   15.24   10.37      9.25   41.96   38.14   196.21   99.43   174.71  119.24 
  79    0.36   21.46     25.85   10.69    8.55     13.42   25.52   18.76     16.92   15.24   10.43      9.43   40.69   38.17   197.69   99.86   176.18  119.69 
  80    0.36   19.82     26.10   10.39    8.58     13.66   25.15   18.84     16.92   15.24   10.49      9.65   39.85   38.19   197.37  100.72   175.88  120.40 
  81    0.43   22.01     28.24    8.30    8.57     18.78   13.95   18.78     17.75   13.97   10.53     10.33   36.65   38.18   197.30  104.42   175.89  124.23 
  82    0.43   22.76     27.20    9.39    8.58     18.31   13.90   18.72     17.75   13.97   10.57     10.22   35.14   38.14   197.25  109.34   176.23  129.50 
  83    0.43   22.05     27.35    9.47    8.59     16.24   17.11   18.70     17.75   13.97   10.61      9.68   36.37   38.12   200.33  114.87   179.76  135.17 
  84    0.43   21.89     27.90    8.96    8.60     13.69   22.50   18.75     17.75   13.97   10.65      9.44   36.02   38.09   198.98  117.97   178.42  138.52 
  85    0.43   22.25     26.66   10.31    8.62     13.92   21.61   18.78     17.75   13.97   10.69      9.18   36.75   38.08   199.06  119.10   178.07  139.18 
  86    0.50   22.11     27.28    9.48    8.63     14.53   19.65   18.79     17.63   14.20   10.73      8.60   37.43   38.07   193.24  119.41   173.09  140.40 
  87    0.50   22.10     26.36   10.33    8.65     13.92   20.69   18.81     17.63   14.20   10.77      7.89   39.37   38.08   187.36  118.91   166.97  140.04 
  88    0.50   22.16     27.50    8.80    8.65     13.86   20.82   18.84     17.63   14.20   10.81      7.73   39.05   38.09   178.18  120.60   158.96  141.36 
  89    0.50   21.98     26.29    9.86    8.66     13.48   21.08   18.86     17.63   14.20   10.85      7.27   39.77   38.11   170.49  123.36   151.15  143.92 
  90    0.50   21.84     25.64   10.37    8.68     13.80   20.21   18.88     17.63   14.20   10.89      8.06   37.39   38.11   165.76  121.68   145.80  142.48 
  91    0.53   22.13     25.94    9.86    8.70     16.96   14.14   18.82     17.42   14.50   10.93      9.06   34.37   38.06   163.10  119.50   143.26  140.45 
  92    0.53   21.93     25.61    9.74    8.71     17.36   13.78   18.77     17.42   14.50   10.97      8.46   38.15   38.07   159.83  109.59   139.88  130.60 
  93    0.53   22.12     23.23   12.42    8.75     16.71   14.98   18.73     17.42   14.50   11.00      9.17   36.15   38.04   162.53  102.19   142.17  122.68 
  94    0.53   22.09     24.00   11.33    8.77     15.31   18.25   18.72     17.42   14.50   11.04      9.82   34.23   38.00   162.89   97.83   142.63  118.38 
  95    0.53   22.03     23.27   12.34    8.81     14.74   19.96   18.74     17.42   14.50   11.08     10.38   33.26   37.95   165.47   98.61   144.88  118.74 
  96    0.50   21.99     23.99   11.62    8.84     15.68   18.34   18.73     17.44   14.45   11.11     10.47   33.99   37.91   168.86   98.71   147.90  118.79 
  97    0.50   22.10     23.94   11.77    8.87     15.50   18.93   18.73     17.44   14.45   11.15     10.61   33.91   37.87   171.20   98.86   150.44  118.90 
  98    0.50   22.03     25.94    9.58    8.88     14.81   21.55   18.76     17.44   14.45   11.18     10.54   35.41   37.85   175.82   96.63   154.97  116.73 
  99    0.50   22.03     25.89    9.96    8.89     15.02   21.46   18.79     17.44   14.45   11.21     10.29   37.51   37.84   182.98   97.25   162.12  117.41 
 100    0.50   22.10     25.60   10.65    8.91     15.27   21.31   18.82     17.44   14.45   11.25     10.16   38.88   37.85   191.00   96.78   169.96  116.81 
 101    0.51   21.37     28.55    7.83    8.90     14.85   22.99   18.86     17.30   14.76   11.28     10.18   39.35   37.87   196.39   96.49   175.22  116.31 
 102    0.51   21.42     27.48    8.97    8.90     14.98   22.70   18.89     17.30   14.76   11.31     10.07   40.14   37.89   203.48   94.70   181.90  113.98 
 103    0.51   21.39     26.45   10.11    8.91     15.12   22.40   18.93     17.30   14.76   11.35     10.20   39.41   37.91   204.32   92.94   182.99  112.67 
 104    0.51   21.38     26.62   10.05    8.92     16.13   19.89   18.94     17.30   14.76   11.38     10.47   38.49   37.91   204.52   95.57   183.39  115.62 
 105    0.51   21.41     27.79    8.99    8.92     16.73   18.45   18.93     17.30   14.76   11.41     10.05   40.61   37.94   207.02  101.67   186.03  122.00 
 106    0.53   21.98     27.17    9.60    8.93     17.78   16.26   18.91     17.19   15.08   11.45     10.24   38.24   37.94   205.53  103.34   184.25  123.27 
 107    0.53   22.06     27.55    8.96    8.93     16.57   18.69   18.91     17.19   15.08   11.48      9.81   39.17   37.95   198.96  101.50   177.64  121.52 
 108    0.53   21.97     26.19   10.36    8.94     18.13   15.49   18.87     17.19   15.08   11.51     10.39   37.30   37.95   197.04  102.62   175.87  122.34 
 109    0.53   22.05     26.35    9.70    8.95     18.23   15.42   18.84     17.19   15.08   11.55      9.38   39.88   37.96   185.56  101.60   164.39  121.34 
 110    0.53   21.86     24.16   12.00    8.98     16.72   18.18   18.84     17.19   15.08   11.58      9.30   40.56   37.99   178.45  101.69   157.30  121.58 
 111    0.86   20.11     24.92   10.77    8.99     17.90   15.68   18.81     17.21   15.15   11.61      9.69   38.66   37.99   170.77  104.36   149.90  124.67 
 112    0.86   21.42     25.17   10.47    9.00     18.26   14.87   18.77     17.21   15.15   11.64      9.77   38.18   37.99   165.49  107.48   144.85  128.22 
 113    0.86   20.30     25.98    9.66    9.01     16.31   18.56   18.77     17.21   15.15   11.67      9.84   38.12   38.00   163.51  112.12   142.77  132.67 
 114    0.86   21.37     26.15    9.52    9.02     16.47   18.03   18.76     17.21   15.15   11.70      9.92   38.11   38.00   164.50  113.68   143.91  134.54 
 115    0.86   20.38     25.72   10.17    9.03     15.66   19.43   18.77     17.21   15.15   11.73      9.74   38.17   38.00   166.20  116.46   145.63  136.94 
 116    0.61   21.40     26.14    9.85    9.03     15.59   19.28   18.77     17.23   15.19   11.76      9.68   38.14   38.00   170.37  118.31   149.91  138.72 
 117    0.61   21.86     25.32   11.17    9.05     14.71   20.65   18.79     17.23   15.19   11.79      9.71   37.17   37.99   178.94  119.60   158.19  139.73 
 118    0.61   22.06     26.54   10.08    9.06     15.06   19.34   18.80     17.23   15.19   11.82      9.56   36.80   37.98   184.66  121.17   164.47  141.49 
 119    0.61   21.99     27.83    8.95    9.06     15.61   17.65   18.79     17.23   15.19   11.85      9.29   36.70   37.97   190.99  123.46   170.67  143.51 
 120    0.61   21.96     26.66   10.30    9.07     15.30   17.93   18.78     17.23   15.19   11.88      9.44   35.38   37.95   195.03  123.71   174.50  143.58 
 121    0.68   20.11     26.53   10.52    9.08     16.27   15.88   18.75     17.20   15.24   11.91      9.57   34.56   37.92   198.39  121.58   177.83  141.59 
 122    0.68   21.35     28.10    8.72    9.08     16.36   15.88   18.73     17.20   15.24   11.93      9.26   36.06   37.91   199.18  116.82   178.62  136.66 
 123    0.68   20.03     26.46   10.34    9.09     15.63   17.32   18.72     17.20   15.24   11.96      9.13   36.56   37.90   200.97  111.53   179.95  131.01 
 124    0.68   21.37     25.68   11.21    9.10     14.79   19.20   18.72     17.20   15.24   11.99      9.42   35.44   37.88   201.89  107.51   180.54  126.76 
 125    0.68   20.02     26.85    9.65    9.11     13.93   21.95   18.75     17.20   15.24   12.01      9.37   36.31   37.86   200.75  101.64   179.27  121.00 
 126    0.75   21.15     24.98   11.92    9.13     14.13   21.36   18.77     17.14   15.32   12.04      9.72   35.60   37.84   203.52  100.49   181.59  118.96 
 127    0.75   22.04     25.20   11.54    9.15     13.09   25.07   18.82     17.14   15.32   12.06      9.51   37.73   37.84   203.79   97.46   182.00  115.88 
 128    0.75   22.04     25.33   11.45    9.17     12.36   27.49   18.89     17.14   15.32   12.09      9.69   37.70   37.84   206.60   95.44   185.13  113.93 
 129    0.75   21.92     26.44   10.10    9.18     12.69   28.02   18.96     17.14   15.32   12.12      9.85   37.72   37.84   205.68   92.06   184.20  110.60 
 130    0.75   22.13     25.46   11.16    9.19     12.86   27.92   19.03     17.14   15.32   12.14      9.81   38.57   37.85   204.43   90.16   183.22  108.95 
 131    0.77   21.82     25.44   11.06    9.21     12.46   29.58   19.11     16.80   15.95   12.17      9.50   40.49   37.87   202.08   90.29   180.15  108.36 
 132    0.77   21.63     26.37    9.85    9.21     12.70   28.42   19.18     16.80   15.95   12.20      9.83   39.21   37.88   198.28   89.40   177.63  108.52 
 133    0.77   21.85     25.00   11.16    9.22     12.63   28.26   19.25     16.80   15.95   12.23      9.13   41.35   37.90   191.47   88.97   170.83  108.16 
 134    0.77   21.55     25.90    9.69    9.23     13.03   26.61   19.30     16.80   15.95   12.25      8.97   40.85   37.93   181.93   88.32   161.41  107.64 
 135    0.77   21.91     22.49   13.52    9.26     14.61   21.52   19.32     16.80   15.95   12.28      9.40   38.56   37.93   174.00   87.35   152.70  106.47 
 136    0.72   21.84     23.43   11.41    9.28     16.29   17.72   19.31     16.60   16.39   12.31      9.21   37.49   37.93   161.20   84.90   139.84  104.07 
 137    0.72   21.90     21.79   13.30    9.31     15.80   18.44   19.30     16.60   16.39   12.34     10.37   33.41   37.89   157.23   82.99   135.82  102.11 
 138    0.72   21.75     20.48   15.01    9.35     13.67   22.10   19.32     16.60   16.39   12.37      9.36   35.79   37.88   151.90   86.46   130.76  105.68 
 139    0.72   22.22     20.02   15.86    9.39     14.89   18.97   19.32     16.60   16.39   12.40      9.97   33.01   37.84   146.43   91.44   124.71  110.92 
 140    0.72   22.04     21.15   14.26    9.43     14.87   18.63   19.31     16.60   16.39   12.43     10.21   32.37   37.80   146.09   96.90   125.54  116.88 
 141    0.87   19.12     21.36   14.23    9.46     15.74   16.88   19.30     16.56   16.46   12.46     10.36   31.68   37.76   146.68  101.05   126.60  121.00 
 142    0.87   19.94     21.28   14.55    9.50     16.12   16.46   19.28     16.56   16.46   12.48     10.29   32.19   37.72   149.05  102.10   128.87  122.19 
 143    0.87   19.98     21.70   14.05    9.53     16.56   15.74   19.25     16.56   16.46   12.51     10.46   31.69   37.68   151.72  102.57   131.31  122.37 
 144    0.87   19.93     22.62   13.02    9.55     16.99   15.26   19.22     16.56   16.46   12.54     10.42   32.67   37.65   157.91  101.95   137.69  121.91 
 145    0.87   20.06     24.49   11.01    9.56     16.54   16.31   19.20     16.56   16.46   12.57     10.60   32.83   37.61   166.38  101.71   145.83  121.46 
 146    0.82   20.11     24.60   11.30    9.58     16.11   17.45   19.19     16.56   16.42   12.59     10.57   33.48   37.58   175.17  102.95   154.72  123.05 
 147    0.82   20.33     25.98   10.00    9.58     15.63   18.95   19.19     16.56   16.42   12.62     10.37   34.80   37.56   181.84  103.99   161.62  124.01 
 148    0.82   21.54     26.63    9.54    9.58     16.12   18.02   19.18     16.56   16.42   12.64     10.38   35.10   37.55   188.32  102.90   167.88  123.10 
 149    0.82   22.02     26.98    9.27    9.58     15.92   18.48   19.18     16.56   16.42   12.67     10.54   34.24   37.53   190.97  104.28   170.74  123.57 
 150    0.82   21.59     26.12   10.29    9.58     16.09   17.98   19.17     16.56   16.42   12.70     10.44   34.55   37.51   194.64  103.35   174.44  122.58 
 151    1.00   21.82     26.62    9.67    9.58     16.82   16.59   19.15     16.55   16.47   12.72     10.36   34.38   37.49   194.05  100.15   173.93  119.29 
 152    1.00   21.89     26.58    9.71    9.58     17.31   15.69   19.13     16.55   16.47   12.74     10.62   33.66   37.46   195.45   97.60   175.44  116.92 
 153    1.00   21.83     27.01    9.31    9.58     16.06   18.30   19.12     16.55   16.47   12.77     10.40   34.85   37.44   199.08   95.47   179.11  114.33 
 154    1.00   21.73     27.23    9.08    9.58     16.24   18.09   19.12     16.55   16.47   12.79     10.34   35.20   37.43   198.62   95.25   178.68  114.42 
 155    1.00   21.81     26.89    9.40    9.58     16.33   17.95   19.11     16.55   16.47   12.82     10.16   36.01   37.42   198.12   95.38   177.88  114.25 
 156    1.10   20.10     26.27   10.01    9.58     14.24   22.81   19.13     16.39   16.81   12.84      9.87   36.95   37.42   196.32   95.67   175.77  114.55 
 157    1.10   21.37     32.67    4.65    9.55     11.84   25.43   19.17     16.39   16.81   12.87      7.93   37.83   37.42   184.16   93.04   164.23  112.31 
 158    1.10   19.69     26.90    8.84    9.54     12.62   20.63   19.18     16.39   16.81   12.89      8.24   33.82   37.40   182.71   91.87   163.03  111.40 
 159    1.10   21.11     23.19   12.95    9.57     11.02   23.07   19.21     16.39   16.81   12.92      6.52   38.06   37.40   179.16   92.15   157.82  110.37 
 160    1.10   19.44     40.25    1.74    9.52      9.64   28.32   19.26     16.39   16.81   12.94      5.86   39.36   37.41   158.98   90.86   137.55  109.70 
 161    1.17   20.03     29.85    5.65    9.49     11.34   23.01   19.29     16.49   16.54   12.96      8.89   30.33   37.37   158.56   89.19   137.51  108.23 
 162    1.17   19.59     26.77    7.63    9.48     11.68   21.65   19.30     16.49   16.54   12.99      7.80   32.14   37.34   151.11   88.51   129.53  107.20 
 163    1.17   21.02     25.65    8.39    9.47     11.40   21.70   19.32     16.49   16.54   13.01      7.73   31.90   37.30   143.88   87.47   122.40  106.80 
 164    1.17   20.85     21.87   12.91    9.49     10.82   22.14   19.33     16.49   16.54   13.03      8.22   31.21   37.27   141.92   92.27   120.71  111.84 
 165    1.17   19.27     18.56   19.15    9.55      9.76   25.84   19.37     16.49   16.54   13.05      7.93   31.85   37.23   141.83   94.24   120.26  113.01 
 166    1.00   19.25     22.13   12.88    9.57     10.57   22.12   19.39     16.25   16.88   13.07      8.52   29.42   37.19   137.62  105.27   116.13  125.06 
 167    1.00   19.60     19.73   17.77    9.62     10.37   23.13   19.41     16.25   16.88   13.10      8.36   29.29   37.14   141.80  104.86   119.85  123.34 
 168    1.00   19.12     19.80   18.28    9.67     10.35   23.14   19.43     16.25   16.88   13.12      8.26   29.60   37.09   142.35  107.50   121.27  127.38 
 169    1.00   19.44     20.16   17.99    9.72     10.53   22.73   19.45     16.25   16.88   13.14      8.41   29.52   37.05   147.69  110.40   126.51  129.96 
 170    1.00   19.59     23.00   13.46    9.75     10.93   22.21   19.47     16.25   16.88   13.16      8.37   30.43   37.01   150.23  112.43   129.42  132.82 
 171    0.89   21.26     23.17   13.52    9.77     13.53   16.69   19.45     16.30   16.66   13.18      8.78   29.62   36.97   158.41  111.75   137.71  132.20 
 172    0.89   21.94     25.66   10.39    9.77     12.81   17.97   19.44     16.30   16.66   13.20      9.99   25.59   36.90   162.00  114.85   141.46  135.36 
 173    0.89   21.58     24.30   12.57    9.79     12.67   17.49   19.43     16.30   16.66   13.22      8.93   29.39   36.86   176.37  116.50   156.25  137.82 
 174    0.89   21.91     31.84    5.47    9.76     13.14   17.62   19.42     16.30   16.66   13.24      9.91   25.93   36.79   180.38  124.08   159.67  143.65 
 175    0.89   21.80     33.97    4.38    9.73     12.79   18.38   19.42     16.30   16.66   13.26      9.28   28.55   36.75   187.12  122.20   167.18  142.12 
 176    1.81   21.95     31.28    6.05    9.71     14.62   14.74   19.39     16.15   16.83   13.28      9.99   26.24   36.69   195.19  120.96   174.58  139.42 
 177    1.81   21.73     30.14    6.94    9.69     14.84   14.30   19.36     16.15   16.83   13.30     10.57   24.27   36.62   199.45  118.23   178.99  136.79 
 178    1.81   21.85     31.26    6.11    9.67     14.96   14.25   19.33     16.15   16.83   13.32     10.75   23.40   36.54   200.45  117.22   179.53  135.12 
 179    1.81   21.89     32.18    5.50    9.65     14.74   14.72   19.31     16.15   16.83   13.34     10.88   23.13   36.47   201.15  114.01   180.37  132.24 
 180    1.81   21.68     31.44    5.93    9.63     15.08   14.27   19.28     16.15   16.83   13.36     10.88   23.13   36.39   201.86  109.73   180.99  128.00 
 181    1.10   21.83     30.77    6.34    9.61     17.82   10.81   19.23     16.27   16.50   13.38     10.98   24.00   36.33   203.33  105.22   182.68  123.44 
 182    1.10   21.91     36.33    3.33    9.58     13.69   20.27   19.24     16.27   16.50   13.40      9.78   30.90   36.30   201.38   98.61   181.16  116.88 
 183    1.10   21.53     27.62    9.10    9.58     14.27   20.49   19.25     16.27   16.50   13.41     10.34   33.39   36.28   208.87  100.66   188.44  119.17 
 184    1.10   21.92     26.35   10.51    9.58     16.12   17.66   19.24     16.27   16.50   13.43     10.68   32.47   36.26   210.44   96.95   189.47  114.87 
 185    1.10   21.85     25.46   11.61    9.59     16.50   17.73   19.23     16.27   16.50   13.45     10.80   34.08   36.25   210.55   97.03   189.67  114.73 
 186    1.06   21.54     26.71    9.99    9.59     16.31   19.05   19.23     16.23   16.56   13.46     10.47   36.46   36.25   208.15   96.21   186.97  114.42 
 187    1.06   21.95     26.11   10.44    9.60     16.07   20.29   19.23     16.23   16.56   13.48     10.22   38.49   36.26   203.29   95.25   182.61  114.02 
 188    1.06   21.56     25.24   11.23    9.61     15.93   20.88   19.24     16.23   16.56   13.50     10.02   39.92   36.28   197.77   93.86   176.93  112.47 
 189    1.06   22.02     23.01   13.88    9.63     13.97   26.18   19.28     16.23   16.56   13.51      9.52   41.80   36.31   191.20   92.56   170.05  110.53 
 190    1.06   21.62     25.22   10.67    9.63     13.80   26.89   19.32     16.23   16.56   13.53     10.17   39.89   36.33   185.74   91.98   165.23  110.96 
 191    1.20   22.30     24.54   11.17    9.64     14.69   24.24   19.34     16.06   16.98   13.55     10.18   39.32   36.34   179.00   90.51   158.66  109.37 
 192    1.20   22.23     24.75   10.58    9.65     15.33   21.98   19.36     16.06   16.98   13.57     10.30   38.51   36.36   172.63   89.77   151.83  108.70 
 193    1.20   21.78     23.53   11.68    9.66     15.94   20.35   19.36     16.06   16.98   13.58     10.46   37.06   36.36   165.27   87.83   144.64  107.25 
 194    1.20   22.18     22.64   12.52    9.67     15.75   20.29   19.37     16.06   16.98   13.60     10.43   36.14   36.36   159.62   87.84   138.52  107.11 
 195    1.20   21.75     21.98   13.22    9.69     15.11   21.64   19.38     16.06   16.98   13.62     10.88   34.59   36.35   156.58   88.04   135.20  106.99 
 196    1.23   21.75     22.02   12.76    9.71     14.72   22.06   19.39     16.14   16.91   13.63     10.40   35.26   36.34   149.08   88.02   127.86  106.91 
 197    1.23   22.07     22.81   11.30    9.72     14.14   23.16   19.41     16.14   16.91   13.65     10.35   35.22   36.34   141.96   87.51   120.93  106.69 
 198    1.23   21.78     23.51   10.30    9.72     13.60   24.29   19.44     16.14   16.91   13.67     10.68   33.93   36.33   137.24   89.35   116.22  108.27 
 199    1.23   21.60     22.48   11.56    9.73     13.51   24.47   19.46     16.14   16.91   13.68     10.79   33.63   36.31   134.52   93.47   113.77  113.13 
 200    1.23   22.09     22.32   12.04    9.74     13.09   25.42   19.49     16.14   16.91   13.70     10.36   35.11   36.31   134.22   98.29   113.48  118.29 
 201    1.21   21.84     23.05   11.24    9.75     13.17   25.02   19.52     16.12   17.00   13.72     10.55   33.96   36.29   133.72  100.00   113.04  120.26 
 202    1.21   21.85     22.90   11.58    9.76     12.58   26.49   19.55     16.12   17.00   13.73     10.18   35.05   36.29   134.28  103.78   113.55  124.05 
 203    1.21   21.27     20.12   16.35    9.79     12.41   25.86   19.59     16.12   17.00   13.75      9.87   35.74   36.29   141.43  106.98   120.93  127.58 
 204    1.21   21.86     21.75   13.96    9.81     12.86   24.28   19.61     16.12   17.00   13.76      9.75   35.53   36.28   145.65  108.37   125.73  129.43 
 205    1.21   21.80     21.66   14.53    9.83     14.42   20.40   19.61     16.12   17.00   13.78      9.98   34.66   36.27   152.40  107.83   132.46  128.37 
 206    1.69   21.19     23.34   12.31    9.84     15.69   17.63   19.60     15.99   17.25   13.80      9.97   34.69   36.27   159.34  105.06   139.33  125.65 
 207    1.69   21.07     22.21   14.14    9.86     15.35   18.42   19.60     15.99   17.25   13.81     10.38   32.88   36.25   162.74  104.25   142.79  125.04 
 208    1.69   21.30     23.54   12.60    9.88     15.54   17.86   19.59     15.99   17.25   13.83     10.25   33.54   36.24   171.54  104.82   151.32  125.63 
 209    1.69   21.25     26.08    9.79    9.88     14.83   19.94   19.59     15.99   17.25   13.85      9.99   34.77   36.23   179.04  104.69   158.31  125.23 
 210    1.69   21.18     26.58    9.55    9.88     14.70   20.33   19.59     15.99   17.25   13.86      9.74   36.17   36.23   185.81  106.40   165.67  126.98 
 211    1.49   21.83     27.04    9.32    9.87     14.94   20.03   19.60     15.96   17.32   13.88      9.72   36.55   36.23   191.44  107.00   170.92  127.35 
 212    1.49   21.79     26.43   10.16    9.87     15.01   20.07   19.60     15.96   17.32   13.90      9.93   35.97   36.23   196.21  108.77   175.37  128.77 
 213    1.49   21.99     26.73    9.89    9.87     14.81   20.72   19.60     15.96   17.32   13.91      9.91   36.02   36.23   197.40  109.09   176.46  129.06 
 214    1.49   21.83     26.89    9.73    9.87     14.64   21.52   19.61     15.96   17.32   13.93      9.88   36.42   36.23   198.31  107.87   177.44  127.55 
 215    1.49   22.03     26.50   10.07    9.87     14.80   21.36   19.62     15.96   17.32   13.94      9.79   37.23   36.23   198.60  104.06   177.99  123.86 
 216    1.33   21.86     27.03    9.36    9.87     13.97   23.80   19.64     15.94   17.38   13.96      9.80   36.96   36.24   199.27   97.83   178.47  117.50 
 217    1.33   22.14     29.36    7.23    9.86     13.73   24.74   19.66     15.94   17.38   13.98     10.02   37.08   36.24   199.74   96.91   179.26  116.46 
 218    1.33   21.90     26.42   10.15    9.86     12.63   27.84   19.70     15.94   17.38   13.99      9.71   38.76   36.25   202.80   97.89   181.81  117.09 
 219    1.33   21.55     25.80   10.94    9.87     12.04   28.51   19.74     15.94   17.38   14.01      9.62   38.15   36.26   204.29  100.53   183.06  119.44 
 220    1.33   21.95     26.67    9.73    9.87     12.49   28.15   19.78     15.94   17.38   14.02      8.99   39.10   36.27   198.38   96.00   177.63  115.90 
 221    1.50   21.55     26.80    9.42    9.86     12.94   25.93   19.81     15.69   17.93   14.04      8.83   39.79   36.29   194.42   98.22   173.22  117.80 
 222    1.50   21.46     26.48    9.48    9.86     12.72   27.10   19.84     15.69   17.93   14.06      8.64   39.99   36.31   186.36   96.16   165.21  116.07 
 223    1.50   21.61     27.06    8.50    9.86     12.47   28.06   19.88     15.69   17.93   14.07      8.13   41.33   36.33   176.64   93.58   155.69  113.78 
 224    1.50   21.50     27.77    7.71    9.85     13.06   25.81   19.90     15.69   17.93   14.09      9.46   38.06   36.34   172.89   93.21   152.51  113.33 
 225    1.50   21.87     23.94   11.61    9.85     13.06   24.89   19.93     15.69   17.93   14.11      9.44   36.88   36.34   169.97   94.27   148.78  114.69 
 226    2.93   22.60     26.10    8.86    9.85     14.29   22.61   19.94     15.73   17.86   14.13      9.04   37.91   36.35   161.18   92.38   140.28  112.94 
 227    2.93   22.00     23.46   11.66    9.86     13.91   23.70   19.95     15.73   17.86   14.14      9.49   37.27   36.35   156.79   91.76   135.73  112.24 
 228    2.93   21.86     23.00   12.07    9.87     13.69   23.81   19.97     15.73   17.86   14.16      9.60   37.02   36.35   155.05   93.59   133.53  114.06 
 229    2.93   22.68     21.39   14.15    9.89     13.51   23.88   19.99     15.73   17.86   14.17      9.51   37.30   36.36   152.91   95.26   131.51  115.86 
 230    2.93   22.50     22.71   12.20    9.90     13.89   23.11   20.00     15.73   17.86   14.19      9.84   36.20   36.36   151.64   94.66   130.45  115.23 
 231    1.71   21.58     23.24   11.52    9.90     14.55   21.71   20.01     15.15   19.12   14.21      9.54   37.49   36.36   150.35   93.21   129.36  113.67 
 232    1.71   21.82     23.84   10.73    9.91     14.78   21.19   20.01     15.15   19.12   14.23     10.10   35.84   36.36   150.96   93.46   130.43  114.20 
 233    1.71   21.15     23.95   10.69    9.91     15.14   20.22   20.01     15.15   19.12   14.25     10.17   35.35   36.36   152.20   93.31   131.97  114.02 
 234    1.71   20.89     25.23    9.48    9.91     15.57   18.94   20.01     15.15   19.12   14.27     10.32   34.43   36.35   156.54   94.59   135.92  114.70 
 235    1.71   21.27     23.71   11.46    9.91     16.00   17.97   20.00     15.15   19.12   14.30     10.55   33.73   36.34   162.26   94.52   141.44  114.60 
 236    1.67   21.27     24.59   10.57    9.92     15.84   18.38   19.99     15.59   18.20   14.31     10.74   33.20   36.32   165.51   94.19   144.75  114.33 
 237    1.67   21.94     24.28   11.19    9.92     15.92   18.37   19.99     15.59   18.20   14.33     10.74   33.74   36.31   171.47   94.46   150.52  114.20 
 238    1.67   21.81     25.70    9.82    9.92     15.49   19.71   19.99     15.59   18.20   14.34     10.65   34.28   36.30   177.31   94.24   156.25  114.25 
 239    1.67   21.49     25.28   10.62    9.93     14.97   21.26   19.99     15.59   18.20   14.36     10.34   36.04   36.30   184.64   93.65   163.48  113.23 
 240    1.67   21.35     26.40    9.60    9.92     16.17   19.02   19.99     15.59   18.20   14.38     10.57   36.15   36.30   190.71   94.04   169.50  113.44 
 241    1.64   22.62     26.36    9.83    9.92     15.44   20.99   19.99     15.56   18.28   14.39     10.52   36.88   36.30   195.58   94.69   174.45  114.03 
 242    1.64   22.47     26.56    9.70    9.92     15.47   21.01   20.00     15.56   18.28   14.41     10.54   36.72   36.31   197.55   95.37   176.42  114.46 
 243    1.64   21.83     25.74   10.78    9.93     15.99   19.56   19.99     15.56   18.28   14.42     10.69   36.25   36.31   200.36   98.55   179.00  117.65 
 244    1.64   22.18     26.94    9.67    9.93     17.15   16.93   19.98     15.56   18.28   14.44     10.49   37.03   36.31   200.74  105.29   179.64  124.64 
 245    1.64   22.34     26.71   10.31    9.93     16.07   19.00   19.98     15.56   18.28   14.46      9.95   38.78   36.32   203.54  113.84   182.56  133.46 
 246    1.79   22.05     27.72    9.25    9.92     14.99   21.44   19.98     15.72   18.01   14.47      9.62   38.73   36.33   201.35  118.91   180.26  138.88 
 247    1.79   21.63     26.56   10.31    9.93     15.02   21.01   19.99     15.72   18.01   14.48      9.34   39.04   36.34   197.66  118.29   176.64  138.23 
 248    1.79   21.72     26.68   10.13    9.93     15.39   19.95   19.99     15.72   18.01   14.50      9.47   38.16   36.35   194.30  118.00   173.38  137.62 
 249    1.79   21.97     24.78   12.16    9.94     16.31   17.42   19.98     15.72   18.01   14.51      8.67   38.86   36.36   185.56  120.22   164.99  139.99 
 250    1.79   21.77     24.50   12.14    9.94     16.27   16.98   19.97     15.72   18.01   14.53      8.17   39.46   36.37   174.76  122.81   154.19  142.42 
 251    2.30   21.97     24.20   12.14    9.95     16.20   16.47   19.95     15.71   18.05   14.54      7.84   39.31   36.38   164.11  123.05   143.71  142.73 
 252    2.30   21.97     24.31   11.71    9.96     15.50   17.37   19.94     15.71   18.05   14.56      8.46   36.93   36.38   157.34  122.15   137.12  141.98 
 253    2.30   21.96     24.44   11.40    9.97     15.47   17.12   19.93     15.71   18.05   14.57      9.09   35.14   36.38   156.74  121.39   136.44  141.25 
 254    2.30   21.89     23.49   12.29    9.97     15.03   18.00   19.92     15.71   18.05   14.58      8.11   39.70   36.39   154.66  115.70   134.17  135.41 
 255    2.30   21.71     24.12   11.21    9.98     16.08   16.01   19.91     15.71   18.05   14.60      8.78   36.95   36.39   153.12  109.99   133.30  130.57 
 256    2.67   20.13     23.08   12.42    9.99     17.55   14.23   19.88     15.69   18.05   14.61      9.37   36.08   36.39   153.96  106.30   133.64  126.56 
 257    2.67   20.01     22.93   12.56   10.00     17.54   14.73   19.86     15.69   18.05   14.62      9.71   35.74   36.39   153.56  103.44   133.32  123.86 
 258    2.67   19.82     23.36   11.72   10.01     17.66   14.59   19.84     15.69   18.05   14.64      9.70   35.76   36.39   152.62  101.18   132.40  121.66 
 259    2.67   19.97     23.06   12.14   10.01     17.59   14.88   19.83     15.69   18.05   14.65     10.16   34.43   36.38   152.83   99.38   132.46  119.98 
 260    2.67   19.98     23.84   10.91   10.02     16.77   16.83   19.81     15.69   18.05   14.66      9.97   36.08   36.38   152.28   95.88   131.79  116.68 
 261    2.81   21.88     23.02   12.06   10.03     16.23   18.01   19.81     15.75   17.94   14.68     10.49   34.71   36.37   155.55   95.16   134.95  115.32 
 262    2.81   21.81     24.78    9.98   10.02     16.52   17.74   19.80     15.75   17.94   14.69     10.81   33.85   36.36   156.72   94.17   136.28  114.30 
 263    2.81   22.05     24.44   10.43   10.03     16.91   16.86   19.79     15.75   17.94   14.70     10.83   33.91   36.35   160.67   91.28   140.40  111.43 
 264    2.81   21.98     24.93   10.12   10.03     16.74   16.86   19.78     15.75   17.94   14.71     10.91   33.44   36.34   166.68   90.30   146.50  110.10 
 265    2.81   21.92     25.42    9.75   10.03     16.62   16.84   19.77     15.75   17.94   14.72     10.97   32.53   36.33   170.48   89.81   149.84  109.95 
 266    2.73   21.81     25.68    9.74   10.02     15.06   20.30   19.77     15.78   17.90   14.74     10.57   33.91   36.32   177.90   88.82   157.44  109.07 
 267    2.73   21.20     26.29    9.36   10.02     13.78   23.01   19.78     15.78   17.90   14.75     10.05   35.34   36.32   184.59   88.33   164.45  108.04 
 268    2.73   21.72     27.20    8.64   10.02     13.80   22.87   19.79     15.78   17.90   14.76     10.00   35.54   36.31   189.27   87.89   169.09  107.48 
 269    2.73   21.41     27.07    8.91   10.01     14.92   20.22   19.79     15.78   17.90   14.77      9.90   36.24   36.31   194.00   87.73   173.70  107.20 
 270    2.73   21.84     29.40    6.94   10.00     13.91   22.67   19.80     15.78   17.90   14.78     10.03   35.65   36.31   195.87   89.53   175.60  108.97 
 271    2.27   21.27     27.03    9.16   10.00     14.79   20.63   19.81     15.76   17.96   14.79     10.18   34.82   36.30   199.17   88.84   178.49  108.11 
 272    2.27   22.46     27.62    8.67    9.99     14.38   21.60   19.81     15.76   17.96   14.81     10.22   34.77   36.30   202.11   89.41   181.36  108.70 
 273    2.27   21.60     26.18   10.25    9.99     14.91   20.23   19.81     15.76   17.96   14.82     10.12   34.58   36.29   203.84   88.09   182.70  107.12 
 274    2.27   21.86     26.31   10.01    9.99     14.61   21.17   19.82     15.76   17.96   14.83      9.94   35.28   36.29   203.64   86.37   182.27  105.39 
 275    2.27   21.51     25.85   10.57   10.00     13.95   22.72   19.83     15.76   17.96   14.84      9.92   35.86   36.29   204.18   86.23   182.84  105.31 
 276    2.32   22.15     27.30    9.06    9.99     13.90   22.63   19.84     15.73   18.03   14.85     10.04   35.31   36.28   205.84   86.50   184.43  105.09 
 277    2.32   22.74     28.06    8.35    9.99     13.43   23.65   19.85     15.73   18.03   14.86      9.96   35.45   36.28   206.56   86.97   185.30  105.49 
 278    2.32   22.81     25.51   11.06    9.99     12.89   24.99   19.87     15.73   18.03   14.88      9.80   35.09   36.28   206.71   85.33   185.53  103.66 
 279    2.32   22.53     24.34   12.47   10.00     12.38   26.39   19.90     15.73   18.03   14.89      9.32   36.54   36.28   204.85   84.11   183.15  102.26 
 280    2.32   22.14     24.46   12.12   10.01     12.04   27.23   19.92     15.73   18.03   14.90      9.07   37.68   36.28   200.77   85.58   179.56  103.75 
 281    2.49   20.13     29.73    6.38    9.99     12.59   24.38   19.94     15.63   18.23   14.91      9.07   37.22   36.29   181.92   91.25   160.82  108.95 
 282    2.49   20.12     29.87    6.19    9.98     11.86   26.11   19.96     15.63   18.23   14.92      9.97   33.26   36.27   177.57   92.31   156.45  109.86 
 283    2.49   19.87     27.01    8.14    9.97     11.84   26.40   19.98     15.63   18.23   14.93      9.57   34.87   36.27   168.70   92.09   147.50  109.62 
 284    2.49   19.99     23.10   12.37    9.98     12.25   25.44   20.00     15.63   18.23   14.94      9.62   34.69   36.26   172.41   85.38   151.30  103.33 
 285    2.49   19.39     20.40   16.31   10.01     12.56   24.39   20.02     15.63   18.23   14.96      9.75   34.31   36.26   167.47   89.27   146.92  107.06 
 286    3.15   21.79     19.60   17.32   10.03     12.85   24.58   20.03     15.52   18.45   14.97      9.36   35.86   36.26   160.78   89.34   140.09  107.40 
 287    3.15   21.88     20.77   14.70   10.05     12.47   26.37   20.06     15.52   18.45   14.98      9.35   36.84   36.26   153.54   88.31   132.90  106.66 
 288    3.15   21.77     19.85   16.04   10.07     12.31   27.17   20.08     15.52   18.45   14.99      9.82   36.20   36.26   151.49   86.88   130.97  105.59 
 289    3.15   22.06     24.68    8.95   10.06     13.40   25.70   20.10     15.52   18.45   15.00      9.85   37.47   36.26   140.24   82.73   120.05  101.73 
 290    3.15   21.80     22.86   10.82   10.07     13.93   25.25   20.12     15.52   18.45   15.02     10.93   35.40   36.26   138.38   81.25   118.06  100.31 
 291    2.75   21.91     22.86   10.65   10.07     14.39   24.78   20.13     15.51   18.49   15.03     10.87   36.95   36.26   137.50   80.87   116.66  100.09 
 292    2.75   21.98     23.50    9.82   10.07     14.14   26.01   20.15     15.51   18.49   15.04     10.96   37.22   36.26   135.64   79.86   114.72   99.19 
 293    2.75   21.97     22.39   11.20   10.07     14.12   26.43   20.17     15.51   18.49   15.05     10.74   38.62   36.27   135.39   79.98   114.87   99.90 
 294    2.75   21.94     22.21   11.42   10.08     14.15   26.30   20.20     15.51   18.49   15.06     10.82   38.38   36.28   136.12   81.07   115.81  100.88 
 295    2.75   22.00     21.67   12.29   10.08     13.98   27.16   20.22     15.51   18.49   15.08     10.74   39.05   36.29   138.67   81.91   118.29  101.68 
 296    2.97   21.96     22.39   11.61   10.09     15.62   23.04   20.23     15.33   18.95   15.09     11.16   37.84   36.29   142.11   81.94   121.61  101.55 
 297    2.97   21.84     20.58   14.53   10.10     14.79   26.09   20.25     15.33   18.95   15.10     10.99   39.45   36.30   149.46   81.90   128.94  101.35 
 298    2.97   22.23     23.27   11.47   10.11     14.04   28.51   20.28     15.33   18.95   15.11     10.76   41.21   36.32   159.99   80.73   139.57  100.01 
 299    2.97   21.89     23.94   11.25   10.11     13.96   28.23   20.30     15.33   18.95   15.13     10.80   41.40   36.34   171.87   79.59   151.59   99.34 
 300    2.97   22.16     27.90    7.38   10.10     13.39   30.58   20.34     15.33   18.95   15.14     10.73   41.40   36.36   175.48   79.88   154.97   99.48 
 301    2.82   21.94     27.06    8.46   10.10     12.73   32.87   20.38     15.28   19.16   15.15     10.48   42.66   36.38   185.97   79.44   165.46   99.16 
 302    2.82   21.91     25.68   10.32   10.10     12.51   33.66   20.42     15.28   19.16   15.17     10.27   43.61   36.40   195.29   78.62   174.34   97.89 
 303    2.82   21.94     25.38   10.94   10.10     12.56   32.87   20.46     15.28   19.16   15.18     10.21   44.23   36.43   202.28   82.02   181.25  100.91 
 304    2.82   22.09     25.54   10.92   10.10     13.02   31.89   20.50     15.28   19.16   15.19      9.61   48.05   36.46   202.43   87.42   181.29  106.10 
 305    2.82   21.93     26.97    9.57   10.10     13.04   32.55   20.54     15.28   19.16   15.21      9.13   52.59   36.52   202.15   98.17   181.03  117.07 
 306    3.46   22.60     28.77    8.05   10.10     13.54   30.71   20.57     15.29   19.24   15.22      9.87   48.26   36.56   205.29  106.89   184.25  126.03 
 307    3.46   21.81     27.59    9.39   10.09     13.16   32.88   20.61     15.29   19.24   15.23      8.86   52.92   36.61   202.60  116.58   181.81  136.08 
 308    3.46   21.74     26.69   10.52   10.09     12.75   34.58   20.66     15.29   19.24   15.25      8.87   52.68   36.66   201.44  124.49   180.39  143.78 
 309    3.46   21.73     27.26    9.79   10.09     12.30   36.53   20.71     15.29   19.24   15.26      8.91   51.72   36.71   196.88  127.75   176.72  147.68 
 310    3.46   22.05     27.30    9.50   10.09     12.60   35.60   20.76     15.29   19.24   15.27      8.48   52.85   36.76   187.10  128.51   167.08  148.31 
 311    2.68   19.79     25.14   11.99   10.10     13.09   33.01   20.80     15.24   19.47   15.28      9.31   49.13   36.80   183.64  130.53   163.76  150.30 
 312    2.68   20.01     24.89   11.71   10.10     13.18   32.11   20.83     15.24   19.47   15.30      7.67   53.41   36.85   166.38  131.46   146.89  151.32 
 313    2.68   20.01     24.33   12.01   10.11     13.43   30.27   20.86     15.24   19.47   15.31      8.12   51.07   36.90   155.29  133.10   135.86  152.75 
 314    2.68   21.28     24.74   11.11   10.11     12.85   31.51   20.90     15.24   19.47   15.32      8.21   50.12   36.94   145.39  132.76   126.20  152.78 
 315    2.68   19.79     22.22   14.27   10.13     12.30   33.33   20.94     15.24   19.47   15.34      8.44   50.13   36.98   137.72  130.23   118.57  150.37 
 316    3.03   20.25     22.76   12.70   10.13     14.00   27.54   20.96     15.17   19.73   15.35      8.65   50.97   37.03   131.53  119.52   112.83  139.96 
 317    3.03   20.01     22.92   12.12   10.14     14.22   26.70   20.98     15.17   19.73   15.37      9.76   44.43   37.05   131.90  114.19   113.30  134.67 
 318    3.03   20.41     22.79   11.85   10.15     13.97   27.16   21.00     15.17   19.73   15.38      9.18   46.55   37.08   131.34  105.68   112.54  125.95 
 319    3.03   20.33     20.68   14.67   10.16     12.94   29.32   21.02     15.17   19.73   15.39      9.68   42.23   37.10   134.05   98.35   115.89  118.93 
 320    3.03   20.20     22.83   11.58   10.16     13.48   27.21   21.04     15.17   19.73   15.41     10.25   38.91   37.10   136.19   99.04   117.18  119.29 
 321    3.39   21.21     22.15   12.79   10.17     13.84   25.65   21.06     15.18   19.77   15.42     10.13   38.80   37.11   144.30   95.42   125.33  115.75 
 322    3.39   21.40     25.15    9.45   10.17     14.22   24.51   21.07     15.18   19.77   15.43     10.32   37.89   37.11   152.45   93.90   133.34  113.97 
 323    3.39   20.99     23.90   11.13   10.17     15.50   21.00   21.07     15.18   19.77   15.45     10.86   35.77   37.11   158.10   93.92   138.99  114.00 
 324    3.39   21.37     27.00    8.28   10.17     15.23   21.38   21.07     15.18   19.77   15.46     10.46   37.24   37.11   167.43   93.94   148.58  113.92 
 325    3.39   21.05     28.61    7.27   10.16     14.81   22.32   21.07     15.18   19.77   15.47     10.18   38.53   37.11   179.51   95.30   161.08  115.24 
 326    2.96   19.69     28.06    8.15   10.15     14.65   22.49   21.08     15.13   19.90   15.49      9.90   39.94   37.12   192.59   95.16   173.76  115.09 
 327    2.96   19.57     28.11    8.33   10.15     14.64   22.21   21.08     15.13   19.90   15.50     10.23   37.60   37.12   200.24   95.92   181.09  115.74 
 328    2.96   19.49     31.05    6.06   10.13     14.13   23.22   21.09     15.13   19.90   15.51     10.22   36.49   37.12   204.34   94.70   184.99  114.34 
 329    2.96   19.32     28.46    8.23   10.13     13.63   23.95   21.09     15.13   19.90   15.53      9.87   37.05   37.12   206.86   94.81   187.55  114.49 
 330    2.96   19.51     29.32    7.49   10.12     13.06   24.86   21.11     15.13   19.90   15.54      9.64   37.49   37.12   206.77   98.39   187.38  117.90 
 331    3.66   22.63     29.65    7.37   10.11     12.79   25.21   21.12     15.12   19.94   15.55      9.19   40.11   37.13   207.01  105.87   187.89  125.82 
 332    3.66   22.13     28.43    8.67   10.11     11.92   27.12   21.14     15.12   19.94   15.57      8.92   40.51   37.14   209.52  114.23   189.75  133.60 
 333    3.66   22.91     27.74    9.34   10.11     11.56   28.50   21.16     15.12   19.94   15.58      8.76   37.87   37.14   206.98  115.93   187.10  135.24 
 334    3.66   22.49     26.57   10.46   10.11     11.71   28.45   21.18     15.12   19.94   15.59      8.28   37.97   37.14   200.31  118.09   180.40  137.80 
 335    3.66   22.61     25.53   11.60   10.11     11.67   28.70   21.20     15.12   19.94   15.61      8.65   38.35   37.15   196.46  118.13   176.77  138.20 
 336    3.43   22.03     24.64   12.27   10.12     11.21   30.95   21.23     15.02   20.15   15.62      7.55   40.74   37.16   186.05  118.16   167.17  138.01 
 337    3.43   21.65     25.49   10.72   10.12     11.53   31.29   21.26     15.02   20.15   15.63      7.66   41.80   37.17   174.15  117.70   155.78  137.80 
 338    3.43   21.98     26.36    9.41   10.12     11.77   31.66   21.29     15.02   20.15   15.65      8.22   42.00   37.19   165.13  117.11   146.61  137.00 
 339    3.43   21.75     24.73   11.11   10.12     12.52   29.34   21.32     15.02   20.15   15.66      8.72   41.85   37.20   159.82  116.98   141.82  137.17 
 340    3.43   21.94     25.53   10.00   10.12     12.86   28.36   21.34     15.02   20.15   15.67      9.34   40.30   37.21   156.96  116.03   139.24  136.76 
 341    3.88   21.54     24.27   11.26   10.12     13.27   26.79   21.35     14.97   20.29   15.69      8.95   41.75   37.22   155.95  111.24   137.98  131.72 
 342    3.88   21.40     24.63   10.64   10.12     13.55   26.05   21.37     14.97   20.29   15.70      9.43   40.43   37.23   155.15  106.63   137.33  127.13 
 343    3.88   21.37     22.70   12.99   10.13     14.10   24.79   21.38     14.97   20.29   15.71      9.95   38.74   37.24   156.49  103.53   138.00  122.85 
 344    3.88   20.10     23.92   11.25   10.14     14.94   23.00   21.38     14.97   20.29   15.73     10.45   37.42   37.24   155.80  101.53   137.05  120.79 
 345    3.88   21.14     24.57   10.53   10.14     16.35   19.87   21.38     14.97   20.29   15.74     10.71   37.39   37.24   159.12   97.44   140.32  116.64 
 346    4.70   22.79     24.03   11.24   10.14     16.10   20.72   21.38     14.97   20.31   15.75     11.19   35.99   37.23   161.69   95.95   142.70  115.11 
 347    4.70   21.94     24.34   11.09   10.14     16.46   20.31   21.37     14.97   20.31   15.77     11.10   37.71   37.24   170.20   92.62   150.87  111.89 
 348    4.70   22.61     28.16    7.51   10.14     15.78   22.81   21.38     14.97   20.31   15.78     10.90   39.74   37.24   177.50   93.85   158.34  113.20 
 349    4.70   22.12     27.01    8.97   10.13     15.05   25.19   21.39     14.97   20.31   15.79     10.59   41.80   37.26   188.26   93.22   169.08  112.47 
 350    4.70   22.23     26.87    9.35   10.13     14.19   28.11   21.41     14.97   20.31   15.81     10.55   42.67   37.27   195.13   93.38   175.69  112.24 
 351    4.91   22.45     26.30   10.08   10.13     13.70   29.92   21.43     14.99   20.35   15.82     10.65   42.70   37.29   200.77   93.34   181.59  112.06 
 352    4.91   21.54     26.80    9.56   10.13     13.95   29.19   21.45     14.99   20.35   15.83     10.82   41.66   37.30   200.60   95.54   180.30  113.65 
 353    4.91   21.84     26.48   10.08   10.13     14.50   27.21   21.47     14.99   20.35   15.84     10.68   42.39   37.31   202.30  101.12   181.88  119.08 
 354    4.91   21.89     26.61   10.07   10.13     14.07   28.34   21.49     14.99   20.35   15.86     10.28   43.33   37.33   201.62  105.93   180.78  123.83 
 355    4.91   21.89     24.87   11.99   10.13     13.51   29.63   21.51     14.99   20.35   15.87     10.45   41.29   37.34   198.17  107.04   177.11  124.81 
 356    4.53   21.82     26.88    9.34   10.13     14.13   26.99   21.53     15.00   20.42   15.88     10.21   41.05   37.35   189.25  106.16   168.39  124.18 
 357    4.53   21.96     24.85   11.32   10.13     13.75   27.23   21.54     15.00   20.42   15.89     10.10   39.94   37.36   181.21  107.42   160.01  125.10 
 358    4.53   21.79     25.14   10.70   10.14     13.73   26.62   21.56     15.00   20.42   15.91     10.52   38.04   37.36   176.33  105.84   155.26  123.86 
 359    4.53   22.10     22.93   12.98   10.14     13.93   25.23   21.57     15.00   20.42   15.92      9.42   39.96   37.37   164.86  104.65   143.75  123.19 
 360    4.53   21.90     22.98   12.47   10.15     14.14   24.15   21.57     15.00   20.42   15.93      9.60   38.86   37.37   155.76  103.20   134.93  122.02 
 361    4.37   21.98     23.57   11.34   10.15     13.73   24.65   21.58     14.96   20.55   15.95      9.88   37.32   37.37   148.63  102.68   127.89  121.72 
 362    4.37   22.12     23.13   11.57   10.16     13.27   25.17   21.59     14.96   20.55   15.96      9.99   36.24   37.37   144.37  101.08   123.90  120.43 
 363    4.37   22.16     23.25   11.19   10.16     12.46   26.96   21.61     14.96   20.55   15.97      9.86   36.06   37.37   140.39  101.15   120.03  120.51 
 364    4.37   22.05     23.19   11.40   10.16     12.02   27.94   21.62     14.96   20.55   15.98      9.79   36.10   37.36   139.89  102.59   119.38  122.04 
 365    4.37   22.12     23.41   11.42   10.17     11.46   29.17   21.65     14.96   20.55   16.00      9.53   36.44   37.36   139.06  106.45   118.90  126.05 
 366    3.76   22.08     21.67   14.07   10.18     11.27   28.86   21.67     14.94   20.59   16.01      9.37   36.52   37.36   143.19  109.96   122.94  129.58 
 367    3.76   21.78     21.72   14.26   10.19     11.66   26.71   21.68     14.94   20.59   16.02      9.20   35.97   37.35   145.76  111.18   125.55  131.47 
 368    3.76   21.90     22.19   13.87   10.20     12.54   23.60   21.68     14.94   20.59   16.03      9.30   34.84   37.35   151.57  110.91   131.97  130.94 
 369    3.76   21.89     21.81   14.69   10.21     12.76   22.65   21.69     14.94   20.59   16.05      9.44   33.70   37.34   155.73  111.62   135.96  131.40 
 370    3.76   21.77     23.30   12.85   10.22     13.02   21.78   21.69     14.94   20.59   16.06      9.96   31.87   37.32   163.22  111.70   143.67  131.38 
 371    6.57   21.38     24.03   12.25   10.22     13.18   21.19   21.69     14.82   20.84   16.07     10.38   30.35   37.30   171.47  112.15   152.02  132.31 
 372    6.57   21.58     30.75    5.88   10.21     13.23   21.29   21.68     14.82   20.84   16.08     10.27   30.37   37.29   164.90  118.20   145.48  137.53 
 373    6.57   21.31     30.90    5.96   10.20     13.80   19.88   21.68     14.82   20.84   16.10      9.47   32.84   37.27   174.75  119.80   155.54  138.95 
 374    6.57   21.47     28.22    8.35   10.20     13.41   20.69   21.68     14.82   20.84   16.11      9.95   31.38   37.26   179.21  120.31   160.08  139.38 
 375    6.57   21.35     28.33    8.31   10.19     13.07   21.48   21.68     14.82   20.84   16.12     10.31   30.39   37.24   181.05  119.80   162.19  138.82 
 376    6.19   21.83     30.40    6.56   10.18     17.29   13.57   21.66     14.89   20.64   16.13     10.63   30.06   37.22   183.99  117.43   164.96  136.25 
 377    6.19   21.88     28.42    8.14   10.18     17.07   14.06   21.64     14.89   20.64   16.15     10.29   31.90   37.21   184.22  113.45   165.29  132.30 
 378    6.19   21.90     27.23    9.34   10.17     16.00   15.67   21.62     14.89   20.64   16.16     10.30   31.62   37.19   185.86  110.06   167.09  128.60 
 379    6.19   21.77     27.14    9.43   10.17     15.17   17.30   21.61     14.89   20.64   16.17     10.86   29.41   37.17   188.39  108.02   169.27  126.57 
 380    6.19   21.64     27.76    8.69   10.17     15.16   17.43   21.60     14.89   20.64   16.18     10.79   29.94   37.15   187.57  107.86   168.58  126.38 
 381    4.35   19.67     28.50    7.93   10.16     15.83   16.25   21.58     14.89   20.60   16.19     11.18   28.75   37.13   185.18  107.11   165.84  125.72 
 382    4.35   19.62     27.36    8.78   10.16     15.75   16.75   21.57     14.89   20.60   16.20     10.44   31.83   37.12   180.07  105.05   161.16  123.70 
 383    4.35   19.62     27.21    8.56   10.15     14.96   18.75   21.56     14.89   20.60   16.22      9.80   35.02   37.11   171.01  104.30   152.04  122.28 
 384    4.35   19.57     27.04    8.56   10.15     14.72   20.94   21.56     14.89   20.60   16.23     10.12   35.13   37.10   177.09   95.75   158.02  113.66 
 385    4.35   19.68     23.31   12.19   10.15     15.83   19.49   21.56     14.89   20.60   16.24      8.96   40.18   37.11   165.60   93.13   147.58  112.24 
 386    3.67   21.84     24.44   10.26   10.16     15.78   22.09   21.56     14.90   20.56   16.25      9.23   42.40   37.13   154.88   92.36   136.70  111.60 
 387    3.67   21.74     24.25   10.21   10.16     16.88   20.43   21.55     14.90   20.56   16.26     11.05   38.23   37.13   150.31   91.58   132.10  110.69 
 388    3.67   22.16     22.59   11.79   10.16     16.23   22.97   21.56     14.90   20.56   16.27     10.39   42.07   37.14   142.85   90.54   124.51  109.70 
 389    3.67   21.93     23.27   10.50   10.16     16.15   22.96   21.56     14.90   20.56   16.28     10.64   40.55   37.15   133.45   89.29   115.10  108.74 
 390    3.67   21.90     23.24   10.47   10.16     16.42   21.06   21.56     14.90   20.56   16.29     11.43   36.36   37.15   130.49   91.52   111.83  110.88 
 391    8.12   19.59     23.00   10.90   10.16     15.57   21.52   21.56     14.92   20.59   16.30     11.24   35.22   37.14   131.05   95.84   112.37  115.26 
 392    8.12   19.33     24.14    9.83   10.16     14.26   23.43   21.56     14.92   20.59   16.32     11.36   32.77   37.13   132.06  100.32   113.07  119.78 
 393    8.12   19.34     19.44   16.88   10.18     13.91   23.25   21.57     14.92   20.59   16.33     11.25   32.28   37.12   137.46  102.60   118.80  122.09 
 394    8.12   19.71     20.46   15.67   10.19     14.05   22.44   21.57     14.92   20.59   16.34     11.03   33.11   37.11   142.23  105.55   123.18  125.30 
 395    8.12   19.28     23.55   11.36   10.20     15.43   20.58   21.57     14.92   20.59   16.35     11.26   33.29   37.10   143.97  105.86   125.06  125.87 
 396    4.13   21.67     24.68   10.45   10.20     16.40   19.10   21.56     14.90   20.66   16.36     11.24   35.14   37.10   153.02  107.87   134.16  127.93 
 397    4.13   21.82     26.04    9.28   10.19     16.37   20.00   21.56     14.90   20.66   16.37     11.39   35.89   37.09   161.81  107.26   142.62  127.52 
 398    4.13   21.58     25.72    9.88   10.19     16.15   20.68   21.56     14.90   20.66   16.38     11.79   34.63   37.09   167.85  107.76   148.77  127.86 
 399    4.13   21.91     26.79    9.08   10.19     15.23   23.52   21.56     14.90   20.66   16.39     10.87   38.81   37.09   177.97  107.13   158.76  127.19 
 400    4.13   21.57     26.63    9.72   10.19     14.16   25.80   21.57     14.90   20.66   16.40     10.76   38.34   37.09   190.20  108.71   171.30  128.60 
 401    4.23   22.02     26.68    9.94   10.19     14.32   24.26   21.58     14.85   20.82   16.41     11.24   35.07   37.09   198.18  108.48   178.81  128.08 
 402    4.23   22.10     27.54    9.20   10.19     13.97   24.55   21.59     14.85   20.82   16.42     11.17   34.35   37.08   202.51  107.97   182.95  127.74 
 403    4.23   22.17     26.63   10.31   10.19     13.97   24.13   21.59     14.85   20.82   16.43     10.93   34.71   37.08   205.83  109.56   185.87  128.92 
 404    4.23   21.92     28.16    8.75   10.18     14.40   23.09   21.60     14.85   20.82   16.45     10.91   34.52   37.07   206.68  110.72   186.59  130.35 
 405    4.23   21.95     27.81    9.07   10.18     14.90   21.68   21.60     14.85   20.82   16.46     10.85   34.66   37.06   206.64  109.12   186.65  129.25 
 406    5.06   21.97     28.20    8.64   10.18     16.19   18.55   21.59     14.87   20.77   16.47     10.77   34.56   37.06   205.80  107.32   186.06  127.32 
 407    5.06   22.03     28.76    8.02   10.17     16.39   18.18   21.58     14.87   20.77   16.48     10.46   35.31   37.05   202.48  103.25   182.98  123.39 
 408    5.06   21.43     28.12    8.34   10.17     16.23   18.60   21.57     14.87   20.77   16.49     10.29   35.73   37.05   197.93  100.00   178.12  119.55 
 409    5.06   21.92     27.57    8.53   10.16     15.24   21.04   21.57     14.87   20.77   16.50      9.81   37.61   37.05   190.78   95.85   171.54  115.45 
 410    5.06   21.82     27.38    8.48   10.16     15.03   21.66   21.57     14.87   20.77   16.51     10.44   35.76   37.05   186.42   94.62   167.11  113.89 
 411    5.24   21.21     25.97    9.39   10.16     16.54   18.31   21.56     15.00   20.48   16.52      9.56   38.76   37.05   174.57   89.80   155.79  109.51 
 412    5.24   21.32     24.16   11.11   10.16     16.86   17.71   21.55     15.00   20.48   16.53     10.57   35.54   37.05   168.40   88.18   149.51  107.91 
 413    5.24   21.35     24.29   10.50   10.16     16.13   19.80   21.55     15.00   20.48   16.54     10.37   35.97   37.05   159.12   87.79   140.02  107.53 
 414    5.24   21.15     23.23   11.36   10.16     15.82   20.40   21.55     15.00   20.48   16.55     10.47   35.71   37.04   152.06   87.31   132.71  107.41 
 415    5.24   21.35     23.05   11.10   10.17     15.54   20.91   21.55     15.00   20.48   16.56     10.54   35.43   37.04   145.00   85.93   125.22  105.75 
 416    4.78   22.16     24.27    9.53   10.16     15.59   20.55   21.54     14.95   20.62   16.57     11.23   33.10   37.03   140.69   85.31   121.09  105.08 
 417    4.78   22.28     26.42    7.39   10.16     15.45   20.77   21.54     14.95   20.62   16.58     11.28   33.01   37.02   136.75   84.86   116.80  105.19 
 418    4.78   21.88     22.32   11.92   10.16     15.48   20.62   21.54     14.95   20.62   16.59     11.56   32.50   37.01   139.11   89.55   119.72  109.70 
 419    4.78   21.41     23.54   10.65   10.16     15.40   20.95   21.54     14.95   20.62   16.60     11.54   32.48   37.00   138.82   92.79   119.10  113.45 
 420    4.78   21.88     21.03   14.65   10.17     14.62   22.06   21.54     14.95   20.62   16.61     11.08   33.98   36.99   146.37   99.66   127.28  120.01 
 421    4.38   21.87     23.49   11.37   10.18     16.32   18.48   21.53     15.00   20.51   16.61     11.24   32.92   36.98   147.90  101.05   129.10  121.63 
 422    4.38   22.01     23.33   11.85   10.18     16.91   17.11   21.52     15.00   20.51   16.62     11.36   32.43   36.97   152.20  102.57   133.29  123.02 
 423    4.38   21.40     24.81   10.39   10.18     17.84   15.33   21.51     15.00   20.51   16.63     11.35   32.62   36.96   158.27  103.52   139.88  124.30 
 424    4.38   21.96     25.09   10.53   10.18     17.02   16.70   21.50     15.00   20.51   16.64     10.99   33.93   36.95   168.12  104.39   149.00  124.62 
 425    4.38   21.45     21.62   16.06   10.20     16.63   17.35   21.49     15.00   20.51   16.65     10.75   34.65   36.95   177.45  106.01   159.05  126.35 
 426    5.02   21.63     28.03    8.17   10.19     16.98   16.89   21.48     14.98   20.58   16.66     10.76   34.79   36.94   186.85  105.10   167.70  125.77 
 427    5.02   21.61     27.77    8.57   10.19     17.23   16.49   21.46     14.98   20.58   16.67     10.79   34.63   36.94   191.33  105.42   172.32  125.83 
 428    5.02   21.73     29.32    7.43   10.18     16.86   17.36   21.45     14.98   20.58   16.68     10.56   35.87   36.94   199.11  105.94   179.82  126.23 
 429    5.02   21.54     30.24    6.89   10.17     16.39   18.09   21.45     14.98   20.58   16.69     10.68   35.38   36.93   206.70  105.85   187.44  126.17 
 430    5.02   21.65     27.87    9.08   10.17     15.74   19.44   21.44     14.98   20.58   16.70     10.68   34.90   36.93   209.56  105.84   190.07  126.18 
 431    5.82   20.09     28.30    8.63   10.17     16.24   18.62   21.44     15.06   20.40   16.71     10.38   35.99   36.92   209.14  106.21   189.28  125.94 
 432    5.82   19.94     27.32    9.56   10.17     16.86   17.42   21.43     15.06   20.40   16.71     10.43   36.37   36.92   209.78  103.49   189.84  122.83 
 433    5.82   20.03     29.21    7.72   10.16     16.99   17.33   21.42     15.06   20.40   16.72     10.53   36.04   36.92   209.59  100.66   189.71  119.89 
 434    5.82   20.05     26.97    9.85   10.16     15.60   20.32   21.41     15.06   20.40   16.73     10.56   36.24   36.92   210.67   97.24   190.97  116.64 
 435    5.82   20.06     26.66   10.20   10.16     15.18   21.40   21.41     15.06   20.40   16.74     10.62   36.10   36.92   210.97   94.53   191.55  113.71 
 436    5.58   22.01     29.12    7.64   10.15     16.54   16.98   21.40     15.07   20.39   16.75     10.50   33.37   36.91   209.24   92.85   189.51  112.12 
 437    5.58   21.50     28.88    7.82   10.15     15.64   15.71   21.39     15.07   20.39   16.76     10.48   28.44   36.89   197.30   96.86   177.85  116.18 
 438    5.58   21.99     36.76    3.15   10.13     13.92   18.03   21.38     15.07   20.39   16.76     10.45   27.31   36.87   202.99   90.71   183.43  109.89 
 439    5.58   21.97     34.61    4.02   10.12     13.71   18.07   21.38     15.07   20.39   16.77     10.49   26.78   36.85   203.98   90.70   184.32  109.23 
 440    5.58   22.04     38.12    2.70   10.10     13.80   17.84   21.37     15.07   20.39   16.78     10.26   27.16   36.82   203.98   88.92   184.40  107.58 
 441    5.19   21.82     29.44    7.29   10.09     14.01   16.71   21.36     15.05   20.41   16.79     10.42   26.61   36.80   205.64   93.42   185.75  111.35 
 442    5.19   21.73     29.26    7.43   10.09     14.23   16.07   21.34     15.05   20.41   16.80     10.53   25.38   36.77   206.55   92.41   187.21  110.73 
 443    5.19   21.83     27.50    8.90   10.09     13.88   16.80   21.33     15.05   20.41   16.81      9.62   27.02   36.75   202.92   91.27   182.87  108.80 
 444    5.19   21.38     28.18    8.21   10.08     13.74   16.94   21.32     15.05   20.41   16.81     10.25   25.58   36.73   202.40   89.05   183.10  107.09 
 445    5.19   21.70     28.50    7.90   10.08     13.66   17.18   21.32     15.05   20.41   16.82     10.18   26.34   36.70   202.65   88.74   182.91  106.12 
 446    5.22   22.00     27.62    8.74   10.07     14.86   14.84   21.30     15.04   20.36   16.83     10.30   25.82   36.68   203.06   89.42   183.44  106.63 
 447    5.22   21.95     27.39    8.95   10.07     14.94   14.68   21.29     15.04   20.36   16.84     10.23   25.83   36.66   202.63   89.70   183.08  107.10 
 448    5.22   21.31     26.33   10.12   10.07     14.78   14.88   21.27     15.04   20.36   16.85     10.46   25.12   36.63   202.57   90.63   182.90  107.53 
 449    5.22   22.26     27.32    8.95   10.07     15.16   14.45   21.26     15.04   20.36   16.85     10.38   25.23   36.60   200.44   90.06   180.45  106.90 
 450    5.22   22.17     27.90    8.39   10.07     14.56   16.44   21.25     15.04   20.36   16.86     10.85   25.70   36.58   201.81   88.03   182.48  104.91 
 451    5.43   21.76     25.00   11.65   10.07     15.44   16.17   21.23     15.03   20.33   16.87     10.78   27.29   36.56   189.94   89.17   170.54  106.50 
 452    5.43   21.75     26.61    9.69   10.07     16.25   16.12   21.22     15.03   20.33   16.88     11.31   29.10   36.54   191.66   88.51   172.09  106.09 
 453    5.43   21.54     26.19   10.20   10.07     13.02   25.85   21.23     15.03   20.33   16.88     10.23   35.29   36.54   206.50   84.16   186.89  101.33 
 454    5.43   21.83     25.56   10.94   10.07     13.11   26.66   21.25     15.03   20.33   16.89     10.82   34.85   36.54   207.00   83.98   187.23  101.16 
 455    5.43   21.79     25.68   10.78   10.07     13.20   27.46   21.26     15.03   20.33   16.90     10.60   36.34   36.54   207.26   81.13   187.18   98.21 
 456    5.21   22.17     24.65   12.15   10.08     13.11   27.42   21.27     15.02   20.36   16.91     10.83   36.07   36.53   208.75   82.32   188.75   98.76 
 457    5.21   21.88     24.84   11.86   10.08     13.24   27.51   21.29     15.02   20.36   16.91     10.72   36.40   36.53   208.51   81.17   188.18   98.09 
 458    5.21   21.94     26.26   10.08   10.08     15.69   16.44   21.28     15.02   20.36   16.92     10.36   31.07   36.52   191.82   89.39   171.43  106.03 
 459    5.21   22.09     28.38    7.93   10.08     14.74   16.32   21.26     15.02   20.36   16.93     10.83   26.69   36.50   201.67   87.15   181.47  103.70 
 460    5.21   22.09     27.06    9.19   10.07     15.81   13.72   21.25     15.02   20.36   16.94     10.88   24.82   36.48   201.67   87.62   181.53  104.05 
 461    5.38   22.20     27.08    9.22   10.07     16.32   12.70   21.23     14.95   20.50   16.94     10.69   25.08   36.45   201.97   88.08   182.06  104.86 
 462    5.38   22.07     27.20    9.10   10.07     16.47   12.45   21.21     14.95   20.50   16.95     10.84   24.26   36.42   201.57   87.58   181.89  104.59 
 463    5.38   22.03     26.76    9.58   10.07     16.16   12.72   21.19     14.95   20.50   16.96     10.69   24.65   36.40   202.10   88.68   182.43  105.06 
 464    5.38   21.44     27.45    8.83   10.07     16.23   12.74   21.17     14.95   20.50   16.97     10.51   24.95   36.37   201.65   87.41   181.88  104.34 
 465    5.38   22.23     26.43    9.88   10.07     16.32   12.53   21.16     14.95   20.50   16.98     10.63   24.59   36.35   201.76   87.61   181.97  104.65 
 466    5.69   21.49     26.60    9.73   10.06     17.12   11.36   21.13     14.98   20.37   16.98     10.57   24.58   36.32   201.98   88.59   182.17  104.97 
 467    5.69   21.91     26.76    9.57   10.06     17.06   11.37   21.11     14.98   20.37   16.99     10.39   25.18   36.30   202.27   88.25   182.79  104.86 
 468    5.69   21.34     26.37    9.97   10.06     17.05   11.37   21.09     14.98   20.37   17.00     10.45   24.86   36.28   202.28   88.19   182.80  104.80 
 469    5.69   21.90     28.08    8.20   10.06     17.16   11.60   21.07     14.98   20.37   17.00     10.72   24.49   36.25   200.42   87.40   180.91  104.31 
 470    5.69   21.56     26.18   10.16   10.06     14.88   16.30   21.06     14.98   20.37   17.01     11.29   25.42   36.23   201.44   88.40   182.09  104.75 
 471    6.11   22.20     25.96   10.45   10.06     16.75   15.01   21.05     15.02   20.23   17.02     11.18   28.91   36.21   189.99   88.19   170.73  105.64 
 472    6.11   21.95     26.89    9.40   10.06     13.08   25.58   21.06     15.02   20.23   17.02     10.26   34.81   36.21   205.75   83.08   186.30  100.20 
 473    6.11   22.16     24.85   11.86   10.06     13.15   26.76   21.07     15.02   20.23   17.03     10.97   34.32   36.20   208.53   80.97   188.57   97.91 
 474    6.11   21.91     25.19   11.44   10.07     13.14   26.68   21.08     15.02   20.23   17.04     10.83   35.05   36.20   208.61   83.66   188.68  100.28 
 475    6.11   22.01     25.04   11.59   10.07     13.53   26.54   21.09     15.02   20.23   17.05     10.90   35.40   36.20   207.92   81.20   187.91   97.92 
 476    5.66   22.02     25.16   11.46   10.07     13.59   26.51   21.11     15.02   20.23   17.05     11.10   35.40   36.20   208.29   81.98   188.11   97.92 
