   6    1.96   19.15     48.66    0.70    0.95     23.67    6.12    6.81     37.22    1.28   32.46      7.71   38.28   38.62   178.29   77.13   156.76   98.87 
   7    1.96   18.72     42.70    1.39    1.01     21.35    7.95    6.97     37.22    1.28   28.01      7.75   37.97   38.53   178.91   77.85   157.64   99.68 
   8    1.96   19.06     43.35    1.29    1.05     24.21    5.77    6.82     37.22    1.28   24.66      7.74   38.00   38.46   178.58   76.62   157.15   98.35 
   9    1.96   19.06     48.22    0.74    1.01     25.36    5.02    6.62     37.22    1.28   22.07      7.80   37.74   38.38   178.29   77.01   157.17   98.96 
  10    1.96   19.03     45.64    0.99    1.01     23.32    6.37    6.60     37.22    1.28   19.99      7.64   38.48   38.39   178.90   77.32   157.66   99.17 
  11    3.13   20.01     45.72    0.98    1.01     27.99    3.74    6.34     39.70    0.96   18.26      7.89   37.37   38.30   178.63   76.51   157.29   98.35 
  12    3.13   19.52     41.58    1.60    1.06     23.35    6.35    6.34     39.70    0.96   16.82      7.70   38.54   38.32   178.79   77.81   157.42   99.70 
  13    3.13   19.74     41.94    1.54    1.10     23.66    6.11    6.32     39.70    0.96   15.60      7.97   37.41   38.25   179.89   78.95   158.59  100.60 
  14    3.13   19.78     43.96    1.23    1.11     21.81    7.53    6.41     39.70    0.96   14.55      7.77   38.11   38.24   182.26   78.97   161.34  101.25 
  15    3.13   19.69     42.15    1.53    1.13     20.04    9.31    6.60     39.70    0.96   13.65      7.90   37.32   38.18   182.73   77.98   161.81  100.16 
  16    3.33   19.67     47.14    0.86    1.12     24.28    5.65    6.54     30.90    2.66   12.96      7.86   37.49   38.14   182.31   79.34   161.08  101.16 
  17    3.33   19.57     39.99    1.93    1.16     15.87   15.09    7.04     30.90    2.66   12.35      7.99   37.25   38.08   181.67   78.90   160.25  100.39 
  18    3.33   19.51     27.11    8.15    1.55     11.19   25.95    8.10     30.90    2.66   11.82      7.57   39.53   38.16   180.22   80.29   158.55  101.73 
  19    3.33   19.57     22.50   13.47    2.18      8.98   32.84    9.40     30.90    2.66   11.33      7.06   41.99   38.37   178.93   81.87   157.72  102.79 
  20    3.33   19.63     34.31    3.30    2.24      9.65   33.37   10.60     30.90    2.66   10.90      6.34   45.00   38.70   159.92   78.40   138.97   99.24 
  21    3.69   19.78     31.72    4.36    2.34     19.40   11.02   10.62     27.38    4.01   10.57      9.62   32.80   38.42   156.01   78.14   135.27   99.09 
  22    3.69   19.61     30.60    4.82    2.45     16.75   14.91   10.81     27.38    4.01   10.27      9.21   34.45   38.24   150.14   79.34   128.48   99.85 
  23    3.69   19.53     30.16    4.86    2.55     12.94   22.39   11.31     27.38    4.01   10.00      9.24   34.30   38.07   142.39   80.38   120.90  100.14 
  24    3.69   19.51     32.09    3.80    2.61     11.62   25.77   11.92     27.38    4.01    9.75      9.03   35.42   37.96   135.46   82.36   114.12  102.59 
  25    3.69   19.60     31.51    4.00    2.66     11.77   25.83   12.47     27.38    4.01    9.52      9.13   35.48   37.86   129.62   85.02   108.52  105.35 
  26    4.47   19.64     32.41    3.63    2.70     19.73   10.41   12.39     24.44    5.70    9.37     10.79   29.90   37.55   125.56   90.36   104.75  110.86 
  27    4.47   19.64     29.36    5.14    2.79     19.68   10.46   12.32     24.44    5.70    9.24     11.01   29.16   37.24   124.14   93.85   103.25  113.94 
  28    4.47   19.74     31.68    4.08    2.84     17.52   13.46   12.36     24.44    5.70    9.11     10.76   30.42   37.00   124.49   99.97   103.28  119.92 
  29    4.47   19.65     30.68    4.68    2.90     15.82   16.61   12.51     24.44    5.70    8.99     10.53   31.23   36.80   124.61  103.99   103.40  123.99 
  30    4.47   19.72     34.89    2.98    2.90     14.25   19.98   12.76     24.44    5.70    8.88     10.05   32.93   36.67   124.80  109.99   103.78  130.05 
  31    6.03   19.75     35.18    2.95    2.90     20.56    9.79   12.66     22.69    7.06    8.83     10.21   32.54   36.54   126.86  113.18   106.24  133.27 
  32    6.03   19.80     32.45    4.10    2.94     18.14   13.19   12.68     22.69    7.06    8.77      9.90   34.30   36.47   131.55  113.52   110.65  133.58 
  33    6.03   19.74     31.27    4.75    3.00     17.88   13.70   12.71     22.69    7.06    8.72     10.06   33.97   36.39   133.80  113.30   113.09  133.25 
  34    6.03   19.80     34.17    3.51    3.01     16.23   17.06   12.84     22.69    7.06    8.67      9.78   35.85   36.37   139.86  114.25   118.65  133.61 
  35    6.03   19.90     32.86    4.20    3.05     15.45   19.38   13.03     22.69    7.06    8.62      9.36   38.53   36.44   148.35  114.46   127.29  133.84 
  36    6.00   19.79     35.62    3.16    3.05     19.82   12.09   13.00     23.29    6.72    8.57      9.89   37.71   36.47   156.13  113.79   135.16  133.11 
  37    6.00   19.65     37.54    2.65    3.04     17.32   16.63   13.10     23.29    6.72    8.52      9.63   39.89   36.56   166.01  114.36   144.99  133.26 
  38    6.00   20.05     40.14    2.02    3.01     15.92   19.97   13.28     23.29    6.72    8.47      9.89   39.52   36.64   174.23  115.05   153.19  134.24 
  39    6.00   19.96     37.14    2.89    3.01     15.29   21.66   13.49     23.29    6.72    8.43     10.28   38.24   36.68   177.68  115.86   156.53  134.64 
  40    6.00   19.64     39.03    2.41    2.99     14.91   22.62   13.72     23.29    6.72    8.39      9.69   40.40   36.78   184.83  119.09   163.70  138.20 
  41    6.43   19.88     36.78    3.22    3.00     19.40   13.34   13.71     22.15    7.93    8.37     10.19   37.80   36.80   191.17  121.87   169.84  141.08 
  42    6.43   20.05     42.64    1.70    2.97     18.68   14.25   13.73     22.15    7.93    8.36     10.41   36.37   36.79   196.10  124.54   175.06  143.70 
  43    6.43   20.02     43.36    1.59    2.94     17.02   16.87   13.80     22.15    7.93    8.35     10.26   36.31   36.78   201.74  125.89   180.62  144.98 
  44    6.43   20.10     39.29    2.53    2.93     15.29   20.08   13.94     22.15    7.93    8.34     10.06   36.58   36.77   201.37  123.34   180.41  142.78 
  45    6.43   20.16     39.43    2.49    2.92     15.21   20.06   14.08     22.15    7.93    8.34     10.45   34.41   36.72   202.01  124.22   181.16  143.32 
  46    7.70   18.91     39.54    2.46    2.91     18.27   13.76   14.07     21.42    8.82    8.35     10.46   33.51   36.65   202.52  124.96   181.61  143.97 
  47    7.70   18.66     40.75    2.15    2.89     16.71   16.11   14.11     21.42    8.82    8.36     10.34   33.36   36.58   202.69  125.32   181.69  144.44 
  48    7.70   18.67     43.69    1.53    2.86     15.65   17.93   14.19     21.42    8.82    8.37     10.20   33.39   36.52   202.27  125.19   181.22  144.36 
  49    7.70   18.69     36.94    3.32    2.87     14.38   20.56   14.32     21.42    8.82    8.37     10.35   32.60   36.44   203.33  123.79   182.20  143.15 
  50    7.70   18.74     37.25    3.18    2.88     14.45   20.22   14.44     21.42    8.82    8.38     10.24   32.88   36.36   203.86  121.88   183.20  141.67 
  51    7.65   20.68     40.74    2.12    2.86     20.14   10.53   14.36     21.51    8.77    8.39     10.17   33.12   36.30   203.53  117.92   182.39  137.26 
  52    7.65   20.16     36.95    3.25    2.87     18.14   13.16   14.34     21.51    8.77    8.40     10.23   32.71   36.23   204.54  115.10   183.52  134.33 
  53    7.65   20.39     41.67    1.89    2.85     17.53   14.12   14.34     21.51    8.77    8.41     10.32   32.48   36.16   204.99  113.42   183.92  132.58 
  54    7.65   20.40     38.23    2.81    2.85     16.51   15.92   14.37     21.51    8.77    8.41     10.45   32.27   36.09   207.32  113.02   186.24  132.20 
  55    7.65   20.48     39.13    2.52    2.85     16.16   16.79   14.41     21.51    8.77    8.42     10.26   32.86   36.03   207.10  109.79   185.97  129.18 
  56    9.18   20.92     39.29    2.46    2.84     20.48   10.25   14.34     21.42    8.88    8.43     10.43   32.32   35.96   205.69  109.16   184.56  128.58 
  57    9.18   20.70     33.09    4.91    2.87     18.72   12.70   14.31     21.42    8.88    8.43     10.02   33.71   35.92   202.81  107.95   181.61  127.29 
  58    9.18   20.55     31.45    5.71    2.92     17.10   15.58   14.33     21.42    8.88    8.44      9.33   35.97   35.93   195.74  105.14   174.38  124.80 
  59    9.18   20.54     39.19    2.26    2.91     16.27   17.62   14.39     21.42    8.88    8.45      8.65   38.85   35.97   185.20  101.37   163.80  120.70 
  60    9.18   20.63     40.30    1.90    2.90     14.97   20.75   14.49     21.42    8.88    8.46      9.00   38.58   36.02   174.95  100.17   153.54  119.67 
  61   10.47   21.23     36.76    2.73    2.89     16.78   17.17   14.54     20.61    9.81    8.48      9.38   37.58   36.04   164.84  100.18   143.62  119.54 
  62   10.47   21.44     35.59    3.04    2.89     17.35   16.25   14.56     20.61    9.81    8.50     10.34   35.26   36.03   159.63   98.93   138.69  118.56 
  63   10.47   21.10     33.01    3.89    2.91     16.66   17.81   14.61     20.61    9.81    8.52      9.31   38.61   36.07   149.69   98.41   128.31  117.89 
  64   10.47   21.27     34.28    3.25    2.92     15.42   20.60   14.71     20.61    9.81    8.54      9.86   37.79   36.10   141.67   99.17   120.32  118.47 
  65   10.47   21.12     30.96    4.67    2.94     14.15   24.08   14.85     20.61    9.81    8.56     10.17   37.74   36.12   138.26   99.30   116.84  118.33 
  66   10.49   20.42     31.80    4.25    2.96     16.94   17.60   14.89     20.10   10.53    8.59     10.42   37.56   36.15   137.49  101.31   115.97  120.34 
  67   10.49   20.07     33.47    3.55    2.97     16.50   18.73   14.95     20.10   10.53    8.62     10.47   37.67   36.17   137.91  101.15   116.42  120.53 
  68   10.49   20.33     30.90    4.76    3.00     16.71   18.29   15.00     20.10   10.53    8.65     10.53   37.38   36.19   138.72  101.77   117.36  121.41 
  69   10.49   19.69     30.97    4.82    3.02     17.02   17.63   15.04     20.10   10.53    8.68     10.65   36.68   36.19   142.31  102.80   120.91  122.39 
  70   10.49   19.71     34.06    3.46    3.03     16.31   19.02   15.10     20.10   10.53    8.70     10.65   36.48   36.20   146.43  102.38   124.88  122.15 
  71    9.28   20.13     31.20    4.93    3.06     16.90   17.67   15.13     19.85   10.98    8.73     10.58   36.37   36.20   154.11  102.55   132.68  122.41 
  72    9.28   20.19     36.45    2.76    3.05     17.08   17.13   15.16     19.85   10.98    8.77     10.58   36.06   36.20   158.41  102.00   137.10  121.20 
  73    9.28   20.20     36.49    2.84    3.05     17.40   16.44   15.18     19.85   10.98    8.80     10.66   35.68   36.19   165.37  102.76   143.72  121.69 
  74    9.28   20.14     34.26    3.72    3.06     18.13   15.10   15.18     19.85   10.98    8.83     10.96   34.51   36.17   168.41  102.70   146.75  121.72 
  75    9.28   20.22     34.86    3.55    3.07     17.99   15.34   15.18     19.85   10.98    8.85     10.77   35.22   36.16   174.04  101.55   152.39  120.36 
  76   11.41   20.14     37.23    2.77    3.06     18.01   15.44   15.18     20.51   10.27    8.87     10.76   35.42   36.15   178.99  101.64   157.16  120.52 
  77   11.41   20.23     32.12    5.07    3.09     16.78   17.93   15.22     20.51   10.27    8.89     10.54   36.33   36.15   186.02  101.98   164.45  120.52 
  78   11.41   20.20     34.80    3.80    3.10     16.82   17.73   15.25     20.51   10.27    8.91     10.61   35.91   36.15   189.06  102.04   167.33  120.54 
  79   11.41   19.80     35.41    3.56    3.10     16.76   17.82   15.28     20.51   10.27    8.93     10.71   35.48   36.14   189.55  102.33   168.00  120.53 
  80   11.41   20.28     36.01    3.32    3.11     17.53   16.44   15.30     20.51   10.27    8.94     10.92   34.96   36.12   190.21  103.33   168.51  121.69 
  81   10.79   20.54     36.61    3.17    3.11     21.29   10.65   15.24     19.99   11.00    8.97     11.33   33.27   36.09   190.36  107.06   168.59  125.39 
  82   10.79   20.02     38.06    2.69    3.10     19.33   12.65   15.21     19.99   11.00    8.99     11.44   31.00   36.03   190.73  111.31   169.47  130.00 
  83   10.79   20.60     40.19    2.16    3.09     17.33   15.45   15.21     19.99   11.00    9.02     10.70   32.72   35.99   192.89  116.45   171.17  135.14 
  84   10.79   20.66     40.69    2.06    3.08     16.32   17.08   15.23     19.99   11.00    9.04     10.61   32.42   35.94   192.52  120.53   170.94  139.20 
  85   10.79   21.27     36.91    3.17    3.08     16.30   16.97   15.25     19.99   11.00    9.06     10.30   33.48   35.91   192.10  120.86   170.80  140.08 
  86   11.48   20.68     38.32    2.66    3.07     17.70   14.15   15.24     19.91   11.14    9.09      9.68   34.73   35.90   187.22  122.14   165.66  141.05 
  87   11.48   20.56     37.77    2.78    3.07     16.28   16.45   15.25     19.91   11.14    9.11      9.08   36.44   35.91   180.31  122.93   159.13  142.22 
  88   11.48   20.31     37.59    2.76    3.07     16.20   16.22   15.26     19.91   11.14    9.13      9.13   35.67   35.90   172.91  123.85   151.04  142.44 
  89   11.48   20.31     34.57    3.80    3.07     15.28   17.67   15.29     19.91   11.14    9.16      8.66   36.60   35.91   164.86  124.78   143.09  143.44 
  90   11.48   20.15     37.21    2.74    3.07     16.13   15.99   15.30     19.91   11.14    9.18      9.43   34.04   35.89   158.74  124.20   136.93  143.30 
  91   16.32   21.04     35.30    3.36    3.07     19.89   10.40   15.25     19.97   11.03    9.20     10.37   31.19   35.84   157.08  121.71   135.41  140.74 
  92   16.32   20.44     33.13    4.10    3.09     18.11   12.89   15.22     19.97   11.03    9.22      9.40   35.68   35.84   155.00  111.97   133.16  131.13 
  93   16.32   21.20     35.46    3.04    3.08     17.35   14.43   15.21     19.97   11.03    9.24      9.83   34.48   35.82   153.66  102.80   132.16  122.17 
  94   16.32   20.29     35.41    3.05    3.08     16.67   16.02   15.22     19.97   11.03    9.26     10.75   31.73   35.78   154.73  100.29   133.28  119.45 
  95   16.32   20.99     34.90    3.23    3.09     16.69   16.60   15.23     19.97   11.03    9.28     11.15   31.36   35.73   156.53   98.73   135.26  118.33 
  96    9.63   20.18     38.09    2.29    3.08     16.60   17.11   15.25     19.82   11.21    9.30     11.22   31.99   35.69   159.48   99.56   138.53  119.53 
  97    9.63   20.66     33.50    3.91    3.09     16.62   17.24   15.27     19.82   11.21    9.32     11.48   31.38   35.65   163.38   99.66   142.13  119.27 
  98    9.63   20.39     36.14    2.96    3.09     16.58   17.70   15.30     19.82   11.21    9.34     11.42   32.37   35.62   168.92   99.58   147.60  119.01 
  99    9.63   19.72     39.04    2.19    3.08     17.53   16.25   15.31     19.82   11.21    9.35     11.14   34.11   35.60   175.04   98.39   153.74  117.82 
 100    9.63   20.09     36.46    3.05    3.08     17.15   17.41   15.33     19.82   11.21    9.37     10.94   35.45   35.60   183.21   99.12   161.76  117.99 
 101   14.33   18.72     36.70    3.06    3.08     17.36   17.22   15.35     19.57   11.59    9.40     10.82   36.29   35.61   189.37   97.43   168.09  116.58 
 102   14.33   18.97     45.96    1.07    3.06     17.35   17.39   15.37     19.57   11.59    9.42     10.71   37.09   35.62   194.48   95.96   173.08  115.14 
 103   14.33   18.98     40.10    2.10    3.05     16.90   18.44   15.40     19.57   11.59    9.44     10.94   36.56   35.63   195.63   95.17   174.00  114.29 
 104   14.33   18.98     36.14    3.36    3.05     17.36   17.46   15.42     19.57   11.59    9.46     11.27   35.45   35.63   195.55   97.27   174.25  116.78 
 105   14.33   18.80     41.25    1.91    3.04     17.93   16.31   15.43     19.57   11.59    9.48     10.51   38.46   35.65   199.83  104.88   177.82  123.69 
 106   13.77   20.41     39.05    2.44    3.03     21.02   11.37   15.39     19.66   11.57    9.50     11.08   35.51   35.65   197.94  105.29   176.05  124.30 
 107   13.77   19.94     41.31    1.84    3.02     18.44   15.17   15.39     19.66   11.57    9.52     10.65   36.89   35.66   191.19  104.38   169.43  123.46 
 108   13.77   20.15     35.92    3.38    3.03     19.68   13.16   15.37     19.66   11.57    9.54     11.23   34.61   35.66   189.60  104.58   167.64  123.41 
 109   13.77   20.45     40.49    1.90    3.02     19.67   13.19   15.35     19.66   11.57    9.56     10.19   38.36   35.68   178.13  103.56   156.16  122.41 
 110   13.77   20.90     33.11    4.28    3.03     17.95   15.99   15.35     19.66   11.57    9.57     10.12   38.76   35.71   171.02  103.65   149.08  122.64 
 111   11.76   20.38     36.19    2.94    3.03     21.88   10.06   15.30     19.62   11.71    9.59     10.56   36.55   35.72   163.35  106.31   141.67  125.73 
 112   11.76   20.80     35.44    3.21    3.03     20.38   11.80   15.27     19.62   11.71    9.61     10.76   35.44   35.71   158.08  109.41   136.62  129.28 
 113   11.76   20.22     36.63    2.83    3.03     18.37   14.74   15.27     19.62   11.71    9.63     10.58   35.97   35.72   156.10  114.06   134.54  133.73 
 114   11.76   20.52     35.14    3.38    3.03     19.29   13.24   15.25     19.62   11.71    9.65     10.52   36.10   35.72   157.27  116.18   135.74  135.69 
 115   11.76   20.37     36.76    2.85    3.03     19.03   13.39   15.23     19.62   11.71    9.67     10.41   35.84   35.72   158.96  118.66   137.63  137.96 
 116   19.35   20.33     37.62    2.63    3.02     20.26   11.44   15.20     19.69   11.66    9.68     10.20   36.23   35.72   163.15  120.19   141.97  139.97 
 117   19.35   20.40     37.26    2.82    3.02     18.79   13.17   15.18     19.69   11.66    9.70     10.19   35.25   35.72   169.94  120.73   148.61  140.09 
 118   19.35   20.40     35.69    3.52    3.03     16.05   17.76   15.21     19.69   11.66    9.72     10.01   34.98   35.71   177.79  122.65   156.37  142.04 
 119   19.35   19.17     37.51    2.94    3.03     16.52   16.26   15.22     19.69   11.66    9.73      9.86   34.45   35.70   183.85  125.20   162.28  144.41 
 120   19.35   19.12     39.72    2.29    3.02     16.51   16.07   15.22     19.69   11.66    9.75     10.06   33.26   35.68   187.41  125.94   165.88  144.90 
 121   17.17   19.25     39.19    2.45    3.01     17.79   13.73   15.21     19.52   11.89    9.77     10.17   32.73   35.66   190.72  123.78   169.00  142.69 
 122   17.17   19.16     41.66    1.83    3.01     17.38   14.46   15.20     19.52   11.89    9.78     10.00   33.75   35.64   192.15  118.11   170.28  136.84 
 123   17.17   19.17     37.73    2.82    3.00     16.70   15.70   15.21     19.52   11.89    9.80     10.02   33.69   35.63   192.72  112.78   170.77  131.60 
 124   17.17   19.23     38.43    2.58    3.00     15.80   17.55   15.23     19.52   11.89    9.82     10.37   32.41   35.60   193.10  108.73   171.12  127.41 
 125   17.17   19.29     38.69    2.47    3.00     15.10   19.38   15.26     19.52   11.89    9.83     10.29   33.27   35.58   193.54  102.05   171.65  120.89 
 126   14.93   19.26     38.87    2.41    2.99     15.91   17.83   15.28     19.46   11.95    9.85     10.90   31.52   35.55   193.79  100.10   171.63  118.43 
 127   14.93   19.21     36.22    3.25    2.99     15.38   19.62   15.31     19.46   11.95    9.87     10.59   33.56   35.53   194.97   95.76   172.70  114.49 
 128   14.93   19.30     39.91    2.14    2.99     14.62   21.78   15.36     19.46   11.95    9.88     10.62   34.22   35.52   196.64   94.05   174.37  112.38 
 129   14.93   19.35     38.16    2.62    2.98     14.71   22.06   15.42     19.46   11.95    9.90     10.81   34.30   35.51   198.04   93.07   175.89  111.56 
 130   14.93   19.39     34.42    3.98    2.99     14.96   21.84   15.47     19.46   11.95    9.92     10.72   35.14   35.51   196.92   91.26   175.30  110.14 
 131   17.21   20.18     35.29    3.56    3.00     16.72   18.00   15.49     19.41   12.03    9.93     10.70   35.73   35.51   194.33   91.44   172.32  109.65 
 132   17.21   20.01     35.05    3.63    3.00     15.78   20.03   15.52     19.41   12.03    9.95     11.07   34.26   35.50   191.89   91.41   170.11  109.77 
 133   17.21   20.02     37.23    2.73    3.00     15.17   21.27   15.56     19.41   12.03    9.96     10.14   37.56   35.52   182.41   89.84   161.05  108.46 
 134   17.21   20.17     36.29    2.93    3.00     16.71   17.30   15.58     19.41   12.03    9.98     10.49   35.42   35.52   175.78   89.69   153.74  108.40 
 135   17.21   20.18     32.96    4.05    3.01     16.74   17.16   15.59     19.41   12.03    9.99     10.66   34.16   35.51   164.76   88.47   143.06  107.22 
 136   18.78   20.67     30.92    4.82    3.02     16.74   16.91   15.60     19.22   12.34   10.01     10.34   34.30   35.50   154.60   86.51   133.00  105.65 
 137   18.78   20.80     32.69    3.79    3.02     16.00   18.08   15.62     19.22   12.34   10.03     11.04   31.71   35.47   147.72   83.62   126.16  102.89 
 138   18.78   21.11     34.47    3.00    3.02     15.99   17.11   15.63     19.22   12.34   10.05     10.89   31.14   35.44   139.94   84.46   118.30  104.14 
 139   18.78   21.13     29.31    5.44    3.04     17.37   14.19   15.62     19.22   12.34   10.06     11.55   28.63   35.39   134.73   90.28   113.25  110.17 
 140   18.78   20.66     32.83    3.72    3.05     17.14   14.49   15.61     19.22   12.34   10.08     11.00   30.08   35.35   135.84   97.41   114.14  116.38 
 141   16.40   20.32     33.63    3.46    3.05     18.18   12.88   15.59     19.19   12.37   10.09     11.25   28.94   35.31   136.43  101.53   115.20  120.51 
 142   16.40   20.19     31.17    4.65    3.06     17.42   14.27   15.58     19.19   12.37   10.11     10.99   29.84   35.27   139.63  102.39   118.40  121.44 
 143   16.40   20.08     31.12    4.75    3.07     17.88   13.62   15.57     19.19   12.37   10.13     11.28   29.02   35.23   142.76  103.57   121.36  122.41 
 144   16.40   20.07     33.90    3.55    3.08     17.92   13.86   15.55     19.19   12.37   10.14     10.89   30.70   35.19   148.96  102.94   127.74  121.96 
 145   16.40   20.14     37.44    2.48    3.07     17.29   15.21   15.55     19.19   12.37   10.16     10.66   32.26   35.17   157.74  104.22   136.12  122.86 
 146   19.43   19.63     42.42    1.45    3.06     17.53   14.99   15.55     18.96   12.69   10.17     10.65   33.07   35.16   165.28  105.24   143.97  124.06 
 147   19.43   19.65     36.79    2.88    3.06     17.52   15.36   15.55     18.96   12.69   10.19     10.68   33.40   35.15   174.94  105.16   153.96  124.28 
 148   19.43   19.74     38.41    2.45    3.06     16.97   16.50   15.55     18.96   12.69   10.21     10.97   32.67   35.13   181.17  105.56   159.65  124.38 
 149   19.43   19.66     37.05    2.91    3.05     16.46   17.53   15.57     18.96   12.69   10.23     11.21   31.90   35.11   184.81  105.92   163.19  124.66 
 150   19.43   19.63     37.64    2.73    3.05     16.69   17.00   15.58     18.96   12.69   10.24     11.06   32.28   35.09   187.47  104.96   165.55  123.26 
 151   16.33   20.93     38.37    2.50    3.05     17.49   15.43   15.57     18.93   12.74   10.26     11.02   32.36   35.07   186.77  102.43   165.04  120.90 
 152   16.33   20.52     37.85    2.65    3.05     17.64   15.25   15.57     18.93   12.74   10.27     11.26   31.50   35.05   188.75   98.97   167.10  117.74 
 153   16.33   20.79     37.64    2.74    3.04     16.91   16.79   15.58     18.93   12.74   10.29     10.96   32.79   35.03   192.37   96.85   170.77  115.15 
 154   16.33   20.69     38.89    2.37    3.04     16.94   16.86   15.59     18.93   12.74   10.31     11.15   32.53   35.02   191.91   96.62   170.33  115.23 
 155   16.33   21.00     38.13    2.58    3.04     16.35   18.04   15.60     18.93   12.74   10.32     10.99   33.22   35.01   191.41   96.78   169.55  115.07 
 156   21.38   20.41     38.00    2.60    3.03     18.04   14.88   15.60     19.01   12.63   10.34     10.80   33.91   35.00   189.28   96.19   167.14  114.58 
 157   21.38   20.63     34.54    3.75    3.04     13.26   21.83   15.64     19.01   12.63   10.35      9.26   33.76   34.99   184.53   93.92   162.32  112.61 
 158   21.38   20.16     28.03    7.75    3.07     12.74   20.60   15.67     19.01   12.63   10.37      9.15   31.10   34.97   182.57   92.93   161.37  112.19 
 159   21.38   20.73     23.01   13.22    3.13     12.19   19.57   15.70     19.01   12.63   10.38      7.50   34.12   34.96   179.26   95.27   158.14  114.51 
 160   21.38   20.82     35.20    3.12    3.13     11.50   22.59   15.74     19.01   12.63   10.39      6.36   36.63   34.97   157.98   93.60   135.64  112.21 
 161   24.05   19.94     35.59    2.92    3.13     13.43   17.85   15.75     18.94   12.68   10.41      9.59   27.93   34.93   155.47   93.13   133.20  111.85 
 162   24.05   20.39     28.31    6.39    3.15     13.74   17.11   15.76     18.94   12.68   10.42      9.11   28.28   34.89   149.93   92.09   126.97  110.55 
 163   24.05   20.30     27.46    6.81    3.17     12.99   18.12   15.77     18.94   12.68   10.44      9.20   27.54   34.84   142.99   91.20   119.64  109.53 
 164   24.05   20.34     25.56    8.44    3.21     11.37   21.19   15.81     18.94   12.68   10.45      9.42   27.11   34.79   139.05   97.27   115.21  115.28 
 165   24.05   19.99     26.01    8.12    3.24     10.37   23.44   15.85     18.94   12.68   10.46      8.87   28.75   34.76   133.44  107.01   110.35  125.66 
 166   20.18   21.81     25.87    8.37    3.27     12.43   18.37   15.87     18.64   13.03   10.48      9.43   26.46   34.71   133.21  110.71   110.21  129.51 
 167   20.18   21.84     31.16    4.77    3.28     11.69   20.02   15.89     18.64   13.03   10.49      8.92   27.72   34.67   133.04  117.23   110.21  135.86 
 168   20.18   21.59     28.89    6.42    3.29     11.72   19.99   15.92     18.64   13.03   10.51      8.50   29.12   34.63   137.35  122.02   114.30  140.39 
 169   20.18   21.60     29.92    5.85    3.31     12.23   19.16   15.94     18.64   13.03   10.52      8.38   29.92   34.61   141.36  125.39   118.64  143.73 
 170   20.18   21.53     34.40    3.62    3.31     13.05   17.70   15.95     18.64   13.03   10.54      8.18   31.33   34.59   146.78  126.13   124.60  144.55 
 171   22.90   20.84     30.15    6.06    3.33     17.60   10.41   15.92     18.53   13.10   10.55      8.85   29.42   34.56   157.36  126.11   135.65  144.11 
 172   22.90   20.39     36.97    2.83    3.32     16.84   11.49   15.89     18.53   13.10   10.57     10.33   24.61   34.50   160.33  125.80   138.30  144.44 
 173   22.90   20.88     35.15    3.61    3.33     17.36   10.80   15.86     18.53   13.10   10.58      9.39   28.14   34.46   170.42  125.27   148.53  144.20 
 174   22.90   20.53     36.06    3.37    3.33     16.58   12.20   15.84     18.53   13.10   10.60      9.65   27.48   34.42   178.30  127.33   156.38  145.28 
 175   22.90   20.88     37.86    2.80    3.32     15.83   13.30   15.82     18.53   13.10   10.61      9.70   27.58   34.38   186.38  125.01   164.35  143.20 
 176   20.90   19.70     33.61    4.62    3.33     17.93   10.37   15.79     18.54   12.99   10.63     10.07   26.25   34.34   192.77  124.17   171.01  142.09 
 177   20.90   19.69     36.22    3.45    3.33     18.21   10.10   15.76     18.54   12.99   10.64     10.51   24.95   34.28   195.69  120.73   173.77  138.57 
 178   20.90   19.70     34.52    4.20    3.34     17.60   10.75   15.73     18.54   12.99   10.65     10.77   23.93   34.23   198.52  118.29   176.81  136.31 
 179   20.90   19.77     34.98    3.99    3.34     17.34   11.20   15.71     18.54   12.99   10.67     10.88   23.70   34.17   199.34  116.68   177.28  134.35 
 180   20.90   19.77     35.40    3.76    3.34     17.55   10.98   15.68     18.54   12.99   10.68     10.93   23.48   34.11   199.23  112.76   176.88  130.86 
 181   21.63   20.17     30.40    6.62    3.36     17.74   11.12   15.66     18.70   12.68   10.69     11.11   24.09   34.05   202.91  108.71   180.09  125.48 
 182   21.63   19.88     37.01    3.08    3.36     16.55   14.37   15.65     18.70   12.68   10.70     10.92   27.35   34.01   201.71  101.19   180.76  118.93 
 183   21.63   20.32     37.70    2.85    3.36     16.22   16.88   15.66     18.70   12.68   10.71     11.61   28.51   33.98   202.71   99.31   181.66  117.24 
 184   21.63   20.31     35.86    3.52    3.36     17.46   15.26   15.65     18.70   12.68   10.72     11.86   28.97   33.96   203.26   99.13   181.96  116.69 
 185   21.63   20.29     35.28    3.75    3.36     17.32   16.32   15.66     18.70   12.68   10.73     11.74   30.92   33.94   202.19   98.56   180.77  116.03 
 186   23.09   19.50     40.09    2.14    3.35     16.85   17.96   15.67     18.55   12.89   10.74     11.57   32.73   33.93   199.23   97.43   177.95  115.52 
 187   23.09   19.61     36.97    2.99    3.35     17.73   16.71   15.68     18.55   12.89   10.76     11.43   34.24   33.94   195.66   96.96   174.45  114.94 
 188   23.09   19.64     34.52    3.86    3.35     17.79   16.93   15.68     18.55   12.89   10.77     11.18   35.65   33.95   190.13   95.57   168.77  113.39 
 189   23.09   19.73     33.31    4.24    3.36     16.44   19.81   15.70     18.55   12.89   10.78     10.66   37.79   33.97   180.78   93.32   159.15  111.55 
 190   23.09   19.60     36.82    2.80    3.35     17.02   18.55   15.72     18.55   12.89   10.79     11.44   35.06   33.97   177.75   92.00   155.93  110.51 
 191   29.05   19.63     35.75    3.07    3.35     18.38   15.76   15.72     18.56   12.94   10.80     11.12   36.30   33.98   170.65   91.30   149.05  109.85 
 192   29.05   20.88     34.44    3.47    3.35     17.49   17.32   15.73     18.56   12.94   10.81     11.23   35.50   33.99   164.85   91.08   143.62  109.71 
 193   29.05   20.84     33.48    3.72    3.36     17.79   16.67   15.73     18.56   12.94   10.82     11.24   34.73   34.00   157.49   89.14   136.43  108.27 
 194   29.05   20.80     33.25    3.69    3.36     17.29   17.18   15.74     18.56   12.94   10.83     11.24   34.12   34.00   150.33   88.56   128.99  107.71 
 195   29.05   20.71     32.61    3.89    3.36     17.26   16.94   15.75     18.56   12.94   10.84     11.65   32.30   33.99   147.34   88.47   125.50  107.63 
 196   22.12   21.18     30.79    4.65    3.37     17.74   15.45   15.74     18.46   13.16   10.86     11.49   31.97   33.98   141.20   88.47   119.29  107.63 
 197   22.12   20.79     32.10    3.88    3.37     17.44   15.65   15.74     18.46   13.16   10.87     11.27   32.24   33.97   134.48   88.47   112.36  107.47 
 198   22.12   20.61     29.88    4.95    3.38     16.52   17.31   15.75     18.46   13.16   10.88     11.51   31.22   33.95   130.21   90.34   107.87  109.37 
 199   22.12   20.54     30.41    4.64    3.38     16.77   16.74   15.76     18.46   13.16   10.89     11.55   31.06   33.94   127.95   95.29   105.56  114.27 
 200   22.12   20.45     30.12    4.91    3.39     16.18   17.80   15.77     18.46   13.16   10.90     11.06   32.55   33.93   127.63  100.61   105.46  119.60 
 201   29.05   19.67     30.36    4.84    3.40     18.28   13.89   15.76     18.43   13.22   10.91     11.41   30.94   33.92   127.77  102.10   105.81  121.20 
 202   29.05   19.77     29.86    5.19    3.41     17.28   15.43   15.76     18.43   13.22   10.93     11.06   31.79   33.91   128.51  106.06   106.38  124.82 
 203   29.05   19.64     30.65    4.86    3.41     16.35   16.79   15.76     18.43   13.22   10.94     10.68   32.45   33.90   130.64  108.79   108.53  127.91 
 204   29.05   19.63     32.09    4.25    3.42     16.12   16.97   15.77     18.43   13.22   10.95     10.12   33.84   33.90   136.65  110.51   114.47  129.52 
 205   29.05   19.45     30.60    5.19    3.43     16.18   16.89   15.77     18.43   13.22   10.96      9.85   34.56   33.90   144.12  109.09   121.84  128.16 
 206   25.33   20.54     33.21    3.95    3.43     17.11   15.27   15.77     18.40   13.27   10.97      9.94   34.19   33.90   151.98  107.07   130.03  126.33 
 207   25.33   20.54     29.53    6.08    3.44     16.99   15.52   15.77     18.40   13.27   10.98     10.84   31.26   33.89   155.97  105.98   133.51  125.25 
 208   25.33   20.51     32.78    4.35    3.45     17.15   15.21   15.77     18.40   13.27   10.99     10.32   32.75   33.89   164.13  107.35   142.02  125.96 
 209   25.33   20.57     38.73    2.28    3.44     15.88   17.75   15.78     18.40   13.27   11.00     10.58   32.00   33.88   171.40  106.42   149.70  125.36 
 210   25.33   20.56     36.60    3.01    3.44     16.53   16.70   15.78     18.40   13.27   11.01     10.50   32.69   33.87   179.93  108.11   157.64  126.83 
 211   23.16   20.39     34.78    3.82    3.44     16.94   16.00   15.78     18.49   13.13   11.02     10.66   32.50   33.86   186.62  109.34   164.16  127.80 
 212   23.16   20.27     36.95    3.03    3.44     17.12   15.84   15.78     18.49   13.13   11.03     10.73   32.76   33.86   188.86  110.53   167.01  128.95 
 213   23.16   20.29     37.62    2.82    3.44     16.60   16.98   15.79     18.49   13.13   11.04     10.73   33.05   33.86   190.04  110.85   168.10  129.24 
 214   23.16   20.46     37.93    2.73    3.43     16.32   17.77   15.80     18.49   13.13   11.05     10.68   33.58   33.85   191.35  110.60   169.46  128.97 
 215   23.16   20.57     35.83    3.44    3.43     16.34   18.01   15.81     18.49   13.13   11.06     10.59   34.22   33.86   192.39  105.99   170.11  124.30 
 216   22.52   20.63     37.41    2.83    3.43     15.94   19.01   15.82     18.38   13.31   11.07     10.47   34.79   33.86   192.40  100.46   170.65  118.92 
 217   22.52   20.68     37.32    2.89    3.43     16.11   18.63   15.83     18.38   13.31   11.08     10.92   33.77   33.86   194.43   99.96   171.77  118.39 
 218   22.52   20.76     34.67    3.93    3.43     15.93   18.92   15.85     18.38   13.31   11.09     10.57   35.38   33.87   196.79  101.37   174.17  119.72 
 219   22.52   20.92     37.49    2.85    3.43     15.78   19.37   15.87     18.38   13.31   11.10     10.64   34.64   33.87   196.01  100.03   173.57  118.58 
 220   22.52   20.95     34.40    4.00    3.43     15.67   19.58   15.88     18.38   13.31   11.11     10.38   35.40   33.88   192.91   99.56   170.40  118.15 
 221   28.57   20.30     37.44    2.77    3.43     16.03   18.80   15.90     18.30   13.46   11.13     10.16   35.85   33.89   188.08   99.12   166.01  117.99 
 222   28.57   20.32     38.34    2.42    3.42     15.82   19.33   15.91     18.30   13.46   11.14      9.76   37.23   33.90   180.00   98.97   157.74  117.87 
 223   28.57   20.07     40.36    1.84    3.42     16.68   17.39   15.92     18.30   13.46   11.15      9.45   37.69   33.92   170.29   96.38   148.22  115.58 
 224   28.57   20.47     39.12    2.09    3.41     16.53   17.52   15.92     18.30   13.46   11.16     10.63   34.14   33.92   168.28   96.07   146.19  115.21 
 225   28.57   20.31     42.21    1.42    3.40     16.67   16.98   15.93     18.30   13.46   11.17     10.39   34.18   33.92   160.37   96.97   138.06  115.74 
 226   28.45   19.70     43.03    1.26    3.39     17.22   16.00   15.93     18.26   13.54   11.18     10.28   34.95   33.93   154.86   96.53   132.41  115.50 
 227   28.45   19.71     32.84    3.95    3.39     16.45   17.53   15.94     18.26   13.54   11.19     10.13   35.74   33.93   150.47   95.91   127.86  114.79 
 228   28.45   19.68     34.02    3.39    3.39     16.06   18.22   15.95     18.26   13.54   11.20     10.27   35.20   33.94   146.46   95.67   124.25  114.75 
 229   28.45   19.71     31.58    4.38    3.40     15.71   18.82   15.96     18.26   13.54   11.21     10.36   34.76   33.94   143.19   95.71   121.02  114.61 
 230   28.45   19.74     32.95    3.75    3.40     15.70   18.75   15.97     18.26   13.54   11.22     10.58   33.81   33.94   143.39   96.24   121.06  115.02 
 231   26.11   19.87     33.21    3.65    3.40     17.13   15.99   15.97     18.24   13.58   11.23     10.62   33.50   33.94   142.86   95.09   120.96  114.29 
 232   26.11   19.60     31.60    4.39    3.40     17.64   15.08   15.97     18.24   13.58   11.24     10.76   33.30   33.94   144.71   96.71   122.37  115.41 
 233   26.11   19.43     32.41    4.04    3.41     16.89   16.27   15.97     18.24   13.58   11.25     10.65   33.21   33.93   145.95   96.54   123.91  115.24 
 234   26.11   19.53     33.06    3.85    3.41     18.72   13.08   15.96     18.24   13.58   11.26     10.77   32.30   33.93   150.40   96.58   128.21  115.27 
 235   26.11   19.50     31.26    4.81    3.42     19.19   12.53   15.94     18.24   13.58   11.27     11.01   31.77   33.92   156.12   96.52   133.74  115.17 
 236   28.44   20.57     36.27    2.75    3.41     20.21   11.23   15.92     18.33   13.45   11.28     11.34   31.08   33.91   157.89   96.80   135.80  115.03 
 237   28.44   20.71     33.06    4.07    3.42     19.94   11.66   15.90     18.33   13.45   11.29     11.16   32.10   33.90   164.37   97.00   141.83  115.28 
 238   28.44   20.69     33.50    4.00    3.42     19.01   13.02   15.89     18.33   13.45   11.30     11.22   32.09   33.89   171.22   96.36   148.95  114.84 
 239   28.44   20.72     39.41    2.09    3.41     16.76   17.27   15.90     18.33   13.45   11.31     11.20   32.51   33.88   176.35   95.48   154.42  113.34 
 240   28.44   20.89     41.40    1.71    3.41     17.79   15.80   15.90     18.33   13.45   11.31     11.38   32.70   33.88   182.31   95.93   160.27  113.86 
 241   25.02   20.55     36.96    2.90    3.40     18.37   14.88   15.89     18.18   13.71   11.32     11.01   34.52   33.88   188.11   97.23   166.24  115.03 
 242   25.02   20.46     34.03    4.10    3.41     17.95   15.71   15.89     18.18   13.71   11.33     11.34   33.47   33.88   191.15   97.81   169.24  115.70 
 243   25.02   20.55     31.87    5.32    3.41     19.34   13.33   15.88     18.18   13.71   11.34     11.37   33.65   33.88   192.89  100.91   170.58  118.80 
 244   25.02   20.59     37.88    2.74    3.41     19.85   12.56   15.87     18.18   13.71   11.35     11.26   34.17   33.88   193.29  107.64   171.21  125.79 
 245   25.02   20.56     38.09    2.78    3.41     18.54   14.53   15.86     18.18   13.71   11.36     10.48   36.84   33.89   195.80  118.04   173.38  135.89 
 246   24.75   20.17     38.10    2.80    3.41     18.01   15.41   15.86     18.22   13.67   11.37     10.55   36.05   33.90   194.38  122.15   172.17  140.33 
 247   24.75   19.74     35.63    3.63    3.41     17.80   15.61   15.86     18.22   13.67   11.38     10.06   37.37   33.92   190.75  120.49   168.75  138.97 
 248   24.75   19.70     36.58    3.24    3.41     16.97   16.97   15.86     18.22   13.67   11.39     10.20   36.42   33.93   186.54  120.31   164.56  138.87 
 249   24.75   19.80     35.27    3.64    3.41     16.69   16.89   15.87     18.22   13.67   11.40      9.47   37.64   33.94   177.48  122.38   155.55  141.21 
 250   24.75   19.67     34.64    3.78    3.41     17.85   14.35   15.86     18.22   13.67   11.41      9.01   38.40   33.96   166.70  124.69   144.58  143.34 
 251   36.76   20.31     32.25    4.81    3.41     17.87   13.85   15.85     18.41   13.39   11.42      8.66   38.57   33.98   156.06  124.92   134.10  143.65 
 252   36.76   20.85     34.21    3.75    3.42     17.18   14.26   15.85     18.41   13.39   11.42      9.52   34.41   33.98   150.25  124.76   128.16  143.30 
 253   36.76   20.83     34.29    3.67    3.42     16.30   15.54   15.85     18.41   13.39   11.43      9.97   32.41   33.97   148.78  121.82   126.42  140.22 
 254   36.76   20.97     34.20    3.58    3.42     17.55   13.38   15.84     18.41   13.39   11.44      9.51   34.41   33.97   146.13  116.85   124.28  135.45 
 255   36.76   20.98     35.22    3.12    3.42     17.49   13.56   15.83     18.41   13.39   11.45      9.84   33.09   33.97   145.53  112.31   123.40  130.79 
 256   25.76   20.91     32.35    4.27    3.42     18.26   13.17   15.82     18.14   13.80   11.46     10.01   33.92   33.97   146.57  108.02   124.48  126.98 
 257   25.76   20.94     32.09    4.38    3.42     18.92   12.56   15.80     18.14   13.80   11.47     10.26   34.01   33.97   145.47  105.07   122.97  123.96 
 258   25.76   20.87     33.91    3.48    3.42     19.78   11.40   15.79     18.14   13.80   11.48     10.28   34.16   33.97   144.14  102.39   122.18  121.68 
 259   25.76   20.86     33.01    3.86    3.43     19.81   11.51   15.77     18.14   13.80   11.48     10.73   32.68   33.97   145.25  101.10   122.89  119.94 
 260   25.76   20.82     33.81    3.46    3.43     18.21   14.25   15.77     18.14   13.80   11.49     10.51   34.20   33.97   144.76   97.19   122.82  116.54 
 261   35.95   20.60     35.29    2.94    3.42     18.44   14.13   15.76     18.21   13.69   11.50     10.91   33.33   33.97   146.14   95.88   124.47  115.41 
 262   35.95   20.25     35.08    3.05    3.42     18.16   14.73   15.76     18.21   13.69   11.51     11.18   32.63   33.96   149.05   95.61   126.79  114.81 
 263   35.95   20.23     33.91    3.51    3.42     20.92   10.70   15.74     18.21   13.69   11.52     10.97   33.37   33.96   153.83   93.96   131.73  112.63 
 264   35.95   20.41     37.26    2.45    3.42     19.83   12.05   15.72     18.21   13.69   11.53     11.05   32.81   33.95   159.51   92.13   137.69  111.24 
 265   35.95   20.40     35.72    2.98    3.42     18.24   14.22   15.72     18.21   13.69   11.53     11.38   31.22   33.94   163.25   91.49   141.59  110.92 
 266   33.00   19.58     36.42    2.83    3.41     17.61   14.94   15.71     18.21   13.71   11.54     11.09   31.85   33.94   171.25   91.66   149.01  109.84 
 267   33.00   19.58     36.57    2.86    3.41     16.68   16.59   15.72     18.21   13.71   11.55     10.90   31.79   33.93   177.98   90.40   155.88  108.29 
 268   33.00   19.50     38.93    2.24    3.41     15.60   18.79   15.73     18.21   13.71   11.56     11.07   31.17   33.92   182.91   89.36   160.73  107.97 
 269   33.00   19.58     37.64    2.64    3.41     15.82   18.36   15.74     18.21   13.71   11.57     10.84   32.22   33.91   187.85   89.14   165.52  107.66 
 270   33.00   19.61     35.51    3.43    3.41     15.33   19.12   15.75     18.21   13.71   11.57     10.85   32.23   33.90   192.02   91.63   169.49  109.82 
 271   32.77   19.63     36.37    3.12    3.40     16.93   15.95   15.75     18.11   13.87   11.58     10.93   31.76   33.90   192.71   91.15   170.11  108.99 
 272   32.77   20.80     36.43    3.14    3.40     16.03   17.73   15.76     18.11   13.87   11.59     10.98   31.60   33.89   194.78   91.55   171.88  109.35 
 273   32.77   20.74     36.08    3.28    3.40     16.17   17.52   15.77     18.11   13.87   11.60     10.94   31.55   33.88   196.96   89.99   174.60  107.90 
 274   32.77   20.80     35.33    3.55    3.40     15.94   18.16   15.77     18.11   13.87   11.61     10.76   32.27   33.87   197.02   88.25   174.56  106.10 
 275   32.77   20.74     34.51    3.90    3.41     15.10   19.96   15.79     18.11   13.87   11.62     10.91   31.95   33.87   197.68   87.76   175.28  105.80 
 276   44.33   20.34     36.67    3.08    3.40     15.15   19.48   15.80     18.11   13.88   11.62     11.09   31.04   33.86   198.35   88.62   175.97  106.80 
 277   44.33   19.95     36.07    3.32    3.40     15.09   19.46   15.82     18.11   13.88   11.63     10.99   31.20   33.85   199.60   88.57   177.66  106.73 
 278   44.33   20.20     35.70    3.42    3.40     14.50   20.62   15.83     18.11   13.88   11.64     11.01   30.61   33.84   198.87   86.54   176.95  104.76 
 279   44.33   20.17     34.02    4.09    3.41     13.69   22.39   15.86     18.11   13.88   11.65     10.63   31.66   33.83   196.51   85.32   174.67  103.44 
 280   44.33   20.15     27.22    8.82    3.43     12.53   24.24   15.89     18.11   13.88   11.66     10.45   32.34   33.82   184.11   92.70   162.08  110.90 
 281   38.06   19.58     35.96    3.11    3.42     15.04   19.02   15.90     18.23   13.67   11.66     10.81   30.58   33.81   183.58   86.63   161.89  105.31 
 282   38.06   19.65     34.62    3.59    3.43     14.84   19.40   15.91     18.23   13.67   11.67     10.91   30.33   33.80   181.35   86.30   160.05  105.46 
 283   38.06   19.55     28.80    6.63    3.44     13.93   21.40   15.93     18.23   13.67   11.68     10.63   31.34   33.79   173.04   84.62   151.45  103.28 
 284   38.06   19.46     30.68    5.17    3.44     13.64   22.23   15.95     18.23   13.67   11.69     10.66   31.19   33.78   164.53   86.27   142.98  104.45 
 285   38.06   19.47     28.77    6.22    3.45     13.32   22.88   15.98     18.23   13.67   11.69     10.88   30.78   33.77   153.07   91.60   131.77  110.14 
 286   30.09   19.39     32.25    4.04    3.45     15.56   18.56   15.98     17.94   14.13   11.70     10.90   31.54   33.76   147.09   88.84   125.84  107.75 
 287   30.09   19.10     31.71    4.18    3.46     16.14   17.60   15.99     17.94   14.13   11.71     11.00   31.79   33.76   141.19   86.37   119.81  105.16 
 288   30.09   19.10     31.87    4.02    3.46     16.66   16.77   15.99     17.94   14.13   11.72     11.52   30.44   33.74   139.21   85.27   117.69  103.99 
 289   30.09   19.21     31.57    4.05    3.46     16.97   16.74   16.00     17.94   14.13   11.73     11.64   31.21   33.73   133.50   84.41   112.06  102.90 
 290   30.09   19.31     31.55    3.98    3.46     17.23   17.06   16.00     17.94   14.13   11.73     11.92   31.45   33.73   130.43   82.62   108.97  101.09 
 291   29.00   19.74     30.39    4.48    3.47     17.32   17.46   16.00     18.02   14.01   11.74     11.83   32.83   33.72   129.53   82.09   107.71  100.46 
 292   29.00   19.63     28.86    5.30    3.47     16.90   18.67   16.01     18.02   14.01   11.75     11.97   32.81   33.72   130.06   82.46   108.35  100.72 
 293   29.00   19.49     31.17    4.07    3.47     17.55   17.40   16.02     18.02   14.01   11.76     11.79   33.84   33.72   128.40   81.96   106.54  100.61 
 294   29.00   19.56     30.28    4.51    3.48     17.70   17.13   16.02     18.02   14.01   11.77     11.76   34.07   33.72   129.31   83.06   107.29  101.73 
 295   29.00   19.53     32.16    3.67    3.48     17.04   18.60   16.03     18.02   14.01   11.77     11.71   34.48   33.72   129.66   83.79   107.90  101.99 
 296   29.87   19.85     31.99    3.85    3.48     17.51   17.93   16.04     18.00   14.08   11.78     11.68   34.84   33.73   133.96   84.30   112.36  102.76 
 297   29.87   19.76     28.02    6.17    3.49     17.97   17.64   16.04     18.00   14.08   11.79     11.29   37.06   33.74   141.31   83.83   119.65  102.46 
 298   29.87   19.73     33.16    3.67    3.49     16.00   22.85   16.07     18.00   14.08   11.80     10.78   39.96   33.76   152.33   82.74   131.05  101.18 
 299   29.87   19.95     36.30    2.71    3.49     16.04   22.61   16.09     18.00   14.08   11.80     11.00   40.27   33.78   161.75   82.11   140.84  100.66 
 300   29.87   20.06     38.42    2.20    3.48     15.60   23.68   16.11     18.00   14.08   11.81     11.45   38.49   33.80   168.58   81.54   148.01  100.09 
 301   31.50   19.49     36.70    2.79    3.48     15.61   23.60   16.14     17.87   14.36   11.82     11.12   39.75   33.82   177.63   82.19   156.79  100.43 
 302   31.50   19.57     34.38    3.79    3.48     15.40   24.21   16.16     17.87   14.36   11.83     10.99   40.16   33.84   187.00   81.05   165.91   99.77 
 303   31.50   19.44     38.50    2.42    3.48     15.56   23.55   16.19     17.87   14.36   11.84     11.15   39.75   33.86   192.79   83.38   171.94  102.18 
 304   31.50   19.59     36.57    3.07    3.48     15.46   24.33   16.22     17.87   14.36   11.84     10.59   43.72   33.89   193.51   88.50   172.95  107.73 
 305   31.50   19.69     40.86    1.93    3.47     15.34   25.34   16.25     17.87   14.36   11.85      9.95   48.85   33.94   194.30   99.10   173.32  118.50 
 306   31.59   20.22     40.71    2.04    3.47     16.48   22.49   16.27     17.92   14.36   11.86     10.53   45.18   33.98   197.51  107.58   176.12  126.20 
 307   31.59   20.22     38.70    2.61    3.46     15.62   25.14   16.29     17.92   14.36   11.87      9.47   50.78   34.03   195.40  119.44   173.92  138.03 
 308   31.59   20.13     36.35    3.46    3.46     14.84   27.73   16.33     17.92   14.36   11.88      9.68   49.46   34.08   193.52  126.17   171.98  144.63 
 309   31.59   20.31     34.92    4.05    3.47     14.24   29.91   16.38     17.92   14.36   11.89      9.71   49.17   34.13   189.13  129.35   167.66  147.62 
 310   31.59   20.34     40.17    2.16    3.46     13.72   31.52   16.42     17.92   14.36   11.89      9.43   50.04   34.18   180.51  131.59   159.08  149.76 
 311   37.87   20.50     38.35    2.62    3.46     17.00   21.21   16.44     17.95   14.41   11.90     10.52   44.37   34.21   173.73  131.77   152.46  150.24 
 312   37.87   19.33     32.91    4.65    3.46     17.68   19.08   16.45     17.95   14.41   11.91      9.00   49.48   34.26   159.69  133.73   138.38  152.02 
 313   37.87   19.31     32.92    4.46    3.47     17.37   19.23   16.46     17.95   14.41   11.92      9.28   47.42   34.31   148.59  135.36   127.35  153.46 
 314   37.87   19.32     32.28    4.66    3.47     17.73   17.93   16.46     17.95   14.41   11.93      9.25   46.93   34.35   136.89  134.65   115.66  152.84 
 315   37.87   19.17     31.24    5.05    3.47     17.86   17.46   16.47     17.95   14.41   11.93      9.86   44.33   34.38   128.57  132.53   107.22  150.65 
 316   42.23   19.54     31.66    4.56    3.48     18.47   16.08   16.46     17.79   14.74   11.94     10.06   43.57   34.41   124.04  123.04   102.65  141.31 
 317   42.23   19.26     31.32    4.61    3.48     18.20   16.65   16.46     17.79   14.74   11.95     11.06   37.83   34.42   125.41  118.29   104.41  136.89 
 318   42.23   19.29     29.98    5.18    3.49     17.04   18.59   16.47     17.79   14.74   11.96     10.30   40.29   34.44   125.24  108.70   103.56  126.53 
 319   42.23   19.28     29.77    5.15    3.49     15.95   20.72   16.48     17.79   14.74   11.97     10.70   37.03   34.44   126.42  103.64   105.72  122.21 
 320   42.23   19.37     29.71    5.25    3.50     15.86   20.52   16.50     17.79   14.74   11.98     11.16   34.34   34.44   130.55  101.81   110.05  120.17 
 321   47.81   19.72     32.80    3.75    3.50     16.64   18.34   16.50     17.88   14.63   11.99     11.06   33.91   34.44   135.64   99.90   115.05  118.47 
 322   47.81   21.41     34.93    3.06    3.50     16.91   17.99   16.51     17.88   14.63   11.99     10.54   35.54   34.45   144.89   96.22   124.19  114.68 
 323   47.81   20.82     33.67    3.61    3.50     17.30   17.12   16.51     17.88   14.63   12.00     11.52   32.71   34.44   150.43   96.30   129.43  114.65 
 324   47.81   20.98     38.01    2.33    3.49     16.67   18.23   16.51     17.88   14.63   12.01     10.54   36.29   34.45   161.56   96.86   141.15  115.25 
 325   47.81   20.69     38.95    2.21    3.49     15.71   20.23   16.53     17.88   14.63   12.02     10.65   36.24   34.45   173.43   97.29   153.38  115.83 
 326   39.45   20.05     34.37    3.94    3.49     16.24   19.29   16.53     17.79   14.80   12.03     10.39   37.71   34.46   185.31   96.81   164.33  115.05 
 327   39.45   20.09     37.10    2.96    3.49     17.66   16.04   16.53     17.79   14.80   12.04     10.45   36.95   34.47   195.17   96.94   173.52  115.19 
 328   39.45   19.97     37.11    3.02    3.49     17.27   16.38   16.53     17.79   14.80   12.04     10.81   34.85   34.47   201.23   96.86   179.35  114.91 
 329   39.45   19.74     37.00    3.08    3.49     16.57   17.60   16.54     17.79   14.80   12.05     10.75   34.25   34.47   201.12   96.97   178.95  115.24 
 330   39.45   19.80     39.85    2.23    3.48     16.91   16.57   16.54     17.79   14.80   12.06     10.88   33.67   34.47   202.23  100.59   180.08  118.68 
 331   43.47   20.20     41.54    1.87    3.48     17.97   14.57   16.53     17.82   14.76   12.07     10.50   35.52   34.47   202.51  107.91   180.43  125.83 
 332   43.47   20.11     36.24    3.53    3.48     16.46   17.17   16.53     17.82   14.76   12.08      9.99   37.19   34.48   204.40  115.52   182.59  133.67 
 333   43.47   20.07     38.91    2.58    3.48     15.87   18.62   16.54     17.82   14.76   12.08      9.95   35.77   34.48   200.78  118.88   178.90  137.24 
 334   43.47   20.04     36.57    3.31    3.48     16.00   18.87   16.55     17.82   14.76   12.09      9.40   37.24   34.49   192.90  120.06   171.56  138.51 
 335   43.47   19.95     34.01    4.37    3.48     15.71   19.73   16.55     17.82   14.76   12.10      9.96   36.58   34.50   189.05  120.09   167.93  138.92 
 336   36.92   20.70     33.49    4.43    3.48     15.14   21.69   16.57     17.84   14.73   12.11      8.46   41.74   34.52   179.30  119.37   157.42  137.73 
 337   36.92   20.74     37.26    2.76    3.48     15.73   20.54   16.58     17.84   14.73   12.12      8.69   42.01   34.54   167.05  120.42   146.63  139.33 
 338   36.92   20.36     34.95    3.50    3.48     17.01   17.92   16.59     17.84   14.73   12.12      9.39   40.72   34.56   160.09  120.36   138.09  138.74 
 339   36.92   20.12     34.36    3.67    3.48     17.52   16.89   16.59     17.84   14.73   12.13      9.59   40.85   34.58   154.05  119.71   132.14  138.36 
 340   36.92   20.22     33.19    4.14    3.48     18.40   15.14   16.58     17.84   14.73   12.14     10.05   39.21   34.59   152.54  119.07   130.61  137.75 
 341   43.58   20.05     34.54    3.45    3.48     20.08   12.38   16.57     17.64   15.10   12.15      9.52   41.11   34.61   149.34  114.16   127.46  132.83 
 342   43.58   19.62     36.73    2.64    3.48     18.19   15.36   16.57     17.64   15.10   12.16     10.05   38.73   34.62   148.54  109.52   126.81  128.24 
 343   43.58   19.65     32.93    4.00    3.48     17.40   17.05   16.57     17.64   15.10   12.17     10.40   37.52   34.63   148.66  105.89   127.23  124.87 
 344   43.58   19.54     33.30    3.82    3.48     19.60   13.32   16.56     17.64   15.10   12.17     10.80   36.17   34.63   149.56  103.27   127.76  121.88 
 345   43.58   19.44     33.70    3.68    3.48     21.35   11.12   16.54     17.64   15.10   12.18     11.12   35.35   34.64   152.38   99.58   130.52  118.25 
 346   32.00   20.07     32.92    4.04    3.48     21.68   10.82   16.53     17.78   14.88   12.19     11.65   33.88   34.63   154.95   98.11   132.91  116.72 
 347   32.00   19.87     35.75    2.98    3.48     19.86   13.76   16.52     17.78   14.88   12.20     11.38   35.64   34.64   161.38   95.07   139.48  113.82 
 348   32.00   19.79     33.71    3.96    3.48     18.97   15.62   16.52     17.78   14.88   12.21     11.39   36.60   34.64   171.28   94.79   149.07  113.19 
 349   32.00   19.66     32.85    4.58    3.49     17.75   18.41   16.52     17.78   14.88   12.21     11.39   37.15   34.65   182.07   95.54   160.00  113.67 
 350   32.00   19.63     32.91    4.66    3.49     17.29   19.51   16.53     17.78   14.88   12.22     11.50   37.23   34.66   188.84   93.80   167.06  112.08 
 351   34.28   19.53     36.66    3.06    3.49     16.05   22.74   16.55     17.85   14.80   12.23     11.47   38.06   34.67   193.84   94.73   171.93  112.49 
 352   34.28   19.46     36.80    3.03    3.49     16.01   22.83   16.57     17.85   14.80   12.24     11.70   37.45   34.68   194.03   94.24   172.17  112.42 
 353   34.28   19.50     37.23    2.93    3.49     16.28   21.97   16.58     17.85   14.80   12.24     11.55   37.89   34.68   194.58  100.46   172.30  118.03 
 354   34.28   19.74     35.56    3.59    3.49     16.22   21.93   16.60     17.85   14.80   12.25     11.20   38.75   34.70   193.45  105.94   171.46  123.52 
 355   34.28   19.65     35.49    3.53    3.49     16.66   20.50   16.61     17.85   14.80   12.26     11.42   37.31   34.70   189.04  107.22   167.44  125.07 
 356   45.16   20.84     35.92    3.30    3.49     17.04   19.07   16.61     17.83   14.89   12.26     11.44   36.28   34.71   180.46  106.61   158.74  124.45 
 357   45.16   21.04     31.97    4.99    3.49     18.25   16.12   16.61     17.83   14.89   12.27     11.34   35.53   34.71   174.36  107.15   152.61  124.96 
 358   45.16   20.83     34.85    3.50    3.49     19.01   14.60   16.61     17.83   14.89   12.28     11.46   34.67   34.71   167.75  106.61   146.13  124.63 
 359   45.16   20.60     30.35    5.53    3.50     17.06   17.90   16.61     17.83   14.89   12.29     10.49   36.79   34.72   157.26  105.74   135.58  123.69 
 360   45.16   20.51     31.45    4.70    3.50     17.36   16.78   16.61     17.83   14.89   12.29     10.89   34.78   34.72   147.91  105.28   126.24  123.21 
 361   40.11   20.13     31.60    4.50    3.50     17.23   16.49   16.61     17.79   14.98   12.30     11.31   32.54   34.71   141.77  104.61   119.90  122.62 
 362   40.11   20.02     30.51    4.95    3.51     16.03   18.37   16.62     17.79   14.98   12.31     11.27   31.87   34.70   137.53  103.00   115.91  121.34 
 363   40.11   20.20     30.15    5.05    3.51     15.35   19.35   16.62     17.79   14.98   12.32     11.18   31.41   34.69   132.85  103.73   111.45  122.27 
 364   40.11   20.30     31.93    4.17    3.51     15.06   19.84   16.63     17.79   14.98   12.32     11.06   31.42   34.68   132.38  104.66   111.00  123.01 
 365   40.11   20.41     31.72    4.39    3.51     15.05   19.32   16.64     17.79   14.98   12.33     10.93   31.20   34.67   132.10  108.78   110.71  127.54 
 366   39.63   19.88     34.01    3.40    3.51     15.26   18.49   16.64     17.75   15.04   12.34     10.94   30.47   34.66   132.79  112.39   111.34  130.69 
 367   39.63   19.72     32.28    4.23    3.52     14.99   18.50   16.65     17.75   15.04   12.35     10.87   29.79   34.65   136.31  113.35   114.59  132.02 
 368   39.63   19.98     35.44    3.02    3.51     15.24   17.56   16.65     17.75   15.04   12.35     10.64   29.67   34.64   141.42  113.90   119.78  132.22 
 369   39.63   19.70     32.31    4.39    3.52     15.63   16.68   16.65     17.75   15.04   12.36     10.95   28.47   34.62   145.95  113.92   124.11  131.85 
 370   39.63   19.95     34.99    3.35    3.52     15.56   16.72   16.65     17.75   15.04   12.37     10.75   28.71   34.60   153.91  113.49   132.10  131.52 
 371   42.47   21.06     33.05    4.34    3.52     15.58   16.64   16.65     17.69   15.14   12.37     10.35   30.07   34.59   164.13  113.84   142.36  132.16 
 372   42.47   20.56     35.72    3.32    3.52     14.78   18.19   16.66     17.69   15.14   12.38     10.56   29.15   34.58   172.61  113.84   150.77  132.00 
 373   42.47   20.45     35.25    3.61    3.52     14.29   19.33   16.66     17.69   15.14   12.39     10.66   28.86   34.56   181.94  114.34   159.80  132.33 
 374   42.47   20.42     37.10    3.00    3.52     14.84   18.22   16.67     17.69   15.14   12.40     10.58   29.29   34.55   188.81  114.34   166.77  132.37 
 375   42.47   20.50     37.00    3.06    3.52     15.02   18.02   16.67     17.69   15.14   12.40     10.81   28.95   34.53   190.52  113.72   168.47  131.89 
 376   47.29   21.15     36.15    3.39    3.52     15.83   17.01   16.67     17.85   14.83   12.41     10.64   30.41   34.52   192.37  111.65   170.24  129.74 
 377   47.29   21.54     35.50    3.60    3.52     17.56   14.18   16.67     17.85   14.83   12.42     10.41   32.05   34.51   193.02  107.97   170.70  125.78 
 378   47.29   21.75     37.59    2.84    3.51     16.49   16.05   16.66     17.85   14.83   12.42     10.44   31.62   34.51   194.85  103.20   172.73  121.19 
 379   47.29   21.89     37.26    2.94    3.51     15.06   18.74   16.67     17.85   14.83   12.43     10.82   30.38   34.50   196.75  102.09   174.76  120.18 
 380   47.29   21.73     35.84    3.43    3.51     14.93   19.18   16.68     17.85   14.83   12.44     10.51   31.71   34.49   194.99  101.56   173.01  119.84 
 381   43.64   19.93     39.09    2.34    3.51     16.69   15.70   16.67     17.74   15.00   12.44     11.07   29.94   34.48   192.63  101.15   170.60  119.30 
 382   43.64   19.42     37.42    2.76    3.51     16.86   15.84   16.67     17.74   15.00   12.45     10.37   32.77   34.47   186.08   98.97   164.08  117.72 
 383   43.64   19.87     37.15    2.73    3.51     16.65   16.74   16.67     17.74   15.00   12.46      9.74   36.05   34.48   177.57   96.26   155.27  114.81 
 384   43.64   19.90     29.79    6.24    3.51     17.92   15.00   16.67     17.74   15.00   12.46     10.25   35.71   34.48   171.00   96.35   148.91  115.28 
 385   43.64   19.84     36.03    2.82    3.51     19.71   12.94   16.66     17.74   15.00   12.47      9.44   40.81   34.50   157.88   94.41   135.80  113.47 
 386   46.95   19.77     33.57    3.58    3.51     17.63   17.92   16.66     17.75   14.99   12.48     10.17   41.24   34.51   149.35   92.63   127.28  111.65 
 387   46.95   19.95     33.95    3.34    3.51     18.50   16.71   16.66     17.75   14.99   12.48     11.35   37.97   34.52   144.44   93.23   122.25  112.40 
 388   46.95   19.74     31.85    4.06    3.51     18.43   17.58   16.66     17.75   14.99   12.49     10.62   42.86   34.54   135.87   91.20   113.60  110.58 
 389   46.95   19.60     30.55    4.54    3.51     17.79   18.59   16.67     17.75   14.99   12.50     11.04   40.34   34.56   128.48   91.16   106.35  110.43 
 390   46.95   20.01     31.70    3.96    3.52     17.06   19.18   16.67     17.75   14.99   12.50     11.73   35.71   34.56   125.54   93.44   103.09  112.56 
 391   39.66   20.43     30.17    4.77    3.52     17.99   16.18   16.67     17.66   15.19   12.51     11.64   33.98   34.56   126.10   97.76   103.63  116.94 
 392   39.66   20.31     34.17    3.10    3.52     17.82   15.53   16.67     17.66   15.19   12.52     11.74   31.61   34.55   126.05  100.48   103.89  120.01 
 393   39.66   20.37     28.44    5.99    3.52     17.85   15.21   16.67     17.66   15.19   12.52     11.56   31.72   34.55   128.40  102.96   106.12  121.87 
 394   39.66   20.36     30.93    4.70    3.53     17.25   16.14   16.66     17.66   15.19   12.53     11.25   32.42   34.54   132.32  105.61   110.00  124.22 
 395   39.66   20.51     32.38    4.11    3.53     17.76   15.76   16.66     17.66   15.19   12.54     11.08   33.94   34.54   138.16  107.30   115.99  126.24 
 396   42.88   20.19     34.53    3.36    3.53     18.25   15.62   16.66     17.71   15.12   12.54     10.79   36.25   34.54   147.12  109.78   124.78  128.11 
 397   42.88   19.82     37.36    2.52    3.53     18.25   16.14   16.66     17.71   15.12   12.55     10.81   37.52   34.55   155.63  109.26   133.64  127.51 
 398   42.88   21.62     37.50    2.54    3.52     18.83   15.37   16.66     17.71   15.12   12.56     11.79   34.32   34.55   161.64  109.47   139.86  128.30 
 399   42.88   20.41     39.38    2.13    3.52     17.06   19.05   16.66     17.71   15.12   12.56     11.00   37.33   34.56   171.59  109.48   149.83  127.83 
 400   42.88   19.70     38.72    2.42    3.52     15.59   22.16   16.68     17.71   15.12   12.57     11.16   35.69   34.56   183.90  109.77   162.12  128.15 
 401   65.23   19.84     36.66    3.15    3.52     17.04   18.03   16.68     17.73   15.10   12.57     11.83   32.13   34.55   191.86  110.93   170.05  128.82 
 402   65.23   19.79     34.09    4.33    3.52     16.95   17.74   16.68     17.73   15.10   12.58     12.36   29.83   34.54   197.59  110.12   175.98  128.14 
 403   65.23   19.77     38.34    2.68    3.52     17.60   16.33   16.68     17.73   15.10   12.59     12.55   29.00   34.53   198.21  111.86   176.81  129.84 
 404   65.23   19.70     43.01    1.58    3.51     17.60   16.27   16.68     17.73   15.10   12.59     12.55   28.90   34.51   199.34  112.88   178.36  130.93 
 405   65.23   19.74     37.93    2.83    3.51     18.00   15.47   16.68     17.73   15.10   12.60     12.47   29.20   34.50   200.11  111.90   179.43  130.12 
 406   63.35   20.81     39.99    2.22    3.51     18.52   14.47   16.67     17.68   15.21   12.61     12.39   29.27   34.49   199.86  109.78   178.60  127.84 
 407   63.35   20.90     34.87    3.97    3.51     17.68   15.90   16.67     17.68   15.21   12.61     11.98   30.37   34.48   198.36  106.33   177.35  124.48 
 408   63.35   20.81     37.54    2.82    3.51     17.50   16.16   16.67     17.68   15.21   12.62     11.67   31.26   34.47   192.52  102.93   171.83  121.30 
 409   63.35   20.77     39.18    2.24    3.50     18.94   13.90   16.66     17.68   15.21   12.62     11.04   33.58   34.47   184.14   98.17   163.60  116.26 
 410   63.35   20.77     37.21    2.74    3.50     18.77   14.24   16.66     17.68   15.21   12.63     12.20   29.84   34.46   180.05   96.57   159.61  114.65 
 411   60.77   20.21     32.49    4.43    3.50     17.37   16.78   16.66     17.66   15.25   12.64     11.09   33.70   34.46   170.34   92.35   150.21  110.82 
 412   60.77   20.27     36.92    2.56    3.50     17.66   16.57   16.66     17.66   15.25   12.64     11.58   32.39   34.45   160.56   90.39   139.73  108.54 
 413   60.77   20.34     30.40    5.19    3.50     18.05   15.95   16.65     17.66   15.25   12.65     11.98   31.40   34.44   154.01   90.36   133.42  108.40 
 414   60.77   20.26     31.27    4.50    3.51     17.94   16.01   16.65     17.66   15.25   12.66     11.87   31.63   34.44   145.57   90.48   124.84  108.44 
 415   60.77   20.29     33.43    3.36    3.51     17.81   16.03   16.65     17.66   15.25   12.66     11.97   31.01   34.43   137.51   88.08   116.56  105.90 
 416   53.03   20.96     35.24    2.69    3.50     17.65   16.10   16.65     17.65   15.29   12.67     12.46   29.28   34.42   134.06   87.05   113.06  105.25 
 417   53.03   20.83     33.74    3.18    3.50     17.72   15.96   16.65     17.65   15.29   12.68     12.37   29.62   34.40   132.21   88.48   111.27  106.45 
 418   53.03   20.84     31.35    4.22    3.51     18.18   15.15   16.64     17.65   15.29   12.68     12.51   29.37   34.39   132.10   91.93   111.36  110.53 
 419   53.03   20.76     32.82    3.66    3.51     18.45   14.61   16.64     17.65   15.29   12.69     12.35   29.84   34.38   132.68   96.07   112.09  114.86 
 420   53.03   20.86     32.33    3.99    3.51     17.90   15.50   16.64     17.65   15.29   12.69     11.81   31.38   34.37   136.12  100.35   114.95  118.77 
 421   44.94   20.29     32.75    3.92    3.51     18.10   15.06   16.63     17.72   15.17   12.70     11.45   32.39   34.37   141.25  103.48   120.13  122.03 
 422   44.94   20.40     33.45    3.69    3.51     18.18   14.85   16.63     17.72   15.17   12.71     11.71   31.28   34.36   144.54  105.33   123.33  124.09 
 423   44.94   20.38     34.58    3.37    3.51     19.55   12.69   16.62     17.72   15.17   12.71     11.28   32.72   34.36   152.39  106.27   131.40  124.96 
 424   44.94   20.26     35.15    3.31    3.51     17.99   15.04   16.62     17.72   15.17   12.72     11.16   32.99   34.35   161.51  108.58   140.45  127.23 
 425   44.94   20.33     26.66    8.99    3.52     18.21   14.67   16.61     17.72   15.17   12.72     11.13   32.86   34.35   171.53  108.76   150.58  127.01 
 426   70.72   20.44     40.03    2.05    3.52     18.94   13.65   16.60     17.76   15.11   12.73     11.59   31.32   34.34   180.34  108.46   159.32  126.71 
 427   70.72   19.63     39.27    2.28    3.51     19.35   13.06   16.60     17.76   15.11   12.73     11.84   30.70   34.34   185.15  108.07   164.22  126.37 
 428   70.72   19.68     44.05    1.36    3.51     18.14   15.02   16.59     17.76   15.11   12.74     11.25   32.69   34.33   192.95  108.49   172.19  126.70 
 429   70.72   19.61     39.04    2.50    3.51     18.48   14.50   16.59     17.76   15.11   12.75     11.38   32.26   34.33   199.45  108.14   178.63  126.55 
 430   70.72   19.63     40.35    2.16    3.50     17.89   15.57   16.58     17.76   15.11   12.75     11.68   31.36   34.32   202.15  107.89   181.47  126.22 
 431   52.90   20.73     40.18    2.20    3.50     18.80   14.12   16.58     17.77   15.10   12.76     11.75   31.29   34.31   202.39  108.39   181.31  126.60 
 432   52.90   20.90     38.48    2.65    3.50     19.49   13.10   16.57     17.77   15.10   12.76     11.70   31.71   34.31   202.89  105.55   181.48  123.37 
 433   52.90   20.56     40.19    2.18    3.50     19.18   13.65   16.56     17.77   15.10   12.77     11.82   31.48   34.30   203.21  102.86   181.78  120.94 
 434   52.90   20.95     36.14    3.43    3.50     18.26   15.29   16.56     17.77   15.10   12.77     11.57   32.52   34.30   204.56   99.55   182.79  116.91 
 435   52.90   20.62     35.96    3.50    3.50     17.99   15.85   16.56     17.77   15.10   12.78     11.87   31.68   34.29   204.30   97.57   182.52  114.67 
 436   57.36   20.84     38.33    2.64    3.49     17.41   15.42   16.56     17.72   15.19   12.78     11.87   29.02   34.28   203.43   95.81   181.73  113.12 
 437   57.36   19.72     31.81    5.58    3.50     15.56   15.87   16.56     17.72   15.19   12.79     11.76   24.95   34.26   203.23   96.74   181.73  114.48 
 438   57.36   19.99     30.55    6.44    3.51     15.19   15.34   16.55     17.72   15.19   12.79     11.20   24.60   34.23   204.44   94.72   182.93  112.02 
 439   57.36   20.08     31.15    5.99    3.51     14.65   16.13   16.55     17.72   15.19   12.80     11.05   24.76   34.21   203.62   93.20   182.26  110.61 
 440   57.36   20.31     29.27    7.48    3.52     14.70   15.67   16.55     17.72   15.19   12.80     10.89   24.86   34.19   205.39   94.59   183.81  111.07 
 441   59.04   20.10     28.87    7.78    3.53     15.35   14.45   16.54     17.73   15.16   12.81     10.90   24.61   34.17   206.10   94.57   184.28  110.94 
 442   59.04   19.61     28.35    8.25    3.54     15.65   13.86   16.54     17.73   15.16   12.82     10.92   24.34   34.15   206.00   94.82   184.16  110.52 
 443   59.04   19.67     28.08    8.33    3.55     15.31   14.51   16.53     17.73   15.16   12.82     10.26   25.44   34.13   201.14   91.92   179.32  107.38 
 444   59.04   19.59     27.18    9.20    3.56     14.80   15.25   16.53     17.73   15.16   12.83     10.88   24.21   34.11   202.45   91.54   180.68  106.91 
 445   59.04   19.45     26.99    9.40    3.58     14.89   15.08   16.53     17.73   15.16   12.83     10.68   25.12   34.09   202.20   91.78   180.38  107.06 
 446   52.52   19.29     27.66    8.71    3.59     15.53   14.20   16.52     17.75   15.07   12.84     10.77   24.68   34.06   200.61   90.90   178.69  106.73 
 447   52.52   19.02     27.73    8.61    3.60     15.44   14.21   16.52     17.75   15.07   12.84     10.74   24.67   34.04   201.79   91.03   180.06  106.26 
 448   52.52   19.10     27.12    9.23    3.61     15.72   13.80   16.51     17.75   15.07   12.85     10.82   24.55   34.02   202.10   90.80   179.82  105.94 
 449   52.52   19.04     25.82   10.63    3.63     15.45   14.03   16.51     17.75   15.07   12.85     10.80   24.51   34.00   200.72   92.95   179.21  107.48 
 450   52.52   19.12     28.13    8.17    3.64     15.65   14.87   16.50     17.75   15.07   12.86     11.41   24.40   33.98   199.91   89.72   177.96  104.88 
 451   53.72   19.28     27.57    8.66    3.65     16.69   13.98   16.50     17.53   15.42   12.86     11.76   24.81   33.96   198.73   88.81   176.94  104.13 
 452   53.72   19.74     28.79    7.54    3.66     14.96   19.00   16.50     17.53   15.42   12.87     11.98   27.15   33.94   198.09   88.66   176.06  103.35 
 453   53.72   19.41     33.00    4.65    3.66     14.95   21.01   16.51     17.53   15.42   12.87     11.93   29.21   33.93   200.12   85.10   178.26  100.28 
 454   53.72   19.09     30.42    6.25    3.67     14.86   21.64   16.52     17.53   15.42   12.88     12.24   29.81   33.93   196.42   85.87   175.37  101.99 
 455   53.72   18.95     33.47    4.40    3.67     15.48   21.20   16.53     17.53   15.42   12.88     12.08   30.85   33.92   200.59   82.98   179.68   99.23 
 456   54.32   19.47     35.86    3.34    3.67     15.70   20.93   16.54     17.67   15.17   12.89     12.35   30.51   33.91   200.04   81.89   179.23   98.20 
 457   54.32   18.99     36.82    2.99    3.66     15.85   20.59   16.55     17.67   15.17   12.89     12.20   31.12   33.90   198.69   82.04   178.03   98.42 
 458   54.32   19.59     28.46    7.82    3.67     15.65   16.61   16.55     17.67   15.17   12.90     11.98   26.41   33.89   199.43   87.95   178.16  104.28 
 459   54.32   19.01     29.37    7.07    3.68     15.54   15.11   16.55     17.67   15.17   12.90     11.43   24.48   33.87   200.43   87.19   178.90  103.38 
 460   54.32   18.91     28.32    7.94    3.69     16.39   13.15   16.54     17.67   15.17   12.91     11.21   24.14   33.85   199.61   87.49   178.29  103.45 
 461   47.39   20.10     27.56    8.73    3.70     16.41   12.85   16.53     17.48   15.50   12.91     11.06   24.33   33.83   200.32   88.81   178.94  104.31 
 462   47.39   19.93     27.12    9.18    3.71     16.45   12.81   16.53     17.48   15.50   12.92     11.14   23.77   33.80   200.38   88.70   178.71  104.31 
 463   47.39   19.91     27.13    9.18    3.73     16.16   13.13   16.52     17.48   15.50   12.93     11.01   24.10   33.78   200.35   89.35   178.81  104.58 
 464   47.39   19.87     26.66    9.67    3.74     16.09   13.21   16.51     17.48   15.50   12.93     10.90   24.31   33.76   201.17   89.29   179.39  104.73 
 465   47.39   19.95     27.83    8.42    3.75     16.22   13.08   16.50     17.48   15.50   12.94     10.93   24.20   33.74   199.97   87.34   178.04  103.30 
 466   54.17   19.34     27.38    8.90    3.76     17.04   11.85   16.49     17.45   15.51   12.94     11.01   23.96   33.72   201.27   88.55   179.21  104.19 
 467   54.17   19.23     27.81    8.47    3.77     16.97   12.03   16.48     17.45   15.51   12.95     10.80   24.55   33.70   199.95   88.35   177.85  103.96 
 468   54.17   19.18     28.09    8.18    3.78     17.03   11.87   16.47     17.45   15.51   12.95     10.84   24.43   33.68   200.40   87.75   178.55  103.55 
 469   54.17   19.24     27.93    8.35    3.79     17.35   11.62   16.46     17.45   15.51   12.96     11.14   23.98   33.66   199.49   88.57   177.88  104.36 
 470   54.17   19.57     27.85    8.38    3.80     16.67   13.69   16.46     17.45   15.51   12.96     11.66   24.64   33.64   199.56   87.94   177.84  103.51 
 471   44.74   20.38     28.63    7.68    3.81     15.83   16.91   16.46     17.45   15.47   12.97     11.90   26.87   33.63   198.66   88.18   177.04  103.99 
 472   44.74   20.14     30.82    5.98    3.81     15.17   20.06   16.47     17.45   15.47   12.98     11.82   29.30   33.62   199.22   85.36   177.80  100.58 
 473   44.74   19.66     30.08    6.49    3.82     15.35   20.46   16.48     17.45   15.47   12.98     12.39   29.27   33.61   197.91   85.74   176.91  101.45 
 474   44.74   19.64     30.70    6.07    3.82     15.29   20.73   16.48     17.45   15.47   12.99     12.42   29.19   33.60   197.38   86.17   176.18  101.35 
 475   44.74   19.65     32.39    4.98    3.82     16.06   20.03   16.49     17.45   15.47   12.99     12.53   29.22   33.59   200.34   82.41   179.06   98.27 
 476   50.15   19.58     33.95    4.17    3.82     16.75   18.80   16.50     17.62   15.17   13.00     12.67   29.75   33.58   200.39   81.24   179.23   97.51 
