   6    2.52   24.23     48.66    0.70    0.95     25.40    5.01    6.63     50.26    0.29   32.29      7.72   38.27   38.62   178.29   77.13   156.76   98.87 
   7    2.52   23.53     42.70    1.39    1.01     21.35    7.95    6.82     50.26    0.29   27.72      7.75   37.95   38.53   178.91   77.85   157.64   99.68 
   8    2.52   23.69     43.72    1.24    1.04     23.88    5.99    6.71     50.26    0.29   24.29      7.73   38.01   38.46   178.59   77.04   157.12   98.62 
   9    2.52   23.11     48.65    0.70    1.00     25.14    5.14    6.54     50.26    0.29   21.62      7.80   37.70   38.38   178.30   77.43   157.14   99.23 
  10    2.52   23.69     46.57    0.89    0.99     23.81    5.98    6.48     50.26    0.29   19.49      7.67   38.30   38.37   178.33   77.67   157.25   99.40 
  11    3.14   23.12     51.84    0.49    0.95     29.51    3.12    6.18     41.97    0.74   17.79      7.86   37.48   38.29   178.43   77.04   157.45   99.02 
  12    3.14   23.08     43.86    1.23    0.97     23.02    6.56    6.21     41.97    0.74   16.37      7.67   38.64   38.32   178.59   78.34   157.59  100.38 
  13    3.14   23.10     41.94    1.54    1.01     22.42    7.09    6.28     41.97    0.74   15.16      7.97   37.30   38.24   180.12   78.32   158.57   99.87 
  14    3.14   23.23     42.83    1.40    1.04     22.75    6.75    6.31     41.97    0.74   14.13      7.74   38.19   38.24   182.59   79.67   161.22  101.46 
  15    3.14   23.02     44.51    1.16    1.05     22.13    7.23    6.37     41.97    0.74   13.24      7.89   37.32   38.17   182.41   79.74   161.20  101.53 
  16    4.61   22.73     46.50    0.92    1.04     23.14    6.46    6.38     39.74    0.96   12.47      7.94   36.97   38.10   182.63   79.30   161.30  100.94 
  17    4.61   23.84     41.02    1.71    1.08     15.78   15.11    6.89     39.74    0.96   11.80      7.99   37.26   38.05   180.83   80.07   158.82  101.39 
  18    4.61   22.74     28.52    6.94    1.41     11.23   25.86    7.94     39.74    0.96   11.19      7.71   38.86   38.10   179.28   79.66   157.26  100.91 
  19    4.61   22.66     22.77   13.06    2.02      9.19   33.41    9.28     39.74    0.96   10.66      7.15   42.00   38.30   179.19   79.80   157.03  101.06 
  20    4.61   23.81     33.50    3.62    2.10      9.23   35.83   10.61     39.74    0.96   10.17      6.40   45.58   38.66   160.18   76.33   138.28   97.51 
  21    5.94   23.10     30.40    5.08    2.24     18.57   12.40   10.70     33.73    1.93    9.78      9.44   34.12   38.45   156.27   76.06   134.59   97.36 
  22    5.94   23.21     29.24    5.64    2.40     15.85   16.92   10.98     33.73    1.93    9.42      8.93   36.09   38.34   150.42   77.28   127.80   98.12 
  23    5.94   22.97     25.60    8.22    2.65     12.36   24.98   11.59     33.73    1.93    9.10      9.12   35.37   38.21   145.48   76.63   122.58   97.40 
  24    5.94   23.04     24.17    9.46    2.93     11.02   28.27   12.28     33.73    1.93    8.80      8.67   37.53   38.18   141.40   81.57   119.64  102.06 
  25    5.94   23.02     30.44    4.53    3.00     11.22   28.00   12.91     33.73    1.93    8.52      8.72   37.10   38.14   129.62   83.25   107.95  103.56 
  26   10.98   24.11     31.47    4.04    3.04     18.74   11.76   12.87     35.01    1.70    8.26      9.90   32.65   37.93   125.56   88.58   104.18  109.07 
  27   10.98   24.30     29.75    4.92    3.11     18.46   12.19   12.84     35.01    1.70    8.02     11.15   28.96   37.60   123.70   91.87   102.42  112.14 
  28   10.98   24.35     28.09    6.17    3.22     16.17   15.96   12.95     35.01    1.70    7.79     10.65   31.03   37.36   125.58   97.15   104.31  117.20 
  29   10.98   24.19     30.11    5.00    3.28     15.36   17.57   13.11     35.01    1.70    7.58     10.64   30.92   37.14   123.35  101.73   102.40  122.08 
  30   10.98   24.44     33.36    3.55    3.29     13.90   20.77   13.37     35.01    1.70    7.39     10.03   33.15   37.01   123.54  107.72   102.78  128.15 
  31   30.67   24.13     33.07    3.77    3.30     21.91    8.36   13.21     26.61    4.53    7.29     10.24   32.44   36.86   125.60  110.92   105.24  131.37 
  32   30.67   24.09     32.08    4.28    3.33     18.66   12.31   13.18     26.61    4.53    7.21     10.00   33.80   36.76   130.29  111.26   109.66  131.67 
  33   30.67   23.93     30.43    5.23    3.39     18.37   12.88   13.17     26.61    4.53    7.13     10.18   33.40   36.66   132.54  111.04   112.10  131.35 
  34   30.67   23.89     31.22    4.93    3.44     16.17   17.01   13.28     26.61    4.53    7.05      9.81   35.50   36.63   137.77  111.14   117.02  131.28 
  35   30.67   23.88     33.11    4.08    3.45     15.58   18.90   13.44     26.61    4.53    6.98      9.34   38.38   36.68   145.59  112.04   125.00  132.13 
  36   10.54   26.55     34.31    3.68    3.46     21.45    9.99   13.35     31.17    2.73    6.86      9.97   37.07   36.69   154.10  111.76   133.72  131.85 
  37   10.54   26.76     33.20    4.36    3.48     18.82   13.89   13.36     31.17    2.73    6.75      9.71   39.20   36.76   163.75  111.05   143.23  131.28 
  38   10.54   27.41     35.21    3.57    3.49     17.16   17.07   13.46     31.17    2.73    6.64     10.02   38.67   36.81   171.97  111.74   151.43  132.26 
  39   10.54   26.62     36.92    2.96    3.47     16.51   18.55   13.59     31.17    2.73    6.54     10.50   37.03   36.81   175.13  112.47   154.82  133.05 
  40   10.54   26.75     37.83    2.76    3.46     15.97   19.74   13.74     31.17    2.73    6.45      9.78   39.59   36.88   182.56  115.78   161.95  136.22 
  41   16.64   25.35     35.58    3.70    3.46     19.05   13.68   13.74     28.50    3.83    6.38     10.09   37.88   36.91   188.90  118.55   168.08  139.09 
  42   16.64   25.40     33.40    4.92    3.50     17.57   15.91   13.79     28.50    3.83    6.32     10.19   36.92   36.91   193.47  120.40   173.05  141.35 
  43   16.64   26.16     38.74    2.71    3.48     17.88   15.11   13.82     28.50    3.83    6.26     10.05   36.89   36.91   199.26  122.89   179.01  143.40 
  44   16.64   25.26     37.27    3.19    3.47     16.10   18.23   13.92     28.50    3.83    6.21     10.03   36.64   36.90   200.10  121.28   179.57  141.64 
  45   16.64   25.36     38.12    2.89    3.46     15.11   20.15   14.06     28.50    3.83    6.15     10.27   35.07   36.86   198.78  121.79   178.43  142.32 
  46   18.12   25.15     40.07    2.31    3.43     21.00    9.96   13.97     26.22    5.07    6.13     10.45   33.58   36.79   199.30  122.52   178.89  142.97 
  47   18.12   25.94     37.47    3.14    3.43     18.60   12.91   13.95     26.22    5.07    6.11     10.36   33.41   36.72   200.51  123.08   179.88  143.05 
  48   18.12   25.04     39.61    2.45    3.41     17.62   14.27   13.96     26.22    5.07    6.09     10.32   33.05   36.64   200.45  122.83   180.05  142.85 
  49   18.12   24.87     35.16    4.08    3.42     17.14   14.91   13.98     26.22    5.07    6.07     10.48   32.25   36.55   200.80  120.16   180.44  140.71 
  50   18.12   25.79     37.70    3.02    3.41     16.80   15.46   14.01     26.22    5.07    6.05     10.46   32.17   36.46   200.19  118.51   180.03  139.23 
  51   14.77   26.30     36.79    3.33    3.41     22.22    8.29   13.90     26.69    4.83    6.02     10.54   32.09   36.38   200.48  114.61   180.35  135.60 
  52   14.77   26.44     38.04    2.86    3.40     18.52   12.70   13.87     26.69    4.83    6.00     10.47   32.15   36.30   199.99  111.90   180.06  133.00 
  53   14.77   26.79     40.23    2.23    3.38     18.72   12.46   13.85     26.69    4.83    5.98     10.50   32.22   36.22   201.87  110.14   181.24  130.69 
  54   14.77   26.24     42.51    1.72    3.35     16.71   15.77   13.88     26.69    4.83    5.96     10.58   32.22   36.15   204.40  109.28   183.78  129.73 
  55   14.77   26.37     39.05    2.55    3.33     16.28   16.78   13.93     26.69    4.83    5.94     10.57   32.31   36.08   204.70  106.68   184.09  127.04 
  56   14.81   25.42     40.51    2.14    3.31     20.52   10.37   13.87     26.09    5.19    5.92     10.62   32.18   36.01   203.73  105.43   182.94  125.82 
  57   14.81   24.62     37.92    2.81    3.30     19.50   11.80   13.83     26.09    5.19    5.91     10.36   33.17   35.96   199.57  104.69   178.52  124.92 
  58   14.81   25.65     39.05    2.38    3.29     17.14   15.72   13.87     26.09    5.19    5.90      9.95   34.61   35.93   192.11  102.57   170.98  122.88 
  59   14.81   24.40     36.66    3.02    3.28     15.74   19.05   13.95     26.09    5.19    5.89      9.33   37.34   35.96   181.58   98.80   160.39  118.78 
  60   14.81   25.61     38.22    2.42    3.27     14.83   21.29   14.08     26.09    5.19    5.87      9.46   37.63   35.98   172.25   97.44   151.10  118.17 
  61   19.09   24.99     40.92    1.69    3.24     19.25   13.12   14.06     23.65    6.92    5.89      9.89   36.41   35.99   162.14   97.46   141.18  118.03 
  62   19.09   25.23     40.32    1.76    3.22     18.37   14.63   14.07     23.65    6.92    5.91     10.62   34.79   35.97   156.92   96.22   136.25  117.06 
  63   19.09   24.88     38.46    2.08    3.20     16.79   17.62   14.13     23.65    6.92    5.92      9.74   37.75   36.00   146.82   96.24   125.86  116.84 
  64   19.09   24.90     35.40    2.86    3.19     15.81   19.74   14.21     23.65    6.92    5.94     10.21   36.91   36.01   139.42   95.01   118.28  115.62 
  65   19.09   25.27     32.92    3.73    3.20     15.05   21.78   14.33     23.65    6.92    5.95     10.49   36.78   36.03   133.82   94.49   113.47  115.65 
  66   16.05   24.92     34.11    3.26    3.20     16.97   17.67   14.38     22.84    7.70    5.98     10.50   37.44   36.05   133.31   95.93   112.83  116.83 
  67   16.05   24.76     32.15    4.14    3.22     17.74   16.15   14.41     22.84    7.70    6.01     10.61   37.22   36.07   134.06   97.16   113.75  118.53 
  68   16.05   24.86     33.97    3.34    3.22     17.19   17.25   14.45     22.84    7.70    6.03     10.66   36.91   36.08   134.98   97.40   115.11  118.91 
  69   16.05   24.75     34.66    3.15    3.22     17.87   15.94   14.47     22.84    7.70    6.06     10.71   36.45   36.08   138.39   99.60   118.12  120.39 
  70   16.05   24.88     38.86    1.99    3.20     16.95   17.63   14.52     22.84    7.70    6.08     10.51   36.98   36.10   143.60  100.54   123.57  121.33 
  71   16.49   24.74     37.40    2.41    3.19     20.93   11.09   14.47     23.60    7.15    6.09     10.86   35.16   36.08   149.80   99.85   129.63  120.62 
  72   16.49   25.01     40.04    1.83    3.17     18.93   13.94   14.46     23.60    7.15    6.11     10.99   34.42   36.06   155.88   99.24   135.66  119.57 
  73   16.49   24.84     38.53    2.24    3.16     20.05   12.14   14.43     23.60    7.15    6.12     11.08   34.06   36.03   162.85   99.97   142.27  120.06 
  74   16.49   24.66     34.98    3.42    3.16     20.46   11.54   14.39     23.60    7.15    6.14     11.36   33.05   35.99   165.89   99.91   145.30  120.09 
  75   16.49   24.48     33.98    3.93    3.17     19.76   12.47   14.36     23.60    7.15    6.15     10.97   34.44   35.97   173.11   99.63   152.26  119.40 
  76   16.28   24.17     34.75    3.69    3.18     18.03   15.30   14.38     24.03    6.86    6.16     10.97   34.55   35.95   176.47   98.85   155.71  118.89 
  77   16.28   24.29     34.27    3.96    3.19     16.82   17.77   14.42     24.03    6.86    6.17     10.69   35.59   35.95   183.51   99.20   163.01  118.88 
  78   16.28   24.31     33.60    4.36    3.20     16.80   17.67   14.46     24.03    6.86    6.18     10.65   35.62   35.94   188.84   99.28   167.41  118.75 
  79   16.28   24.31     33.96    4.21    3.22     16.57   18.12   14.51     24.03    6.86    6.19     10.87   34.82   35.93   189.34   99.57   168.07  118.74 
  80   16.28   24.64     36.28    3.22    3.22     17.78   15.93   14.53     24.03    6.86    6.19     11.02   34.55   35.91   189.34  100.75   168.27  119.96 
  81   16.61   26.05     33.75    4.40    3.23     20.38   11.79   14.49     23.30    7.53    6.21     11.26   33.52   35.88   189.90  103.84   168.89  123.01 
  82   16.61   26.96     36.83    3.10    3.23     18.78   13.44   14.48     23.30    7.53    6.23     11.36   31.31   35.83   189.85  108.75   169.23  128.27 
  83   16.61   25.97     36.80    3.19    3.23     16.38   17.28   14.51     23.30    7.53    6.24     10.86   32.09   35.78   192.93  114.29   172.76  133.94 
  84   16.61   26.07     39.42    2.38    3.22     15.82   17.97   14.55     23.30    7.53    6.26     10.75   31.88   35.74   190.24  118.05   169.55  137.58 
  85   16.61   25.52     40.88    2.01    3.21     16.26   16.90   14.58     23.30    7.53    6.27     10.52   32.60   35.70   188.56  119.26   167.83  139.10 
  86   20.25   25.77     37.83    2.81    3.20     18.35   13.02   14.56     22.57    8.20    6.30     10.16   33.11   35.67   184.90  119.74   163.83  139.55 
  87   20.25   25.82     35.30    3.69    3.21     16.40   15.97   14.58     22.57    8.20    6.32      9.31   35.65   35.67   177.32  120.48   156.12  140.15 
  88   20.25   25.70     37.83    2.68    3.20     16.31   15.86   14.59     22.57    8.20    6.34      9.63   33.97   35.65   170.74  121.12   149.18  140.63 
  89   20.25   25.83     35.01    3.61    3.20     16.57   15.17   14.60     22.57    8.20    6.36      9.15   34.78   35.64   162.84  122.49   141.88  142.14 
  90   20.25   25.98     37.72    2.58    3.20     16.56   15.15   14.61     22.57    8.20    6.38      9.55   33.54   35.62   156.71  121.91   135.72  142.01 
  91   18.90   25.11     36.52    2.92    3.19     20.88    9.23   14.55     22.12    8.61    6.41     10.41   31.05   35.57   155.05  119.42   134.21  139.45 
  92   18.90   25.24     42.16    1.45    3.18     19.35   11.12   14.51     22.12    8.61    6.43      9.45   35.50   35.57   150.50  109.76   129.82  129.94 
  93   18.90   25.00     37.81    2.32    3.17     19.03   11.90   14.48     22.12    8.61    6.45     10.09   33.46   35.54   152.39  101.65   131.48  121.89 
  94   18.90   25.03     36.87    2.58    3.16     18.89   12.52   14.46     22.12    8.61    6.48     10.78   31.73   35.50   152.75   97.28   131.93  117.59 
  95   18.90   25.07     44.32    1.09    3.14     18.51   13.48   14.45     22.12    8.61    6.50     11.45   30.50   35.45   153.88   97.34   133.29  117.84 
  96   20.57   25.45     39.70    1.91    3.13     18.87   13.25   14.44     22.75    8.00    6.51     11.27   31.92   35.41   157.55   98.07   136.65  118.43 
  97   20.57   25.22     40.67    1.71    3.11     18.09   14.72   14.44     22.75    8.00    6.53     11.50   31.47   35.37   159.53   97.41   138.70  117.97 
  98   20.57   25.00     45.51    1.01    3.09     17.57   15.95   14.46     22.75    8.00    6.54     11.24   33.24   35.35   166.40   96.65   145.55  117.06 
  99   20.57   24.74     35.35    3.35    3.09     18.05   15.32   14.47     22.75    8.00    6.56     11.09   34.45   35.34   172.37   95.55   151.48  116.05 
 100   20.57   24.86     34.12    3.99    3.10     17.40   16.99   14.49     22.75    8.00    6.57     10.77   36.22   35.35   179.57   95.34   159.12  116.26 
 101   21.94   24.47     36.05    3.30    3.10     17.29   17.42   14.52     22.31    8.46    6.59     10.95   35.81   35.35   187.88   95.75   167.42  116.34 
 102   21.94   24.78     40.05    2.11    3.09     16.33   19.70   14.57     22.31    8.46    6.61     11.07   35.68   35.36   194.81   93.25   174.19  113.77 
 103   21.94   24.75     36.63    3.13    3.09     16.73   18.85   14.61     22.31    8.46    6.63     11.22   35.60   35.36   193.11   91.94   172.68  112.70 
 104   21.94   24.75     33.69    4.45    3.11     17.23   17.85   14.64     22.31    8.46    6.65     11.57   34.39   35.35   194.25   95.05   174.39  115.59 
 105   21.94   24.71     35.84    3.56    3.11     17.34   17.50   14.67     22.31    8.46    6.66     10.98   36.64   35.36   195.57  101.34   175.76  121.64 
 106   29.71   24.75     36.91    3.13    3.11     21.09   11.25   14.64     22.44    8.41    6.68     11.49   34.01   35.35   194.05  102.46   174.17  123.29 
 107   29.71   24.79     39.17    2.35    3.10     20.21   12.42   14.62     22.44    8.41    6.70     11.21   34.71   35.34   190.55  101.78   170.44  122.33 
 108   29.71   24.69     33.82    4.31    3.12     20.56   11.93   14.59     22.44    8.41    6.71     11.45   33.78   35.33   185.63  100.78   165.62  121.51 
 109   29.71   24.63     34.11    3.97    3.12     20.07   12.56   14.57     22.44    8.41    6.73     10.93   35.49   35.33   174.16   99.77   154.14  120.51 
 110   29.71   24.52     34.87    3.49    3.13     18.80   14.56   14.57     22.44    8.41    6.74     10.69   36.41   35.34   167.04   99.86   147.05  120.75 
 111   33.78   25.71     37.83    2.44    3.12     20.18   12.31   14.55     22.12    8.79    6.76     11.05   34.73   35.34   160.09  103.29   140.02  123.51 
 112   33.78   25.52     35.79    3.08    3.12     20.36   11.83   14.53     22.12    8.79    6.78     11.18   33.90   35.32   155.16  107.93   135.28  128.71 
 113   33.78   24.96     34.45    3.64    3.12     20.54   11.46   14.50     22.12    8.79    6.80     11.06   34.15   35.31   153.63  112.34   133.32  132.88 
 114   33.78   25.17     34.75    3.54    3.13     19.01   13.61   14.49     22.12    8.79    6.81     10.99   34.27   35.30   154.62  113.90   134.45  134.75 
 115   33.78   25.25     33.06    4.37    3.14     19.18   13.05   14.48     22.12    8.79    6.83     10.73   34.56   35.30   155.73  115.66   135.41  136.41 
 116   26.22   24.67     35.06    3.53    3.14     19.10   13.02   14.47     22.34    8.60    6.85     10.41   35.31   35.30   159.82  117.05   139.81  137.71 
 117   26.22   24.39     34.20    4.02    3.15     17.71   14.81   14.47     22.34    8.60    6.86     10.38   34.44   35.29   167.03  117.74   146.56  138.54 
 118   26.22   24.36     33.25    4.65    3.16     17.42   15.02   14.48     22.34    8.60    6.88     10.15   34.33   35.28   174.21  120.68   154.13  141.11 
 119   26.22   24.32     34.93    3.95    3.17     18.09   13.52   14.47     22.34    8.60    6.89     10.02   33.77   35.27   181.29  122.94   161.13  143.16 
 120   26.22   24.55     38.60    2.61    3.16     18.64   12.50   14.45     22.34    8.60    6.91     10.24   32.53   35.25   185.33  123.19   164.97  143.23 
 121   41.39   25.91     37.58    2.94    3.16     20.37   10.16   14.42     22.14    8.79    6.92     10.27   32.38   35.22   188.37  120.94   167.96  140.65 
 122   41.39   24.75     38.46    2.64    3.16     19.44   11.38   14.39     22.14    8.79    6.94     10.16   33.11   35.20   190.13  115.37   169.57  135.38 
 123   41.39   24.52     40.55    2.04    3.15     19.45   11.45   14.37     22.14    8.79    6.95     10.08   33.54   35.19   190.16  110.02   169.82  130.19 
 124   41.39   24.69     43.26    1.48    3.14     18.07   13.49   14.36     22.14    8.79    6.97     10.42   32.34   35.17   190.27  106.08   170.18  126.34 
 125   41.39   24.39     44.86    1.21    3.12     17.37   14.95   14.37     22.14    8.79    6.98     10.37   33.11   35.15   190.16  100.27   169.90  120.34 
 126   29.20   24.37     41.89    1.70    3.11     20.06   11.10   14.34     22.02    8.91    7.00     11.08   30.97   35.12   190.26   97.44   169.82  117.54 
 127   29.20   24.48     44.83    1.20    3.09     18.56   13.65   14.33     22.02    8.91    7.01     10.87   32.71   35.10   192.09   93.63   171.61  113.89 
 128   29.20   24.73     40.51    2.00    3.09     17.71   15.46   14.34     22.02    8.91    7.03     11.02   32.86   35.08   193.94   90.51   173.55  110.49 
 129   29.20   24.54     42.35    1.62    3.07     16.89   17.08   14.36     22.02    8.91    7.04     11.24   32.92   35.07   194.25   91.81   173.87  111.86 
 130   29.20   24.76     41.01    1.86    3.07     16.41   18.45   14.40     22.02    8.91    7.05     11.09   33.80   35.06   193.17   90.05   172.56  109.93 
 131   33.51   24.82     40.43    1.97    3.06     18.01   15.61   14.40     21.82    9.13    7.07     11.26   33.64   35.05   191.79   89.59   171.17  109.22 
 132   33.51   25.25     38.11    2.55    3.05     17.40   16.80   14.42     21.82    9.13    7.09     11.59   32.39   35.02   190.01   88.97   169.28  108.59 
 133   33.51   24.62     36.03    3.13    3.05     16.40   18.24   14.45     21.82    9.13    7.10     10.57   36.00   35.03   179.14   87.96   158.83  108.01 
 134   33.51   24.57     36.70    2.79    3.05     16.87   17.29   14.47     21.82    9.13    7.12     10.90   34.05   35.02   171.63   87.28   151.69  107.66 
 135   33.51   24.60     30.88    5.14    3.07     15.86   19.39   14.51     21.82    9.13    7.13     10.94   33.33   35.01   163.64   85.67   144.21  106.19 
 136   26.47   24.93     32.64    3.95    3.07     17.52   15.71   14.52     21.36    9.66    7.15     10.61   33.42   35.00   152.85   83.92   133.05  104.58 
 137   26.47   24.37     32.26    3.99    3.08     17.63   15.13   14.52     21.36    9.66    7.17     11.35   30.77   34.97   145.96   81.04   126.21  101.81 
 138   26.47   24.60     37.91    2.02    3.07     16.65   15.78   14.53     21.36    9.66    7.19     11.41   29.44   34.93   136.02   82.29   116.30  103.30 
 139   26.47   23.86     28.75    5.80    3.09     16.64   15.59   14.54     21.36    9.66    7.20     12.00   27.22   34.87   132.56   87.60   112.78  108.56 
 140   26.47   24.33     31.93    4.12    3.10     17.06   14.80   14.54     21.36    9.66    7.22     11.34   29.05   34.83   134.12   93.53   113.57  114.08 
 141   31.56   26.64     31.87    4.24    3.11     20.22   10.21   14.51     21.37    9.63    7.24     11.57   28.07   34.78   135.15   97.99   114.16  118.19 
 142   31.56   27.10     32.39    4.05    3.11     18.68   12.30   14.49     21.37    9.63    7.26     11.23   29.14   34.74   138.00  100.11   117.04  119.93 
 143   31.56   26.76     31.74    4.43    3.12     17.96   13.50   14.49     21.37    9.63    7.27     11.47   28.45   34.70   140.99   99.93   120.34  119.95 
 144   31.56   27.40     37.98    2.22    3.12     19.49   11.55   14.47     21.37    9.63    7.29     11.09   30.13   34.67   147.33  101.54   126.37  121.59 
 145   31.56   27.77     39.24    2.01    3.11     19.68   11.59   14.45     21.37    9.63    7.31     10.78   31.88   34.65   155.43  101.59   134.09  121.46 
 146   34.43   25.06     38.74    2.22    3.10     19.02   12.73   14.44     21.47    9.52    7.32     10.82   32.59   34.64   163.77  102.40   142.32  122.23 
 147   34.43   24.95     37.74    2.58    3.10     19.11   12.72   14.42     21.47    9.52    7.34     10.73   33.31   34.63   172.76  102.48   151.68  122.77 
 148   34.43   25.01     37.93    2.60    3.10     17.57   15.44   14.43     21.47    9.52    7.35     11.09   32.27   34.61   179.62  102.35   158.48  122.79 
 149   34.43   25.19     37.41    2.79    3.09     18.58   13.76   14.43     21.47    9.52    7.36     11.43   31.23   34.59   181.49  102.27   160.66  122.65 
 150   34.43   25.59     38.20    2.56    3.09     18.08   14.54   14.43     21.47    9.52    7.38     11.30   31.52   34.57   186.60  101.66   165.79  122.07 
 151   39.79   25.99     37.86    2.65    3.09     19.44   12.50   14.41     21.21    9.81    7.39     11.22   31.87   34.55   186.01   98.46   165.28  118.78 
 152   39.79   26.19     38.07    2.59    3.08     19.31   12.73   14.40     21.21    9.81    7.41     11.69   30.33   34.52   187.40   95.91   166.79  116.41 
 153   39.79   26.23     40.16    2.05    3.08     17.90   15.04   14.41     21.21    9.81    7.43     11.39   31.55   34.50   189.17   94.48   168.48  115.00 
 154   39.79   25.65     41.08    1.84    3.07     19.88   12.12   14.39     21.21    9.81    7.44     11.53   31.43   34.48   190.50   94.15   169.71  114.38 
 155   39.79   25.66     39.06    2.32    3.07     20.01   12.00   14.38     21.21    9.81    7.46     11.34   32.19   34.47   190.07   93.86   169.22  113.73 
 156   30.69   26.03     37.78    2.66    3.06     18.45   14.29   14.38     21.04   10.02    7.47     11.27   32.44   34.45   188.28   94.15   167.11  114.03 
 157   30.69   25.69     42.34    1.53    3.05     15.10   17.45   14.40     21.04   10.02    7.49     10.04   31.07   34.43   181.50   93.45   160.86  113.66 
 158   30.69   25.08     38.92    2.21    3.05     13.04   19.63   14.43     21.04   10.02    7.51      9.55   29.72   34.40   176.08   92.95   155.42  113.22 
 159   30.69   25.58     41.27    1.62    3.04     12.90   19.79   14.46     21.04   10.02    7.52      7.90   33.32   34.40   166.07   90.96   144.95  111.34 
 160   30.69   25.26     41.32    1.54    3.03     11.19   23.70   14.52     21.04   10.02    7.54      7.22   35.11   34.40   157.84   91.58   136.58  111.52 
 161   40.01   23.79     42.21    1.36    3.02     15.62   14.13   14.52     20.89   10.16    7.55      9.08   29.81   34.37   154.28   90.74   132.89  110.68 
 162   40.01   22.71     35.74    2.72    3.02     14.32   15.94   14.53     20.89   10.16    7.57      7.92   32.89   34.36   145.89   89.38   125.06  109.83 
 163   40.01   22.57     34.23    3.13    3.02     14.00   16.01   14.54     20.89   10.16    7.59      7.67   33.09   34.36   137.98   87.74   116.83  108.08 
 164   40.01   23.42     32.72    3.70    3.02     13.85   16.03   14.55     20.89   10.16    7.60      8.73   29.99   34.33   132.13   93.41   111.01  113.58 
 165   40.01   23.97     35.42    2.75    3.02     13.21   17.00   14.56     20.89   10.16    7.62      8.77   29.89   34.30   127.15  103.89   106.63  124.65 
 166   46.24   25.92     33.05    3.66    3.02     18.90    8.77   14.53     21.10    9.84    7.63     10.39   24.19   34.24   127.79  107.87   107.15  128.35 
 167   46.24   25.98     42.88    1.24    3.01     16.71   11.20   14.51     21.10    9.84    7.64      9.93   25.17   34.19   128.38  114.75   107.58  135.33 
 168   46.24   25.92     38.19    2.20    3.01     15.62   12.69   14.49     21.10    9.84    7.66      9.49   26.43   34.14   131.14  119.48   111.16  140.28 
 169   46.24   25.88     39.69    1.90    3.00     15.63   12.82   14.48     21.10    9.84    7.67      9.38   26.90   34.10   136.72  122.91   116.02  143.19 
 170   46.24   26.01     36.94    2.70    3.00     16.14   12.23   14.47     21.10    9.84    7.68      9.08   28.37   34.06   143.39  121.86   123.14  142.38 
 171   36.81   25.16     46.48    0.92    2.99     19.91    8.03   14.43     20.92    9.97    7.70      9.71   26.69   34.02   151.44  123.19   131.66  143.56 
 172   36.81   25.70     45.36    1.08    2.98     19.85    8.15   14.40     20.92    9.97    7.71     11.14   22.64   33.95   156.09  123.61   136.21  143.71 
 173   36.81   25.00     44.68    1.20    2.97     19.86    8.09   14.36     20.92    9.97    7.72     10.27   25.59   33.91   166.15  123.23   146.32  143.62 
 174   36.81   25.02     39.88    2.17    2.96     18.01   10.22   14.34     20.92    9.97    7.73     10.55   24.87   33.85   174.74  123.43   154.56  143.52 
 175   36.81   25.16     42.24    1.69    2.95     16.27   12.56   14.33     20.92    9.97    7.75     10.31   25.73   33.81   182.18  121.80   162.15  142.08 
 176   58.99   24.96     47.74    0.91    2.94     18.61    9.55   14.30     20.96    9.85    7.76     10.77   24.36   33.75   188.59  119.86   168.25  140.08 
 177   58.99   24.74     55.05    0.39    2.93     17.59   10.77   14.28     20.96    9.85    7.77     11.13   23.31   33.70   192.54  117.17   172.12  137.34 
 178   58.99   25.02     51.86    0.57    2.92     17.24   11.17   14.26     20.96    9.85    7.78     11.18   22.96   33.64   193.79  115.08   173.71  135.64 
 179   58.99   24.72     41.67    1.84    2.91     16.37   12.48   14.25     20.96    9.85    7.79     11.22   22.99   33.58   194.59  112.06   174.70  132.36 
 180   58.99   25.11     38.72    2.57    2.91     16.34   12.58   14.24     20.96    9.85    7.81     11.23   22.95   33.52   193.79  110.45   173.42  130.38 
 181   51.27   26.99     41.79    1.78    2.90     18.92    9.74   14.22     21.06    9.68    7.82     11.15   24.22   33.47   196.64  104.18   176.18  124.45 
 182   51.27   25.72     42.49    1.64    2.89     15.72   16.13   14.23     21.06    9.68    7.83     10.79   28.06   33.44   198.29   98.02   177.53  117.78 
 183   51.27   25.73     41.03    1.94    2.89     16.67   16.13   14.24     21.06    9.68    7.84     11.60   28.89   33.41   198.68   96.97   178.30  116.83 
 184   51.27   26.21     39.69    2.26    2.89     16.99   16.14   14.25     21.06    9.68    7.85     11.83   29.38   33.39   198.09   95.88   177.65  116.17 
 185   51.27   27.19     34.10    4.30    2.89     17.88   15.56   14.26     21.06    9.68    7.86     11.82   30.96   33.38   199.20   92.99   178.86  113.67 
 186   42.16   26.77     35.61    3.58    2.90     17.68   16.51   14.27     20.52   10.30    7.87     11.74   32.54   33.37   197.50   92.64   177.10  113.34 
 187   42.16   26.90     40.68    1.95    2.89     19.15   14.22   14.27     20.52   10.30    7.88     11.59   33.93   33.37   191.80   93.06   171.31  113.63 
 188   42.16   27.21     39.70    2.13    2.89     19.87   13.35   14.26     20.52   10.30    7.90     11.64   34.18   33.38   186.92   92.28   166.31  112.62 
 189   42.16   26.57     34.78    3.58    2.89     17.36   17.66   14.28     20.52   10.30    7.91     10.96   36.88   33.40   176.80   89.54   155.90  109.61 
 190   42.16   26.53     37.56    2.58    2.89     20.00   12.96   14.27     20.52   10.30    7.92     11.86   33.56   33.40   174.03   89.67   153.86  110.08 
 191   33.86   26.76     34.42    3.58    2.89     18.70   15.35   14.28     20.35   10.55    7.93     11.75   33.99   33.40   167.29   88.20   147.29  108.49 
 192   33.86   26.57     33.44    3.89    2.90     17.35   17.88   14.30     20.35   10.55    7.95     11.56   34.42   33.41   163.83   87.59   143.51  107.65 
 193   33.86   27.33     33.29    3.80    2.90     17.91   16.60   14.31     20.35   10.55    7.96     11.65   33.46   33.41   156.28   87.12   136.28  107.30 
 194   33.86   27.79     33.54    3.57    2.91     17.43   17.03   14.32     20.35   10.55    7.98     11.79   32.21   33.40   148.47   86.26   128.42  106.58 
 195   33.86   27.43     33.85    3.37    2.91     17.85   15.95   14.33     20.35   10.55    7.99     12.16   30.66   33.39   145.01   86.11   124.60  106.01 
 196   50.00   24.24     31.57    4.25    2.92     19.00   13.46   14.33     20.74   10.15    8.00     12.01   30.28   33.37   138.87   86.10   118.40  106.01 
 197   50.00   24.04     33.77    3.20    2.92     18.41   14.13   14.33     20.74   10.15    8.01     11.94   30.01   33.35   132.15   86.09   111.46  105.85 
 198   50.00   24.07     30.52    4.60    2.93     18.91   13.34   14.32     20.74   10.15    8.02     12.27   28.79   33.33   127.91   87.29   107.27  107.06 
 199   50.00   23.75     31.74    3.98    2.93     18.65   13.61   14.32     20.74   10.15    8.03     12.27   28.87   33.31   126.78   93.04   105.87  112.78 
 200   50.00   24.04     33.34    3.38    2.93     17.98   14.65   14.32     20.74   10.15    8.04     11.85   30.00   33.29   124.97   97.99   104.53  117.71 
 201   69.54   26.24     31.43    4.28    2.94     19.02   12.91   14.31     20.62   10.30    8.05     12.29   28.15   33.27   125.76  100.01   105.35  119.45 
 202   69.54   26.00     32.44    3.86    2.94     18.62   13.36   14.31     20.62   10.30    8.06     11.92   29.06   33.24   125.69  103.08   105.46  123.10 
 203   69.54   25.95     32.55    3.91    2.95     18.44   13.32   14.30     20.62   10.30    8.08     11.47   29.82   33.23   127.80  105.81   107.61  126.19 
 204   69.54   25.85     36.31    2.61    2.95     18.40   13.11   14.30     20.62   10.30    8.09     10.84   31.19   33.22   133.81  107.53   113.55  127.80 
 205   69.54   25.70     31.27    4.81    2.96     18.19   13.48   14.29     20.62   10.30    8.10     10.65   31.51   33.21   141.28  106.09   120.92  126.44 
 206   57.95   24.46     36.14    2.82    2.96     17.86   14.04   14.29     20.47   10.48    8.11     10.46   32.17   33.20   148.01  104.54   127.84  125.13 
 207   57.95   24.09     31.27    4.98    2.97     18.33   13.43   14.29     20.47   10.48    8.12     11.29   29.72   33.19   153.26  104.83   133.16  124.89 
 208   57.95   24.30     34.34    3.64    2.97     18.30   13.49   14.29     20.47   10.48    8.13     10.99   30.43   33.17   161.64  105.15   141.51  124.87 
 209   57.95   24.04     37.36    2.67    2.97     17.11   15.48   14.29     20.47   10.48    8.14     11.21   29.92   33.16   170.67  104.78   150.20  125.10 
 210   57.95   24.24     41.69    1.68    2.96     17.55   14.94   14.29     20.47   10.48    8.15     11.18   30.40   33.15   176.78  105.49   156.48  125.61 
 211   53.13   24.89     38.35    2.53    2.96     18.19   14.04   14.29     20.47   10.48    8.17     11.10   31.03   33.14   183.15  106.49   162.89  126.33 
 212   53.13   24.73     39.50    2.26    2.96     18.24   13.99   14.29     20.47   10.48    8.18     11.22   31.12   33.13   185.99  108.00   165.20  127.94 
 213   53.13   24.46     40.66    1.99    2.95     18.13   14.29   14.29     20.47   10.48    8.19     11.21   31.43   33.12   187.86  108.29   167.26  128.51 
 214   53.13   24.51     40.23    2.09    2.95     17.95   14.82   14.29     20.47   10.48    8.20     11.09   32.27   33.11   188.81  107.36   168.22  127.71 
 215   53.13   24.89     38.16    2.63    2.95     17.88   15.26   14.30     20.47   10.48    8.21     10.97   33.11   33.11   189.30  102.63   168.93  123.17 
 216   82.95   24.22     39.94    2.12    2.94     18.34   14.62   14.30     20.50   10.45    8.22     10.92   33.51   33.12   189.64   96.86   168.72  117.29 
 217   82.95   24.16     41.48    1.79    2.94     17.17   16.84   14.31     20.50   10.45    8.23     11.14   33.49   33.12   191.94   96.23   171.28  116.54 
 218   82.95   23.75     39.93    2.14    2.93     16.91   17.20   14.32     20.50   10.45    8.24     10.87   34.66   33.12   192.58   97.90   171.85  118.25 
 219   82.95   23.66     37.21    2.94    2.93     16.95   17.17   14.34     20.50   10.45    8.25     11.00   33.85   33.13   191.67   97.02   170.73  117.55 
 220   82.95   23.68     37.32    2.85    2.93     17.13   16.79   14.35     20.50   10.45    8.26     10.66   35.01   33.14   189.63   96.62   168.81  117.39 
 221   53.49   25.85     34.79    3.76    2.94     16.92   17.38   14.36     20.35   10.66    8.27     10.45   35.38   33.15   183.20   95.85   161.67  116.15 
 222   53.49   25.74     33.48    4.24    2.94     17.32   16.47   14.37     20.35   10.66    8.28     10.50   35.37   33.16   175.95   95.65   154.47  115.74 
 223   53.49   26.60     31.75    4.95    2.95     16.88   17.47   14.39     20.35   10.66    8.29     10.05   36.37   33.17   166.22   93.07   144.95  113.45 
 224   53.49   25.96     34.95    3.38    2.95     17.49   16.07   14.39     20.35   10.66    8.30     11.06   33.32   33.17   164.45   93.45   142.83  113.42 
 225   53.49   26.13     34.16    3.58    2.96     17.54   15.84   14.40     20.35   10.66    8.31     10.85   33.22   33.17   158.50   93.00   137.26  113.21 
 226   64.27   23.69     33.54    3.76    2.96     19.02   13.23   14.39     20.27   10.79    8.32     10.87   33.40   33.17   151.94   93.46   130.45  113.79 
 227   64.27   23.43     31.43    4.65    2.97     18.05   14.71   14.40     20.27   10.79    8.33     10.77   33.82   33.18   147.55   92.83   125.90  113.09 
 228   64.27   23.55     31.75    4.41    2.97     16.91   16.54   14.41     20.27   10.79    8.34     10.85   33.43   33.18   142.59   92.54   120.93  112.95 
 229   64.27   23.51     34.53    3.12    2.97     15.82   18.71   14.42     20.27   10.79    8.36     10.84   33.30   33.18   140.71   92.89   119.44  113.39 
 230   64.27   23.74     38.30    2.03    2.97     16.33   17.58   14.44     20.27   10.79    8.37     10.98   32.67   33.18   140.27   93.00   118.95  113.08 
 231   68.15   24.05     34.36    3.20    2.97     19.41   12.26   14.43     20.36   10.68    8.38     11.08   32.16   33.17   139.13   92.88   118.00  113.14 
 232   68.15   24.08     39.67    1.73    2.97     16.99   16.24   14.44     20.36   10.68    8.39     11.02   32.53   33.17   140.70   93.16   119.51  113.71 
 233   68.15   24.16     36.95    2.39    2.96     17.60   15.16   14.44     20.36   10.68    8.40     10.88   32.59   33.17   143.66   92.96   122.75  113.66 
 234   68.15   24.23     36.17    2.69    2.96     18.55   13.51   14.44     20.36   10.68    8.41     11.10   31.43   33.16   148.10   92.98   127.05  113.70 
 235   68.15   24.65     37.77    2.27    2.96     19.66   12.00   14.43     20.36   10.68    8.42     11.37   30.82   33.15   152.85   93.32   131.85  114.08 
 236   65.14   27.35     40.20    1.75    2.95     20.76   10.75   14.41     20.28   10.79    8.43     11.59   30.56   33.14   155.63   93.22   134.64  113.46 
 237   65.14   27.64     37.94    2.32    2.95     20.50   11.12   14.40     20.28   10.79    8.44     11.47   31.47   33.13   162.07   93.27   140.93  113.68 
 238   65.14   27.23     36.50    2.83    2.95     20.52   11.15   14.38     20.28   10.79    8.45     11.50   31.54   33.12   167.24   92.53   146.30  112.99 
 239   65.14   27.46     36.11    3.05    2.95     19.46   12.68   14.38     20.28   10.79    8.46     11.29   32.58   33.12   173.65   92.16   152.92  112.63 
 240   65.14   27.49     37.76    2.60    2.95     18.04   15.56   14.38     20.28   10.79    8.46     11.46   32.74   33.12   179.73   92.54   158.94  112.84 
 241   63.53   25.80     42.64    1.51    2.94     19.56   13.16   14.37     20.08   11.05    8.48     11.37   33.48   33.12   185.46   93.26   164.82  113.66 
 242   63.53   25.39     37.49    2.76    2.94     21.01   11.20   14.36     20.08   11.05    8.49     11.64   32.75   33.12   188.53   94.13   167.84  114.15 
 243   63.53   24.97     34.16    4.09    2.95     19.88   12.66   14.35     20.08   11.05    8.50     11.71   32.62   33.12   189.63   96.84   169.08  117.41 
 244   63.53   24.64     40.58    2.01    2.94     19.22   13.56   14.35     20.08   11.05    8.51     11.50   33.39   33.12   190.08  104.49   170.01  124.82 
 245   63.53   24.13     35.89    3.58    2.95     18.48   14.73   14.35     20.08   11.05    8.52     10.87   35.34   33.13   194.00  113.21   173.72  133.32 
 246   61.90   24.01     35.40    3.82    2.95     18.35   14.90   14.36     20.35   10.75    8.53     10.80   34.96   33.14   192.60  117.61   172.32  137.71 
 247   61.90   24.45     41.78    1.79    2.95     18.72   14.06   14.35     20.35   10.75    8.54     10.48   35.67   33.15   187.98  117.57   167.64  137.79 
 248   61.90   24.47     33.52    4.61    2.95     18.01   15.07   14.36     20.35   10.75    8.54     10.73   34.33   33.15   183.86  116.80   163.43  137.08 
 249   61.90   24.59     36.93    3.00    2.95     18.76   13.27   14.35     20.35   10.75    8.55     10.00   35.53   33.16   175.11  120.17   155.01  140.19 
 250   61.90   25.03     35.21    3.54    2.95     20.42   10.69   14.34     20.35   10.75    8.56      9.42   36.70   33.17   164.02  121.17   143.45  141.54 
 251   76.38   26.50     32.05    4.92    2.96     20.90    9.78   14.32     20.36   10.75    8.57      9.13   36.57   33.19   153.37  121.41   132.97  141.85 
 252   76.38   25.13     34.69    3.54    2.97     20.17   10.07   14.30     20.36   10.75    8.58     10.12   32.12   33.18   146.85  121.80   126.44  141.90 
 253   76.38   24.39     38.80    2.18    2.96     19.89   10.22   14.29     20.36   10.75    8.59     10.64   29.99   33.17   145.80  120.84   125.18  141.11 
 254   76.38   24.35     35.49    3.08    2.96     21.13    8.85   14.27     20.36   10.75    8.60      9.82   33.33   33.17   144.60  114.65   123.83  134.56 
 255   76.38   24.36     36.21    2.79    2.96     18.94   11.47   14.25     20.36   10.75    8.61     10.34   31.31   33.16   142.58  109.08   121.87  129.15 
 256   75.57   24.40     37.69    2.31    2.96     19.16   11.81   14.24     20.27   10.84    8.61     10.66   31.58   33.16   142.62  105.69   121.95  125.87 
 257   75.57   24.47     31.48    4.70    2.97     18.68   12.95   14.24     20.27   10.84    8.62     10.89   31.68   33.15   143.08  101.94   122.41  122.46 
 258   75.57   24.43     36.39    2.61    2.96     18.97   12.58   14.23     20.27   10.84    8.63     11.02   31.48   33.15   142.13   99.67   121.50  120.26 
 259   75.57   24.34     33.89    3.49    2.97     18.85   12.79   14.23     20.27   10.84    8.64     11.43   30.26   33.13   141.11   98.12   120.12  118.72 
 260   75.57   24.47     36.04    2.68    2.97     18.72   13.37   14.22     20.27   10.84    8.65     11.08   32.14   33.13   142.71   95.03   121.47  115.48 
 261   65.77   24.34     36.28    2.62    2.96     19.01   13.25   14.22     20.19   10.94    8.66     11.33   31.92   33.13   143.83   93.25   122.91  114.03 
 262   65.77   24.73     36.78    2.51    2.96     20.31   11.55   14.21     20.19   10.94    8.67     11.56   31.51   33.12   146.99   93.34   126.18  113.93 
 263   65.77   24.67     39.42    1.86    2.96     20.98   10.76   14.20     20.19   10.94    8.67     11.47   31.87   33.12   151.41   90.81   130.36  111.26 
 264   65.77   25.00     36.82    2.57    2.96     20.66   11.16   14.19     20.19   10.94    8.68     11.44   31.88   33.11   158.53   89.12   137.30  109.13 
 265   65.77   25.24     34.06    3.61    2.96     20.79   10.81   14.17     20.19   10.94    8.69     11.87   29.99   33.10   162.26   88.48   141.20  108.81 
 266   87.62   24.95     39.25    2.04    2.96     18.16   14.31   14.17     20.29   10.83    8.70     11.57   30.64   33.09   167.25   88.69   146.33  108.93 
 267   87.62   24.06     41.67    1.59    2.95     17.20   15.64   14.18     20.29   10.83    8.71     11.23   31.12   33.08   176.21   87.83   155.03  107.85 
 268   87.62   24.04     35.65    3.27    2.95     17.04   16.23   14.19     20.29   10.83    8.72     11.56   29.84   33.07   182.62   86.63   161.35  106.36 
 269   87.62   23.77     42.48    1.51    2.95     18.11   14.20   14.19     20.29   10.83    8.72     11.50   30.29   33.06   184.81   87.36   163.92  107.66 
 270   87.62   24.01     38.23    2.51    2.94     17.42   15.35   14.19     20.29   10.83    8.73     11.49   30.19   33.05   187.60   87.00   167.04  107.57 
 271   77.56   24.12     43.93    1.31    2.94     20.20   11.04   14.18     20.18   10.98    8.74     11.63   29.79   33.04   189.12   88.39   168.46  108.91 
 272   77.56   24.27     39.86    2.12    2.94     18.25   13.99   14.18     20.18   10.98    8.75     11.57   29.85   33.03   192.09   88.07   171.34  108.39 
 273   77.56   24.18     39.95    2.10    2.93     16.77   16.43   14.19     20.18   10.98    8.76     11.58   29.71   33.01   192.57   87.22   171.52  107.46 
 274   77.56   24.20     43.63    1.36    2.93     16.71   16.55   14.20     20.18   10.98    8.76     11.46   30.11   33.00   192.38   85.49   171.08  105.72 
 275   77.56   24.23     46.19    1.02    2.92     15.97   18.13   14.21     20.18   10.98    8.77     11.56   29.85   32.99   193.82   85.04   172.87  105.27 
 276   61.39   24.56     37.71    2.73    2.92     20.04   11.13   14.20     20.13   11.04    8.78     11.69   29.13   32.98   194.44   85.61   173.67  105.74 
 277   61.39   24.27     37.03    2.98    2.92     18.83   12.75   14.19     20.13   11.04    8.79     11.69   29.01   32.96   196.13   85.52   175.35  105.64 
 278   61.39   24.24     41.74    1.71    2.92     17.23   15.13   14.20     20.13   11.04    8.80     11.77   28.28   32.95   196.02   84.09   175.87  104.19 
 279   61.39   24.04     40.26    1.99    2.91     17.26   14.89   14.20     20.13   11.04    8.80     11.41   29.22   32.93   192.52   83.02   172.28  103.20 
 280   61.39   24.19     39.48    2.15    2.91     16.40   16.46   14.21     20.13   11.04    8.81     11.42   29.14   32.92   190.01   83.89   169.69  104.20 
 281   97.74   24.92     46.42    0.93    2.90     15.76   17.60   14.22     20.11   11.06    8.82     11.04   30.27   32.91   181.56   83.37   161.44  103.86 
 282   97.74   24.49     42.28    1.48    2.90     15.64   17.42   14.23     20.11   11.06    8.83     11.19   29.67   32.90   176.47   83.88   156.48  104.37 
 283   97.74   24.58     31.67    4.76    2.90     16.75   15.80   14.24     20.11   11.06    8.84     11.25   29.55   32.89   170.28   82.44   150.41  102.77 
 284   97.74   24.20     40.56    1.66    2.90     16.65   16.27   14.24     20.11   11.06    8.84     10.94   30.49   32.88   160.35   82.92   140.40  102.99 
 285   97.74   24.52     36.47    2.56    2.90     16.25   17.26   14.25     20.11   11.06    8.85     11.55   29.15   32.86   153.17   84.64   133.64  104.72 
 286   95.63   28.46     38.28    2.02    2.90     17.32   15.33   14.26     20.10   11.07    8.86     11.48   30.10   32.86   144.36   86.02   125.01  106.33 
 287   95.63   27.73     34.14    3.16    2.90     17.59   14.96   14.26     20.10   11.07    8.87     11.55   30.03   32.85   138.17   83.76   118.60  103.92 
 288   95.63   27.26     35.96    2.51    2.89     17.81   14.76   14.26     20.10   11.07    8.87     12.03   28.81   32.83   136.18   82.63   116.25  102.82 
 289   95.63   26.48     33.04    3.42    2.90     17.29   16.38   14.27     20.10   11.07    8.88     12.02   30.03   32.82   132.37   81.29   112.66  101.34 
 290   95.63   25.71     32.40    3.61    2.90     17.02   17.67   14.28     20.10   11.07    8.89     12.20   30.66   32.81   128.65   80.10   108.51   99.92 
 291   65.10   26.21     32.31    3.59    2.90     17.32   17.66   14.29     19.83   11.43    8.90     12.22   31.57   32.81   127.49   79.40   106.88   99.26 
 292   65.10   25.59     32.19    3.61    2.90     17.35   17.93   14.31     19.83   11.43    8.91     12.25   31.92   32.81   127.44   78.07   106.80   98.01 
 293   65.10   25.36     32.82    3.37    2.91     17.76   17.24   14.32     19.83   11.43    8.92     11.90   33.59   32.81   125.98   79.42   106.43   99.86 
 294   65.10   25.71     32.60    3.45    2.91     17.74   17.31   14.33     19.83   11.43    8.92     12.21   32.56   32.81   127.49   80.13   107.12   99.88 
 295   65.10   25.54     33.88    3.01    2.91     17.31   18.33   14.34     19.83   11.43    8.93     12.09   33.17   32.81   128.70   80.95   108.81  101.07 
 296   93.95   25.09     32.64    3.57    2.91     17.85   17.47   14.35     19.98   11.27    8.94     12.06   33.65   32.81   132.14   80.98   112.13  100.93 
 297   93.95   24.84     29.58    5.16    2.92     18.15   17.50   14.36     19.98   11.27    8.95     11.49   36.56   32.83   139.48   80.51   119.42  100.64 
 298   93.95   24.98     35.69    2.74    2.92     16.69   21.30   14.38     19.98   11.27    8.96     10.94   39.80   32.85   147.40   80.16   127.14  100.24 
 299   93.95   24.50     35.62    2.93    2.92     17.88   18.62   14.40     19.98   11.27    8.96     10.60   42.48   32.88   160.69   79.67   140.41   99.87 
 300   93.95   25.17     32.05    4.58    2.92     18.38   17.56   14.41     19.98   11.27    8.97     11.68   37.89   32.90   165.65   78.22   145.32   98.84 
 301  128.49   25.23     31.46    5.10    2.93     17.05   20.11   14.43     19.91   11.42    8.98     11.35   39.29   32.92   173.55   77.60   153.68   97.90 
 302  128.49   25.68     32.85    4.52    2.93     15.74   23.51   14.46     19.91   11.42    8.99     11.09   40.27   32.94   183.55   78.20   163.46   98.51 
 303  128.49   26.17     40.72    1.87    2.93     17.45   19.21   14.47     19.91   11.42    9.00     11.52   38.42   32.96   190.04   79.62   170.15  100.27 
 304  128.49   26.33     37.21    2.85    2.93     17.21   20.11   14.49     19.91   11.42    9.00     11.10   41.41   32.99   190.75   85.31   170.93  106.10 
 305  128.49   26.03     34.52    4.01    2.93     15.88   24.03   14.52     19.91   11.42    9.01     10.53   45.57   33.03   190.45   96.07   170.67  117.09 
 306   93.29   26.63     33.65    4.59    2.94     18.99   16.89   14.53     19.85   11.56    9.02     10.97   43.03   33.06   193.48  103.62   173.94  124.83 
 307   93.29   25.35     35.08    3.97    2.94     17.76   19.58   14.55     19.85   11.56    9.03      9.79   48.80   33.11   191.36  115.47   171.74  136.66 
 308   93.29   24.97     34.67    4.20    2.95     17.07   21.28   14.57     19.85   11.56    9.04     10.10   46.86   33.16   189.68  122.11   169.97  143.27 
 309   93.29   24.74     33.94    4.54    2.95     16.19   23.65   14.60     19.85   11.56    9.05     10.20   46.35   33.20   185.60  125.43   165.56  146.33 
 310   93.29   24.80     35.68    3.62    2.95     15.57   25.22   14.63     19.85   11.56    9.05      9.90   47.40   33.25   177.94  127.71   157.67  148.13 
 311   92.63   24.90     34.55    4.06    2.96     19.31   16.18   14.64     19.98   11.45    9.06     10.43   44.62   33.28   171.40  128.46   151.88  149.51 
 312   92.63   24.34     33.43    4.38    2.96     17.98   18.34   14.65     19.98   11.45    9.07      8.92   49.73   33.34   157.38  130.42   137.81  151.29 
 313   92.63   24.68     34.73    3.63    2.97     16.47   21.18   14.67     19.98   11.45    9.08      9.28   47.31   33.38   145.93  131.97   126.59  152.76 
 314   92.63   24.55     30.91    5.46    2.97     17.15   18.94   14.68     19.98   11.45    9.08      9.20   47.20   33.43   133.91  130.92   114.16  151.29 
 315   92.63   24.87     30.27    5.65    2.98     17.48   18.05   14.69     19.98   11.45    9.09     10.00   43.62   33.46   125.53  128.31   105.63  148.59 
 316   79.53   25.15     31.16    4.83    2.99     20.06   13.34   14.69     19.80   11.75    9.10     10.40   42.01   33.48   121.55  119.92   101.46  139.96 
 317   79.53   24.54     33.22    3.70    2.99     19.84   13.66   14.69     19.80   11.75    9.11     11.38   36.55   33.49   121.29  114.17   101.30  134.36 
 318   79.53   24.13     31.81    4.19    2.99     19.34   14.27   14.69     19.80   11.75    9.12     10.80   38.12   33.51   122.46  105.76   102.27  125.96 
 319   79.53   24.61     33.03    3.54    3.00     18.25   15.82   14.69     19.80   11.75    9.12     10.99   36.09   33.52   123.58  100.14   103.12  120.22 
 320   79.53   24.89     36.77    2.33    2.99     17.47   16.83   14.70     19.80   11.75    9.13     11.21   34.41   33.52   126.97   99.19   106.56  119.59 
 321   98.75   23.64     35.62    2.71    2.99     17.16   17.23   14.70     19.80   11.78    9.14     10.87   34.96   33.52   133.72   96.51   113.02  116.74 
 322   98.75   23.52     32.19    4.20    3.00     18.33   15.32   14.71     19.80   11.78    9.15     10.44   36.36   33.53   142.98   92.82   122.16  112.94 
 323   98.75   23.73     36.22    2.69    2.99     17.52   16.75   14.71     19.80   11.78    9.16     11.23   34.11   33.54   147.86   93.40   127.61  114.28 
 324   98.75   23.83     32.37    4.46    3.00     16.45   19.16   14.73     19.80   11.78    9.17     10.42   37.21   33.55   160.81   92.37   140.37  113.55 
 325   98.75   24.12     31.49    5.22    3.01     16.39   18.97   14.74     19.80   11.78    9.17     10.47   37.54   33.56   171.51   92.41   150.86  113.51 
 326   63.83   24.04     31.04    5.79    3.01     17.70   16.43   14.74     19.72   11.90    9.18     10.30   38.55   33.57   184.61   92.29   163.55  113.34 
 327   63.83   24.06     34.70    3.90    3.02     17.06   17.34   14.75     19.72   11.90    9.19     10.60   36.81   33.58   191.66   92.84   170.83  114.07 
 328   63.83   23.95     40.29    2.09    3.01     17.29   16.59   14.76     19.72   11.90    9.20     10.85   35.27   33.59   198.53   93.44   177.19  113.92 
 329   63.83   24.04     35.74    3.56    3.02     17.19   16.65   14.76     19.72   11.90    9.21     11.11   33.56   33.59   199.14   93.42   178.22  114.07 
 330   63.83   24.37     40.02    2.19    3.01     18.20   14.49   14.76     19.72   11.90    9.22     11.25   32.84   33.59   200.32   96.29   179.01  116.61 
 331   86.18   23.99     36.54    3.33    3.01     20.61   10.82   14.75     19.75   11.88    9.22     10.74   34.96   33.59   199.75  104.63   178.79  125.11 
 332   86.18   24.32     35.47    3.86    3.02     18.65   13.56   14.75     19.75   11.88    9.23     10.30   36.17   33.60   199.94  111.49   179.08  131.93 
 333   86.18   24.65     36.92    3.24    3.02     17.32   15.89   14.75     19.75   11.88    9.24     10.17   35.71   33.60   197.14  114.32   176.19  134.90 
 334   86.18   24.71     35.25    3.85    3.02     17.25   16.36   14.76     19.75   11.88    9.25      9.67   37.25   33.62   190.18  116.27   169.77  137.06 
 335   86.18   24.51     33.57    4.60    3.03     16.36   18.55   14.77     19.75   11.88    9.25     10.19   36.25   33.62   184.48  116.03   164.34  136.96 
 336  115.44   24.79     45.82    1.07    3.02     15.55   20.76   14.78     19.83   11.77    9.26      9.05   40.58   33.64   174.06  117.74   154.19  138.32 
 337  115.44   24.60     36.78    2.92    3.02     16.17   19.68   14.80     19.83   11.77    9.27      9.28   40.65   33.67   165.25  115.75   145.26  136.51 
 338  115.44   24.80     37.10    2.73    3.02     17.13   17.90   14.81     19.83   11.77    9.28      9.48   40.89   33.69   154.88  116.84   134.77  137.42 
 339  115.44   24.49     37.21    2.64    3.02     16.97   18.08   14.82     19.83   11.77    9.28     10.18   38.94   33.70   150.09  116.92   130.12  137.69 
 340  115.44   24.53     36.22    2.92    3.02     17.65   16.68   14.82     19.83   11.77    9.29     10.48   37.80   33.71   148.25  115.27   127.95  135.68 
 341  104.56   24.22     35.17    3.21    3.02     20.04   12.60   14.82     19.73   11.92    9.30     10.30   38.01   33.73   145.80  110.58   125.39  130.57 
 342  104.56   24.42     34.58    3.38    3.02     19.54   13.27   14.81     19.73   11.92    9.31     10.68   36.31   33.73   145.42  105.89   124.99  126.25 
 343  104.56   24.71     37.88    2.26    3.02     20.38   12.11   14.80     19.73   11.92    9.31     11.05   35.06   33.74   145.60  103.16   125.17  123.39 
 344  104.56   24.42     38.42    2.12    3.01     20.32   12.31   14.80     19.73   11.92    9.32     11.38   33.99   33.74   145.96  100.87   126.15  120.98 
 345  104.56   24.15     32.65    4.15    3.02     20.08   12.94   14.79     19.73   11.92    9.33     11.65   33.35   33.74   149.19   95.79   128.78  116.50 
 346   79.48   23.84     33.20    3.91    3.02     22.50    9.93   14.78     19.55   12.19    9.34     12.19   32.05   33.73   152.45   94.72   132.06  115.23 
 347   79.48   23.57     34.75    3.35    3.02     22.33   10.48   14.77     19.55   12.19    9.35     11.77   34.25   33.73   158.92   91.64   138.54  112.38 
 348   79.48   23.71     31.98    4.84    3.03     20.25   13.55   14.76     19.55   12.19    9.35     11.66   35.60   33.74   168.51   91.22   148.11  111.71 
 349   79.48   24.21     32.62    4.70    3.03     18.58   16.84   14.77     19.55   12.19    9.36     11.68   36.02   33.75   179.32   91.98   159.04  112.18 
 350   79.48   24.27     31.95    5.21    3.04     19.64   14.98   14.77     19.55   12.19    9.37     11.92   35.60   33.75   186.22   90.81   165.74  110.73 
 351   87.60   24.06     39.97    2.09    3.03     18.04   18.15   14.78     19.74   11.96    9.38     12.14   35.25   33.76   192.36   90.66   171.58  110.65 
 352   87.60   24.15     36.43    3.16    3.03     17.97   18.28   14.79     19.74   11.96    9.39     12.30   35.02   33.76   192.35   91.08   171.51  110.85 
 353   87.60   23.68     40.55    2.00    3.03     17.93   18.16   14.80     19.74   11.96    9.39     12.22   35.06   33.76   193.16   97.13   172.21  116.93 
 354   87.60   23.54     36.30    3.30    3.03     17.20   19.46   14.81     19.74   11.96    9.40     11.77   36.26   33.77   191.21  102.84   170.55  122.63 
 355   87.60   23.93     41.79    1.71    3.03     16.91   19.76   14.82     19.74   11.96    9.41     12.16   34.23   33.77   186.78  104.16   166.54  124.19 
 356  103.42   24.69     32.83    4.71    3.03     17.40   18.04   14.83     19.80   11.93    9.41     11.90   34.44   33.77   176.95  102.92   156.88  122.88 
 357  103.42   23.85     35.73    3.23    3.03     18.81   15.10   14.83     19.80   11.93    9.42     12.07   32.66   33.77   170.85  103.46   150.75  123.39 
 358  103.42   23.72     38.65    2.26    3.03     18.38   15.70   14.84     19.80   11.93    9.43     12.37   31.27   33.76   165.50  103.31   145.64  123.61 
 359  103.42   23.89     32.91    4.12    3.03     16.96   18.04   14.85     19.80   11.93    9.44     11.22   33.95   33.76   155.06  102.37   135.06  123.18 
 360  103.42   24.20     36.09    2.75    3.03     18.54   14.45   14.84     19.80   11.93    9.44     11.33   33.07   33.76   143.21  100.91   123.45  121.95 
 361   84.12   24.82     36.23    2.64    3.03     18.97   13.33   14.84     19.70   12.08    9.45     11.90   30.38   33.75   137.20  100.86   117.35  121.75 
 362   84.12   24.61     36.11    2.60    3.03     18.21   14.18   14.84     19.70   12.08    9.46     11.84   29.81   33.74   134.05   99.60   113.80  120.07 
 363   84.12   24.69     35.78    2.64    3.03     17.35   15.37   14.84     19.70   12.08    9.46     11.80   29.26   33.73   130.07   99.68   109.92  120.16 
 364   84.12   24.74     38.04    2.06    3.03     17.14   15.62   14.84     19.70   12.08    9.47     11.83   28.77   33.72   129.04  102.18   109.05  122.34 
 365   84.12   24.78     31.19    4.67    3.03     16.85   15.74   14.84     19.70   12.08    9.48     11.70   28.56   33.70   130.07  105.72   109.99  126.06 
 366  106.99   23.67     35.49    2.87    3.03     17.02   15.07   14.85     19.63   12.18    9.49     11.38   29.03   33.69   130.35  108.76   109.81  128.79 
 367  106.99   23.70     33.04    3.88    3.03     17.55   13.79   14.84     19.63   12.18    9.49     10.90   29.63   33.68   134.19  110.59   113.56  130.46 
 368  106.99   24.02     35.82    2.89    3.03     17.76   13.19   14.84     19.63   12.18    9.50     10.55   29.98   33.67   139.32  111.14   118.74  130.66 
 369  106.99   23.86     34.04    3.59    3.04     17.72   13.10   14.83     19.63   12.18    9.51     10.91   28.59   33.65   143.49  111.08   122.71  130.92 
 370  106.99   24.16     33.73    3.87    3.04     17.67   13.22   14.83     19.63   12.18    9.51     10.24   30.38   33.65   151.21  110.11   130.79  130.13 
 371  111.44   25.55     35.51    3.27    3.04     17.74   13.05   14.82     19.70   12.06    9.52     10.60   29.19   33.63   160.94  111.18   140.55  131.16 
 372  111.44   25.61     34.00    4.05    3.04     17.45   13.41   14.82     19.70   12.06    9.53     10.80   28.34   33.62   169.02  110.62   148.70  130.52 
 373  111.44   25.57     36.55    3.11    3.04     16.11   15.80   14.82     19.70   12.06    9.54     10.71   28.61   33.61   178.36  111.10   157.73  130.85 
 374  111.44   25.45     39.61    2.25    3.04     16.42   15.20   14.82     19.70   12.06    9.54     10.66   29.04   33.59   184.78  112.20   163.98  132.02 
 375  111.44   25.60     39.29    2.35    3.04     16.77   14.74   14.82     19.70   12.06    9.55     11.12   28.02   33.58   187.00  112.13   166.37  131.93 
 376   99.20   24.10     35.22    3.77    3.04     16.85   15.22   14.82     19.62   12.15    9.56     11.08   29.01   33.57   190.77  109.27   169.89  128.80 
 377   99.20   24.25     38.81    2.46    3.04     17.88   13.86   14.82     19.62   12.15    9.56     10.93   30.37   33.56   190.88  105.31   170.29  124.82 
 378   99.20   24.43     38.17    2.65    3.04     17.84   13.99   14.82     19.62   12.15    9.57     11.01   29.87   33.55   192.94  100.50   172.22  119.94 
 379   99.20   24.28     44.83    1.23    3.03     17.48   14.49   14.82     19.62   12.15    9.58     11.34   28.98   33.54   193.73   98.62   173.24  118.94 
 380   99.20   24.52     53.81    0.43    3.02     16.35   16.51   14.82     19.62   12.15    9.58     11.01   30.40   33.53   191.81   99.22   171.38  119.42 
 381  148.38   23.94     38.70    2.45    3.02     17.42   14.79   14.82     19.54   12.25    9.59     11.39   29.25   33.52   191.76   97.92   170.97  118.05 
 382  148.38   24.11     42.69    1.50    3.02     17.07   15.84   14.83     19.54   12.25    9.60     10.54   32.59   33.51   185.41   95.96   164.62  115.97 
 383  148.38   24.57     37.48    2.63    3.02     18.74   13.27   14.82     19.54   12.25    9.60     10.29   34.38   33.52   175.41   93.36   154.45  113.47 
 384  148.38   25.05     28.33    7.38    3.03     20.82   11.01   14.81     19.54   12.25    9.61     10.89   33.58   33.52   168.13   92.36   146.94  112.17 
 385  148.38   24.86     35.84    2.88    3.03     20.16   12.53   14.81     19.54   12.25    9.62     10.04   38.55   33.53   156.21   91.08   135.25  111.42 
 386   89.60   24.87     35.09    3.01    3.03     20.31   13.22   14.80     19.60   12.18    9.62     10.38   40.57   33.55   145.74   90.20   125.10  110.62 
 387   89.60   24.55     38.63    1.95    3.03     20.96   12.66   14.80     19.60   12.18    9.63     11.75   36.52   33.56   140.81   89.84   120.20  110.47 
 388   89.60   24.65     34.88    2.87    3.03     19.48   15.65   14.80     19.60   12.18    9.64     11.03   41.19   33.58   132.49   88.24   112.08  109.08 
 389   89.60   24.49     30.60    4.51    3.03     18.59   17.14   14.80     19.60   12.18    9.64     11.43   38.88   33.59   125.64   86.82   105.16  107.94 
 390   89.60   24.63     33.26    3.31    3.03     18.24   16.98   14.81     19.60   12.18    9.65     12.00   34.90   33.59   122.55   89.90   101.89  110.35 
 391   85.38   24.58     35.65    2.54    3.03     19.08   14.41   14.81     19.62   12.19    9.66     12.16   32.36   33.59   122.51   94.08   101.85  114.29 
 392   85.38   24.61     33.96    3.18    3.03     19.08   13.57   14.81     19.62   12.19    9.66     12.04   30.84   33.58   123.49   97.35   103.16  117.93 
 393   85.38   24.45     35.21    2.75    3.03     19.62   12.46   14.80     19.62   12.19    9.67     12.00   30.36   33.57   123.67   99.54   103.06  120.14 
 394   85.38   24.13     33.63    3.44    3.03     20.53   11.09   14.79     19.62   12.19    9.68     11.50   31.73   33.57   127.86  102.26   107.80  122.89 
 395   85.38   24.77     35.05    3.02    3.03     19.77   12.46   14.78     19.62   12.19    9.68     11.26   33.35   33.57   133.63  104.41   113.48  124.71 
 396   92.58   25.95     37.68    2.34    3.03     19.78   13.00   14.78     19.64   12.17    9.69     10.88   35.84   33.57   142.68  106.42   122.58  126.78 
 397   92.58   25.39     38.62    2.18    3.03     19.64   13.79   14.78     19.64   12.17    9.70     11.20   35.75   33.58   153.04  105.97   132.88  126.32 
 398   92.58   25.17     35.39    3.24    3.03     18.86   15.29   14.78     19.64   12.17    9.70     12.53   31.51   33.57   159.84  106.03   139.71  126.52 
 399   92.58   24.92     40.46    1.88    3.02     17.92   17.13   14.78     19.64   12.17    9.71     11.59   34.76   33.58   169.96  105.39   149.70  125.85 
 400   92.58   25.38     39.47    2.22    3.02     16.97   18.76   14.79     19.64   12.17    9.71     11.64   33.63   33.58   180.27  106.28   160.22  126.73 
 401   95.85   25.69     47.38    0.92    3.02     18.67   14.78   14.79     19.66   12.16    9.72     11.85   32.00   33.57   188.26  107.44   168.15  127.39 
 402   95.85   25.71     38.37    2.64    3.02     17.77   16.01   14.80     19.66   12.16    9.73     12.07   30.75   33.57   193.99  106.65   174.09  126.71 
 403   95.85   25.62     44.57    1.31    3.01     17.57   16.20   14.80     19.66   12.16    9.73     12.31   29.78   33.56   195.22  108.36   175.12  128.60 
 404   95.85   26.03     41.68    1.84    3.01     18.40   14.71   14.80     19.66   12.16    9.74     12.19   30.07   33.55   197.11  109.32   177.22  129.72 
 405   95.85   25.41     46.32    1.08    3.00     18.65   14.25   14.80     19.66   12.16    9.74     12.19   30.15   33.54   197.57  108.40   177.80  128.74 
 406  107.25   25.29     39.35    2.39    3.00     19.63   12.70   14.79     19.61   12.23    9.75     12.54   28.84   33.53   196.44  106.03   177.29  126.26 
 407  107.25   24.84     33.19    4.82    3.01     18.53   14.34   14.79     19.61   12.23    9.76     12.45   28.91   33.52   193.34  102.66   173.31  123.49 
 408  107.25   24.67     36.39    3.22    3.01     19.08   13.52   14.79     19.61   12.23    9.76     12.03   30.42   33.51   188.09   98.92   167.97  119.50 
 409  107.25   24.48     35.17    3.56    3.01     19.17   13.64   14.79     19.61   12.23    9.77     11.49   32.53   33.51   181.67   93.98   161.60  114.35 
 410  107.25   24.77     34.61    3.69    3.01     18.48   14.67   14.79     19.61   12.23    9.77     12.27   30.04   33.50   175.47   92.17   155.51  112.21 
 411  148.17   24.60     37.20    2.58    3.01     20.42   12.00   14.78     19.53   12.35    9.78     11.62   32.48   33.50   166.69   89.06   146.63  109.03 
 412  148.17   24.80     34.15    3.52    3.01     20.14   12.65   14.78     19.53   12.35    9.79     12.07   31.22   33.49   158.19   86.42   138.70  107.04 
 413  148.17   24.77     33.32    3.71    3.01     18.38   15.54   14.78     19.53   12.35    9.79     12.08   31.46   33.49   148.90   86.03   129.21  106.66 
 414  148.17   24.73     35.51    2.76    3.01     20.05   12.55   14.77     19.53   12.35    9.80     12.12   31.18   33.48   141.84   85.56   121.90  106.55 
 415  148.17   24.77     36.67    2.31    3.01     19.63   12.92   14.77     19.53   12.35    9.81     12.12   30.85   33.47   134.80   84.18   114.41  104.88 
 416  105.74   24.60     35.73    2.54    3.01     19.45   13.09   14.76     19.51   12.39    9.81     12.58   29.08   33.46   130.82   83.90   110.62  104.43 
 417  105.74   24.51     32.13    3.83    3.01     20.11   12.14   14.76     19.51   12.39    9.82     12.48   29.45   33.45   128.20   84.16   107.98  104.96 
 418  105.74   24.77     34.34    2.99    3.01     20.67   11.41   14.75     19.51   12.39    9.82     12.47   29.69   33.44   128.13   87.67   107.78  108.57 
 419  105.74   24.75     31.85    4.10    3.01     21.80    9.95   14.74     19.51   12.39    9.83     12.17   30.59   33.44   130.16   92.34   109.61  112.85 
 420  105.74   24.81     34.79    3.00    3.01     19.99   12.13   14.73     19.51   12.39    9.84     11.71   31.74   33.43   132.18   97.19   111.92  117.94 
 421  119.95   24.62     37.70    2.21    3.01     21.74    9.90   14.72     19.59   12.29    9.84     11.33   32.80   33.43   138.54  100.19   118.13  120.83 
 422  119.95   24.26     36.92    2.48    3.01     20.01   12.03   14.71     19.59   12.29    9.85     11.73   31.23   33.43   140.28  101.39   119.74  121.75 
 423  119.95   24.39     36.13    2.82    3.01     20.70   11.19   14.71     19.59   12.29    9.85     11.03   33.69   33.43   149.05  102.20   128.54  122.76 
 424  119.95   24.04     37.25    2.60    3.01     20.40   11.54   14.70     19.59   12.29    9.86     10.98   33.77   33.43   160.37  104.77   139.90  125.10 
 425  119.95   23.95     29.57    6.43    3.02     20.03   11.97   14.69     19.59   12.29    9.86     11.33   32.29   33.43   167.90  104.15   146.97  124.65 
 426  116.70   25.48     40.17    2.02    3.01     19.04   13.60   14.69     19.64   12.22    9.87     11.32   32.37   33.42   180.04  105.03   159.72  125.12 
 427  116.70   25.44     36.12    3.28    3.02     20.23   11.88   14.68     19.64   12.22    9.88     11.80   30.96   33.42   183.22  104.13   162.83  124.08 
 428  116.70   25.59     38.20    2.67    3.01     20.27   11.80   14.68     19.64   12.22    9.88     11.30   32.61   33.42   191.17  105.54   170.69  125.53 
 429  116.70   25.40     36.39    3.39    3.02     19.14   13.56   14.67     19.64   12.22    9.89     11.55   31.76   33.41   199.18  104.94   178.63  124.68 
 430  116.70   25.39     35.68    3.70    3.02     18.73   14.16   14.67     19.64   12.22    9.89     11.92   30.71   33.41   199.47  105.03   178.67  124.75 
 431  149.46   24.00     38.07    2.80    3.02     18.76   14.20   14.67     19.61   12.27    9.90     11.95   30.80   33.40   199.94  105.13   178.93  125.09 
 432  149.46   23.95     41.51    1.87    3.01     19.09   13.78   14.67     19.61   12.27    9.90     11.83   31.50   33.40   200.53  101.77   179.82  121.95 
 433  149.46   23.77     36.34    3.40    3.01     18.59   14.70   14.67     19.61   12.27    9.91     11.95   31.29   33.39   200.82   99.07   180.12  119.53 
 434  149.46   23.81     39.96    2.21    3.01     18.66   14.73   14.67     19.61   12.27    9.91     11.82   31.91   33.39   201.65   96.21   180.53  115.97 
 435  149.46   23.93     36.40    3.32    3.01     17.90   16.17   14.67     19.61   12.27    9.92     12.09   31.23   33.38   201.40   94.23   180.26  113.73 
 436  132.97   27.00     40.96    1.95    3.01     17.88   14.94   14.67     19.58   12.32    9.93     11.98   29.05   33.37   201.98   91.54   180.76  111.30 
 437  132.97   27.91     43.37    1.47    3.01     16.44   14.73   14.67     19.58   12.32    9.93     11.58   26.05   33.36   202.69   91.61   181.55  111.00 
 438  132.97   26.94     45.10    1.21    3.00     15.86   14.94   14.67     19.58   12.32    9.94     11.20   25.29   33.34   203.99   87.93   182.71  107.38 
 439  132.97   27.37     42.28    1.66    3.00     15.86   14.70   14.67     19.58   12.32    9.94     10.89   26.25   33.32   202.66   87.31   181.94  107.02 
 440  132.97   27.08     36.38    3.30    3.00     14.64   16.69   14.68     19.58   12.32    9.95     10.76   26.24   33.30   202.54   87.55   181.44  106.98 
 441   94.99   25.60     39.71    2.23    3.00     15.79   14.45   14.68     19.59   12.29    9.95     10.73   26.34   33.29   204.03   87.60   183.41  107.45 
 442   94.99   25.43     40.10    2.13    3.00     16.05   14.19   14.68     19.59   12.29    9.96     10.77   25.95   33.27   203.97   86.59   182.74  106.19 
 443   94.99   25.54     41.32    1.82    2.99     15.12   16.00   14.68     19.59   12.29    9.96     10.16   27.27   33.26   200.04   83.19   179.01  102.78 
 444   94.99   25.08     44.13    1.31    2.99     14.36   17.41   14.69     19.59   12.29    9.97     10.56   26.60   33.24   199.83   81.68   178.81  101.13 
 445   94.99   25.21     32.54    4.96    3.00     13.93   17.52   14.69     19.59   12.29    9.97     10.27   28.11   33.23   199.69   85.82   178.99  105.21 
 446  118.63   26.62     37.61    2.77    2.99     15.26   15.37   14.69     19.51   12.37    9.98     10.46   26.83   33.22   199.93   83.51   179.46  102.72 
 447  118.63   26.13     37.51    2.79    2.99     15.26   15.38   14.69     19.51   12.37    9.98     10.42   27.03   33.20   200.12   83.68   179.29  102.68 
 448  118.63   26.34     36.70    3.06    2.99     15.69   14.69   14.69     19.51   12.37    9.99     10.45   27.00   33.19   200.05   83.27   178.94  101.80 
 449  118.63   26.21     37.70    2.71    2.99     15.64   14.91   14.70     19.51   12.37    9.99     10.43   27.09   33.18   197.65   82.72   176.85  101.46 
 450  118.63   26.36     36.93    2.96    2.99     15.48   15.89   14.70     19.51   12.37   10.00     11.48   25.34   33.16   196.47   82.70   175.49  101.68 
 451  109.85   25.92     38.81    2.38    2.99     17.16   13.99   14.70     19.59   12.24   10.00     11.86   25.32   33.14   198.00   80.71   176.96   99.64 
 452  109.85   24.22     31.73    5.38    3.00     14.90   19.41   14.71     19.59   12.24   10.01     11.98   28.24   33.13   192.74   82.55   172.10  101.86 
 453  109.85   24.57     39.01    2.33    3.00     15.96   19.37   14.72     19.59   12.24   10.01     12.19   29.23   33.12   195.40   78.20   175.15   97.80 
 454  109.85   24.60     37.28    2.84    3.00     15.61   20.93   14.73     19.59   12.24   10.02     12.25   30.38   33.12   195.07   77.60   175.00   97.30 
 455  109.85   24.66     39.53    2.19    2.99     16.67   18.97   14.74     19.59   12.24   10.02     12.16   31.42   33.11   197.10   77.78   176.65   97.17 
 456  109.96   24.88     40.31    2.00    2.99     18.18   16.02   14.74     19.54   12.30   10.03     12.42   30.75   33.11   196.91   77.71   176.63   97.20 
 457  109.96   24.79     43.62    1.36    2.99     18.34   15.75   14.75     19.54   12.30   10.03     12.28   31.24   33.10   196.45   78.17   175.97   97.38 
 458  109.96   24.33     40.98    1.85    2.99     17.46   14.18   14.74     19.54   12.30   10.04     11.96   27.09   33.09   196.99   80.58   176.30   99.67 
 459  109.96   25.09     38.88    2.37    2.98     16.87   13.61   14.74     19.54   12.30   10.04     11.34   25.88   33.07   198.78   81.13   177.80   99.99 
 460  109.96   25.69     40.03    2.06    2.98     17.76   11.96   14.74     19.54   12.30   10.05     11.02   25.89   33.06   198.09   80.09   177.08   99.28 
 461  116.53   25.06     36.60    3.08    2.98     16.97   12.78   14.73     19.50   12.35   10.05     10.68   26.80   33.05   199.20   81.28   178.39  100.72 
 462  116.53   25.05     37.04    2.93    2.98     17.97   11.38   14.72     19.50   12.35   10.06     10.77   26.32   33.03   198.85   81.07   178.00  100.00 
 463  116.53   25.23     41.22    1.81    2.98     17.77   11.85   14.72     19.50   12.35   10.06     10.69   26.53   33.02   199.12   79.77   178.28   99.06 
 464  116.53   24.95     37.28    2.85    2.98     17.97   11.35   14.71     19.50   12.35   10.07     10.41   27.49   33.00   198.85   80.99   177.99  100.19 
 465  116.53   25.20     38.32    2.52    2.98     17.97   11.49   14.70     19.50   12.35   10.07     10.56   26.74   32.99   198.88   79.88   177.82   99.19 
 466  124.18   26.66     39.00    2.33    2.98     19.71    9.28   14.69     19.45   12.40   10.08     10.41   27.42   32.98   198.86   80.58   177.96  100.04 
 467  124.18   26.73     38.14    2.58    2.98     20.37    8.59   14.68     19.45   12.40   10.08     10.33   27.36   32.97   198.90   80.87   177.63   99.84 
 468  124.18   26.59     38.29    2.53    2.98     20.47    8.50   14.67     19.45   12.40   10.09     10.40   27.23   32.96   198.91   80.81   177.63   99.78 
 469  124.18   26.49     37.23    2.86    2.98     18.65   10.70   14.66     19.45   12.40   10.09     10.66   26.78   32.94   197.60   79.87   176.76   99.15 
 470  124.18   25.56     39.68    2.15    2.97     18.77   11.47   14.65     19.45   12.40   10.10     11.43   26.60   32.93   198.51   79.81   177.38   99.12 
 471  108.90   25.02     42.01    1.65    2.97     17.86   14.16   14.65     19.39   12.45   10.10     11.81   28.35   32.92   198.19   80.09   177.24   98.97 
 472  108.90   24.85     40.23    2.02    2.97     17.01   17.09   14.65     19.39   12.45   10.11     12.19   29.16   32.91   196.56   77.80   175.78   96.89 
 473  108.90   24.70     38.86    2.36    2.97     17.38   17.05   14.66     19.39   12.45   10.11     12.42   29.87   32.90   196.37   78.09   175.44   97.26 
 474  108.90   24.50     38.23    2.55    2.97     18.35   15.52   14.66     19.39   12.45   10.12     12.47   30.03   32.90   196.48   77.07   175.45   96.53 
 475  108.90   24.66     36.26    3.19    2.97     18.58   15.38   14.66     19.39   12.45   10.12     12.55   30.29   32.89   196.88   76.66   176.07   96.27 
 476  129.76   30.73     39.18    2.28    2.97     20.66   12.14   14.66     19.39   12.47   10.13     12.37   31.19   32.89   196.94   77.63   176.51   96.73 
