   6    1.99   18.54     48.66    0.70    0.95     25.40    5.01    6.63     50.26    0.29   32.29      7.71   38.30   38.63   178.29   77.13   156.76   98.87 
   7    1.99   18.50     42.70    1.39    1.01     21.35    7.95    6.82     50.26    0.29   27.72      7.75   37.98   38.54   178.91   77.85   157.64   99.68 
   8    1.99   18.54     43.72    1.24    1.04     23.88    5.99    6.71     50.26    0.29   24.29      7.73   38.03   38.47   178.59   77.04   157.12   98.62 
   9    1.99   18.56     48.65    0.70    1.00     25.14    5.14    6.54     50.26    0.29   21.62      7.80   37.73   38.39   178.30   77.43   157.14   99.23 
  10    1.99   18.53     46.57    0.89    0.99     23.72    6.04    6.49     50.26    0.29   19.49      7.66   38.35   38.39   178.33   77.67   157.25   99.40 
  11    1.87   18.49     51.84    0.49    0.95     29.51    3.12    6.18     50.24    0.29   17.74      7.86   37.43   38.30   178.43   77.04   157.45   99.02 
  12    1.87   18.56     43.86    1.23    0.97     22.77    6.75    6.23     50.24    0.29   16.29      7.66   38.69   38.33   178.59   78.34   157.59  100.38 
  13    1.87   18.53     42.49    1.44    1.01     22.71    6.86    6.28     50.24    0.29   15.06      7.97   37.26   38.25   180.11   78.39   159.04  100.45 
  14    1.87   18.55     44.69    1.13    1.02     21.79    7.53    6.37     50.24    0.29   14.00      7.74   38.21   38.25   182.00   79.11   160.97  100.83 
  15    1.87   18.54     47.83    0.79    1.00     22.54    6.90    6.40     50.24    0.29   13.09      7.87   37.43   38.19   182.68   79.30   161.74  101.16 
  16    1.97   18.55     44.50    1.16    1.01     21.97    7.41    6.47     50.20    0.29   12.29      7.84   37.40   38.14   182.83   79.46   161.00  100.62 
  17    1.97   18.58     39.83    1.97    1.07     16.03   14.72    6.95     50.20    0.29   11.58      7.94   37.43   38.10   181.64   80.25   159.64  101.47 
  18    1.97   18.55     27.90    7.45    1.42     11.33   25.46    7.98     50.20    0.29   10.96      7.60   39.31   38.17   179.67   79.93   157.92  101.05 
  19    1.97   18.58     22.98   12.75    2.02      9.38   32.59    9.27     50.20    0.29   10.39      7.13   41.93   38.37   178.96   80.09   156.65  100.69 
  20    1.97   18.61     34.07    3.39    2.09      9.13   36.05   10.61     50.20    0.29    9.89      6.47   45.30   38.71   159.95   76.62   137.90   97.14 
  21    2.49   18.51     30.77    4.87    2.22     19.57   11.02   10.63     50.26    0.29    9.43      9.56   33.64   38.47   156.03   76.35   134.21   96.99 
  22    2.49   18.53     29.55    5.44    2.37     16.45   15.70   10.86     50.26    0.29    9.02      9.14   35.33   38.33   150.17   77.58   127.43   97.76 
  23    2.49   18.57     25.85    8.00    2.61     12.86   23.52   11.41     50.26    0.29    8.64      9.27   34.77   38.17   145.23   76.93   122.21   97.04 
  24    2.49   18.54     20.21   14.92    3.12     11.35   27.46   12.08     50.26    0.29    8.29      8.79   37.08   38.13   147.26   81.46   124.69  102.26 
  25    2.49   18.54     30.76    4.36    3.17     11.25   27.87   12.71     50.26    0.29    7.97      8.50   37.79   38.11   129.16   82.66   106.58  103.08 
  26    2.56   17.98     31.61    3.97    3.20     18.23   12.47   12.70     50.41    0.29    7.67      9.74   33.78   37.95   125.09   87.98   102.80  108.59 
  27    2.56   17.97     30.13    4.71    3.26     17.80   13.10   12.72     50.41    0.29    7.40     10.36   31.87   37.72   123.70   91.32   101.07  111.32 
  28    2.56   17.95     28.31    6.02    3.36     15.71   16.78   12.86     50.41    0.29    7.15      9.98   33.54   37.57   124.52   96.03   101.88  115.74 
  29    2.56   17.94     27.46    6.78    3.48     14.24   19.97   13.11     50.41    0.29    6.91     10.00   33.37   37.43   125.12  100.71   102.42  120.34 
  30    2.56   17.98     29.89    5.29    3.54     13.29   22.22   13.41     50.41    0.29    6.69      9.54   34.99   37.35   125.24  106.63   103.17  126.60 
  31    4.75   18.50     29.79    5.50    3.60     21.17    9.07   13.27     33.44    2.06    6.54     10.24   32.38   37.19   127.29  109.81   105.63  129.82 
  32    4.75   18.59     29.05    6.06    3.68     18.24   12.85   13.26     33.44    2.06    6.40      9.95   33.86   37.08   131.99  110.15   110.05  130.12 
  33    4.75   18.54     28.84    6.28    3.76     17.61   13.94   13.28     33.44    2.06    6.27     10.10   33.58   36.98   132.72  109.70   111.14  130.04 
  34    4.75   18.54     28.82    6.50    3.84     15.97   17.30   13.40     33.44    2.06    6.14      9.72   35.77   36.94   139.46  110.05   117.41  129.74 
  35    4.75   18.49     29.99    5.84    3.89     15.01   20.18   13.59     33.44    2.06    6.03      9.36   38.23   36.98   148.45  111.40   126.32  130.98 
  36    5.82   18.71     31.10    5.32    3.93     20.79   10.78   13.51     36.86    1.41    5.90     10.06   36.73   36.97   156.96  111.12   135.04  130.70 
  37    5.82   19.22     31.42    5.35    3.97     18.64   14.17   13.53     36.86    1.41    5.78      9.76   39.03   37.03   166.11  110.55   143.98  130.15 
  38    5.82   19.50     33.08    4.56    3.99     16.74   17.99   13.65     36.86    1.41    5.66      9.96   38.86   37.07   174.33  111.24   152.18  131.13 
  39    5.82   19.94     33.48    4.40    4.00     16.18   19.38   13.80     36.86    1.41    5.55     10.43   37.21   37.08   178.69  112.80   156.54  132.19 
  40    5.82   19.46     33.93    4.33    4.01     15.57   20.74   13.97     36.86    1.41    5.45      9.82   39.34   37.13   186.13  116.13   163.68  135.36 
  41    8.22   20.50     33.83    4.52    4.02     19.73   12.69   13.94     34.15    1.99    5.37     10.20   37.38   37.14   191.12  118.87   168.88  138.58 
  42    8.22   20.43     33.35    4.94    4.04     18.12   15.03   13.96     34.15    1.99    5.29     10.28   36.53   37.13   197.30  120.86   174.87  140.65 
  43    8.22   20.46     35.33    4.01    4.04     16.69   17.37   14.04     34.15    1.99    5.21     10.21   36.14   37.10   202.72  122.43   180.02  141.95 
  44    8.22   20.47     33.29    5.04    4.06     15.02   20.58   14.19     34.15    1.99    5.14      9.96   36.78   37.10   203.11  120.99   180.36  140.05 
  45    8.22   20.46     34.59    4.34    4.07     14.56   21.53   14.36     34.15    1.99    5.07     10.31   34.78   37.04   203.52  121.99   180.66  140.97 
  46   11.24   20.76     34.29    4.50    4.08     21.34    9.58   14.25     32.94    2.34    5.01     10.32   33.93   36.98   203.75  121.61   180.99  140.67 
  47   11.24   20.47     36.58    3.48    4.07     18.84   12.59   14.22     32.94    2.34    4.95     10.23   33.69   36.91   203.65  123.45   181.07  142.72 
  48   11.24   20.42     35.24    4.05    4.07     18.23   13.27   14.20     32.94    2.34    4.90     10.05   33.93   36.84   203.62  122.02   180.84  141.28 
  49   11.24   20.40     32.42    5.59    4.10     16.77   15.58   14.22     32.94    2.34    4.84     10.17   33.23   36.77   204.99  120.51   182.02  139.69 
  50   11.24   20.42     33.80    4.74    4.11     17.46   14.35   14.23     32.94    2.34    4.79     10.12   33.32   36.70   204.62  118.56   181.70  137.73 
  51   17.62   20.46     34.07    4.56    4.12     22.87    7.70   14.10     40.72    0.96    4.72     10.24   33.13   36.63   204.93  114.65   182.01  134.09 
  52   17.62   20.50     33.79    4.67    4.13     19.34   11.54   14.05     40.72    0.96    4.65     10.08   33.52   36.57   205.69  112.18   182.71  131.45 
  53   17.62   20.43     36.95    3.25    4.11     17.90   13.70   14.04     40.72    0.96    4.58     10.25   33.07   36.51   205.96  110.06   183.11  129.24 
  54   17.62   20.46     36.25    3.54    4.10     16.83   15.56   14.07     40.72    0.96    4.51     10.41   32.76   36.44   208.48  109.20   185.65  128.28 
  55   17.62   20.47     34.91    4.11    4.10     15.75   17.83   14.14     40.72    0.96    4.45     10.21   33.54   36.38   208.32  107.10   185.29  126.18 
  56   13.50   21.24     36.36    3.45    4.09     20.31   10.62   14.08     40.23    1.02    4.38     10.38   33.01   36.32   207.09  106.12   184.38  125.77 
  57   13.50   20.85     30.79    6.40    4.13     18.21   13.69   14.07     40.23    1.02    4.32     10.09   34.02   36.28   204.49  104.71   180.95  123.47 
  58   13.50   21.15     30.80    6.15    4.17     16.17   17.62   14.13     40.23    1.02    4.27      9.64   35.57   36.27   197.03  102.59   173.41  121.43 
  59   13.50   21.07     34.51    3.87    4.16     16.11   18.14   14.20     40.23    1.02    4.21      9.16   37.71   36.30   185.21   98.22   162.41  117.46 
  60   13.50   20.73     34.44    3.73    4.15     15.10   20.72   14.31     40.23    1.02    4.16      9.47   37.54   36.32   174.97   97.02   152.15  116.43 
  61  127.27   20.47     33.40    4.01    4.15     17.42   16.25   14.34     24.28    6.44    4.20      9.50   37.88   36.34   165.06   96.67   142.45  115.82 
  62  127.27   20.15     33.94    3.67    4.14     16.55   18.12   14.40     24.28    6.44    4.23     10.13   36.72   36.35   159.61   95.98   137.33  115.50 
  63  127.27   20.12     31.48    4.64    4.15     16.41   18.53   14.47     24.28    6.44    4.27      9.37   39.19   36.39   149.36   94.91   127.14  114.69 
  64  127.27   20.45     33.62    3.51    4.14     15.07   21.61   14.58     24.28    6.44    4.30      9.85   38.40   36.42   141.34   95.67   119.16  115.28 
  65  127.27   20.16     29.87    5.29    4.16     14.38   23.50   14.72     24.28    6.44    4.34     10.06   38.64   36.46   138.09   95.57   115.72  115.16 
  66   29.41   21.42     30.09    5.17    4.17     22.12    9.73   14.64     34.48    2.02    4.30     10.30   38.25   36.49   138.30   97.01   115.75  116.50 
  67   29.41   21.73     29.56    5.58    4.19     19.35   13.49   14.62     34.48    2.02    4.27     10.41   37.97   36.51   138.15   97.76   115.82  117.21 
  68   29.41   21.73     29.28    5.73    4.22     17.43   16.83   14.66     34.48    2.02    4.23     10.47   37.73   36.53   139.09   98.42   116.50  117.50 
  69   29.41   21.69     29.68    5.59    4.24     17.00   17.63   14.70     34.48    2.02    4.20     10.54   37.20   36.54   141.94   99.30   119.65  118.69 
  70   29.41   21.66     32.35    4.20    4.24     15.30   21.41   14.79     34.48    2.02    4.17     10.44   37.37   36.55   146.95  100.63   124.69  120.17 
  71   79.19   22.36     31.05    5.01    4.25     18.70   14.39   14.79     32.69    2.51    4.15     10.99   34.79   36.52   153.50   99.50   130.90  118.80 
  72   79.19   22.29     31.65    4.80    4.26     18.60   14.45   14.78     32.69    2.51    4.12     11.07   34.23   36.49   160.83   99.16   137.99  118.53 
  73   79.19   22.33     34.01    3.78    4.25     19.37   13.10   14.76     32.69    2.51    4.10     11.16   33.73   36.45   165.33   99.62   142.51  119.04 
  74   79.19   22.32     30.47    5.76    4.27     18.99   13.65   14.75     32.69    2.51    4.08     11.31   33.14   36.41   168.88   98.83   146.28  118.31 
  75   79.19   22.36     31.57    5.18    4.28     20.06   12.04   14.71     32.69    2.51    4.06     11.04   34.13   36.38   174.00   98.42   151.19  117.70 
  76  176.15   21.72     31.65    5.27    4.29     18.19   15.10   14.71     28.42    4.14    4.06     10.56   36.10   36.37   181.08   98.65   158.30  118.01 
  77  176.15   21.72     31.76    5.28    4.31     16.88   17.57   14.75     28.42    4.14    4.06     10.59   36.17   36.37   184.82   98.25   162.25  117.58 
  78  176.15   21.75     31.48    5.57    4.32     16.28   18.81   14.80     28.42    4.14    4.06     10.37   36.83   36.38   189.55   98.48   166.59  117.28 
  79  176.15   21.68     31.45    5.61    4.34     16.24   18.85   14.86     28.42    4.14    4.06     10.58   36.02   36.37   191.03   98.92   168.07  117.73 
  80  176.15   21.75     32.36    5.05    4.35     17.48   16.44   14.87     28.42    4.14    4.06     10.74   35.70   36.36   191.22   99.50   168.54  118.31 
  81   69.61   22.32     31.16    5.93    4.37     21.31   10.56   14.82     36.85    1.58    4.03     11.06   34.25   36.34   190.91  102.64   168.38  121.57 
  82   69.61   22.40     34.50    4.05    4.36     17.56   15.40   14.83     36.85    1.58    4.00     10.93   32.81   36.30   190.80  107.88   168.06  127.14 
  83   69.61   22.43     35.24    3.82    4.36     16.74   16.44   14.85     36.85    1.58    3.97     10.56   33.04   36.26   193.37  113.84   171.20  132.91 
  84   69.61   22.29     33.55    4.67    4.36     17.07   15.63   14.86     36.85    1.58    3.95     10.68   32.08   36.21   194.59  117.52   172.26  137.04 
  85   69.61   22.40     35.20    3.86    4.36     18.45   13.17   14.84     36.85    1.58    3.92     10.23   33.62   36.18   192.05  118.72   169.62  138.00 
  86  105.30   23.09     33.03    4.89    4.36     18.44   12.89   14.82     37.83    1.42    3.89     10.10   33.16   36.14   188.30  119.28   165.84  138.25 
  87  105.30   23.02     30.22    6.62    4.39     15.82   17.13   14.84     37.83    1.42    3.86      9.36   35.14   36.13   182.45  118.79   159.73  137.88 
  88  105.30   22.97     33.14    4.60    4.39     16.37   15.76   14.85     37.83    1.42    3.83      9.38   34.39   36.11   174.15  120.36   151.72  139.65 
  89  105.30   23.03     31.63    5.33    4.40     16.08   15.99   14.86     37.83    1.42    3.81      9.24   34.24   36.09   165.07  121.63   142.64  140.99 
  90  105.30   23.02     31.11    5.53    4.41     16.05   15.99   14.88     37.83    1.42    3.78      9.74   32.83   36.05   159.60  120.16   137.09  139.38 
  91  434.37   22.50     30.27    5.99    4.43     21.25    8.81   14.81     26.77    5.05    3.79     10.35   31.17   36.00   157.54  117.26   135.06  136.66 
  92  434.37   22.40     30.60    5.48    4.44     18.54   12.28   14.78     26.77    5.05    3.81      9.55   34.99   35.99   155.70  108.31   133.04  127.60 
  93  434.37   22.36     31.72    4.68    4.44     16.73   15.59   14.79     26.77    5.05    3.82      9.89   34.27   35.97   155.46  101.28   132.79  120.64 
  94  434.37   22.32     31.31    4.88    4.45     15.04   19.61   14.84     26.77    5.05    3.83     10.48   32.93   35.94   155.95   96.68   132.89  115.86 
  95  434.37   22.38     32.41    4.31    4.45     17.01   16.17   14.86     26.77    5.05    3.85     11.02   32.14   35.90   157.34   96.20   134.64  115.44 
  96  154.19   23.05     32.51    4.36    4.45     19.33   12.55   14.83     30.83    3.16    3.84     11.38   31.61   35.85   160.33   96.77   137.46  116.21 
  97  154.19   23.02     31.41    4.98    4.45     18.24   14.39   14.83     30.83    3.16    3.83     11.55   31.37   35.81   164.23   96.90   141.07  115.95 
  98  154.19   23.01     35.73    3.10    4.44     18.49   14.24   14.82     30.83    3.16    3.82     11.34   32.90   35.78   168.86   95.68   146.20  114.93 
  99  154.19   22.97     33.48    4.16    4.44     17.50   16.42   14.84     30.83    3.16    3.82     11.13   34.34   35.76   176.42   96.32   153.86  115.74 
 100  154.19   23.01     31.10    5.66    4.45     17.28   17.20   14.86     30.83    3.16    3.81     10.97   35.44   35.76   184.45   95.46   161.66  114.89 
 101  502.51   23.23     31.13    5.82    4.46     17.33   17.43   14.89     27.28    4.78    3.82     10.87   36.29   35.76   190.59   93.75   167.99  113.49 
 102  502.51   23.03     36.39    3.22    4.45     16.18   20.15   14.94     27.28    4.78    3.83     10.89   36.64   35.77   194.91   92.51   172.63  112.32 
 103  502.51   23.02     34.18    4.15    4.45     16.35   19.85   14.99     27.28    4.78    3.84     11.15   36.07   35.78   195.92   91.39   173.52  111.39 
 104  502.51   22.97     30.47    6.45    4.47     17.16   18.07   15.02     27.28    4.78    3.85     11.38   35.25   35.77   196.07   93.18   174.17  113.57 
 105  502.51   22.99     35.52    3.69    4.46     17.31   17.57   15.04     27.28    4.78    3.86     10.62   38.05   35.79   199.25  100.85   177.17  120.92 
 106  190.40   22.96     33.33    4.72    4.46     20.23   12.44   15.02     29.26    3.84    3.86     11.14   35.50   35.79   197.92  101.35   175.70  121.33 
 107  190.40   23.01     32.25    5.21    4.47     19.82   12.96   15.00     29.26    3.84    3.86     10.78   36.59   35.80   193.10   99.84   170.69  119.64 
 108  190.40   22.97     31.21    5.82    4.48     18.75   14.61   14.99     29.26    3.84    3.86     11.15   35.01   35.79   189.34  100.23   167.13  119.95 
 109  190.40   22.97     33.25    4.38    4.48     19.44   13.50   14.98     29.26    3.84    3.86     10.40   37.70   35.81   177.80   99.71   155.14  119.44 
 110  190.40   23.00     30.92    5.50    4.49     20.50   11.87   14.95     29.26    3.84    3.86     10.37   37.86   35.83   169.81   99.14   147.26  118.87 
 111 1045.10   23.18     31.92    4.81    4.49     19.57   13.15   14.94     20.09   11.10    3.92     10.71   36.07   35.83   164.25  102.63   141.79  122.20 
 112 1045.10   23.02     29.44    6.40    4.51     18.11   15.32   14.94     20.09   11.10    3.99     10.63   35.91   35.83   158.90  106.01   136.91  125.52 
 113 1045.10   23.04     30.76    5.56    4.52     17.63   15.98   14.95     20.09   11.10    4.05     10.61   35.84   35.83   156.04  110.78   134.27  130.80 
 114 1045.10   22.98     31.60    5.08    4.52     17.64   15.91   14.96     20.09   11.10    4.11     10.61   35.72   35.83   157.20  112.90   135.47  132.76 
 115 1045.10   23.06     31.09    5.48    4.53     17.34   16.13   14.97     20.09   11.10    4.17     10.36   35.97   35.83   159.44  115.47   137.30  135.15 
 116  364.77   23.15     31.92    5.07    4.54     19.36   12.58   14.95     20.75   10.34    4.22     10.25   35.93   35.83   163.47  116.69   141.30  136.00 
 117  364.77   23.06     31.16    5.70    4.55     17.16   15.74   14.95     20.75   10.34    4.28     10.27   34.86   35.82   170.18  116.91   148.13  136.61 
 118  364.77   23.02     30.80    6.17    4.56     16.71   16.37   14.97     20.75   10.34    4.33     10.11   34.55   35.81   178.69  120.22   156.42  139.09 
 119  364.77   23.02     31.89    5.61    4.57     16.12   16.97   14.98     20.75   10.34    4.38     10.08   33.59   35.79   185.19  122.38   162.91  141.24 
 120  364.77   23.03     33.63    4.61    4.57     16.65   15.63   14.99     20.75   10.34    4.43     10.17   32.84   35.77   187.78  122.42   165.40  141.23 
 121  604.19   23.08     33.56    4.68    4.57     18.23   12.98   14.97     19.00   12.63    4.50     10.18   32.71   35.74   191.14  120.28   168.73  139.23 
 122  604.19   22.98     35.03    3.92    4.56     17.09   14.98   14.97     19.00   12.63    4.56      9.98   33.92   35.73   192.72  115.08   170.38  134.07 
 123  604.19   23.05     35.25    3.76    4.56     16.09   16.92   14.99     19.00   12.63    4.63      9.92   34.28   35.72   193.44  109.60   170.93  128.12 
 124  604.19   22.96     34.62    4.00    4.55     14.89   19.59   15.02     19.00   12.63    4.69     10.25   33.17   35.69   193.81  105.71   171.42  124.26 
 125  604.19   23.04     37.06    2.98    4.54     14.10   21.89   15.08     19.00   12.63    4.76     10.16   34.11   35.68   192.49   99.68   170.02  118.22 
 126  140.20   23.02     36.15    3.30    4.53     22.07    8.84   15.03     22.68    8.26    4.78     11.07   31.28   35.65   192.61   96.87   169.94  115.42 
 127  140.20   23.04     36.19    3.26    4.52     19.09   12.97   15.01     22.68    8.26    4.81     10.86   32.95   35.63   194.45   93.21   171.74  111.69 
 128  140.20   23.05     37.46    2.84    4.51     17.46   16.03   15.02     22.68    8.26    4.84     10.96   33.37   35.61   195.99   90.44   173.38  109.18 
 129  140.20   23.09     35.47    3.57    4.50     16.78   17.57   15.04     22.68    8.26    4.86     11.08   33.76   35.59   197.10   90.44   174.29  109.07 
 130  140.20   23.05     34.36    4.01    4.50     16.43   18.58   15.07     22.68    8.26    4.89     11.01   34.46   35.59   196.43   89.54   173.63  108.19 
 131   96.89   23.33     32.98    4.64    4.50     16.78   18.08   15.09     25.55    5.95    4.90     10.93   35.21   35.58   195.04   89.09   172.24  107.47 
 132   96.89   23.02     35.23    3.55    4.49     15.77   20.03   15.13     25.55    5.95    4.91     11.13   34.46   35.57   190.41   89.37   167.53  107.42 
 133   96.89   23.05     35.23    3.44    4.48     15.34   20.82   15.17     25.55    5.95    4.91     10.59   36.24   35.58   183.04   89.11   160.99  107.64 
 134   96.89   23.00     31.10    5.32    4.49     16.31   18.29   15.19     25.55    5.95    4.92     10.71   34.96   35.57   176.03   86.38   154.47  105.17 
 135   96.89   23.01     26.80    8.23    4.52     15.39   20.50   15.23     25.55    5.95    4.93     10.77   34.17   35.56   168.18   85.83   146.73  104.81 
 136  109.01   23.42     26.09    8.40    4.55     17.67   15.50   15.24     23.02    7.98    4.95     10.28   34.63   35.56   158.01   83.86   136.67  103.23 
 137  109.01   23.50     26.56    7.68    4.57     16.65   17.21   15.25     23.02    7.98    4.97     10.97   32.14   35.53   151.54   81.51   129.45  100.15 
 138  109.01   23.03     27.26    6.88    4.59     15.12   19.46   15.28     23.02    7.98    5.00     10.62   32.25   35.51   143.43   82.63   121.67  101.41 
 139  109.01   23.38     27.66    6.58    4.60     15.84   17.06   15.29     23.02    7.98    5.02     11.29   29.74   35.47   134.80   89.14   113.15  108.09 
 140  109.01   23.26     32.25    3.97    4.59     15.97   16.70   15.30     23.02    7.98    5.04     11.33   29.16   35.42   134.59   94.67   112.92  113.72 
 141   84.43   24.01     30.76    4.82    4.60     22.17    8.17   15.25     24.89    6.43    5.05     11.65   27.81   35.37   136.08   98.24   114.40  117.36 
 142   84.43   24.09     31.23    4.62    4.60     19.15   11.68   15.23     24.89    6.43    5.06     11.37   28.73   35.32   138.91  100.37   117.28  119.10 
 143   84.43   23.92     30.97    4.83    4.60     18.27   13.00   15.21     24.89    6.43    5.07     11.67   27.85   35.27   141.48  100.18   119.65  118.89 
 144   84.43   24.03     32.29    4.27    4.60     17.82   14.12   15.20     24.89    6.43    5.08     11.07   30.29   35.23   149.57  101.49   127.82  119.65 
 145   84.43   24.01     29.40    6.25    4.61     16.76   16.32   15.21     24.89    6.43    5.09     10.98   31.44   35.21   161.69  101.84   139.89  119.87 
 146   77.88   24.27     30.07    6.02    4.62     20.61   10.59   15.18     27.27    4.89    5.09     11.28   31.15   35.18   170.03  102.66   148.12  120.65 
 147   77.88   24.29     33.72    4.10    4.61     17.36   15.62   15.18     27.27    4.89    5.08     11.54   30.56   35.15   174.07  102.37   152.30  120.71 
 148   77.88   24.23     35.58    3.40    4.61     16.31   17.85   15.20     27.27    4.89    5.08     11.19   31.98   35.13   181.08  102.99   159.32  121.50 
 149   77.88   24.24     32.39    4.97    4.61     17.54   15.62   15.20     27.27    4.89    5.08     11.76   30.12   35.09   184.38  101.09   162.66  119.88 
 150   77.88   24.25     40.97    1.86    4.59     16.79   16.76   15.21     27.27    4.89    5.08     11.51   30.93   35.07   186.67  104.02   164.48  122.08 
 151   81.59   24.68     38.38    2.50    4.58     21.92    9.30   15.18     27.88    4.56    5.08     11.51   30.79   35.04   186.95  101.08   164.99  119.56 
 152   81.59   24.55     38.00    2.61    4.56     19.80   11.89   15.15     27.88    4.56    5.07     11.72   30.05   35.00   188.22   98.22   166.14  116.45 
 153   81.59   24.67     35.26    3.60    4.56     17.69   15.51   15.16     27.88    4.56    5.07     11.43   31.24   34.98   193.58   94.68   171.53  113.02 
 154   81.59   24.23     33.29    4.52    4.56     18.21   14.76   15.15     27.88    4.56    5.07     11.74   30.80   34.95   193.91   94.09   171.61  112.23 
 155   81.59   24.74     32.84    4.74    4.56     18.00   15.13   15.15     27.88    4.56    5.06     11.57   31.55   34.93   193.42   94.26   170.83  112.07 
 156   88.28   25.08     36.00    3.27    4.55     18.50   14.15   15.15     27.88    4.56    5.06     11.51   31.73   34.91   189.51   95.17   167.04  113.26 
 157   88.28   24.71     35.21    3.47    4.54     14.00   19.73   15.18     27.88    4.56    5.06     10.46   29.72   34.88   184.36   95.27   162.13  113.35 
 158   88.28   24.74     40.49    1.85    4.53     12.66   20.64   15.21     27.88    4.56    5.05      9.75   28.94   34.84   175.12   94.49   152.97  113.09 
 159   88.28   24.70     23.25   12.87    4.58     12.38   19.85   15.24     27.88    4.56    5.05      9.48   28.40   34.80   179.40   92.67   157.55  111.43 
 160   88.28   24.79     31.95    4.53    4.58     12.10   21.86   15.28     27.88    4.56    5.05      7.29   33.95   34.79   161.36   87.79   139.13  107.06 
 161   80.61   24.60     30.14    5.46    4.58     18.60   10.43   15.25     27.02    5.02    5.05     10.21   26.54   34.74   157.50   87.14   135.29  106.61 
 162   80.61   24.85     28.23    6.45    4.59     16.70   12.59   15.23     27.02    5.02    5.05      9.15   28.89   34.71   149.74   86.98   127.37  105.78 
 163   80.61   24.71     27.80    6.55    4.61     14.45   15.73   15.24     27.02    5.02    5.05      9.23   28.20   34.67   141.51   86.57   119.26  105.59 
 164   80.61   24.75     32.81    3.66    4.60     13.63   16.49   15.25     27.02    5.02    5.05      9.44   27.96   34.63   132.35   94.00   110.36  113.26 
 165   80.61   24.59     33.12    3.58    4.59     13.62   16.39   15.25     27.02    5.02    5.05      9.80   26.67   34.58   128.30  104.20   106.46  122.59 
 166   88.13   24.71     31.80    4.23    4.59     20.88    7.04   15.20     26.73    5.15    5.05     10.74   23.39   34.51   128.41  108.98   106.92  127.44 
 167   88.13   24.64     39.36    1.86    4.58     19.63    8.12   15.16     26.73    5.15    5.05     10.29   24.31   34.45   129.10  115.50   107.26  133.60 
 168   88.13   24.58     32.62    4.18    4.57     17.72   10.10   15.13     26.73    5.15    5.05      9.97   25.20   34.39   131.82  119.21   110.14  137.48 
 169   88.13   24.63     34.67    3.38    4.57     17.36   10.59   15.10     26.73    5.15    5.05      9.84   25.76   34.34   137.84  122.38   116.00  140.83 
 170   88.13   24.81     34.26    3.68    4.56     18.01   10.03   15.07     26.73    5.15    5.05      9.53   27.20   34.30   144.67  122.83   122.99  140.96 
 171   87.29   25.16     37.20    2.69    4.55     21.43    6.85   15.03     26.42    5.30    5.05      9.37   28.13   34.27   152.84  123.28   131.43  141.12 
 172   87.29   24.60     38.30    2.42    4.54     19.45    8.59   14.99     26.42    5.30    5.05     11.04   23.12   34.20   157.89  122.91   136.82  141.12 
 173   87.29   24.79     42.83    1.49    4.52     19.03    9.04   14.95     26.42    5.30    5.05     10.24   25.92   34.15   167.49  124.26   145.88  142.02 
 174   87.29   24.55     34.80    3.89    4.52     16.27   12.56   14.94     26.42    5.30    5.06     10.43   25.47   34.10   177.57  123.45   156.01  141.64 
 175   87.29   24.86     42.23    1.69    4.50     16.33   12.68   14.93     26.42    5.30    5.06     10.44   25.46   34.05   182.94  123.47   161.65  141.43 
 176   86.38   24.78     43.14    1.54    4.48     17.50   10.97   14.90     27.10    4.87    5.06     10.78   24.46   34.00   190.23  119.93   168.74  138.12 
 177   86.38   24.80     39.76    2.29    4.47     18.34   10.02   14.88     27.10    4.87    5.06     11.23   23.18   33.94   193.80  117.04   172.11  134.81 
 178   86.38   24.78     38.11    2.78    4.46     17.57   10.95   14.85     27.10    4.87    5.05     11.37   22.62   33.87   194.73  114.30   173.11  132.56 
 179   86.38   24.68     37.72    2.91    4.45     16.74   12.20   14.84     27.10    4.87    5.05     11.38   22.70   33.81   195.26  113.07   173.61  130.92 
 180   86.38   24.74     39.06    2.47    4.44     16.68   12.33   14.83     27.10    4.87    5.05     11.37   22.76   33.75   195.73  110.18   174.33  127.99 
 181   86.98   24.36     38.36    2.65    4.43     19.47    9.31   14.80     26.79    5.01    5.05     11.54   23.22   33.69   197.33  103.70   176.09  121.39 
 182   86.98   24.60     40.66    2.02    4.42     15.40   16.62   14.81     26.79    5.01    5.05     11.58   25.74   33.65   200.89  100.43   178.76  117.78 
 183   86.98   24.42     38.96    2.47    4.41     16.35   16.75   14.82     26.79    5.01    5.05     12.06   27.38   33.61   201.90   98.54   179.66  116.07 
 184   86.98   24.55     37.65    2.86    4.40     17.34   15.62   14.82     26.79    5.01    5.05     12.22   28.11   33.58   202.37   97.24   180.02  114.90 
 185   86.98   24.36     34.01    4.34    4.40     17.31   16.54   14.83     26.79    5.01    5.05     12.12   30.01   33.56   202.33   96.78   179.90  113.98 
 186   82.42   24.31     36.60    3.20    4.39     18.48   15.04   14.83     25.75    5.65    5.05     12.16   31.01   33.55   200.10   96.03   177.61  113.65 
 187   82.42   24.33     35.45    3.56    4.39     18.55   15.35   14.83     25.75    5.65    5.06     12.04   32.32   33.54   196.52   94.71   174.23  112.55 
 188   82.42   24.33     35.84    3.31    4.38     20.07   13.02   14.82     25.75    5.65    5.06     11.90   33.32   33.54   189.40   93.64   167.26  112.11 
 189   82.42   24.28     32.58    4.61    4.38     17.27   18.06   14.84     25.75    5.65    5.06     11.45   35.07   33.55   180.59   90.50   158.91  109.15 
 190   82.42   24.39     33.40    4.16    4.38     18.36   15.94   14.85     25.75    5.65    5.07     12.25   32.20   33.54   177.92   89.93   156.09  108.29 
 191   97.68   25.19     29.65    6.20    4.39     18.98   14.77   14.85     26.34    5.31    5.07     11.89   33.56   33.54   172.71   87.95   150.41  106.63 
 192   97.68   24.32     33.36    3.92    4.39     18.12   16.27   14.85     26.34    5.31    5.07     11.83   33.48   33.54   164.01   89.13   141.95  107.45 
 193   97.68   24.54     27.07    7.77    4.41     18.31   15.95   14.86     26.34    5.31    5.07     12.11   31.92   33.54   161.27   87.24   139.56  105.71 
 194   97.68   24.27     28.05    6.72    4.42     17.62   16.91   14.87     26.34    5.31    5.07     11.63   32.74   33.53   152.86   86.51   131.28  105.14 
 195   97.68   24.57     27.47    7.03    4.43     17.49   16.84   14.88     26.34    5.31    5.07     12.11   30.93   33.52   150.18   86.63   128.35  105.94 
 196   87.58   24.83     27.00    7.19    4.45     18.58   14.31   14.88     26.14    5.45    5.07     11.95   30.50   33.50   142.92   86.06   121.32  105.48 
 197   87.58   24.56     27.63    6.48    4.46     17.36   16.12   14.88     26.14    5.45    5.08     11.88   30.30   33.49   136.32   86.17   114.86  104.49 
 198   87.58   24.57     29.15    5.39    4.46     16.98   16.69   14.89     26.14    5.45    5.08     12.35   28.57   33.46   130.23   87.94   109.05  106.47 
 199   87.58   24.46     28.97    5.48    4.47     16.88   16.78   14.90     26.14    5.45    5.08     12.49   28.16   33.44   128.43   93.79   107.29  112.18 
 200   87.58   24.53     26.03    7.85    4.48     16.03   18.34   14.92     26.14    5.45    5.08     12.13   29.07   33.41   130.10   97.76   108.22  116.26 
 201   83.56   24.21     26.80    7.29    4.50     22.37    8.77   14.89     25.75    5.72    5.09     12.57   27.25   33.38   129.53   99.70   107.43  118.19 
 202   83.56   24.50     26.61    7.56    4.51     20.65   10.53   14.87     25.75    5.72    5.09     12.14   28.27   33.36   130.45  103.62   108.40  122.06 
 203   83.56   24.29     27.90    6.68    4.52     18.45   13.33   14.86     25.75    5.72    5.09     11.92   28.34   33.33   131.57  106.47   110.21  125.30 
 204   83.56   24.42     33.98    3.42    4.52     17.48   14.59   14.86     25.75    5.72    5.09     11.58   28.83   33.31   134.24  106.89   112.86  126.12 
 205   83.56   24.27     30.69    5.14    4.52     18.30   13.34   14.85     25.75    5.72    5.10     10.84   30.85   33.30   142.33  106.86   120.79  125.73 
 206   90.16   24.66     34.08    3.57    4.52     20.66   10.23   14.83     25.97    5.58    5.10     11.06   30.14   33.28   149.78  104.29   128.39  123.50 
 207   90.16   24.23     29.25    6.29    4.53     18.97   12.53   14.82     25.97    5.58    5.10     11.93   27.73   33.26   154.30  103.39   132.89  122.67 
 208   90.16   24.25     32.79    4.35    4.52     18.55   13.10   14.81     25.97    5.58    5.10     11.35   29.36   33.24   163.33  104.95   142.10  124.04 
 209   90.16   24.12     36.77    2.86    4.52     18.25   13.49   14.80     25.97    5.58    5.11     11.56   28.84   33.22   170.77  104.21   149.29  123.02 
 210   90.16   24.26     34.16    3.99    4.51     16.95   16.07   14.81     25.97    5.58    5.11     11.43   29.56   33.20   178.84  104.27   157.67  123.43 
 211   91.10   24.46     33.65    4.35    4.51     18.82   13.08   14.80     25.71    5.74    5.11     11.50   29.74   33.18   184.62  105.36   163.32  124.55 
 212   91.10   24.33     35.73    3.49    4.51     17.94   14.45   14.80     25.71    5.74    5.12     11.50   30.27   33.17   188.11  108.26   166.00  126.65 
 213   91.10   24.19     34.16    4.20    4.51     18.08   14.53   14.80     25.71    5.74    5.12     11.52   30.48   33.16   189.54  107.34   168.25  126.01 
 214   91.10   24.19     34.35    4.12    4.51     17.38   16.02   14.80     25.71    5.74    5.12     11.48   31.04   33.15   190.50  106.41   169.21  125.20 
 215   91.10   24.22     34.98    3.79    4.50     16.98   16.99   14.81     25.71    5.74    5.12     11.50   31.25   33.14   190.84  102.90   169.00  121.37 
 216   92.89   24.24     37.73    2.73    4.49     20.03   12.13   14.80     26.01    5.56    5.13     11.37   31.88   33.13   190.94   97.35   169.28  115.83 
 217   92.89   24.26     35.86    3.42    4.49     17.92   15.60   14.81     26.01    5.56    5.13     11.45   32.50   33.13   193.15   95.35   171.29  114.24 
 218   92.89   24.37     35.72    3.48    4.48     16.82   17.53   14.82     26.01    5.56    5.13     11.03   34.40   33.13   195.85   97.21   173.69  115.77 
 219   92.89   24.37     33.93    4.29    4.48     16.18   19.01   14.84     26.01    5.56    5.13     11.12   33.61   33.14   195.51   96.57   173.67  114.81 
 220   92.89   24.35     33.23    4.57    4.48     16.39   18.41   14.85     26.01    5.56    5.13     10.89   34.24   33.14   192.36   96.59   170.40  114.99 
 221  117.82   24.47     34.26    3.99    4.48     17.01   17.13   14.86     26.73    5.13    5.13     10.79   34.12   33.15   187.24   95.50   165.35  114.82 
 222  117.82   24.23     32.35    4.83    4.48     17.50   16.22   14.87     26.73    5.13    5.13     10.42   35.36   33.16   179.14   95.06   156.81  114.29 
 223  117.82   24.18     31.66    5.01    4.49     17.43   16.23   14.88     26.73    5.13    5.13     10.04   36.25   33.17   170.77   92.91   148.34  111.87 
 224  117.82   24.19     35.05    3.34    4.48     17.32   16.41   14.88     26.73    5.13    5.13     11.01   33.46   33.17   165.97   93.31   143.63  112.33 
 225  117.82   24.23     34.13    3.59    4.48     17.24   16.35   14.89     26.73    5.13    5.13     10.97   32.85   33.17   159.99   93.49   137.57  112.46 
 226   94.66   24.53     32.87    4.06    4.47     20.27   11.57   14.87     25.24    6.10    5.14     10.90   33.30   33.17   154.87   92.98   132.66  112.15 
 227   94.66   24.07     29.59    5.75    4.48     18.38   14.32   14.87     25.24    6.10    5.14     10.83   33.62   33.17   148.98   92.16   126.30  111.37 
 228   94.66   24.23     31.64    4.47    4.48     17.96   14.86   14.87     25.24    6.10    5.15     11.07   32.75   33.17   144.47   92.68   122.13  111.42 
 229   94.66   24.08     31.71    4.31    4.48     16.76   16.91   14.88     25.24    6.10    5.15     11.16   32.27   33.17   142.67   93.37   120.24  112.12 
 230   94.66   24.25     32.22    4.08    4.48     17.06   16.35   14.89     25.24    6.10    5.15     11.27   31.80   33.16   143.19   92.91   120.92  112.11 
 231   94.51   24.28     29.46    5.63    4.48     21.47    9.84   14.87     25.11    6.20    5.16     11.39   31.22   33.15   143.28   92.28   120.85  111.26 
 232   94.51   24.26     34.47    3.16    4.48     21.19   10.15   14.84     25.11    6.20    5.16     11.46   31.23   33.14   143.65   93.53   121.24  112.26 
 233   94.51   24.27     31.18    4.65    4.48     19.20   12.75   14.84     25.11    6.20    5.17     11.43   30.86   33.13   146.62   93.31   124.47  112.21 
 234   94.51   24.18     28.38    6.59    4.49     18.26   14.14   14.83     25.11    6.20    5.17     11.61   29.91   33.12   153.72   93.83   131.76  112.63 
 235   94.51   24.26     26.92    7.93    4.50     19.04   12.94   14.82     25.11    6.20    5.18     11.95   29.12   33.10   159.29   94.05   136.80  112.46 
 236   99.74   24.18     29.15    6.25    4.51     22.03    9.25   14.80     25.10    6.21    5.18     12.01   29.24   33.09   161.65   93.88   139.17  112.35 
 237   99.74   24.24     28.45    6.93    4.52     20.03   11.75   14.79     25.10    6.21    5.19     12.06   29.40   33.07   167.42   93.58   145.25  112.01 
 238   99.74   24.20     32.55    4.46    4.52     18.97   13.17   14.78     25.10    6.21    5.19     12.10   29.35   33.06   170.68   92.76   148.27  111.45 
 239   99.74   24.17     33.03    4.35    4.52     18.69   13.99   14.78     25.10    6.21    5.19     11.68   31.18   33.05   177.28   92.75   155.21  110.98 
 240   99.74   24.27     40.54    1.89    4.51     18.98   13.84   14.77     25.10    6.21    5.20     11.96   31.02   33.04   182.05   94.42   160.20  112.68 
 241  108.32   24.29     35.61    3.39    4.50     19.17   13.75   14.77     25.61    5.86    5.20     11.70   32.24   33.04   189.26   94.14   166.66  112.35 
 242  108.32   24.18     36.09    3.24    4.50     19.23   13.73   14.77     25.61    5.86    5.20     11.96   31.70   33.03   190.48   94.46   167.96  112.46 
 243  108.32   24.18     36.18    3.24    4.49     19.72   12.91   14.76     25.61    5.86    5.21     11.86   32.18   33.03   191.65   98.04   169.49  116.14 
 244  108.32   24.10     37.60    2.84    4.49     19.23   13.58   14.75     25.61    5.86    5.21     11.64   33.04   33.03   192.04  104.76   170.12  123.13 
 245  108.32   24.19     36.39    3.38    4.48     18.59   14.46   14.75     25.61    5.86    5.21     10.94   35.14   33.04   194.57  115.16   172.29  133.23 
 246  123.25   24.28     35.85    3.62    4.48     18.91   13.91   14.75     25.00    6.31    5.22     11.25   33.37   33.04   193.92  119.47   172.09  137.82 
 247  123.25   24.21     35.41    3.72    4.47     18.53   14.31   14.75     25.00    6.31    5.22     10.96   33.82   33.04   189.96  117.85   167.87  135.75 
 248  123.25   24.22     31.92    5.54    4.48     18.62   13.98   14.74     25.00    6.31    5.23     11.31   32.21   33.04   186.31  117.15   164.18  135.40 
 249  123.25   24.08     31.31    5.73    4.48     19.34   12.42   14.73     25.00    6.31    5.23     10.50   33.63   33.04   176.91  118.08   155.66  137.46 
 250  123.25   24.17     30.28    6.24    4.49     19.98   11.22   14.72     25.00    6.31    5.23      9.76   35.29   33.05   167.74  120.86   145.53  139.70 
 251  127.58   24.28     29.35    6.71    4.50     18.01   13.60   14.72     25.02    6.30    5.24      9.20   36.07   33.06   157.31  122.40   135.12  140.82 
 252  127.58   24.12     29.48    6.46    4.51     18.61   12.01   14.71     25.02    6.30    5.24     10.24   31.64   33.06   150.38  120.52   127.88  139.27 
 253  127.58   24.13     33.05    4.23    4.51     18.50   12.06   14.69     25.02    6.30    5.25     10.97   28.83   33.04   148.55  120.64   126.88  139.15 
 254  127.58   24.20     29.08    6.46    4.51     18.14   12.45   14.69     25.02    6.30    5.25     10.16   31.85   33.03   147.19  112.53   124.47  131.11 
 255  127.58   24.17     31.04    5.05    4.52     17.52   13.56   14.68     25.02    6.30    5.25     10.78   29.69   33.02   146.45  109.11   124.43  127.65 
 256  173.23   24.35     30.83    5.09    4.52     20.27   10.48   14.67     25.32    6.08    5.26     10.98   30.49   33.01   146.51  105.71   124.51  124.36 
 257  173.23   24.16     27.42    7.50    4.53     19.43   11.95   14.65     25.32    6.08    5.26     11.26   30.48   33.00   148.13  103.19   125.83  121.63 
 258  173.23   24.16     32.42    4.13    4.53     19.69   11.61   14.64     25.32    6.08    5.26     11.27   30.61   32.99   143.52   99.35   121.54  118.01 
 259  173.23   24.07     27.20    7.53    4.54     19.91   11.57   14.63     25.32    6.08    5.27     11.87   28.89   32.98   147.82   98.35   125.92  116.99 
 260  173.23   24.16     28.26    6.56    4.55     19.77   12.04   14.62     25.32    6.08    5.27     11.53   30.67   32.97   148.03   95.75   125.82  114.19 
 261  106.22   24.12     28.80    6.20    4.55     21.02   10.65   14.61     24.76    6.48    5.28     11.90   30.08   32.96   149.61   94.64   127.68  112.98 
 262  106.22   24.16     29.17    6.02    4.56     20.28   11.75   14.59     24.76    6.48    5.28     12.38   28.79   32.94   152.41   93.31   130.73  111.99 
 263  106.22   24.19     29.25    6.00    4.56     20.14   11.96   14.58     24.76    6.48    5.28     12.37   28.89   32.92   156.41   91.05   134.45  109.32 
 264  106.22   24.05     28.61    6.63    4.57     19.56   12.64   14.58     24.76    6.48    5.29     12.37   28.75   32.91   163.48   89.51   141.68  107.78 
 265  106.22   24.19     28.88    6.55    4.58     19.21   12.89   14.57     24.76    6.48    5.29     12.50   27.84   32.89   167.34   89.94   145.20  108.45 
 266  103.67   24.44     33.68    3.88    4.58     19.89   11.65   14.56     24.82    6.45    5.30     12.29   28.11   32.87   171.45   88.04   149.11  106.55 
 267  103.67   24.16     34.75    3.53    4.57     18.63   13.44   14.56     24.82    6.45    5.30     11.89   28.90   32.86   178.07   87.06   156.02  105.86 
 268  103.67   24.15     33.39    4.24    4.57     18.51   13.63   14.55     24.82    6.45    5.31     11.95   28.56   32.84   184.50   87.50   161.98  105.66 
 269  103.67   24.12     33.53    4.24    4.57     20.37   11.03   14.54     24.82    6.45    5.31     11.90   28.96   32.83   189.44   87.29   166.77  105.36 
 270  103.67   24.16     37.40    2.76    4.56     18.91   12.98   14.53     24.82    6.45    5.31     11.90   29.09   32.81   191.39   88.21   168.79  106.41 
 271  122.42   24.42     37.22    2.83    4.56     20.66   10.64   14.52     24.75    6.50    5.32     11.88   29.12   32.80   192.21   88.28   169.54  106.64 
 272  122.42   24.15     36.97    2.95    4.55     17.39   15.56   14.52     24.75    6.50    5.32     11.79   29.38   32.79   193.17   88.16   170.51  106.47 
 273  122.42   24.14     36.55    3.10    4.55     17.19   15.84   14.53     24.75    6.50    5.33     11.80   29.12   32.77   196.31   88.48   173.67  106.46 
 274  122.42   24.10     38.62    2.43    4.54     17.01   16.24   14.53     24.75    6.50    5.33     11.75   29.25   32.76   196.12   86.77   173.24  104.72 
 275  122.42   24.16     38.15    2.56    4.53     16.65   16.89   14.54     24.75    6.50    5.34     11.84   29.09   32.75   195.91   86.06   173.08  103.84 
 276  112.33   24.45     36.92    3.00    4.53     20.34   10.95   14.53     24.55    6.66    5.34     11.96   28.46   32.73   198.30   86.91   175.42  104.44 
 277  112.33   24.14     36.32    3.23    4.52     19.37   12.10   14.52     24.55    6.66    5.35     11.98   28.28   32.72   199.01   87.37   176.28  104.83 
 278  112.33   24.18     34.90    3.75    4.52     17.72   14.62   14.52     24.55    6.66    5.35     12.02   27.58   32.70   199.52   85.10   176.77  102.79 
 279  112.33   24.10     33.80    4.20    4.52     15.90   17.56   14.53     24.55    6.66    5.36     11.68   28.56   32.68   196.42   84.08   173.54  101.39 
 280  112.33   24.13     34.64    3.75    4.51     15.06   19.15   14.55     24.55    6.66    5.36     11.63   28.71   32.67   191.79   85.23   169.32  102.76 
 281  143.14   24.11     30.81    5.63    4.52     15.42   18.23   14.56     24.88    6.41    5.36     11.49   29.01   32.65   187.52   85.79   164.47  103.18 
 282  143.14   24.15     33.65    4.01    4.52     15.31   18.47   14.58     24.88    6.41    5.37     11.61   28.32   32.64   180.77   83.63   158.26  100.92 
 283  143.14   24.11     27.90    7.34    4.53     16.28   16.45   14.58     24.88    6.41    5.37     11.74   28.14   32.62   173.79   82.59   151.49  100.31 
 284  143.14   24.10     30.71    5.15    4.53     15.80   17.91   14.59     24.88    6.41    5.37     11.54   28.80   32.61   164.82   82.27   143.04  100.43 
 285  143.14   24.14     26.85    7.75    4.54     16.05   17.61   14.60     24.88    6.41    5.38     11.88   28.20   32.59   159.54   84.54   137.64  102.88 
 286  134.57   24.24     26.66    7.69    4.55     17.15   15.75   14.61     24.46    6.72    5.38     11.57   29.70   32.58   151.36   87.07   129.34  104.85 
 287  134.57   24.14     29.23    5.56    4.56     17.72   15.09   14.61     24.46    6.72    5.39     11.73   29.53   32.57   143.64   84.13   121.90  102.66 
 288  134.57   24.12     27.90    6.35    4.56     18.24   14.33   14.61     24.46    6.72    5.39     12.25   28.34   32.56   141.67   83.03   119.56  101.56 
 289  134.57   24.07     29.99    4.85    4.56     19.34   13.03   14.60     24.46    6.72    5.40     12.13   29.82   32.55   134.33   80.81   112.66   99.53 
 290  134.57   24.12     30.04    4.73    4.56     16.84   18.01   14.62     24.46    6.72    5.40     12.47   29.80   32.54   130.52   80.50   108.46   99.32 
 291  149.16   24.11     30.90    4.22    4.56     21.33   11.08   14.60     24.53    6.67    5.41     12.28   31.34   32.54   129.27   80.66   107.34   99.30 
 292  149.16   24.12     30.31    4.49    4.56     19.75   13.55   14.60     24.53    6.67    5.41     12.46   31.09   32.53   129.23   79.33   107.26   98.05 
 293  149.16   24.14     30.18    4.57    4.56     19.01   14.76   14.60     24.53    6.67    5.41     12.18   32.44   32.53   128.80   81.26   106.75   99.90 
 294  149.16   24.09     31.18    4.06    4.56     20.33   12.71   14.59     24.53    6.67    5.42     12.33   31.97   32.53   128.83   81.45   106.69  100.00 
 295  149.16   24.18     30.28    4.56    4.56     19.04   14.97   14.60     24.53    6.67    5.42     12.21   32.60   32.53   130.86   81.57   108.96  100.30 
 296  117.49   24.32     29.44    5.15    4.56     20.38   13.12   14.59     23.91    7.19    5.43     12.22   32.93   32.53   135.14   81.84   113.34  100.30 
 297  117.49   24.03     27.28    6.72    4.57     19.43   15.17   14.59     23.91    7.19    5.43     11.89   34.99   32.54   142.31   82.16   120.42  100.71 
 298  117.49   24.07     31.32    4.54    4.57     16.96   20.71   14.61     23.91    7.19    5.44     11.32   38.15   32.56   152.83   80.99   131.05   99.38 
 299  117.49   24.07     33.78    3.63    4.57     17.07   20.35   14.63     23.91    7.19    5.45     11.56   38.28   32.58   162.23   80.35   140.83   98.86 
 300  117.49   24.05     34.60    3.42    4.56     16.36   21.89   14.66     23.91    7.19    5.45     11.95   36.72   32.59   167.17   80.34   146.01   99.22 
 301  155.56   24.56     35.25    3.30    4.56     17.01   20.14   14.67     24.39    6.84    5.46     11.66   37.78   32.61   176.93   80.07   155.43   98.72 
 302  155.56   23.96     31.89    5.05    4.56     18.18   17.80   14.68     24.39    6.84    5.46     11.53   38.11   32.63   186.23   79.28   164.32   97.46 
 303  155.56   23.97     37.70    2.65    4.55     17.76   18.70   14.70     24.39    6.84    5.47     11.95   36.69   32.64   192.75   80.67   171.00   99.21 
 304  155.56   23.91     34.64    3.83    4.55     18.50   17.49   14.71     24.39    6.84    5.47     11.61   39.33   32.66   193.10   86.20   171.46  104.89 
 305  155.56   24.03     35.33    3.65    4.55     17.72   19.56   14.72     24.39    6.84    5.48     11.06   43.16   32.70   192.83   96.95   171.20  115.86 
 306  150.44   24.20     34.63    4.10    4.55     21.17   13.24   14.72     24.31    6.94    5.48     11.64   40.07   32.72   195.86  104.47   174.46  123.60 
 307  150.44   23.94     34.70    4.14    4.55     18.75   17.58   14.73     24.31    6.94    5.48     10.32   46.15   32.76   193.75  116.33   172.27  135.43 
 308  150.44   24.03     35.12    3.98    4.54     17.24   21.07   14.75     24.31    6.94    5.49     10.59   44.49   32.80   192.58  124.25   170.85  143.12 
 309  150.44   23.90     34.91    4.06    4.54     16.02   24.40   14.78     24.31    6.94    5.49     10.84   43.30   32.84   188.20  127.43   166.53  146.12 
 310  150.44   23.93     34.47    4.16    4.54     15.35   25.92   14.82     24.31    6.94    5.50     10.45   44.72   32.87   178.85  128.14   157.30  146.70 
 311  141.01   24.07     35.10    3.81    4.54     21.43   12.70   14.81     23.71    7.48    5.51     11.16   41.08   32.90   172.92  130.06   151.44  148.78 
 312  141.01   23.97     32.56    4.84    4.54     19.69   15.08   14.81     23.71    7.48    5.51      9.72   45.88   32.94   158.88  132.03   137.37  150.56 
 313  141.01   23.94     31.83    5.06    4.54     18.01   17.74   14.82     23.71    7.48    5.52     10.03   43.68   32.98   148.22  132.41   126.89  151.12 
 314  141.01   23.90     30.70    5.59    4.54     17.98   17.35   14.83     23.71    7.48    5.52      9.85   43.82   33.01   136.44  132.19   115.25  150.52 
 315  141.01   23.95     28.83    6.67    4.55     18.11   16.84   14.83     23.71    7.48    5.53     10.51   41.08   33.04   128.13  129.10   106.67  147.81 
 316  126.91   23.88     29.27    6.00    4.56     21.10   11.85   14.82     23.79    7.44    5.54     10.68   40.65   33.06   123.67  120.08   102.18  138.97 
 317  126.91   23.91     30.89    4.84    4.56     20.02   13.44   14.82     23.79    7.44    5.54     11.64   35.54   33.07   124.51  115.39   102.97  133.89 
 318  126.91   23.90     29.16    5.69    4.56     18.49   15.78   14.82     23.79    7.44    5.55     11.01   37.32   33.08   125.27  106.77   103.75  125.43 
 319  126.91   23.89     30.04    5.00    4.56     18.42   15.51   14.82     23.79    7.44    5.55     11.30   34.91   33.09   126.46  101.58   104.53  120.07 
 320  126.91   23.95     29.73    5.24    4.56     18.54   15.01   14.83     23.79    7.44    5.56     11.67   32.62   33.09   130.58   99.76   108.85  118.03 
 321  152.50   24.64     32.72    3.79    4.56     20.03   12.51   14.82     24.08    7.22    5.57     11.63   32.16   33.08   135.29   96.76   114.04  115.43 
 322  152.50   23.94     31.56    4.52    4.56     18.64   14.93   14.82     24.08    7.22    5.57     11.27   33.29   33.08   146.27   93.53   125.03  112.36 
 323  152.50   23.95     28.35    6.67    4.57     19.67   13.27   14.81     24.08    7.22    5.58     12.11   31.06   33.08   153.95   94.08   132.46  112.83 
 324  152.50   23.86     30.55    5.50    4.57     19.58   13.28   14.81     24.08    7.22    5.58     11.72   32.39   33.08   164.09   93.55   142.52  112.46 
 325  152.50   23.99     30.95    5.55    4.57     18.78   14.47   14.81     24.08    7.22    5.59     11.32   34.23   33.08   174.18   93.28   152.57  111.71 
 326  135.35   23.95     30.93    5.86    4.58     19.59   13.24   14.80     23.81    7.46    5.59     10.93   36.01   33.09   184.90   93.78   163.30  112.49 
 327  135.35   23.98     33.52    4.47    4.58     19.34   13.45   14.80     23.81    7.46    5.60     11.07   35.07   33.09   194.79   93.90   172.50  112.62 
 328  135.35   23.93     37.02    3.05    4.57     17.34   16.72   14.80     23.81    7.46    5.60     11.43   33.18   33.09   200.75   93.43   178.70  112.42 
 329  135.35   23.92     32.85    4.97    4.57     17.59   16.11   14.81     23.81    7.46    5.61     11.40   32.59   33.09   201.84   93.53   179.53  112.19 
 330  135.35   23.94     35.00    3.90    4.57     17.71   15.49   14.81     23.81    7.46    5.61     11.48   32.19   33.09   202.67   95.67   180.84  115.15 
 331  138.92   24.30     36.81    3.23    4.57     19.59   12.24   14.80     23.84    7.44    5.62     10.93   34.41   33.09   202.92  105.03   180.81  123.61 
 332  138.92   23.90     33.10    5.06    4.57     18.86   13.16   14.80     23.84    7.44    5.62     10.71   34.50   33.10   204.82  111.48   182.48  130.89 
 333  138.92   23.98     36.13    3.55    4.57     17.94   14.86   14.80     23.84    7.44    5.63     10.45   33.94   33.10   199.91  114.84   177.49  134.05 
 334  138.92   23.91     33.01    4.99    4.57     17.03   16.84   14.80     23.84    7.44    5.64     10.01   35.28   33.11   193.15  116.64   170.39  135.98 
 335  138.92   23.93     32.29    5.32    4.57     17.12   17.00   14.81     23.84    7.44    5.64     10.48   35.01   33.11   187.37  116.66   165.49  135.97 
 336  200.48   23.89     36.35    3.19    4.57     18.07   15.58   14.81     24.02    7.29    5.65      9.58   37.91   33.13   177.24  117.52   155.57  136.59 
 337  200.48   23.92     32.16    4.97    4.57     19.61   13.22   14.81     24.02    7.29    5.65      9.88   37.71   33.14   168.45  115.54   146.65  134.78 
 338  200.48   23.94     34.63    3.63    4.56     19.73   13.25   14.80     24.02    7.29    5.66      9.99   38.28   33.16   158.50  116.12   137.12  135.66 
 339  200.48   23.85     32.46    4.56    4.56     18.79   14.69   14.80     24.02    7.29    5.66     10.45   37.53   33.17   153.29  116.70   131.50  135.96 
 340  200.48   23.92     32.06    4.71    4.56     18.89   14.41   14.80     24.02    7.29    5.67     10.87   36.14   33.18   151.90  115.35   130.19  134.60 
 341  171.87   24.18     32.30    4.47    4.56     21.42   10.71   14.79     23.73    7.54    5.67     10.55   37.00   33.19   148.70  110.45   127.04  129.67 
 342  171.87   23.87     32.44    4.33    4.56     20.86   11.40   14.78     23.73    7.54    5.68     11.08   34.81   33.19   147.90  105.82   126.39  125.09 
 343  171.87   23.93     34.02    3.53    4.56     20.76   11.59   14.77     23.73    7.54    5.68     11.48   33.53   33.19   147.40  103.61   125.77  122.21 
 344  171.87   23.85     31.48    4.72    4.56     19.87   13.02   14.77     23.73    7.54    5.69     11.81   32.49   33.19   149.83  100.86   128.16  119.86 
 345  171.87   23.90     29.36    6.07    4.56     19.65   13.74   14.76     23.73    7.54    5.69     11.98   32.38   33.19   154.37   96.48   132.64  115.54 
 346  157.44   23.87     29.90    5.72    4.57     21.30   11.45   14.75     23.67    7.61    5.70     12.47   31.23   33.18   155.54   95.28   133.67  113.92 
 347  157.44   23.88     34.46    3.46    4.57     21.21   11.84   14.75     23.67    7.61    5.70     12.13   33.23   33.18   162.20   94.28   139.99  112.60 
 348  157.44   23.86     30.75    5.58    4.57     20.40   13.23   14.74     23.67    7.61    5.71     11.92   34.68   33.19   172.09   91.17   149.93  109.63 
 349  157.44   23.84     30.09    6.29    4.57     17.66   18.76   14.75     23.67    7.61    5.71     11.92   35.19   33.19   182.87   91.93   160.85  110.11 
 350  157.44   23.98     29.73    6.73    4.58     18.96   16.20   14.76     23.67    7.61    5.72     12.30   34.29   33.20   188.96   89.78   166.99  108.98 
 351  199.06   23.94     37.51    2.77    4.57     19.58   15.20   14.76     23.78    7.53    5.73     12.28   34.81   33.20   192.66   90.31   170.97  109.36 
 352  199.06   23.92     33.94    4.21    4.57     19.31   15.67   14.76     23.78    7.53    5.73     12.66   33.72   33.20   193.01   90.56   171.18  109.61 
 353  199.06   23.95     36.06    3.35    4.57     19.15   15.81   14.76     23.78    7.53    5.74     12.50   34.01   33.21   193.76   96.18   171.99  115.32 
 354  199.06   23.90     33.16    4.73    4.57     19.17   15.59   14.77     23.78    7.53    5.74     12.15   34.75   33.21   193.19  101.94   171.37  120.90 
 355  199.06   23.98     34.57    3.92    4.57     18.08   17.35   14.77     23.78    7.53    5.75     12.42   33.33   33.21   189.76  103.06   167.71  121.87 
 356  217.15   24.00     31.71    5.35    4.57     19.28   14.65   14.77     23.93    7.44    5.75     12.30   32.91   33.21   180.55  102.11   158.64  120.92 
 357  217.15   23.97     32.09    4.92    4.57     19.74   13.59   14.77     23.93    7.44    5.76     12.24   32.04   33.21   172.09  102.77   150.32  121.51 
 358  217.15   23.93     34.59    3.61    4.57     19.94   13.19   14.76     23.93    7.44    5.76     12.69   30.21   33.20   167.21  103.16   145.49  122.00 
 359  217.15   23.90     31.93    4.61    4.57     17.59   16.96   14.77     23.93    7.44    5.76     11.43   33.38   33.20   155.72  101.97   133.97  121.33 
 360  217.15   23.96     30.25    5.40    4.57     18.92   14.01   14.77     23.93    7.44    5.77     11.92   31.23   33.19   147.54  100.79   125.52  120.04 
 361  238.69   23.93     29.75    5.57    4.57     19.33   12.90   14.76     23.97    7.41    5.77     12.11   29.79   33.18   141.42  100.11   119.18  119.46 
 362  238.69   23.98     29.57    5.51    4.58     18.22   14.25   14.76     23.97    7.41    5.78     12.21   28.68   33.17   137.85   98.81   115.70  118.06 
 363  238.69   23.98     28.82    5.89    4.58     19.43   12.11   14.75     23.97    7.41    5.78     12.19   28.02   33.16   135.24   99.80   113.43  118.89 
 364  238.69   23.94     29.93    5.24    4.58     18.72   13.01   14.75     23.97    7.41    5.79     12.22   27.59   33.14   132.84  100.88   111.16  120.08 
 365  238.69   24.00     28.49    6.37    4.59     19.07   12.23   14.74     23.97    7.41    5.79     12.20   27.01   33.13   131.31  104.95   109.59  124.05 
 366  223.53   23.97     30.07    5.35    4.59     18.31   13.03   14.74     23.83    7.53    5.80     11.96   27.17   33.11   133.68  108.30   111.96  127.35 
 367  223.53   23.97     29.49    5.84    4.59     18.10   12.97   14.73     23.83    7.53    5.80     11.67   27.24   33.09   135.19  108.89   113.70  128.33 
 368  223.53   24.02     31.22    4.90    4.59     17.61   13.44   14.73     23.83    7.53    5.81     11.08   28.30   33.08   140.30  109.45   118.88  128.54 
 369  223.53   24.00     30.93    5.14    4.59     17.43   13.55   14.73     23.83    7.53    5.81     11.42   27.07   33.06   143.86  109.58   122.27  129.00 
 370  223.53   24.00     31.25    5.15    4.60     17.37   13.71   14.72     23.83    7.53    5.82     10.92   28.32   33.05   153.25  109.82   131.64  128.71 
 371  163.64   24.04     30.22    6.01    4.60     18.79   11.66   14.72     23.34    7.95    5.82     11.07   27.98   33.04   163.01  109.39   141.47  128.48 
 372  163.64   24.01     30.74    5.89    4.60     18.10   12.42   14.71     23.34    7.95    5.83     11.03   27.82   33.02   171.50  109.39   149.88  128.31 
 373  163.64   24.03     31.80    5.37    4.61     16.50   15.06   14.71     23.34    7.95    5.83     11.10   27.51   33.01   180.85  109.89   158.91  128.65 
 374  163.64   23.94     34.81    3.91    4.60     16.07   15.85   14.71     23.34    7.95    5.84     11.16   27.59   32.99   187.28  111.00   165.17  129.82 
 375  163.64   24.02     33.42    4.63    4.60     16.28   15.70   14.72     23.34    7.95    5.84     11.48   27.03   32.98   188.90  110.24   166.93  128.79 
 376  157.55   23.98     30.86    6.23    4.61     18.70   12.34   14.71     23.34    7.94    5.85     11.58   27.57   32.96   192.15  107.51   170.41  126.15 
 377  157.55   24.08     35.76    3.50    4.60     19.15   11.94   14.70     23.34    7.94    5.85     11.48   28.71   32.95   191.83  105.18   169.92  123.61 
 378  157.55   24.07     33.23    4.68    4.61     18.59   12.90   14.70     23.34    7.94    5.86     11.35   28.97   32.94   194.65   99.16   172.54  117.76 
 379  157.55   24.05     36.56    3.19    4.60     18.49   13.10   14.69     23.34    7.94    5.87     11.68   28.34   32.93   195.83   97.15   174.16  116.34 
 380  157.55   24.02     37.55    2.81    4.60     18.73   12.74   14.69     23.34    7.94    5.87     11.40   29.61   32.92   193.91   97.75   172.30  116.82 
 381  186.37   24.11     34.92    3.79    4.59     19.35   11.93   14.68     23.39    7.89    5.88     11.94   27.87   32.91   192.26   96.84   170.53  116.08 
 382  186.37   24.06     36.82    2.96    4.59     17.95   14.24   14.68     23.39    7.89    5.88     11.29   30.32   32.90   187.17   96.25   165.32  114.86 
 383  186.37   24.06     32.14    4.86    4.59     19.93   11.66   14.67     23.39    7.89    5.89     10.46   33.75   32.90   178.72   92.98   156.81  111.63 
 384  186.37   24.00     28.37    7.35    4.60     21.59   10.03   14.66     23.39    7.89    5.89     11.01   33.19   32.90   169.16   92.82   147.41  111.84 
 385  186.37   24.08     28.47    6.73    4.60     20.69   11.79   14.65     23.39    7.89    5.90     10.46   36.78   32.91   161.37   91.44   139.37  110.28 
 386  203.65   24.47     31.61    4.49    4.60     18.91   15.55   14.66     23.41    7.87    5.90     10.66   38.97   32.93   149.89   91.42   127.72  110.33 
 387  203.65   24.05     35.90    2.67    4.60     18.94   16.13   14.66     23.41    7.87    5.91     12.18   34.82   32.93   143.22   90.87   121.86  109.78 
 388  203.65   24.01     32.34    3.84    4.60     18.61   17.39   14.67     23.41    7.87    5.91     11.74   38.13   32.95   133.04   88.60   111.78  107.78 
 389  203.65   23.99     27.64    6.35    4.60     18.35   17.75   14.67     23.41    7.87    5.92     12.29   35.37   32.95   129.42   88.47   108.17  107.11 
 390  203.65   24.06     30.86    4.36    4.60     18.46   16.56   14.68     23.41    7.87    5.92     12.66   32.37   32.95   125.01   91.67   103.73  110.42 
 391  225.18   24.05     31.42    4.13    4.60     21.67   10.71   14.67     23.58    7.74    5.93     12.64   30.59   32.95   125.01   95.21   103.93  114.18 
 392  225.18   24.04     31.91    4.02    4.60     18.20   15.02   14.67     23.58    7.74    5.93     12.59   28.96   32.94   126.40   99.13   105.34  117.83 
 393  225.18   24.06     27.73    6.50    4.60     19.93   12.06   14.66     23.58    7.74    5.94     12.60   28.33   32.92   128.13  100.49   107.18  119.25 
 394  225.18   24.02     30.67    4.84    4.60     18.76   13.59   14.66     23.58    7.74    5.94     12.39   28.74   32.91   131.11  103.30   110.23  122.58 
 395  225.18   24.04     32.27    4.16    4.60     18.15   15.03   14.66     23.58    7.74    5.95     12.06   30.66   32.91   135.71  104.27   114.66  123.64 
 396  183.67   24.39     33.96    3.59    4.60     20.58   11.89   14.65     23.20    8.09    5.95     11.48   33.65   32.91   143.69  105.70   122.36  125.19 
 397  183.67   24.17     33.84    3.78    4.60     20.90   11.92   14.65     23.20    8.09    5.96     11.63   34.12   32.91   155.26  105.16   134.07  124.89 
 398  183.67   24.54     31.56    5.04    4.60     20.86   12.13   14.64     23.20    8.09    5.96     13.25   29.11   32.90   161.54  104.89   140.03  124.38 
 399  183.67   25.31     32.99    4.44    4.60     19.10   14.98   14.64     23.20    8.09    5.97     12.16   32.57   32.90   173.56  104.96   152.04  124.25 
 400  183.67   26.65     35.89    3.35    4.59     18.36   16.05   14.65     23.20    8.09    5.97     12.46   30.64   32.90   183.57  106.03   162.55  125.91 
 401  166.60   26.89     37.20    2.96    4.59     19.29   13.76   14.64     23.16    8.14    5.98     12.59   29.43   32.89   190.20  105.49   169.13  125.44 
 402  166.60   26.93     34.39    4.18    4.59     19.07   13.90   14.64     23.16    8.14    5.98     12.81   28.25   32.88   196.53  106.09   175.36  125.86 
 403  166.60   25.64     37.56    2.93    4.59     18.67   14.36   14.64     23.16    8.14    5.99     13.07   27.35   32.86   196.47  106.92   175.50  126.83 
 404  166.60   25.35     36.05    3.53    4.58     18.73   14.31   14.64     23.16    8.14    5.99     13.02   27.41   32.85   200.82  108.58   180.06  128.44 
 405  166.60   26.79     40.24    2.17    4.58     20.17   12.06   14.63     23.16    8.14    6.00     12.85   28.05   32.84   199.27  108.26   178.15  127.64 
 406  175.23   24.37     33.33    4.78    4.58     19.46   13.07   14.63     23.07    8.23    6.01     13.00   27.50   32.82   200.32  104.65   179.00  124.04 
 407  175.23   24.08     32.55    5.18    4.58     19.82   12.41   14.62     23.07    8.23    6.01     12.62   28.52   32.81   195.30  103.08   173.84  122.24 
 408  175.23   24.05     35.15    3.71    4.58     19.62   12.73   14.62     23.07    8.23    6.02     12.45   29.14   32.81   191.98   99.17   170.36  118.15 
 409  175.23   24.01     32.61    4.78    4.58     19.91   12.48   14.61     23.07    8.23    6.02     11.75   31.54   32.80   186.27   94.58   164.33  113.24 
 410  175.23   24.08     35.43    3.36    4.57     18.73   14.32   14.61     23.07    8.23    6.03     12.54   29.19   32.79   180.05   92.78   158.24  111.12 
 411  287.22   24.03     30.28    5.72    4.58     19.74   12.84   14.61     23.38    7.96    6.03     12.01   31.17   32.79   171.05   88.66   149.39  107.27 
 412  287.22   24.09     32.40    4.31    4.58     19.62   13.33   14.61     23.38    7.96    6.04     12.27   30.52   32.78   162.48   88.40   140.34  106.83 
 413  287.22   24.10     27.00    7.68    4.58     19.55   13.60   14.60     23.38    7.96    6.04     12.34   30.41   32.78   156.53   86.88   134.82  105.75 
 414  287.22   23.99     27.65    6.83    4.59     18.56   15.17   14.60     23.38    7.96    6.05     11.96   31.48   32.77   147.78   85.87   126.31  105.07 
 415  287.22   24.09     31.00    4.44    4.59     19.56   13.21   14.60     23.38    7.96    6.05     12.21   30.50   32.77   138.27   84.50   116.76  103.71 
 416  211.24   24.07     31.73    4.03    4.59     19.60   12.90   14.60     23.22    8.11    6.05     12.94   27.98   32.76   135.23   85.02   113.45  103.63 
 417  211.24   24.09     31.96    3.91    4.59     20.20   12.01   14.59     23.22    8.11    6.06     12.79   28.44   32.75   131.99   84.91   110.70  104.15 
 418  211.24   24.07     30.58    4.60    4.59     20.86   11.16   14.58     23.22    8.11    6.06     12.99   27.94   32.74   131.79   88.77   110.68  107.88 
 419  211.24   24.01     28.73    5.86    4.59     20.70   11.31   14.58     23.22    8.11    6.07     12.86   28.28   32.73   134.01   93.35   112.72  112.20 
 420  211.24   24.08     30.98    4.66    4.59     21.49   10.20   14.56     23.22    8.11    6.07     12.42   29.37   32.72   135.50   97.23   113.74  116.40 
 421  277.08   24.31     32.40    4.08    4.59     21.72    9.97   14.55     23.30    8.04    6.08     12.02   30.47   32.71   141.23  101.10   120.17  119.95 
 422  277.08   24.01     28.71    6.38    4.59     20.82   11.06   14.55     23.30    8.04    6.08     12.65   28.30   32.70   147.38  102.20   125.98  120.82 
 423  277.08   23.96     29.36    6.16    4.60     21.52   10.22   14.54     23.30    8.04    6.09     12.55   28.67   32.69   155.08  103.79   133.80  122.25 
 424  277.08   23.92     33.98    3.78    4.59     20.88   10.96   14.53     23.30    8.04    6.09     12.13   29.95   32.69   160.72  104.25   139.12  122.86 
 425  277.08   24.06     26.49    9.16    4.60     20.53   11.29   14.52     23.30    8.04    6.10     11.46   32.02   32.68   171.30  104.27   150.03  122.92 
 426  262.95   24.15     34.66    3.81    4.60     21.30   10.46   14.51     23.32    8.03    6.10     12.01   30.16   32.68   181.60  104.50   160.08  123.12 
 427  262.95   24.13     36.00    3.33    4.60     21.54   10.18   14.50     23.32    8.03    6.11     12.45   28.84   32.67   185.01  105.45   163.43  123.91 
 428  262.95   24.08     35.57    3.62    4.60     20.98   10.97   14.49     23.32    8.03    6.11     11.85   30.80   32.66   194.03  105.44   172.54  123.81 
 429  262.95   24.02     35.53    3.75    4.60     20.62   11.43   14.48     23.32    8.03    6.12     11.98   30.44   32.66   200.43  105.41   178.79  123.77 
 430  262.95   24.07     34.38    4.29    4.60     19.60   12.90   14.48     23.32    8.03    6.12     12.41   29.25   32.65   203.12  105.15   181.63  123.44 
 431  257.42   23.94     34.98    4.00    4.59     21.93    9.92   14.47     23.11    8.22    6.12     12.48   29.20   32.64   203.06  104.94   181.27  123.36 
 432  257.42   24.07     36.59    3.29    4.59     22.41    9.46   14.46     23.11    8.22    6.13     12.42   29.62   32.64   202.57  101.98   180.91  120.27 
 433  257.42   24.09     37.74    2.89    4.59     21.71   10.26   14.45     23.11    8.22    6.13     12.58   29.27   32.63   202.58  100.67   181.07  119.22 
 434  257.42   24.13     35.55    3.67    4.58     20.09   12.53   14.44     23.11    8.22    6.14     12.27   30.43   32.62   203.66   96.45   181.63  114.29 
 435  257.42   24.31     37.15    3.05    4.58     18.88   14.36   14.44     23.11    8.22    6.14     12.64   29.51   32.62   202.06   95.99   180.45  113.90 
 436  279.06   23.95     39.78    2.24    4.58     19.08   12.88   14.44     23.18    8.17    6.15     12.50   27.43   32.60   203.36   93.86   181.19  111.33 
 437  279.06   23.95     37.97    2.75    4.57     17.17   13.62   14.44     23.18    8.17    6.15     12.20   24.22   32.59   205.12   91.74   182.80  109.28 
 438  279.06   24.01     37.51    2.89    4.57     16.01   14.82   14.44     23.18    8.17    6.16     11.70   24.05   32.57   206.43   88.07   183.96  105.66 
 439  279.06   23.94     40.36    2.08    4.56     15.81   15.17   14.44     23.18    8.17    6.16     11.30   25.30   32.55   206.13   86.54   183.72  104.48 
 440  279.06   24.00     38.95    2.45    4.56     15.23   15.90   14.44     23.18    8.17    6.17     11.00   25.91   32.53   206.52   86.90   183.89  104.72 
 441  284.21   24.03     35.50    3.63    4.56     15.55   15.32   14.45     19.75   12.10    6.18     10.48   27.56   32.52   207.42   86.68   185.11  104.87 
 442  284.21   24.08     34.66    3.99    4.55     15.83   14.85   14.45     19.75   12.10    6.19     10.63   26.85   32.51   206.95   86.61   184.08  104.30 
 443  284.21   24.06     37.05    2.97    4.55     14.89   16.63   14.45     19.75   12.10    6.21      9.95   28.28   32.50   201.83   83.64   179.78  101.62 
 444  284.21   24.01     38.91    2.39    4.55     14.96   16.50   14.46     19.75   12.10    6.22     10.53   27.02   32.49   201.14   81.95   179.08   99.77 
 445  284.21   24.06     39.16    2.31    4.54     14.57   17.11   14.46     19.75   12.10    6.23     10.21   28.79   32.48   201.18   83.32   179.21  100.95 
 446  228.85   24.00     37.75    2.72    4.54     20.09    9.03   14.45     23.18    8.13    6.24     10.56   27.20   32.47   201.13   83.36   179.09  101.00 
 447  228.85   24.08     39.61    2.19    4.53     19.66    9.60   14.44     23.18    8.13    6.24     10.59   26.99   32.46   200.97   82.76   178.59  100.60 
 448  228.85   24.06     36.22    3.24    4.53     17.52   12.03   14.43     23.18    8.13    6.25     10.70   26.78   32.44   200.53   83.40   178.72  100.61 
 449  228.85   24.02     34.10    4.10    4.53     20.39    8.81   14.42     23.18    8.13    6.25     10.69   26.78   32.43   199.81   82.27   177.66   99.93 
 450  228.85   24.04     35.21    3.61    4.53     19.33   10.63   14.41     23.18    8.13    6.26     11.69   25.19   32.41   199.49   80.81   177.52   98.44 
 451  313.03   24.01     39.88    2.10    4.52     18.41   12.37   14.41     23.17    8.12    6.26     12.14   25.15   32.40   198.38   80.01   176.67   97.93 
 452  313.03   24.02     42.25    1.60    4.51     16.28   17.58   14.42     23.17    8.12    6.26     12.52   26.87   32.39   197.74   80.03   175.38   97.67 
 453  313.03   24.03     42.41    1.58    4.51     17.68   16.07   14.42     23.17    8.12    6.27     12.75   27.95   32.38   198.41   79.66   176.56   97.64 
 454  313.03   23.97     36.99    2.94    4.50     17.71   16.59   14.42     23.17    8.12    6.27     12.69   29.19   32.37   198.72   79.72   176.44   97.51 
 455  313.03   24.11     38.63    2.43    4.50     17.94   16.53   14.43     23.17    8.12    6.28     12.64   29.90   32.36   198.07   78.80   176.16   96.88 
 456  255.05   24.19     39.72    2.14    4.49     22.11   10.25   14.42     23.08    8.21    6.28     12.80   29.57   32.36   198.86   79.29   176.89   97.01 
 457  255.05   24.03     40.75    1.90    4.49     21.60   10.86   14.41     23.08    8.21    6.28     12.67   30.04   32.35   197.93   79.56   176.09   97.27 
 458  255.05   24.05     37.21    2.86    4.48     18.79   12.58   14.41     23.08    8.21    6.29     12.18   26.56   32.34   198.11   79.26   176.03   96.87 
 459  255.05   24.00     35.16    3.63    4.48     20.24    9.50   14.40     23.08    8.21    6.29     11.43   26.23   32.33   200.70   80.17   178.38   97.65 
 460  255.05   24.31     37.80    2.67    4.48     19.76    9.78   14.39     23.08    8.21    6.30     11.26   25.61   32.31   199.34   79.07   177.47   96.94 
 461  171.90   24.23     35.15    3.64    4.48     20.66    8.57   14.37     22.69    8.59    6.30     10.79   26.96   32.30   200.44   80.86   178.19   98.57 
 462  171.90   24.11     39.08    2.32    4.47     21.20    8.04   14.36     22.69    8.59    6.31     11.00   26.00   32.29   199.82   80.36   178.07   98.23 
 463  171.90   24.11     39.08    2.32    4.47     18.92   10.59   14.35     22.69    8.59    6.31     10.85   26.46   32.27   199.56   79.30   178.03   97.43 
 464  171.90   24.00     37.53    2.77    4.46     22.25    7.14   14.34     22.69    8.59    6.32     10.55   27.50   32.26   200.37   79.95   178.64   98.00 
 465  171.90   24.08     36.22    3.20    4.46     22.47    6.90   14.32     22.69    8.59    6.32     10.73   26.70   32.25   200.12   80.45   178.18   98.31 
 466  330.16   24.08     37.99    2.62    4.46     22.18    7.16   14.31     22.97    8.30    6.33     10.70   26.78   32.24   200.67   80.10   178.65   97.77 
 467  330.16   24.11     38.06    2.60    4.45     22.87    6.57   14.29     22.97    8.30    6.33     10.44   27.54   32.23   200.26   80.56   178.20   97.99 
 468  330.16   24.14     37.79    2.68    4.45     22.98    6.49   14.27     22.97    8.30    6.33     10.61   26.94   32.22   200.26   80.50   178.21   97.93 
 469  330.16   24.03     34.16    4.07    4.45     19.56    9.82   14.26     22.97    8.30    6.34     10.87   26.44   32.21   198.98   79.54   177.32   97.29 
 470  330.16   24.15     38.49    2.46    4.44     20.75    9.30   14.25     22.97    8.30    6.34     11.90   25.48   32.19   199.89   79.48   177.95   97.27 
 471  351.50   24.05     39.09    2.30    4.44     19.98   11.22   14.25     22.95    8.31    6.35     12.49   26.50   32.18   198.00   79.93   175.95   97.38 
 472  351.50   24.13     39.60    2.17    4.44     21.92    9.73   14.24     22.95    8.31    6.35     12.86   27.29   32.17   198.97   79.28   177.22   97.09 
 473  351.50   24.11     36.91    2.96    4.43     22.44    9.55   14.23     22.95    8.31    6.35     12.85   28.58   32.16   198.80   79.58   176.88   97.47 
 474  351.50   24.06     42.80    1.51    4.43     23.16    8.97   14.22     22.95    8.31    6.36     12.86   28.80   32.16   198.92   78.56   176.90   96.73 
 475  351.50   24.15     36.33    3.16    4.42     23.50    8.70   14.20     22.95    8.31    6.36     12.94   29.08   32.15   198.09   79.13   176.21   97.21 
 476  298.97   24.07     36.16    3.23    4.42     22.80    9.54   14.19     23.09    8.17    6.37     12.79   29.79   32.14   199.27   78.92   176.99   96.44 
