   6    2.98   21.03     48.66    0.70    0.95     25.40    5.01    6.63     50.26    0.29   32.29      7.71   38.30   38.63   178.29   77.13   156.76   98.87 
   7    2.98   20.51     42.70    1.39    1.01     21.35    7.95    6.82     50.26    0.29   27.72      7.75   37.98   38.54   178.91   77.85   157.64   99.68 
   8    2.98   20.44     43.72    1.24    1.04     23.88    5.99    6.71     50.26    0.29   24.29      7.73   38.03   38.47   178.59   77.04   157.12   98.62 
   9    2.98   20.48     48.65    0.70    1.00     25.14    5.14    6.54     50.26    0.29   21.62      7.80   37.73   38.39   178.30   77.43   157.14   99.23 
  10    2.98   20.47     46.57    0.89    0.99     23.72    6.04    6.49     50.26    0.29   19.49      7.66   38.35   38.39   178.33   77.67   157.25   99.40 
  11    2.25   20.45     51.84    0.49    0.95     29.51    3.12    6.18     50.24    0.29   17.74      7.86   37.43   38.30   178.43   77.04   157.45   99.02 
  12    2.25   20.47     43.86    1.23    0.97     22.77    6.75    6.23     50.24    0.29   16.29      7.66   38.69   38.33   178.59   78.34   157.59  100.38 
  13    2.25   20.51     42.49    1.44    1.01     22.71    6.86    6.28     50.24    0.29   15.06      7.97   37.26   38.25   180.11   78.39   159.04  100.45 
  14    2.25   20.48     44.69    1.13    1.02     21.79    7.53    6.37     50.24    0.29   14.00      7.74   38.21   38.25   182.00   79.11   160.97  100.83 
  15    2.25   20.44     47.83    0.79    1.00     22.54    6.90    6.40     50.24    0.29   13.09      7.87   37.43   38.19   182.68   79.30   161.74  101.16 
  16    2.59   21.14     44.50    1.16    1.01     22.03    7.36    6.46     50.20    0.29   12.29      7.87   37.30   38.14   182.83   79.46   161.00  100.62 
  17    2.59   21.11     39.83    1.97    1.07     16.03   14.72    6.95     50.20    0.29   11.58      7.95   37.38   38.09   181.64   80.25   159.64  101.47 
  18    2.59   20.20     27.90    7.45    1.42     11.38   25.33    7.97     50.20    0.29   10.96      7.62   39.23   38.16   179.67   79.93   157.92  101.05 
  19    2.59   20.27     23.19   12.45    2.00      9.26   32.85    9.28     50.20    0.29   10.39      7.14   41.88   38.35   178.50   79.98   156.51  100.98 
  20    2.59   21.12     32.53    4.05    2.10      8.98   36.72   10.65     50.20    0.29    9.89      6.47   45.26   38.70   160.48   76.15   138.54   96.70 
  21    2.82   19.85     29.55    5.60    2.27     19.16   11.57   10.70     35.39    1.59    9.49      9.54   33.72   38.46   156.56   75.87   134.84   96.55 
  22    2.82   19.72     28.48    6.15    2.45     15.95   16.73   10.97     35.39    1.59    9.13      9.10   35.49   38.33   150.71   77.10   128.06   97.31 
  23    2.82   19.94     27.02    6.98    2.64     12.72   23.71   11.52     35.39    1.59    8.81      9.26   34.79   38.17   144.28   77.73   121.24   97.21 
  24    2.82   19.77     31.20    4.21    2.71     11.18   27.66   12.20     35.39    1.59    8.51      8.79   37.05   38.12   135.54   79.53   112.82   99.87 
  25    2.82   20.02     29.50    5.04    2.80     11.44   27.42   12.80     35.39    1.59    8.23      8.71   37.43   38.10   129.69   82.18   107.21  102.64 
  26    3.88   19.70     27.69    6.24    2.94     18.41   12.38   12.79     35.24    1.66    7.98      9.87   33.57   37.92   127.07   86.24   104.23  106.86 
  27    3.88   20.16     26.65    7.03    3.09     17.89   13.05   12.80     35.24    1.66    7.74     10.25   32.27   37.71   125.65   89.75   102.74  109.95 
  28    3.88   20.40     27.46    6.63    3.21     15.69   16.84   12.94     35.24    1.66    7.53      9.88   33.86   37.58   125.97   96.05   103.01  116.29 
  29    3.88   20.11     28.96    5.71    3.30     14.22   19.98   13.19     35.24    1.66    7.32      9.92   33.65   37.44   124.48  101.40   102.09  121.59 
  30    3.88   20.11     29.01    5.86    3.39     13.14   22.56   13.50     35.24    1.66    7.13      9.55   34.94   37.36   125.49  105.91   102.94  126.13 
  31    6.29   20.89     28.91    6.08    3.47     20.87    9.37   13.36     33.71    2.00    6.97     10.11   32.80   37.21   127.53  109.09   105.40  129.35 
  32    6.29   19.29     28.37    6.56    3.57     17.70   13.66   13.37     33.71    2.00    6.81      9.89   34.03   37.11   132.23  109.44   109.82  129.65 
  33    6.29   20.72     28.08    6.85    3.67     17.15   14.68   13.41     33.71    2.00    6.67     10.03   33.82   37.01   132.96  108.97   110.91  129.57 
  34    6.29   19.26     28.26    6.94    3.76     15.82   17.61   13.54     33.71    2.00    6.53      9.68   35.85   36.98   140.17  109.71   117.91  129.51 
  35    6.29   20.81     29.46    6.21    3.83     14.75   20.73   13.74     33.71    2.00    6.40      9.36   38.18   37.01   147.98  110.60   125.89  130.36 
  36    9.65   21.09     30.46    5.73    3.89     21.10   10.38   13.65     33.18    2.16    6.28      9.95   37.11   37.01   156.49  110.32   134.61  130.08 
  37    9.65   21.34     30.34    6.06    3.95     17.90   15.44   13.70     33.18    2.16    6.17      9.74   39.07   37.07   166.15  109.60   144.12  129.50 
  38    9.65   20.99     31.71    5.33    3.98     16.39   18.65   13.83     33.18    2.16    6.07      9.99   38.72   37.11   174.37  110.29   152.32  130.48 
  39    9.65   21.35     32.88    4.72    4.00     16.25   19.13   13.96     33.18    2.16    5.97     10.37   37.40   37.12   177.83  111.67   155.77  131.35 
  40    9.65   21.06     32.86    4.90    4.02     15.89   19.89   14.11     33.18    2.16    5.87      9.73   39.66   37.18   185.67  115.05   163.62  134.43 
  41    9.71   21.45     31.56    5.87    4.07     19.03   13.70   14.10     38.06    1.27    5.76     10.08   37.85   37.20   192.01  117.82   169.76  137.30 
  42    9.71   19.90     31.70    5.97    4.11     17.99   15.18   14.13     38.06    1.27    5.65     10.23   36.74   37.19   197.07  119.90   175.09  139.31 
  43    9.71   21.42     34.64    4.34    4.12     16.51   17.65   14.21     38.06    1.27    5.55     10.11   36.57   37.17   201.59  121.74   179.62  141.30 
  44    9.71   21.42     32.13    5.77    4.16     14.70   21.27   14.37     38.06    1.27    5.45     10.00   36.56   37.16   202.13  119.62   180.11  138.85 
  45    9.71   19.91     33.16    5.12    4.18     14.66   21.16   14.52     38.06    1.27    5.36     10.27   34.93   37.11   202.60  120.42   180.72  139.95 
  46   18.34   19.63     34.15    4.57    4.19     22.47    8.39   14.39     36.37    1.57    5.28     10.14   34.60   37.06   203.12  121.16   181.18  140.60 
  47   18.34   20.67     33.40    5.01    4.20     20.69   10.12   14.30     36.37    1.57    5.20     10.06   34.30   37.00   203.28  121.52   181.25  141.06 
  48   18.34   19.37     33.56    4.91    4.22     18.24   13.23   14.27     36.37    1.57    5.12      9.92   34.38   36.94   204.12  121.33   181.92  140.74 
  49   18.34   20.41     30.70    6.81    4.27     16.23   16.60   14.32     36.37    1.57    5.05      9.97   33.90   36.88   202.66  118.05   180.67  137.49 
  50   18.34   20.46     33.11    5.13    4.29     17.29   14.63   14.33     36.37    1.57    4.98     10.18   33.18   36.81   203.96  117.62   181.81  137.19 
  51   41.98   21.43     33.18    5.05    4.30     22.54    8.02   14.20     30.51    3.11    4.94     10.29   32.86   36.73   204.27  113.71   182.13  133.55 
  52   41.98   24.36     32.84    5.21    4.32     19.33   11.66   14.15     30.51    3.11    4.91     10.25   32.93   36.66   203.85  110.25   181.93  130.13 
  53   41.98   24.87     34.70    4.21    4.32     18.19   13.41   14.14     30.51    3.11    4.87     10.40   32.65   36.58   204.13  108.13   182.33  127.92 
  54   41.98   24.93     34.87    4.14    4.32     17.03   15.41   14.16     30.51    3.11    4.84     10.52   32.51   36.51   206.64  107.28   184.87  126.96 
  55   41.98   24.35     34.06    4.52    4.32     16.13   17.15   14.22     30.51    3.11    4.81     10.44   32.88   36.44   207.49  105.76   185.45  125.46 
  56   38.60   24.46     34.65    4.20    4.32     21.07    9.82   14.14     32.80    2.40    4.77     10.49   32.71   36.37   206.52  104.51   184.30  124.24 
  57   38.60   24.25     31.75    5.72    4.34     17.92   14.18   14.14     32.80    2.40    4.73     10.13   34.00   36.33   202.98  103.73   180.85  123.56 
  58   38.60   23.91     32.80    4.89    4.35     16.36   17.33   14.20     32.80    2.40    4.69      9.53   35.93   36.32   194.75  101.42   172.56  120.82 
  59   38.60   24.22     33.43    4.38    4.35     15.89   18.60   14.27     32.80    2.40    4.65      9.41   36.93   36.34   186.23   98.00   163.81  117.49 
  60   38.60   23.77     31.07    5.50    4.37     15.24   20.38   14.37     32.80    2.40    4.61      9.20   38.32   36.37   174.52   94.45   152.87  114.90 
  61  132.30   24.40     31.25    5.14    4.38     17.52   16.14   14.40     26.60    4.93    4.61      9.54   37.68   36.39   164.41   94.47   142.95  114.77 
  62  132.30   24.32     30.60    5.39    4.40     16.91   17.50   14.45     26.60    4.93    4.62     10.24   36.18   36.39   159.19   93.22   138.02  113.79 
  63  132.30   24.29     29.57    5.78    4.42     16.74   17.85   14.51     26.60    4.93    4.62      9.33   39.17   36.43   148.69   92.74   127.65  113.64 
  64  132.30   24.34     30.68    4.92    4.43     15.47   20.64   14.60     26.60    4.93    4.63      9.92   38.00   36.46   140.04   92.64   118.83  113.49 
  65  132.30   24.19     28.20    6.42    4.46     14.83   22.42   14.72     26.60    4.93    4.63     10.27   37.74   36.47   137.10   93.09   116.01  113.69 
  66   77.53   24.93     28.94    5.91    4.48     21.05   11.08   14.67     34.53    2.00    4.59     10.42   37.78   36.49   137.12   94.80   115.66  115.00 
  67   77.53   25.14     27.02    7.47    4.53     18.71   14.60   14.67     34.53    2.00    4.56     10.63   37.16   36.50   138.01   95.08   116.85  115.70 
  68   77.53   24.96     28.23    6.47    4.56     17.75   16.32   14.69     34.53    2.00    4.52     10.70   36.80   36.51   138.46   96.23   117.13  116.56 
  69   77.53   24.91     28.07    6.73    4.59     16.62   18.55   14.75     34.53    2.00    4.48     10.83   36.08   36.50   140.78   96.77   119.72  117.25 
  70   77.53   25.15     33.09    3.86    4.58     16.21   19.23   14.81     34.53    2.00    4.45     10.68   36.43   36.50   145.64   99.53   124.28  119.76 
  71  162.11   26.12     32.41    4.28    4.57     21.86   10.01   14.74     31.65    2.83    4.42     10.99   34.76   36.48   151.85   98.85   130.35  119.05 
  72  162.11   25.63     36.26    2.82    4.55     18.96   13.86   14.73     31.65    2.83    4.40     11.09   34.16   36.45   157.78   98.78   136.18  118.94 
  73  162.11   25.82     33.75    3.89    4.54     19.43   13.01   14.71     31.65    2.83    4.38     11.10   34.02   36.41   164.83   99.00   142.63  118.76 
  74  162.11   25.98     30.34    5.85    4.56     20.02   12.16   14.67     31.65    2.83    4.36     11.41   32.81   36.36   168.38   98.22   146.39  118.04 
  75  162.11   25.74     31.33    5.33    4.57     19.24   13.25   14.65     31.65    2.83    4.34     11.19   33.57   36.33   174.41   98.28   152.05  118.07 
  76  117.05   25.84     31.12    5.61    4.58     18.21   15.06   14.66     31.72    2.84    4.32     10.82   35.12   36.31   178.96   97.17   156.79  116.83 
  77  117.05   25.23     30.97    5.78    4.60     17.26   16.84   14.69     31.72    2.84    4.30     10.68   35.73   36.30   185.34   97.85   162.73  117.32 
  78  117.05   25.29     30.30    6.38    4.62     16.21   18.88   14.74     31.72    2.84    4.28     10.63   35.81   36.30   188.88   96.65   166.36  116.12 
  79  117.05   25.59     31.44    5.62    4.63     16.39   18.42   14.79     31.72    2.84    4.26     10.74   35.39   36.28   189.29   97.45   167.06  117.04 
  80  117.05   25.32     33.66    4.35    4.63     17.40   16.60   14.81     31.72    2.84    4.24     10.88   35.11   36.27   190.28   99.61   168.08  118.68 
  81  268.13   25.63     32.33    5.19    4.64     20.15   12.11   14.78     25.71    5.71    4.26     11.30   33.36   36.23   190.93  103.51   168.36  122.58 
  82  268.13   25.23     34.07    4.26    4.63     18.28   14.14   14.77     25.71    5.71    4.28     11.11   32.19   36.18   189.88  107.39   167.56  126.35 
  83  268.13   25.61     33.76    4.53    4.63     17.50   15.07   14.77     25.71    5.71    4.30     10.38   33.77   36.16   192.97  112.69   171.40  132.00 
  84  268.13   25.18     34.06    4.41    4.63     16.06   17.48   14.80     25.71    5.71    4.31     10.62   32.29   36.11   193.41  117.19   171.62  136.23 
  85  268.13   25.63     33.84    4.51    4.63     16.27   16.89   14.83     25.71    5.71    4.33     10.28   33.43   36.08   191.51  117.73   169.87  136.91 
  86  404.11   25.95     32.76    5.05    4.63     17.64   14.12   14.82     24.29    6.73    4.36      9.99   33.52   36.05   187.69  118.60   166.28  138.10 
  87  404.11   25.17     30.34    6.53    4.65     15.45   17.79   14.85     24.29    6.73    4.39      9.07   36.24   36.05   180.43  117.96   158.57  137.13 
  88  404.11   25.28     31.63    5.47    4.66     16.24   15.95   14.87     24.29    6.73    4.41      9.45   34.27   36.03   173.60  119.07   152.19  138.30 
  89  404.11   25.28     32.25    4.96    4.67     16.34   15.54   14.87     24.29    6.73    4.44      8.79   35.83   36.03   162.87  120.98   141.57  140.60 
  90  404.11   25.29     33.17    4.36    4.66     16.64   15.00   14.88     24.29    6.73    4.46      9.63   33.21   36.00   157.84  120.68   136.55  140.01 
  91  203.79   25.76     32.24    4.78    4.66     22.49    7.67   14.80     20.64   10.23    4.53     10.16   31.80   35.95   155.42  117.92   134.04  137.13 
  92  203.79   25.31     33.51    3.93    4.65     18.74   11.99   14.77     20.64   10.23    4.59      9.36   35.54   35.95   153.58  108.97   132.03  128.08 
  93  203.79   25.33     33.85    3.66    4.64     15.09   18.96   14.81     20.64   10.23    4.65      9.83   34.34   35.93   152.24   99.81   131.03  119.12 
  94  203.79   25.28     31.09    5.01    4.65     14.38   21.34   14.88     20.64   10.23    4.71     10.61   32.46   35.89   153.12   95.20   132.21  114.73 
  95  203.79   25.25     33.69    3.72    4.64     14.99   20.54   14.94     20.64   10.23    4.77     11.05   32.17   35.85   155.76   95.89   134.79  115.25 
  96  120.22   25.84     32.48    4.37    4.64     19.01   13.15   14.92     24.05    6.90    4.79     11.32   32.00   35.81   159.58   96.57   138.58  116.03 
  97  120.22   25.75     34.37    3.54    4.62     18.39   14.33   14.92     24.05    6.90    4.81     11.57   31.48   35.77   160.89   96.14   140.21  115.81 
  98  120.22   25.37     36.23    2.93    4.61     16.85   17.41   14.94     24.05    6.90    4.83     11.39   32.96   35.74   167.75   95.39   147.07  114.90 
  99  120.22   25.18     32.50    4.66    4.61     16.94   17.51   14.97     24.05    6.90    4.85     11.30   33.81   35.72   173.61   94.51   152.76  114.21 
 100  120.22   25.30     31.26    5.56    4.62     15.67   20.92   15.03     24.05    6.90    4.87     10.82   36.25   35.73   180.73   94.59   159.61  113.93 
 101   78.57   25.79     32.85    4.77    4.62     17.19   17.81   15.05     24.10    6.89    4.89     10.78   36.80   35.74   189.02   95.00   167.91  114.02 
 102   78.57   25.31     37.90    2.70    4.60     16.47   19.54   15.10     24.10    6.89    4.91     10.98   36.29   35.74   194.83   93.00   173.74  112.50 
 103   78.57   25.22     32.25    5.18    4.61     16.43   19.80   15.14     24.10    6.89    4.93     11.31   35.43   35.74   193.59   90.66   172.37  109.98 
 104   78.57   25.19     30.19    6.67    4.63     16.45   19.75   15.19     24.10    6.89    4.95     11.54   34.83   35.73   196.10   93.54   174.89  112.93 
 105   78.57   25.30     35.04    3.90    4.62     16.79   18.71   15.22     24.10    6.89    4.97     10.82   37.53   35.75   198.66  100.57   177.75  120.33 
 106   74.10   25.63     34.86    3.96    4.61     21.47   10.87   15.18     27.31    4.81    4.97     11.60   33.76   35.73   196.59  101.91   176.01  121.58 
 107   74.10   25.77     33.47    4.53    4.61     19.64   13.37   15.16     27.31    4.81    4.97     11.24   34.66   35.72   191.76  100.39   171.00  119.90 
 108   74.10   25.38     31.33    5.73    4.62     18.67   14.82   15.16     27.31    4.81    4.97     11.69   32.98   35.69   186.19   99.72   165.33  119.80 
 109   74.10   25.18     31.77    5.20    4.63     18.02   15.92   15.17     27.31    4.81    4.96     10.91   35.51   35.69   174.71   98.70   153.85  118.80 
 110   74.10   25.29     32.64    4.52    4.63     20.70   11.72   15.14     27.31    4.81    4.96     10.91   35.60   35.69   168.23   99.72   147.32  119.40 
 111   65.98   25.95     32.10    4.71    4.63     20.57   11.82   15.11     29.13    3.93    4.95     11.34   33.69   35.67   163.03  102.37   141.98  121.71 
 112   65.98   25.32     33.03    4.23    4.62     19.19   13.58   15.09     29.13    3.93    4.94     11.23   33.71   35.65   156.35  107.48   135.73  127.22 
 113   65.98   25.69     31.38    5.18    4.63     19.60   12.81   15.07     29.13    3.93    4.94     11.26   33.46   35.64   155.33  111.10   134.59  131.04 
 114   65.98   25.23     31.54    5.12    4.63     18.68   14.20   15.06     29.13    3.93    4.93     11.23   33.42   35.62   155.40  112.56   134.50  132.26 
 115   65.98   25.43     30.30    6.01    4.64     18.46   14.19   15.06     29.13    3.93    4.92     10.93   33.87   35.60   158.52  114.59   137.16  134.43 
 116   61.63   25.95     32.41    4.79    4.65     22.00    9.31   15.01     27.84    4.58    4.92     10.80   33.84   35.59   162.85  116.51   141.55  136.30 
 117   61.63   25.29     31.52    5.47    4.65     19.39   12.23   14.98     27.84    4.58    4.91     10.86   32.66   35.56   168.88  116.90   147.61  136.49 
 118   61.63   25.33     30.00    6.77    4.67     17.85   14.33   14.98     27.84    4.58    4.91     10.49   33.09   35.54   176.73  118.82   155.37  138.44 
 119   61.63   25.23     30.87    6.31    4.68     17.33   14.82   14.98     27.84    4.58    4.91     10.38   32.43   35.51   185.61  121.36   164.25  140.75 
 120   61.63   25.28     33.96    4.44    4.68     18.99   11.99   14.95     27.84    4.58    4.90     10.68   30.95   35.48   187.23  122.15   165.89  141.50 
 121   57.80   25.99     33.48    4.72    4.68     19.96   10.68   14.92     26.75    5.19    4.91     10.74   30.61   35.44   190.67  120.02   169.15  139.12 
 122   57.80   25.36     35.02    3.93    4.68     19.75   11.06   14.89     26.75    5.19    4.91     10.51   31.75   35.40   192.24  114.81   170.80  133.96 
 123   57.80   25.33     37.14    3.02    4.66     18.95   12.22   14.86     26.75    5.19    4.91     10.54   31.77   35.38   192.02  109.50   170.57  128.39 
 124   57.80   25.17     35.55    3.60    4.65     17.88   13.90   14.86     26.75    5.19    4.91     10.86   30.79   35.34   192.52  105.26   170.76  124.01 
 125   57.80   25.25     34.51    4.00    4.65     16.40   17.00   14.87     26.75    5.19    4.92     10.80   31.57   35.31   193.98   99.18   172.15  118.10 
 126   63.65   25.96     34.18    4.13    4.65     24.50    6.77   14.81     27.27    4.88    4.91     11.33   30.34   35.27   194.10   96.36   172.08  115.30 
 127   63.65   25.36     34.06    4.16    4.64     19.66   12.29   14.79     27.27    4.88    4.91     11.14   31.96   35.24   195.94   92.55   173.87  111.65 
 128   63.65   25.72     36.56    3.14    4.63     16.44   18.21   14.82     27.27    4.88    4.91     11.21   32.47   35.22   197.00   90.13   175.14  108.91 
 129   63.65   25.32     34.27    4.10    4.63     16.75   17.81   14.84     27.27    4.88    4.91     11.43   32.50   35.20   197.58   89.77   175.64  108.60 
 130   63.65   25.31     32.56    4.93    4.63     16.92   17.74   14.86     27.27    4.88    4.91     11.34   33.23   35.18   197.15   88.57   175.28  107.35 
 131   73.79   25.85     33.55    4.35    4.63     16.98   17.70   14.88     28.61    4.19    4.91     11.28   33.87   35.17   193.43   87.82   171.89  106.80 
 132   73.79   25.50     33.89    4.14    4.62     17.20   17.23   14.90     28.61    4.19    4.90     11.59   32.66   35.16   191.18   87.88   169.49  106.84 
 133   73.79   25.41     31.10    5.53    4.63     16.68   18.08   14.92     28.61    4.19    4.90     10.72   35.60   35.16   182.66   85.98   161.07  105.17 
 134   73.79   25.27     32.24    4.67    4.63     17.27   16.42   14.94     28.61    4.19    4.89     10.77   34.80   35.16   174.66   86.20   152.93  105.34 
 135   73.79   25.33     28.61    6.69    4.64     17.00   17.21   14.95     28.61    4.19    4.89     10.92   33.59   35.14   165.58   84.54   144.16  103.85 
 136   66.34   25.73     30.87    4.84    4.65     15.39   20.34   14.99     27.58    4.73    4.89     10.66   33.35   35.13   153.57   82.69   132.37  102.21 
 137   66.34   25.42     31.56    4.32    4.64     15.54   19.43   15.02     27.58    4.73    4.88     11.31   31.08   35.10   146.77   80.67   125.77  100.40 
 138   66.34   25.54     30.10    4.96    4.65     14.90   19.71   15.06     27.58    4.73    4.88     11.36   29.84   35.06   136.21   79.82   115.39   99.99 
 139   66.34   25.64     27.23    6.91    4.66     16.35   16.15   15.07     27.58    4.73    4.88     11.70   28.40   35.02   134.39   87.72   113.69  107.83 
 140   66.34   25.59     30.57    4.82    4.66     16.70   15.39   15.07     27.58    4.73    4.88     11.46   28.79   34.97   134.67   92.71   113.65  113.65 
 141   65.25   25.70     28.99    5.91    4.67     21.20    9.18   15.03     26.17    5.57    4.89     11.75   27.51   34.92   136.16   96.28   115.13  117.29 
 142   65.25   25.76     29.49    5.65    4.68     18.77   12.24   15.01     26.17    5.57    4.89     11.53   28.20   34.87   139.02   98.41   118.01  119.02 
 143   65.25   26.05     30.02    5.39    4.68     18.03   13.41   15.00     26.17    5.57    4.90     11.75   27.59   34.82   141.70   98.88   120.45  119.20 
 144   65.25   25.89     32.98    3.95    4.68     18.13   13.58   14.99     26.17    5.57    4.90     11.33   29.38   34.78   147.73   98.98   126.29  119.06 
 145   65.25   25.92     36.10    2.89    4.67     17.88   14.36   14.98     26.17    5.57    4.91     11.19   30.60   34.75   155.73  100.47   134.28  120.38 
 146   65.17   26.29     33.26    4.17    4.66     19.26   12.50   14.96     26.50    5.35    4.91     11.15   31.49   34.73   166.65  100.78   145.29  120.73 
 147   65.17   26.08     34.07    3.94    4.66     19.25   12.58   14.95     26.50    5.35    4.91     11.29   31.36   34.71   173.64  101.48   152.36  121.36 
 148   65.17   25.74     33.51    4.32    4.66     18.35   14.19   14.94     26.50    5.35    4.91     11.39   31.22   34.68   180.04  100.83   158.53  120.57 
 149   65.17   26.09     33.17    4.54    4.66     18.67   13.68   14.93     26.50    5.35    4.92     11.75   30.16   34.65   181.79  100.72   160.50  120.33 
 150   65.17   25.65     34.41    3.96    4.65     18.66   13.71   14.93     26.50    5.35    4.92     11.52   30.84   34.63   187.76  100.85   166.36  120.08 
 151   70.21   26.54     34.96    3.70    4.64     20.68   10.89   14.90     26.40    5.42    4.92     11.61   30.50   34.60   187.06   98.33   165.85  117.72 
 152   70.21   26.09     32.12    5.13    4.65     20.29   11.48   14.88     26.40    5.42    4.93     11.97   29.38   34.57   189.16   94.48   167.75  113.77 
 153   70.21   26.17     37.19    2.88    4.64     18.99   13.41   14.87     26.40    5.42    4.93     11.74   30.47   34.54   191.36   93.26   169.77  112.65 
 154   70.21   26.03     34.40    3.98    4.63     20.32   11.61   14.85     26.40    5.42    4.93     11.74   30.85   34.52   192.01   92.69   170.40  111.93 
 155   70.21   26.20     33.25    4.52    4.63     19.54   12.77   14.83     26.40    5.42    4.94     11.63   31.38   34.50   191.56   92.42   169.91  111.28 
 156   74.70   27.20     32.45    4.92    4.63     19.62   12.64   14.82     26.47    5.39    4.94     11.55   31.62   34.48   189.77   92.71   167.79  111.58 
 157   74.70   26.44     35.05    3.53    4.63     14.29   19.34   14.85     26.47    5.39    4.94     10.25   30.69   34.45   183.07   92.57   160.96  110.87 
 158   74.70   26.51     40.21    1.91    4.61     12.25   21.60   14.89     26.47    5.39    4.94      9.98   28.63   34.42   175.65   94.36   153.66  112.61 
 159   74.70   26.72     22.97   13.29    4.66     11.88   21.00   14.93     26.47    5.39    4.95      9.12   29.30   34.38   179.53   91.78   158.10  110.36 
 160   74.70   26.45     28.96    6.39    4.67     11.23   24.44   14.99     26.47    5.39    4.95      7.17   33.84   34.38   162.04   86.56   139.98  104.71 
 161   67.86   26.67     27.56    7.35    4.69     17.82   11.48   14.97     25.57    5.95    4.96      9.94   27.27   34.34   158.19   85.90   136.14  104.26 
 162   67.86   26.30     26.59    7.79    4.71     16.16   13.67   14.96     25.57    5.95    4.96      9.06   29.16   34.31   149.93   85.37   127.67  103.27 
 163   67.86   26.71     31.95    4.06    4.71     12.94   18.39   14.98     25.57    5.95    4.97      9.20   28.55   34.27   137.58   88.38   115.38  106.17 
 164   67.86   26.31     33.93    3.22    4.70     14.47   15.01   14.98     25.57    5.95    4.97      9.68   27.07   34.23   131.56   95.23   109.73  113.34 
 165   67.86   26.25     32.26    3.95    4.69     13.81   16.06   14.99     25.57    5.95    4.98      9.69   27.02   34.18   128.71  104.10   107.10  122.17 
 166   80.11   26.93     30.36    4.99    4.69     20.37    7.47   14.94     25.64    5.86    4.99     10.91   22.88   34.11   129.31  108.10   107.63  125.87 
 167   80.11   26.69     37.55    2.28    4.68     18.58    9.19   14.91     25.64    5.86    4.99     10.45   23.89   34.05   129.51  115.40   107.91  133.18 
 168   80.11   26.38     33.80    3.65    4.67     17.71   10.18   14.88     25.64    5.86    5.00     10.26   24.39   34.00   131.91  120.44   110.23  138.34 
 169   80.11   26.42     35.16    3.20    4.66     17.38   10.61   14.85     25.64    5.86    5.00     10.15   24.93   33.94   137.74  123.18   116.19  141.39 
 170   80.11   26.36     34.66    3.51    4.66     18.80    9.17   14.82     25.64    5.86    5.01      9.86   26.27   33.90   144.46  123.02   122.94  141.18 
 171   76.15   26.70     35.00    3.46    4.65     20.63    7.47   14.78     25.33    6.03    5.01      9.64   27.32   33.86   154.25  123.31   132.43  141.00 
 172   76.15   26.33     38.94    2.25    4.64     19.55    8.50   14.74     25.33    6.03    5.02     11.20   22.68   33.79   158.23  123.64   136.33  141.14 
 173   76.15   26.45     40.40    1.97    4.62     19.65    8.39   14.70     25.33    6.03    5.02     10.28   25.74   33.75   168.26  124.19   146.23  141.89 
 174   76.15   26.34     37.13    2.98    4.61     16.77   11.93   14.69     25.33    6.03    5.03     10.52   25.10   33.70   176.33  124.28   154.45  142.26 
 175   76.15   26.27     36.00    3.47    4.61     16.63   12.11   14.67     25.33    6.03    5.04     10.48   25.35   33.65   185.65  121.84   163.83  139.63 
 176   81.27   26.90     40.96    1.98    4.59     19.54    8.66   14.64     24.83    6.34    5.04     10.99   23.77   33.59   191.12  120.62   169.36  138.27 
 177   81.27   26.37     38.02    2.80    4.58     18.56    9.76   14.61     24.83    6.34    5.05     11.36   22.77   33.53   194.71  116.77   172.83  134.61 
 178   81.27   26.35     38.99    2.51    4.57     19.33    8.95   14.58     24.83    6.34    5.06     11.43   22.42   33.47   195.50  115.21   173.83  132.88 
 179   81.27   26.41     39.02    2.50    4.56     18.28   10.20   14.56     24.83    6.34    5.06     11.54   22.29   33.41   196.14  114.23   174.35  131.51 
 180   81.27   26.86     37.96    2.80    4.55     18.56    9.93   14.53     24.83    6.34    5.07     11.59   22.16   33.34   196.86  109.96   174.97  127.26 
 181   83.36   26.67     38.31    2.67    4.54     20.00    8.74   14.50     25.26    6.00    5.08     11.79   22.54   33.29   197.88  104.45   176.45  121.88 
 182   83.36   26.55     43.31    1.49    4.52     14.51   18.33   14.52     25.26    6.00    5.08     11.31   26.45   33.25   200.01  100.56   178.87  117.80 
 183   83.36   26.06     35.23    3.79    4.52     16.52   16.67   14.53     25.26    6.00    5.09     12.14   27.05   33.21   203.10   97.16   181.92  114.62 
 184   83.36   26.68     33.54    4.59    4.52     16.68   17.07   14.54     25.26    6.00    5.09     12.40   27.66   33.18   204.04   96.43   182.70  113.97 
 185   83.36   26.50     31.76    5.62    4.52     17.18   17.09   14.56     25.26    6.00    5.10     12.30   29.56   33.16   202.57   94.50   181.63  112.54 
 186  119.46   26.67     33.64    4.50    4.52     19.33   13.83   14.55     25.46    5.86    5.10     12.24   30.84   33.15   201.25   94.65   180.42  112.60 
 187  119.46   26.50     33.97    4.23    4.52     18.12   16.24   14.56     25.46    5.86    5.10     11.96   32.60   33.15   196.47   93.99   175.47  111.78 
 188  119.46   26.43     34.09    4.05    4.52     17.44   17.79   14.58     25.46    5.86    5.11     11.88   33.29   33.15   187.95   91.79   167.10  110.04 
 189  119.46   26.18     31.83    5.03    4.52     18.27   16.20   14.59     25.46    5.86    5.11     11.60   34.40   33.16   181.07   90.72   160.13  108.84 
 190  119.46   26.36     33.52    4.10    4.52     18.07   16.40   14.60     25.46    5.86    5.12     12.32   32.00   33.15   176.54   89.34   155.43  107.76 
 191  117.25   27.22     31.33    5.11    4.52     19.24   14.40   14.60     25.06    6.17    5.12     12.23   32.26   33.15   170.48   88.21   149.76  106.81 
 192  117.25   26.28     31.95    4.62    4.52     18.85   15.08   14.60     25.06    6.17    5.13     12.10   32.36   33.14   164.68   88.00   144.33  106.67 
 193  117.25   26.40     30.36    5.32    4.53     19.49   13.98   14.60     25.06    6.17    5.13     12.36   30.91   33.13   157.40   86.33   136.37  105.25 
 194  117.25   26.38     30.14    5.28    4.53     18.81   14.76   14.60     25.06    6.17    5.14     12.23   30.84   33.12   149.59   85.47   128.50  104.53 
 195  117.25   26.23     31.52    4.41    4.53     18.62   14.78   14.60     25.06    6.17    5.14     12.52   29.60   33.10   145.91   85.72   124.89  104.75 
 196   87.00   26.71     29.62    5.32    4.53     18.97   13.67   14.59     24.66    6.49    5.15     12.24   29.68   33.08   139.77   85.72   118.68  104.75 
 197   87.00   26.40     29.71    5.11    4.54     17.24   16.27   14.60     24.66    6.49    5.16     12.16   29.42   33.06   134.70   86.05   113.65  105.09 
 198   87.00   26.71     28.67    5.69    4.54     17.06   16.53   14.61     24.66    6.49    5.16     12.30   28.72   33.04   130.62   87.55   109.30  106.37 
 199   87.00   26.36     29.32    5.26    4.55     17.07   16.48   14.62     24.66    6.49    5.17     12.40   28.41   33.02   127.87   92.40   106.48  110.92 
 200   87.00   26.24     30.73    4.57    4.55     16.35   17.74   14.64     24.66    6.49    5.18     11.94   29.72   33.00   126.35   97.75   104.99  116.79 
 201   96.17   26.74     30.48    4.78    4.55     23.29    7.91   14.60     24.85    6.36    5.18     12.46   27.62   32.98   126.42  100.02   105.35  119.00 
 202   96.17   26.49     30.28    4.95    4.55     21.43    9.70   14.58     24.85    6.36    5.19     12.20   28.13   32.95   126.83  102.71   105.51  121.72 
 203   96.17   26.65     29.50    5.55    4.55     20.64   10.38   14.56     24.85    6.36    5.19     11.75   28.89   32.93   130.10  106.30   109.01  125.22 
 204   96.17   26.30     34.40    3.26    4.55     17.02   15.45   14.56     24.85    6.36    5.20     11.45   29.20   32.91   135.07  108.35   113.98  127.25 
 205   96.17   26.49     30.13    5.49    4.55     17.48   14.72   14.56     24.85    6.36    5.21     11.27   29.47   32.90   142.37  106.59   121.33  125.56 
 206  102.39   27.57     33.38    3.87    4.55     18.86   12.64   14.55     24.75    6.44    5.21     11.38   29.09   32.88   149.32  103.82   128.21  122.84 
 207  102.39   26.38     29.01    6.46    4.56     18.71   12.97   14.55     24.75    6.44    5.22     11.97   27.58   32.85   153.84  102.92   132.71  122.01 
 208  102.39   26.37     29.93    6.04    4.57     18.14   13.78   14.54     24.75    6.44    5.22     11.52   28.81   32.83   164.82  103.71   143.42  122.55 
 209  102.39   26.37     34.01    3.93    4.56     17.84   14.23   14.54     24.75    6.44    5.23     11.59   28.72   32.81   172.53  103.90   151.09  122.96 
 210  102.39   26.51     32.71    4.72    4.56     18.14   13.96   14.54     24.75    6.44    5.24     11.59   29.10   32.80   179.08  103.82   157.38  122.38 
 211   94.57   27.12     33.68    4.34    4.56     19.80   11.66   14.52     24.39    6.71    5.24     11.42   30.06   32.78   185.16  105.99   163.46  124.58 
 212   94.57   26.50     33.67    4.42    4.56     19.01   12.93   14.52     24.39    6.71    5.25     11.56   30.08   32.77   188.49  107.22   166.83  125.55 
 213   94.57   26.48     34.92    3.85    4.56     18.99   13.03   14.51     24.39    6.71    5.26     11.57   30.31   32.76   189.68  107.96   167.85  126.45 
 214   94.57   26.49     35.20    3.74    4.55     18.82   13.50   14.51     24.39    6.71    5.26     11.39   31.29   32.75   190.64  107.03   168.80  125.65 
 215   94.57   26.55     33.24    4.64    4.56     18.70   13.96   14.50     24.39    6.71    5.27     11.32   31.83   32.75   192.29  102.61   170.39  121.46 
 216  122.27   26.40     35.11    3.69    4.55     21.15   10.70   14.49     24.77    6.43    5.27     11.15   32.67   32.75   192.46   96.55   170.72  115.47 
 217  122.27   26.61     34.94    3.80    4.55     19.60   12.89   14.48     24.77    6.43    5.28     11.50   32.32   32.74   194.72   95.30   172.79  114.03 
 218  122.27   26.73     34.80    3.87    4.54     18.06   15.15   14.48     24.77    6.43    5.29     11.22   33.59   32.75   196.51   97.54   174.57  116.43 
 219  122.27   26.26     33.18    4.68    4.55     17.00   17.24   14.49     24.77    6.43    5.29     11.19   33.19   32.75   196.63   96.47   174.77  115.35 
 220  122.27   26.66     32.46    5.00    4.55     16.73   17.82   14.51     24.77    6.43    5.30     10.79   34.44   32.76   191.02   95.06   168.78  114.06 
 221  105.75   27.09     33.02    4.60    4.55     16.59   18.23   14.53     24.07    6.99    5.30     10.74   34.66   32.77   184.87   94.66   162.62  113.56 
 222  105.75   26.89     31.45    5.35    4.55     16.41   18.44   14.54     24.07    6.99    5.31     10.52   35.34   32.78   179.45   94.55   157.28  113.87 
 223  105.75   26.48     30.89    5.47    4.56     16.97   17.23   14.56     24.07    6.99    5.32      9.96   36.59   32.80   169.73   91.96   147.76  111.58 
 224  105.75   26.86     32.77    4.34    4.55     16.86   17.33   14.57     24.07    6.99    5.33     10.98   33.70   32.80   166.95   91.96   144.85  111.48 
 225  105.75   26.39     30.79    5.28    4.56     17.09   16.67   14.58     24.07    6.99    5.33     10.71   33.87   32.80   161.75   92.32   139.74  111.59 
 226  159.00   27.25     31.10    4.98    4.56     18.82   13.78   14.57     24.53    6.64    5.34     10.61   34.26   32.81   154.33   91.93   132.18  111.17 
 227  159.00   26.51     29.04    6.13    4.57     17.41   16.04   14.58     24.53    6.64    5.35     10.84   33.71   32.81   149.85   92.21   127.80  111.42 
 228  159.00   26.61     29.92    5.44    4.57     16.00   18.74   14.60     24.53    6.64    5.35     10.99   32.98   32.82   146.85   92.38   124.52  111.65 
 229  159.00   26.50     30.83    4.77    4.57     16.43   17.65   14.61     24.53    6.64    5.36     11.00   32.82   32.82   142.64   92.34   120.64  111.65 
 230  159.00   26.75     33.51    3.52    4.57     16.48   17.42   14.62     24.53    6.64    5.36     11.33   31.52   32.81   142.40   92.75   120.32  112.31 
 231  100.21   27.10     30.19    5.17    4.57     20.69   10.76   14.61     23.92    7.13    5.37     11.39   31.16   32.80   141.68   91.71   120.04  111.27 
 232  100.21   26.48     34.14    3.28    4.56     21.48    9.84   14.59     23.92    7.13    5.38     11.53   30.96   32.79   143.59   92.94   121.49  112.40 
 233  100.21   26.08     30.30    5.14    4.57     19.55   12.31   14.58     23.92    7.13    5.38     11.52   30.51   32.78   147.02   92.45   124.57  111.94 
 234  100.21   26.29     31.76    4.46    4.57     19.41   12.40   14.57     23.92    7.13    5.39     11.62   29.83   32.77   149.69   91.97   127.87  111.39 
 235  100.21   26.02     34.67    3.25    4.56     19.25   12.69   14.56     23.92    7.13    5.40     11.89   29.34   32.76   152.68   92.09   131.28  112.00 
 236  101.52   27.14     35.65    2.96    4.55     21.41   10.04   14.54     24.03    7.05    5.41     12.04   29.21   32.74   156.31   92.38   134.69  112.10 
 237  101.52   26.31     34.10    3.61    4.55     21.09   10.46   14.52     24.03    7.05    5.41     11.84   30.27   32.73   162.89   92.36   141.83  112.02 
 238  101.52   26.21     33.95    3.80    4.55     20.68   10.92   14.51     24.03    7.05    5.42     11.97   30.00   32.72   169.28   92.30   148.14  111.67 
 239  101.52   26.74     30.20    6.02    4.55     18.47   14.50   14.51     24.03    7.05    5.43     11.83   30.71   32.71   178.23   91.13   156.33  109.89 
 240  101.52   27.20     33.16    4.41    4.55     20.10   12.35   14.50     24.03    7.05    5.43     12.06   30.76   32.70   184.25   92.18   162.26  110.77 
 241  106.53   27.15     36.02    3.23    4.55     19.62   13.19   14.49     23.80    7.24    5.44     11.82   32.04   32.70   187.26   92.37   165.59  110.92 
 242  106.53   26.31     34.95    3.69    4.54     19.68   13.16   14.49     23.80    7.24    5.45     12.01   31.67   32.70   190.97   94.01   169.11  112.34 
 243  106.53   26.61     35.33    3.57    4.54     20.97   11.25   14.47     23.80    7.24    5.46     12.10   31.39   32.69   192.72   97.10   170.45  115.44 
 244  106.53   26.27     35.22    3.73    4.54     20.44   11.87   14.46     23.80    7.24    5.46     11.92   32.02   32.69   193.11  103.82   171.08  122.43 
 245  106.53   26.30     32.79    5.12    4.54     18.94   13.99   14.46     23.80    7.24    5.47     11.09   34.55   32.70   195.68  112.74   173.94  131.56 
 246  156.67   26.82     32.36    5.42    4.54     20.64   11.44   14.45     24.10    7.02    5.48     11.15   33.67   32.70   194.25  116.86   172.73  136.01 
 247  156.67   26.63     32.76    5.05    4.54     19.87   12.31   14.44     24.10    7.02    5.48     10.87   34.06   32.71   190.86  115.65   169.15  134.95 
 248  156.67   26.65     30.33    6.66    4.55     19.75   12.27   14.43     24.10    7.02    5.49     10.91   33.53   32.71   184.50  115.17   162.85  134.62 
 249  156.67   26.43     31.95    5.33    4.55     20.18   11.23   14.42     24.10    7.02    5.50     10.61   33.16   32.71   176.21  118.18   154.67  137.51 
 250  156.67   26.61     30.63    5.99    4.56     20.62   10.46   14.40     24.10    7.02    5.50      9.81   35.06   32.72   166.83  120.28   145.02  139.52 
 251  114.66   27.19     28.91    7.06    4.57     19.94   10.91   14.39     23.67    7.38    5.51      9.16   36.13   32.73   156.18  120.51   134.54  139.83 
 252  114.66   26.45     30.20    5.94    4.58     18.81   11.75   14.38     23.67    7.38    5.52     10.15   31.86   32.73   149.53  120.47   127.75  139.76 
 253  114.66   26.63     32.28    4.62    4.58     19.17   11.10   14.37     23.67    7.38    5.52     10.85   29.21   32.72   147.31  119.09   125.45  138.34 
 254  114.66   26.32     31.02    5.16    4.58     19.50   10.65   14.35     23.67    7.38    5.53     10.29   31.34   32.71   146.49  113.50   124.17  132.62 
 255  114.66   26.28     31.41    4.84    4.58     19.16   11.27   14.34     23.67    7.38    5.54     10.57   30.45   32.70   144.46  107.39   123.41  127.31 
 256  137.18   27.26     30.93    5.03    4.58     20.14   10.66   14.33     23.95    7.14    5.54     10.91   30.66   32.69   144.51  103.58   123.32  123.47 
 257  137.18   26.59     28.84    6.37    4.59     18.80   12.77   14.32     23.95    7.14    5.55     11.28   30.34   32.69   143.41  100.60   121.81  120.45 
 258  137.18   26.54     31.32    4.68    4.59     19.35   12.12   14.31     23.95    7.14    5.56     11.29   30.52   32.68   143.90   98.11   122.28  117.96 
 259  137.18   26.49     29.93    5.50    4.59     20.15   11.13   14.30     23.95    7.14    5.56     11.74   29.27   32.66   143.59   97.05   121.61  116.51 
 260  137.18   26.54     32.77    3.90    4.59     19.72   11.98   14.29     23.95    7.14    5.57     11.48   30.79   32.66   144.20   94.68   122.15  114.33 
 261  138.32   26.46     33.75    3.51    4.59     19.96   11.96   14.28     23.70    7.35    5.58     11.72   30.65   32.65   145.58   93.36   123.80  113.20 
 262  138.32   27.12     31.84    4.43    4.58     21.67   10.00   14.26     23.70    7.35    5.58     11.93   30.30   32.64   149.46   92.27   127.67  111.73 
 263  138.32   26.36     32.86    3.96    4.58     22.84    8.80   14.24     23.70    7.35    5.59     11.88   30.54   32.63   152.79   89.16   131.15  108.94 
 264  138.32   26.30     34.48    3.37    4.58     21.70    9.95   14.23     23.70    7.35    5.60     11.82   30.72   32.62   159.00   88.51   137.37  108.17 
 265  138.32   26.39     31.05    5.10    4.58     20.98   10.62   14.21     23.70    7.35    5.60     12.25   28.84   32.61   163.92   87.81   141.70  107.34 
 266  136.97   26.68     33.38    4.02    4.58     20.99   10.34   14.20     23.74    7.33    5.61     11.84   29.78   32.60   170.92   87.10   148.91  106.41 
 267  136.97   26.22     32.39    4.64    4.58     20.07   11.47   14.19     23.74    7.33    5.62     11.75   29.43   32.59   178.24   85.40   156.37  104.67 
 268  136.97   26.72     30.60    5.84    4.58     18.68   13.53   14.19     23.74    7.33    5.62     11.93   28.84   32.57   184.29   84.63   162.36  103.90 
 269  136.97   26.87     36.06    3.17    4.58     19.00   12.94   14.18     23.74    7.33    5.63     11.71   29.85   32.56   186.45   85.78   164.56  105.22 
 270  136.97   26.29     34.80    3.72    4.57     17.88   14.80   14.18     23.74    7.33    5.63     11.77   29.50   32.55   192.50   87.11   170.39  106.24 
 271  110.54   26.89     35.50    3.45    4.57     21.13   10.18   14.17     23.42    7.60    5.64     11.91   29.17   32.54   192.67   87.04   170.97  106.12 
 272  110.54   27.08     37.48    2.79    4.56     19.65   12.11   14.16     23.42    7.60    5.65     11.92   29.07   32.53   193.54   87.13   171.51  106.28 
 273  110.54   26.70     34.36    3.99    4.56     18.04   14.58   14.16     23.42    7.60    5.66     11.88   28.96   32.51   194.72   85.45   172.99  104.94 
 274  110.54   26.48     38.94    2.34    4.55     17.58   15.31   14.17     23.42    7.60    5.66     11.78   29.36   32.50   194.50   83.84   173.13  103.47 
 275  110.54   26.64     35.47    3.49    4.55     16.75   16.88   14.18     23.42    7.60    5.67     11.80   29.41   32.49   195.04   83.00   173.80  102.79 
 276  195.16   26.66     35.21    3.65    4.55     20.48   10.85   14.17     23.85    7.23    5.68     12.03   28.50   32.48   195.97   83.26   174.52  103.11 
 277  195.16   26.17     35.51    3.54    4.54     19.21   12.50   14.16     23.85    7.23    5.68     11.88   28.84   32.46   197.25   83.75   175.72  103.61 
 278  195.16   26.78     35.93    3.33    4.54     18.08   14.08   14.16     23.85    7.23    5.69     11.98   27.97   32.45   196.85   82.11   175.61  101.67 
 279  195.16   26.53     34.09    4.06    4.54     16.82   15.91   14.17     23.85    7.23    5.69     11.64   28.85   32.43   193.35   81.04   172.02  100.69 
 280  195.16   26.25     33.93    4.07    4.53     16.78   16.03   14.17     23.85    7.23    5.70     11.63   28.87   32.42   190.84   81.90   169.44  101.68 
 281  176.58   27.11     37.98    2.47    4.53     16.40   16.50   14.18     23.47    7.56    5.71     11.30   29.79   32.41   181.66   81.98   160.10  101.70 
 282  176.58   26.69     33.02    4.31    4.53     17.34   14.83   14.18     23.47    7.56    5.71     11.60   28.66   32.40   180.07   81.67   158.47  101.08 
 283  176.58   26.60     28.77    6.65    4.53     17.39   14.75   14.18     23.47    7.56    5.72     11.44   29.31   32.39   172.27   80.97   151.20  100.37 
 284  176.58   26.87     32.67    4.11    4.53     18.41   13.53   14.18     23.47    7.56    5.72     11.33   29.51   32.38   162.77   80.64   141.27  100.40 
 285  176.58   26.59     34.04    3.39    4.53     17.73   14.92   14.18     23.47    7.56    5.73     11.76   28.74   32.37   152.88   82.71   131.66  102.13 
 286  161.01   26.44     33.35    3.56    4.53     18.23   14.04   14.18     23.60    7.45    5.74     11.75   29.52   32.36   145.16   84.49   124.59  104.43 
 287  161.01   26.56     31.29    4.38    4.52     17.35   15.70   14.19     23.60    7.45    5.74     11.93   29.02   32.34   140.27   82.73   119.01  102.35 
 288  161.01   26.26     31.99    3.97    4.52     18.22   14.24   14.19     23.60    7.45    5.75     12.20   28.44   32.33   136.75   81.60   115.73  101.06 
 289  161.01   26.50     30.38    4.64    4.52     18.83   13.79   14.19     23.60    7.45    5.75     12.31   29.14   32.32   134.15   80.76   112.90   99.99 
 290  161.01   26.97     28.14    5.89    4.53     18.45   15.11   14.19     23.60    7.45    5.76     12.40   30.00   32.31   131.75   79.15   110.21   98.24 
 291  181.42   26.80     30.28    4.53    4.53     20.07   12.95   14.19     23.53    7.51    5.77     12.24   31.56   32.31   130.15   79.67   108.90   98.17 
 292  181.42   26.66     28.81    5.33    4.53     19.29   14.42   14.19     23.53    7.51    5.77     12.57   30.90   32.30   130.34   78.70   109.01   97.32 
 293  181.42   26.70     27.82    5.99    4.54     19.53   14.14   14.19     23.53    7.51    5.78     12.25   32.34   32.30   129.15   79.27   107.68   97.77 
 294  181.42   26.57     29.21    5.10    4.54     19.76   13.78   14.19     23.53    7.51    5.78     12.39   31.94   32.30   129.53   80.43   108.43   98.74 
 295  181.42   26.95     29.06    5.25    4.54     19.55   14.22   14.19     23.53    7.51    5.79     12.37   32.24   32.30   131.35   81.11   109.84   99.53 
 296  121.10   27.09     29.03    5.41    4.54     19.45   14.65   14.19     23.21    7.82    5.80     12.35   32.67   32.30   134.84   80.93   113.36   99.46 
 297  121.10   26.32     27.02    6.92    4.55     18.24   17.56   14.20     23.21    7.82    5.80     11.79   35.56   32.31   142.23   79.95   120.35   98.67 
 298  121.10   26.55     30.70    4.87    4.55     17.78   18.93   14.22     23.21    7.82    5.81     11.24   38.82   32.34   152.53   80.07   131.07   98.54 
 299  121.10   26.15     31.85    4.53    4.55     17.40   19.77   14.23     23.21    7.82    5.82     11.41   39.15   32.36   162.30   78.92   140.93   97.58 
 300  121.10   26.28     30.42    5.53    4.56     16.78   21.20   14.26     23.21    7.82    5.82     11.90   37.10   32.38   167.29   77.47   145.85   96.54 
 301  113.80   26.94     31.84    4.88    4.56     18.22   17.81   14.27     22.94    8.11    5.83     11.28   39.74   32.40   178.23   76.97   156.85   95.76 
 302  113.80   26.85     30.41    5.99    4.56     17.40   19.57   14.29     22.94    8.11    5.84     11.28   39.49   32.42   187.60   77.08   166.34   96.33 
 303  113.80   26.46     35.85    3.28    4.56     17.09   20.27   14.31     22.94    8.11    5.85     11.71   37.76   32.44   191.01   78.84   170.14   98.25 
 304  113.80   27.40     32.25    5.05    4.56     17.91   18.89   14.32     22.94    8.11    5.85     11.20   41.34   32.47   193.63   84.44   172.84  103.58 
 305  113.80   26.42     32.30    5.18    4.56     18.30   18.45   14.33     22.94    8.11    5.86     10.61   45.55   32.51   193.35   95.19   172.57  114.56 
 306  127.37   26.91     32.98    4.96    4.56     22.06   12.01   14.33     23.04    8.07    5.87     11.54   40.70   32.54   196.38  102.73   175.84  122.30 
 307  127.37   26.50     31.93    5.70    4.57     19.20   16.67   14.33     23.04    8.07    5.88     10.09   47.44   32.59   196.85  115.00   176.01  134.67 
 308  127.37   26.50     31.77    5.86    4.57     17.96   19.32   14.35     23.04    8.07    5.88     10.28   45.93   32.63   193.24  121.66   172.21  141.20 
 309  127.37   26.60     32.86    5.14    4.57     17.44   20.57   14.37     23.04    8.07    5.89     10.39   45.23   32.67   189.15  125.00   167.81  144.27 
 310  127.37   26.59     33.45    4.68    4.57     16.36   23.15   14.40     23.04    8.07    5.90      9.94   46.86   32.72   180.09  127.40   159.30  146.82 
 311  173.62   27.20     31.63    5.67    4.58     21.59   12.46   14.39     23.29    7.88    5.90     11.13   41.08   32.74   174.59  128.16   153.61  147.46 
 312  173.62   27.17     29.37    6.99    4.58     19.31   15.74   14.40     23.29    7.88    5.91      9.37   46.65   32.79   160.55  130.13   139.54  149.24 
 313  173.62   26.83     31.52    5.25    4.59     18.28   17.04   14.41     23.29    7.88    5.92      9.63   44.86   32.83   146.89  130.94   125.75  149.89 
 314  173.62   26.70     30.29    5.87    4.59     17.89   17.54   14.42     23.29    7.88    5.92     10.12   42.27   32.86   137.19  131.57   116.14  150.45 
 315  173.62   26.68     27.88    7.44    4.60     17.50   18.05   14.43     23.29    7.88    5.93     10.29   41.96   32.89   128.25  128.20   107.13  146.99 
 316  202.41   27.34     28.55    6.52    4.60     20.46   12.77   14.42     23.23    7.97    5.94     10.66   40.58   32.91   124.58  120.17   102.98  138.75 
 317  202.41   26.80     30.11    5.30    4.61     19.90   13.60   14.42     23.23    7.97    5.94     11.60   35.63   32.92   124.32  114.40   102.82  133.15 
 318  202.41   27.08     28.12    6.42    4.61     18.13   16.50   14.43     23.23    7.97    5.95     11.04   37.11   32.93   125.42  105.88   103.81  124.31 
 319  202.41   26.96     29.70    5.20    4.61     18.07   16.25   14.43     23.23    7.97    5.95     11.32   34.82   32.94   125.75  100.27   104.28  118.77 
 320  202.41   26.67     29.83    5.17    4.62     17.84   16.37   14.44     23.23    7.97    5.96     11.60   32.96   32.94   130.01   98.97   108.90  117.57 
 321  188.07   27.26     30.44    4.92    4.62     19.81   12.94   14.43     23.31    7.91    5.97     11.58   32.40   32.94   135.61   95.07   114.54  114.08 
 322  188.07   26.41     30.43    5.14    4.62     19.31   13.88   14.43     23.31    7.91    5.97     11.21   33.70   32.94   145.90   92.13   124.75  111.39 
 323  188.07   26.67     29.56    5.80    4.62     20.37   12.31   14.43     23.31    7.91    5.98     12.06   31.30   32.93   151.46   92.21   130.00  111.37 
 324  188.07   26.62     31.75    4.79    4.62     20.37   12.14   14.42     23.31    7.91    5.98     11.20   34.48   32.94   161.31   93.38   139.97  112.40 
 325  188.07   26.87     30.83    5.64    4.63     18.45   15.01   14.42     23.31    7.91    5.99     10.96   35.67   32.95   172.99   92.93   151.63  111.86 
 326  191.35   26.44     30.20    6.37    4.63     19.73   13.12   14.42     23.16    8.06    6.00     10.74   36.79   32.96   186.09   92.84   164.33  111.70 
 327  191.35   27.12     31.84    5.42    4.63     20.21   12.32   14.41     23.16    8.06    6.00     11.13   34.86   32.97   193.62   92.73   172.12  111.08 
 328  191.35   26.58     35.38    3.68    4.63     17.12   17.19   14.42     23.16    8.06    6.01     11.49   33.15   32.97   201.03   93.01   178.60  111.57 
 329  191.35   26.15     31.87    5.56    4.63     17.25   16.85   14.43     23.16    8.06    6.02     11.42   32.60   32.96   200.75   92.75   178.41  111.30 
 330  191.35   26.72     35.61    3.63    4.63     17.71   15.58   14.43     23.16    8.06    6.02     11.38   32.64   32.96   201.04   95.76   178.77  114.54 
 331  181.79   27.48     34.59    4.17    4.63     21.15   10.34   14.42     23.22    8.02    6.03     10.86   34.77   32.97   201.67  103.46   179.68  122.35 
 332  181.79   26.79     33.17    5.02    4.63     20.33   11.20   14.41     23.22    8.02    6.03     10.52   35.40   32.98   203.55  111.08   181.84  130.19 
 333  181.79   26.71     35.50    3.82    4.63     17.79   15.08   14.41     23.22    8.02    6.04     10.63   33.52   32.98   199.92  114.43   178.15  133.75 
 334  181.79   26.53     32.17    5.49    4.63     18.74   13.87   14.41     23.22    8.02    6.05     10.18   34.73   32.98   192.02  115.63   170.81  135.02 
 335  181.79   26.67     30.88    6.27    4.64     17.89   15.61   14.41     23.22    8.02    6.05     10.72   34.01   32.99   186.76  115.07   166.08  134.73 
 336  198.06   26.70     34.44    3.97    4.63     18.07   15.69   14.41     23.21    8.03    6.06      9.55   37.79   33.00   176.64  115.93   156.16  135.34 
 337  198.06   26.37     34.82    3.66    4.63     18.32   15.61   14.42     23.21    8.03    6.06      9.79   37.88   33.02   164.74  115.43   144.76  135.14 
 338  198.06   26.25     34.10    3.86    4.63     20.27   12.55   14.41     23.21    8.03    6.07     10.37   37.24   33.03   157.91  115.67   137.17  135.05 
 339  198.06   26.43     31.93    4.85    4.63     18.80   14.80   14.41     23.21    8.03    6.08     10.47   37.48   33.04   152.25  115.78   131.89  135.35 
 340  198.06   26.35     31.55    5.00    4.63     18.80   14.75   14.41     23.21    8.03    6.08     10.98   35.69   33.05   150.39  114.14   129.73  133.34 
 341  232.57   26.72     31.30    5.01    4.63     19.96   12.82   14.41     23.09    8.16    6.09     10.77   35.98   33.06   147.20  109.24   126.58  128.41 
 342  232.57   26.60     31.65    4.74    4.63     20.14   12.51   14.40     23.09    8.16    6.09     11.12   34.64   33.06   146.83  105.00   126.31  124.42 
 343  232.57   26.42     32.02    4.44    4.63     20.77   11.70   14.40     23.09    8.16    6.10     11.42   33.76   33.06   147.68  102.16   126.73  121.47 
 344  232.57   26.73     31.77    4.56    4.63     21.77   10.54   14.39     23.09    8.16    6.11     11.76   32.70   33.06   148.53   99.79   127.59  119.03 
 345  232.57   26.88     30.33    5.43    4.63     20.97   11.81   14.38     23.09    8.16    6.11     12.03   32.17   33.06   151.85   95.70   130.86  114.87 
 346  166.93   27.31     29.87    5.74    4.64     22.10   10.49   14.37     23.05    8.21    6.12     12.52   31.03   33.05   154.43   94.23   133.25  113.34 
 347  166.93   26.58     33.45    3.89    4.63     20.81   12.55   14.36     23.05    8.21    6.12     12.03   33.54   33.06   160.88   91.71   139.78  110.98 
 348  166.93   26.48     31.10    5.35    4.64     20.72   12.79   14.36     23.05    8.21    6.13     11.85   35.13   33.06   170.75   90.90   149.41  109.82 
 349  166.93   26.51     29.22    6.95    4.64     19.34   15.39   14.36     23.05    8.21    6.14     11.83   35.55   33.07   179.86   90.50   158.48  109.13 
 350  166.93   26.63     29.41    6.98    4.65     19.01   16.13   14.36     23.05    8.21    6.14     11.85   35.92   33.08   187.42   89.63   166.07  108.38 
 351  249.37   27.09     34.77    3.80    4.65     19.02   16.28   14.37     22.96    8.32    6.15     11.95   36.15   33.09   193.57   89.49   171.92  108.30 
 352  249.37   26.60     33.29    4.53    4.65     18.82   16.69   14.38     22.96    8.32    6.15     12.24   35.43   33.09   193.92   90.91   172.30  109.46 
 353  249.37   27.08     33.99    4.25    4.65     18.03   18.09   14.39     22.96    8.32    6.16     12.01   36.11   33.10   195.62   96.49   173.89  114.89 
 354  249.37   26.22     32.44    5.14    4.65     19.40   15.10   14.39     22.96    8.32    6.17     11.68   36.79   33.11   191.28  101.68   169.76  120.26 
 355  249.37   26.63     36.69    3.08    4.64     17.57   18.29   14.40     22.96    8.32    6.17     12.21   34.05   33.11   187.84  102.79   166.10  121.23 
 356  218.60   26.92     31.33    5.60    4.65     19.11   15.01   14.40     23.15    8.16    6.18     12.63   31.65   33.11   182.61  102.01   160.93  120.94 
 357  218.60   26.55     32.53    4.67    4.65     19.67   13.66   14.40     23.15    8.16    6.18     12.24   31.87   33.11   172.32  102.86   150.98  122.03 
 358  218.60   26.59     33.94    3.89    4.64     19.33   14.13   14.40     23.15    8.16    6.19     12.54   30.62   33.10   166.39  102.39   144.93  121.21 
 359  218.60   26.94     32.58    4.28    4.64     18.10   15.86   14.40     23.15    8.16    6.19     11.39   33.38   33.10   154.20  100.83   132.48  120.60 
 360  218.60   27.00     30.45    5.27    4.64     18.05   15.40   14.41     23.15    8.16    6.20     11.84   31.37   33.10   146.91  100.15   125.29  119.98 
 361  235.05   27.24     30.38    5.18    4.65     19.76   12.25   14.40     23.04    8.28    6.21     12.05   29.83   33.09   140.88  100.11   119.20  119.77 
 362  235.05   26.66     31.79    4.27    4.64     19.33   12.49   14.39     23.04    8.28    6.21     11.97   29.33   33.08   135.75   98.46   114.21  118.18 
 363  235.05   26.74     32.80    3.73    4.64     18.41   13.60   14.39     23.04    8.28    6.22     11.97   28.65   33.06   131.76   98.53   110.34  118.26 
 364  235.05   26.69     31.54    4.36    4.64     18.38   13.48   14.39     23.04    8.28    6.22     11.93   28.37   33.05   130.60  100.13   109.31  119.85 
 365  235.05   26.74     27.57    7.07    4.65     17.75   14.14   14.39     23.04    8.28    6.23     11.72   28.43   33.04   131.24  103.79   109.44  123.38 
 366  232.61   26.88     32.49    4.05    4.65     19.13   11.78   14.38     22.78    8.53    6.23     11.58   28.23   33.03   131.01  107.87   109.65  127.53 
 367  232.61   26.23     29.43    5.87    4.65     18.17   12.80   14.38     22.78    8.53    6.24     11.19   28.60   33.01   134.35  108.44   112.94  127.92 
 368  232.61   26.62     31.43    4.78    4.65     16.88   14.54   14.38     22.78    8.53    6.25     10.76   29.20   33.00   140.03  109.40   118.50  128.69 
 369  232.61   26.93     29.60    5.99    4.65     16.90   14.46   14.38     22.78    8.53    6.25     11.16   27.79   32.99   144.83  109.11   123.34  128.37 
 370  232.61   27.00     32.29    4.56    4.65     16.93   14.33   14.38     22.78    8.53    6.26     10.82   28.54   32.98   153.64  110.63   132.02  129.66 
 371  137.68   26.58     31.72    5.05    4.65     17.51   13.45   14.38     22.47    8.83    6.27     11.42   26.75   32.96   162.84  110.35   141.49  129.65 
 372  137.68   26.56     32.41    4.86    4.65     17.71   12.99   14.37     22.47    8.83    6.27     11.44   26.40   32.94   171.33  110.35   149.89  129.49 
 373  137.68   26.60     33.97    4.18    4.65     16.90   14.45   14.37     22.47    8.83    6.28     11.49   26.27   32.92   179.08  110.42   157.64  129.59 
 374  137.68   26.89     33.64    4.48    4.65     16.70   14.82   14.37     22.47    8.83    6.29     11.33   26.89   32.91   186.18  109.83   164.94  129.25 
 375  137.68   26.95     35.19    3.77    4.65     16.68   14.97   14.38     22.47    8.83    6.29     11.66   26.39   32.89   188.56  111.01   167.06  129.70 
 376  157.24   27.56     32.21    5.33    4.65     17.67   13.85   14.37     22.55    8.73    6.30     11.56   27.49   32.88   190.25  107.61   169.12  126.95 
 377  157.24   26.74     31.49    5.72    4.66     18.91   12.46   14.37     22.55    8.73    6.31     11.38   28.90   32.87   193.48  102.92   171.81  121.69 
 378  157.24   26.69     33.40    4.60    4.66     19.05   12.29   14.36     22.55    8.73    6.31     11.41   28.83   32.86   195.12   99.54   173.61  117.99 
 379  157.24   26.55     34.93    3.85    4.65     17.77   14.29   14.36     22.55    8.73    6.32     11.75   27.97   32.84   196.57   97.17   175.13  115.53 
 380  157.24   27.19     34.33    4.07    4.65     17.13   15.44   14.37     22.55    8.73    6.33     11.48   29.19   32.83   195.10   97.57   173.67  116.01 
 381  144.43   26.13     33.93    4.24    4.65     18.95   12.53   14.36     22.34    8.94    6.33     11.93   27.76   32.82   193.27   97.30   171.40  115.85 
 382  144.43   26.74     35.21    3.56    4.65     17.70   14.87   14.36     22.34    8.94    6.34     11.15   30.60   32.81   184.96   94.32   163.24  113.12 
 383  144.43   26.19     32.21    4.82    4.65     19.73   11.96   14.36     22.34    8.94    6.35     10.80   32.55   32.81   178.23   92.83   155.90  111.24 
 384  144.43   26.72     27.57    8.06    4.66     20.61   11.29   14.35     22.34    8.94    6.35     11.05   33.08   32.81   168.43   92.61   146.28  111.24 
 385  144.43   26.13     31.62    4.68    4.66     21.96   10.24   14.34     22.34    8.94    6.36     10.51   36.69   32.82   158.30   90.91   136.21  109.69 
 386  147.61   27.79     31.68    4.46    4.66     20.08   13.69   14.34     22.38    8.90    6.37     10.84   38.50   32.84   147.83   90.01   126.06  108.89 
 387  147.61   26.75     33.78    3.40    4.65     20.39   13.68   14.33     22.38    8.90    6.37     12.39   34.07   32.84   142.90   89.44   121.35  108.48 
 388  147.61   26.67     30.19    4.92    4.65     19.89   15.02   14.34     22.38    8.90    6.38     11.80   37.80   32.85   135.65   88.37   113.99  107.51 
 389  147.61   26.58     29.60    5.07    4.65     19.05   16.32   14.34     22.38    8.90    6.39     11.93   36.67   32.86   127.52   88.45   106.05  107.17 
 390  147.61   26.91     29.41    5.15    4.66     19.24   15.21   14.34     22.38    8.90    6.39     12.63   32.50   32.86   125.25   90.66   103.85  109.17 
 391  140.20   26.87     30.63    4.53    4.66     18.57   15.36   14.35     22.32    8.99    6.40     12.57   30.84   32.86   125.12   94.80   103.52  112.79 
 392  140.20   26.53     31.55    4.19    4.65     18.83   13.98   14.34     22.32    8.99    6.41     12.51   29.24   32.85   124.60   97.33   103.23  116.30 
 393  140.20   26.29     29.82    5.11    4.66     19.23   13.08   14.34     22.32    8.99    6.41     12.50   28.64   32.84   126.69   99.78   105.18  118.52 
 394  140.20   26.28     30.95    4.69    4.66     19.52   12.46   14.34     22.32    8.99    6.42     12.14   29.53   32.83   129.58  102.25   108.25  121.45 
 395  140.20   26.38     32.13    4.23    4.65     19.52   12.79   14.33     22.32    8.99    6.42     11.71   31.68   32.83   135.41  103.94   114.25  123.47 
 396  256.95   26.99     31.58    4.72    4.66     19.72   13.14   14.33     22.63    8.68    6.43     11.24   34.38   32.83   144.89  104.62   123.74  124.12 
 397  256.95   26.63     33.82    3.79    4.65     19.82   13.51   14.33     22.63    8.68    6.44     11.77   33.54   32.83   154.58  104.87   133.48  124.58 
 398  256.95   26.05     32.32    4.62    4.65     20.27   13.02   14.32     22.63    8.68    6.44     12.98   29.91   32.83   160.81  105.10   139.75  124.56 
 399  256.95   26.41     35.57    3.30    4.65     18.50   15.97   14.33     22.63    8.68    6.45     11.95   33.33   32.83   170.93  104.48   149.75  123.89 
 400  256.95   26.42     35.35    3.56    4.65     17.28   18.06   14.34     22.63    8.68    6.45     11.80   32.90   32.83   181.24  105.36   160.27  124.77 
 401  260.30   27.08     37.27    2.94    4.64     19.17   14.01   14.34     22.37    8.96    6.46     12.37   29.96   32.82   191.57  106.78   170.30  126.28 
 402  260.30   27.05     36.33    3.34    4.64     19.01   13.90   14.34     22.37    8.96    6.47     13.04   27.49   32.81   194.20  106.57   173.33  125.93 
 403  260.30   27.02     36.08    3.48    4.64     19.08   13.67   14.33     22.37    8.96    6.47     13.17   26.95   32.79   197.88  106.98   176.73  126.62 
 404  260.30   26.95     38.69    2.60    4.63     19.45   13.15   14.33     22.37    8.96    6.48     13.12   26.99   32.78   199.68  109.11   178.97  128.28 
 405  260.30   27.01     40.04    2.22    4.63     19.46   13.06   14.33     22.37    8.96    6.48     13.10   27.18   32.76   198.68  108.08   177.82  127.13 
 406  293.63   28.36     35.62    3.68    4.62     20.11   12.05   14.32     22.65    8.68    6.49     13.14   26.95   32.75   198.12  105.15   176.98  124.60 
 407  293.63   30.05     32.42    5.27    4.62     19.48   12.94   14.32     22.65    8.68    6.49     12.81   27.81   32.74   195.85  102.63   174.90  121.94 
 408  293.63   29.85     34.68    3.91    4.62     20.48   11.58   14.31     22.65    8.68    6.50     12.48   28.85   32.73   190.02   98.35   169.32  117.68 
 409  293.63   28.46     31.60    5.36    4.62     20.05   12.37   14.31     22.65    8.68    6.51     12.18   30.01   32.72   182.80   92.79   162.03  111.79 
 410  293.63   29.41     33.53    4.18    4.62     19.66   12.95   14.30     22.65    8.68    6.51     13.14   27.28   32.71   179.20   91.08   158.07  109.99 
 411  265.18   28.08     30.76    5.41    4.63     21.51   10.58   14.30     22.55    8.78    6.52     11.79   31.70   32.71   169.79   87.79   148.49  106.77 
 412  265.18   30.26     30.66    5.26    4.63     20.17   12.65   14.29     22.55    8.78    6.52     12.31   30.39   32.70   161.53   86.11   140.52  105.44 
 413  265.18   28.67     29.94    5.48    4.63     20.83   11.83   14.29     22.55    8.78    6.53     12.30   30.57   32.69   152.26   85.73   131.03  105.06 
 414  265.18   29.68     33.18    3.61    4.63     19.51   13.49   14.28     22.55    8.78    6.53     12.46   30.09   32.69   143.11   85.69   122.43  105.46 
 415  265.18   28.70     32.14    3.90    4.62     19.48   13.27   14.28     22.55    8.78    6.54     12.55   29.46   32.68   136.99   83.85   115.76  103.42 
 416  276.27   28.86     30.15    4.84    4.63     19.31   13.38   14.28     22.43    8.91    6.54     12.66   28.86   32.67   134.83   82.94   113.59  102.50 
 417  276.27   29.32     30.82    4.45    4.62     19.58   12.95   14.28     22.43    8.91    6.55     12.50   29.38   32.66   131.24   83.80   109.75  103.34 
 418  276.27   28.16     30.44    4.68    4.63     19.96   12.39   14.27     22.43    8.91    6.55     12.64   29.07   32.65   131.04   87.65   109.73  107.06 
 419  276.27   30.33     29.64    5.28    4.63     19.79   12.55   14.27     22.43    8.91    6.56     12.49   29.44   32.65   131.40   91.88   110.25  111.37 
 420  276.27   28.42     30.21    5.09    4.63     19.84   12.36   14.26     22.43    8.91    6.57     12.07   30.47   32.64   135.89   96.74   114.57  116.31 
 421  305.89   27.04     31.34    4.61    4.63     21.24   10.51   14.25     22.48    8.87    6.57     11.81   31.11   32.64   140.54   98.93   118.99  118.14 
 422  305.89   26.99     32.71    4.02    4.63     21.84    9.78   14.24     22.48    8.87    6.58     12.17   29.79   32.63   144.06  101.30   122.39  120.35 
 423  305.89   27.13     33.59    3.78    4.62     21.47   10.26   14.23     22.48    8.87    6.58     11.55   31.92   32.63   151.77  102.88   130.21  121.78 
 424  305.89   26.84     35.51    3.17    4.62     20.17   11.88   14.23     22.48    8.87    6.59     11.47   32.15   32.63   158.91  104.06   137.69  123.25 
 425  305.89   26.95     27.77    7.91    4.63     21.81    9.78   14.22     22.48    8.87    6.59     11.08   33.26   32.63   169.50  104.07   148.60  123.31 
 426  248.82   27.12     33.42    4.39    4.63     21.23   10.57   14.21     22.53    8.82    6.60     11.79   30.83   32.63   179.35  102.96   158.63  122.14 
 427  248.82   26.17     33.50    4.43    4.63     20.82   11.12   14.20     22.53    8.82    6.60     12.30   29.34   32.62   184.54  103.44   163.48  122.70 
 428  248.82   26.99     33.52    4.58    4.63     21.20   10.69   14.19     22.53    8.82    6.61     11.84   30.80   32.61   192.79  103.81   171.68  122.80 
 429  248.82   26.13     34.05    4.44    4.63     20.45   11.70   14.19     22.53    8.82    6.61     11.88   30.77   32.61   200.71  104.16   179.27  122.89 
 430  248.82   26.58     33.31    4.86    4.63     19.83   12.59   14.18     22.53    8.82    6.62     12.17   30.00   32.60   201.38  103.70   180.19  122.72 
 431  255.49   27.06     34.01    4.47    4.63     20.74   11.42   14.18     22.51    8.84    6.62     12.22   30.02   32.60   201.67  103.70   180.32  122.61 
 432  255.49   26.91     35.62    3.68    4.62     20.39   11.97   14.17     22.51    8.84    6.63     12.33   29.91   32.59   201.56  101.40   179.97  119.38 
 433  255.49   27.16     33.30    4.82    4.63     20.03   12.57   14.17     22.51    8.84    6.63     12.46   29.66   32.58   201.88   98.69   180.27  116.94 
 434  255.49   26.69     34.78    4.01    4.62     19.73   13.16   14.17     22.51    8.84    6.64     12.27   30.44   32.58   202.96   95.26   181.53  113.70 
 435  255.49   26.78     32.90    4.97    4.62     19.43   13.67   14.17     22.51    8.84    6.64     12.42   30.26   32.57   203.40   93.23   182.02  111.59 
 436  239.30   27.00     36.15    3.40    4.62     19.33   12.77   14.16     22.45    8.91    6.65     12.39   27.88   32.56   202.89   90.87   181.60  109.17 
 437  239.30   27.23     40.58    2.03    4.62     16.59   14.64   14.16     22.45    8.91    6.65     12.51   23.61   32.54   203.69   90.73   182.00  108.67 
 438  239.30   26.31     36.57    3.22    4.61     16.00   15.30   14.17     22.45    8.91    6.66     11.90   23.56   32.52   204.01   85.41   182.68  103.62 
 439  239.30   26.75     34.93    3.88    4.61     15.57   16.17   14.17     22.45    8.91    6.67     11.51   24.92   32.51   205.24   83.37   183.56  101.43 
 440  239.30   26.80     37.48    2.90    4.61     15.29   16.18   14.18     22.45    8.91    6.67     11.11   25.99   32.49   205.39   84.17   184.06  102.57 
 441  297.14   26.81     37.66    2.83    4.60     18.19   11.48   14.17     22.46    8.89    6.68     10.95   26.36   32.48   206.04   85.28   184.36  103.65 
 442  297.14   26.41     36.32    3.30    4.60     17.71   12.07   14.16     22.46    8.89    6.68     11.01   26.13   32.46   205.67   85.37   183.58  103.45 
 443  297.14   26.90     36.46    3.17    4.60     15.94   15.09   14.17     22.46    8.89    6.69     10.48   26.89   32.45   201.88   81.69   180.37  100.07 
 444  297.14   26.12     34.44    3.99    4.60     15.89   15.50   14.17     22.46    8.89    6.69     10.69   26.96   32.44   201.57   79.01   179.21   96.85 
 445  297.14   26.80     40.96    1.88    4.59     15.29   16.34   14.17     22.46    8.89    6.70     10.08   29.91   32.43   201.37   81.21   178.98   98.86 
 446  275.63   26.33     38.98    2.36    4.58     19.72    9.89   14.16     22.33    9.01    6.70     10.26   28.63   32.42   201.17   80.47   178.67   98.50 
 447  275.63   27.78     38.41    2.52    4.58     19.76    9.79   14.15     22.33    9.01    6.71     10.30   28.47   32.41   201.30   80.53   179.00   98.73 
 448  275.63   26.78     36.99    2.97    4.58     18.96   10.76   14.15     22.33    9.01    6.71     10.46   27.95   32.40   201.22   80.15   178.66   97.85 
 449  275.63   27.71     32.69    4.82    4.58     18.41   11.36   14.14     22.33    9.01    6.72     10.34   28.46   32.40   200.23   80.61   177.77   98.11 
 450  275.63   26.45     33.10    4.61    4.58     18.33   12.19   14.14     22.33    9.01    6.72     11.48   26.21   32.38   199.92   79.15   177.63   96.62 
 451  237.46   27.65     36.66    3.04    4.57     19.57   11.16   14.13     22.35    8.96    6.73     11.92   26.04   32.37   199.33   77.94   176.69   95.62 
 452  237.46   26.78     37.52    2.76    4.57     17.35   15.73   14.13     22.35    8.96    6.73     12.14   28.39   32.36   199.76   78.87   177.85   96.74 
 453  237.46   26.70     34.82    3.77    4.57     17.19   17.27   14.14     22.35    8.96    6.74     12.58   28.58   32.35   200.33   77.46   178.56   95.72 
 454  237.46   26.83     35.38    3.53    4.57     17.21   17.85   14.15     22.35    8.96    6.74     12.38   30.46   32.35   199.41   77.83   177.69   95.67 
 455  237.46   26.73     34.95    3.71    4.56     17.46   17.62   14.16     22.35    8.96    6.75     12.30   31.26   32.34   199.45   77.77   177.60   95.88 
 456  243.76   27.18     35.12    3.64    4.56     23.17    9.19   14.15     22.24    9.09    6.75     12.61   30.32   32.34   199.53   77.64   178.03   95.59 
 457  243.76   27.26     35.86    3.33    4.56     22.49    9.91   14.14     22.24    9.09    6.76     12.56   30.53   32.34   199.76   78.07   178.31   95.92 
 458  243.76   26.97     33.35    4.46    4.56     17.10   15.50   14.14     22.24    9.09    6.76     12.08   26.96   32.32   199.94   77.77   178.25   95.53 
 459  243.76   27.38     32.98    4.67    4.56     19.13   11.13   14.13     22.24    9.09    6.77     11.34   26.58   32.31   200.37   77.61   178.79   95.09 
 460  243.76   26.73     36.46    3.11    4.56     18.37   11.73   14.13     22.24    9.09    6.77     11.04   26.72   32.30   198.96   77.08   177.29   95.39 
 461  324.14   27.27     32.96    4.69    4.56     19.49   10.12   14.12     22.40    8.92    6.78     10.61   27.80   32.29   201.10   78.03   179.55   95.78 
 462  324.14   27.87     38.37    2.51    4.55     21.40    8.15   14.11     22.40    8.92    6.78     10.61   27.77   32.28   200.78   78.20   178.37   95.60 
 463  324.14   27.22     35.92    3.34    4.55     19.30   10.26   14.10     22.40    8.92    6.78     10.45   28.27   32.27   201.24   78.73   178.83   96.41 
 464  324.14   27.07     37.10    2.91    4.55     21.82    7.75   14.08     22.40    8.92    6.79     10.33   28.42   32.26   200.24   78.13   178.06   95.99 
 465  324.14   26.91     36.12    3.24    4.54     20.30    9.29   14.07     22.40    8.92    6.79     10.46   27.96   32.25   200.75   77.57   178.36   95.22 
 466  326.35   26.40     38.62    2.44    4.54     21.73    7.79   14.06     22.36    8.94    6.80     10.47   28.13   32.24   200.33   78.28   177.85   96.20 
 467  326.35   25.99     37.71    2.71    4.53     19.96    9.51   14.05     22.36    8.94    6.80     10.36   28.18   32.24   200.34   78.61   177.52   96.00 
 468  326.35   25.97     36.54    3.09    4.53     21.18    8.38   14.04     22.36    8.94    6.81     10.42   28.05   32.23   200.77   77.34   178.34   95.44 
 469  326.35   26.70     31.96    5.25    4.53     22.22    7.48   14.02     22.36    8.94    6.81     10.60   27.94   32.22   199.75   77.73   177.36   95.33 
 470  326.35   26.42     37.88    2.64    4.53     21.49    8.78   14.01     22.36    8.94    6.82     11.54   26.93   32.21   199.85   77.57   177.37   95.29 
 471  254.83   27.06     35.31    3.56    4.53     20.80   10.39   14.01     22.25    9.04    6.82     12.04   28.16   32.20   200.01   78.14   178.24   95.99 
 472  254.83   26.61     35.43    3.51    4.52     20.76   11.31   14.00     22.25    9.04    6.83     12.72   27.85   32.19   200.82   77.26   178.78   95.20 
 473  254.83   26.63     34.87    3.74    4.52     21.14   11.24   13.99     22.25    9.04    6.83     12.58   29.60   32.18   200.10   78.16   178.11   95.76 
 474  254.83   26.54     37.22    2.87    4.52     22.42    9.87   13.99     22.25    9.04    6.84     12.71   29.49   32.18   200.22   77.15   178.12   95.02 
 475  254.83   26.51     33.30    4.48    4.52     22.40   10.05   13.98     22.25    9.04    6.84     12.75   29.83   32.17   199.58   77.01   177.59   95.17 
 476  283.88   27.38     34.72    3.81    4.52     23.33    9.06   13.97     21.96    9.36    6.85     12.64   30.49   32.17   200.20   77.45   178.39   95.65 
