   6    2.08   11.77     44.28    1.00    0.83     20.60   12.05   13.99     52.94    0.28   46.12      7.61   55.90   55.39    98.63  136.04    80.58  136.30 
   7    2.08   11.53     52.15    0.41    0.77     17.22   17.38   14.48     52.94    0.28   39.57      7.53   55.26   55.37    99.16  136.55    81.28  136.94 
   8    2.08   12.28     42.11    1.29    0.84     17.67   16.38   14.71     52.94    0.28   34.66      7.47   56.41   55.50   100.50  136.22    82.54  136.53 
   9    2.08   12.39     46.03    0.82    0.83     16.45   18.98   15.19     52.94    0.28   30.84      7.66   54.23   55.36   100.76  135.91    82.71  136.25 
  10    2.08   11.92     48.27    0.64    0.81     15.13   21.76   15.85     52.94    0.28   27.78      7.47   55.11   55.33   102.14  135.03    84.14  135.76 
  11    2.60   13.95     41.06    1.47    0.87     21.42   10.57   15.37     52.93    0.29   25.28      7.63   52.73   55.10   102.08  135.42    84.10  136.05 
  12    2.60   13.60     41.38    1.41    0.92     18.04   15.47   15.37     52.93    0.29   23.20      7.57   53.33   54.95   102.06  135.58    83.87  136.27 
  13    2.60   13.63     37.08    2.32    1.03     18.93   14.03   15.27     52.93    0.29   21.44      7.67   54.91   54.95   103.53  134.65    85.19  135.60 
  14    2.60   13.89     43.50    1.10    1.03     18.13   15.16   15.26     52.93    0.29   19.93      7.64   54.05   54.88   104.25  134.24    86.16  135.28 
  15    2.60   13.88     43.13    1.15    1.04     16.29   18.97   15.51     52.93    0.29   18.62      7.64   53.90   54.82   104.66  134.10    86.32  134.77 
  16    2.23   11.92     55.38    0.28    0.99     18.23   15.25   15.49     52.84    0.29   17.47      7.89   51.58   54.61   104.92  133.76    86.65  134.27 
  17    2.23   11.48     43.46    1.11    1.00     18.98   13.87   15.40     52.84    0.29   16.46      7.78   54.03   54.58   106.13  133.44    88.18  133.97 
  18    2.23   12.01     41.46    1.40    1.02     17.79   15.67   15.41     52.84    0.29   15.56      7.75   51.86   54.43   106.65  133.29    88.46  133.73 
  19    2.23   11.87     37.84    2.12    1.08     16.27   18.97   15.60     52.84    0.29   14.76      7.75   53.02   54.35   107.34  133.58    89.31  133.99 
  20    2.23   13.75     39.44    1.76    1.11     17.23   16.83   15.66     52.84    0.29   14.03      7.80   52.45   54.26   107.84  133.16    89.66  133.45 
  21    3.36   14.99     40.05    1.64    1.14     21.34   10.57   15.42     52.81    0.29   13.38      8.11   49.95   54.05   108.09  133.27    89.93  133.44 
  22    3.36   14.59     38.75    1.91    1.17     19.48   12.71   15.30     52.81    0.29   12.78      7.84   50.66   53.90   109.15  133.24    90.96  133.05 
  23    3.36   14.53     36.66    2.43    1.23     19.85   12.16   15.16     52.81    0.29   12.24      8.01   49.33   53.70   109.49  133.14    91.34  133.39 
  24    3.36   13.31     38.36    2.00    1.26     18.55   14.02   15.11     52.81    0.29   11.74      7.60   50.21   53.56   109.68  133.56    91.47  133.73 
  25    3.36   12.76     38.05    2.09    1.29     16.97   16.68   15.18     52.81    0.29   11.28      7.84   49.09   53.38   110.26  133.32    92.64  133.45 
  26    3.24   12.92     37.46    2.24    1.33     19.20   12.92   15.09     33.84    2.52   10.95      7.57   50.25   53.26   110.59  133.26    92.94  133.48 
  27    3.24   13.64     36.49    2.51    1.37     17.52   15.54   15.11     33.84    2.52   10.64      7.56   50.99   53.17   111.27  133.70    93.70  133.49 
  28    3.24   12.78     36.94    2.40    1.41     17.09   16.00   15.14     33.84    2.52   10.35      7.35   50.97   53.09   111.79  134.22    93.97  134.19 
  29    3.24   13.37     34.80    3.06    1.47     17.51   15.26   15.14     33.84    2.52   10.08      7.33   50.73   53.01   111.94  134.19    94.37  134.05 
  30    3.24   14.73     49.41    0.57    1.44     16.25   17.58   15.22     33.84    2.52    9.82      7.10   52.24   52.99   112.17  134.34    94.49  134.28 
  31    4.74   15.46     47.18    0.74    1.41     18.66   13.37   15.16     34.82    2.22    9.58      7.22   50.82   52.92   112.10  134.43    94.34  134.16 
  32    4.74   15.28     40.94    1.51    1.42     17.95   14.05   15.13     34.82    2.22    9.35      7.21   50.91   52.85   113.20  133.72    95.61  134.03 
  33    4.74   15.05     42.01    1.34    1.41     18.26   13.65   15.08     34.82    2.22    9.13      7.12   51.37   52.81   113.25  133.95    95.41  134.07 
  34    4.74   13.16     41.91    1.36    1.41     16.76   15.86   15.11     34.82    2.22    8.93      6.98   51.11   52.76   113.65  134.35    95.95  134.40 
  35    4.74   13.90     43.12    1.19    1.41     17.01   15.21   15.11     34.82    2.22    8.74      7.03   50.06   52.68   114.13  133.95    96.54  133.89 
  36    7.40   13.32     39.01    1.90    1.42     19.04   11.88   15.02     23.38    8.19    8.72      6.92   50.08   52.61   114.23  134.36    96.57  134.53 
  37    7.40   15.51     36.74    2.47    1.45     19.17   11.59   14.93     23.38    8.19    8.71      6.99   50.27   52.55   114.92  134.00    97.18  134.07 
  38    7.40   15.60     38.17    2.10    1.47     18.08   13.05   14.88     23.38    8.19    8.69      6.70   50.87   52.50   115.07  134.29    97.23  134.31 
  39    7.40   15.64     35.23    2.95    1.50     17.36   14.09   14.86     23.38    8.19    8.68      6.80   50.29   52.45   115.84  134.37    97.99  134.29 
  40    7.40   15.71     37.55    2.28    1.52     16.48   15.54   14.87     23.38    8.19    8.67      6.70   50.65   52.40   115.82  135.14    97.91  135.33 
  41   11.58   13.43     37.69    2.24    1.54     18.27   12.51   14.82     28.73    4.36    8.56      6.92   48.72   52.31   116.43  135.57    98.33  135.58 
  42   11.58   14.11     37.13    2.40    1.56     17.49   13.53   14.79     28.73    4.36    8.46      6.81   48.71   52.23   116.57  136.25    98.54  136.14 
  43   11.58   14.65     37.49    2.30    1.58     16.95   14.63   14.78     28.73    4.36    8.37      6.79   49.67   52.17   116.95  136.27    98.61  136.35 
  44   11.58   15.71     37.80    2.23    1.59     16.68   14.95   14.79     28.73    4.36    8.28      6.84   48.49   52.08   117.05  136.99    99.08  136.89 
  45   11.58   15.57     35.03    3.07    1.63     16.13   16.17   14.82     28.73    4.36    8.19      7.01   48.86   52.01   117.53  137.65    99.45  137.74 
  46   48.45   13.63     37.02    2.45    1.64     18.49   11.98   14.76     21.49    9.88    8.23      6.66   48.76   51.94   117.86  138.14    99.79  138.18 
  47   48.45   14.10     38.87    1.99    1.65     17.30   14.02   14.74     21.49    9.88    8.26      6.83   48.55   51.87   117.72  137.93    99.53  137.97 
  48   48.45   15.46     37.13    2.44    1.67     17.07   14.23   14.73     21.49    9.88    8.30      6.65   48.93   51.81   118.26  138.78   100.68  138.49 
  49   48.45   15.38     40.64    1.64    1.67     18.26   12.41   14.68     21.49    9.88    8.33      6.68   49.45   51.76   118.58  138.91   100.41  138.84 
  50   48.45   15.21     37.95    2.23    1.68     17.07   14.28   14.67     21.49    9.88    8.36      6.63   49.04   51.70   118.94  138.78   100.88  138.69 
  51   14.45   14.75     38.38    2.13    1.69     19.91   10.57   14.59     32.99    2.60    8.25      6.95   48.53   51.64   119.03  138.72   101.19  138.60 
  52   14.45   14.68     37.77    2.27    1.70     17.99   13.08   14.56     32.99    2.60    8.14      6.76   48.72   51.59   119.16  139.07   101.10  138.59 
  53   14.45   14.31     35.48    2.95    1.72     17.68   13.65   14.55     32.99    2.60    8.03      6.99   48.43   51.53   119.35  138.73   101.27  138.34 
  54   14.45   15.13     37.41    2.37    1.73     17.19   14.52   14.55     32.99    2.60    7.93      6.90   48.65   51.47   119.47  138.26   101.17  137.74 
  55   14.45   16.12     35.42    2.98    1.76     17.19   14.55   14.55     32.99    2.60    7.83      6.99   48.60   51.42   120.34  138.79   102.47  138.02 
  56   55.19   14.04     34.00    3.51    1.79     18.90   11.98   14.50     21.87    9.26    7.86      6.72   49.91   51.39   120.66  138.58   103.04  137.95 
  57   55.19   15.30     35.23    3.05    1.81     16.86   15.11   14.51     21.87    9.26    7.88      6.57   50.56   51.38   121.21  138.45   103.27  137.91 
  58   55.19   14.97     38.26    2.17    1.82     17.39   14.54   14.51     21.87    9.26    7.91      6.90   49.44   51.35   120.65  137.33   102.68  136.68 
  59   55.19   15.91     36.36    2.70    1.83     17.81   13.77   14.50     21.87    9.26    7.93      6.97   50.37   51.33   121.64  137.88   103.71  137.20 
  60   55.19   15.92     35.48    2.97    1.85     16.24   16.87   14.54     21.87    9.26    7.95      7.02   51.13   51.33   122.12  137.87   104.11  137.25 
  61   85.00   16.23     37.66    2.32    1.86     22.62    8.09   14.43     27.97    4.56    7.90      7.09   49.73   51.30   122.00  138.06   104.00  137.51 
  62   85.00   17.22     37.03    2.48    1.87     19.13   12.09   14.40     27.97    4.56    7.84      7.26   49.21   51.27   122.05  137.72   104.21  137.20 
  63   85.00   17.09     36.79    2.56    1.88     18.94   12.37   14.36     27.97    4.56    7.79      7.23   49.40   51.24   122.56  137.20   104.47  136.88 
  64   85.00   16.85     40.57    1.66    1.88     16.48   16.98   14.40     27.97    4.56    7.74      7.41   49.61   51.21   121.65  136.31   103.66  136.14 
  65   85.00   15.04     37.94    2.25    1.88     17.80   14.18   14.40     27.97    4.56    7.69      7.32   51.25   51.21   123.22  137.27   105.15  136.89 
  66   47.58   16.45     41.14    1.55    1.88     19.04   12.73   14.38     25.89    5.78    7.66      7.12   50.82   51.21   121.91  136.11   103.84  135.79 
  67   47.58   16.79     37.50    2.36    1.88     18.55   13.11   14.36     25.89    5.78    7.64      7.40   51.40   51.21   123.50  136.78   105.20  136.56 
  68   47.58   16.52     37.01    2.50    1.89     17.68   14.56   14.36     25.89    5.78    7.61      7.30   50.59   51.20   123.38  136.87   104.90  136.67 
  69   47.58   16.83     36.57    2.63    1.90     18.37   13.71   14.35     25.89    5.78    7.58      7.42   51.13   51.20   124.16  136.94   105.84  136.64 
  70   47.58   14.41     37.76    2.30    1.91     17.35   15.56   14.37     25.89    5.78    7.56      7.38   50.65   51.19   124.17  137.08   106.18  136.73 
  71   88.50   16.92     37.60    2.35    1.92     17.01   17.17   14.41     23.03    8.03    7.56      7.53   51.49   51.19   122.75  135.79   104.68  135.27 
  72   88.50   16.49     38.25    2.17    1.92     17.13   16.54   14.44     23.03    8.03    7.57      7.59   53.09   51.22   124.02  137.09   105.93  136.44 
  73   88.50   15.50     37.33    2.41    1.93     18.71   13.82   14.43     23.03    8.03    7.58      7.53   52.10   51.23   124.76  137.03   106.55  136.38 
  74   88.50   14.67     37.88    2.27    1.93     17.38   15.97   14.45     23.03    8.03    7.58      7.49   52.15   51.25   124.68  137.19   106.82  136.55 
  75   88.50   15.68     38.74    2.06    1.93     16.44   18.32   14.50     23.03    8.03    7.59      7.59   52.35   51.26   124.11  136.03   106.21  135.57 
  76  674.56   16.79     38.08    2.22    1.94     17.33   16.34   14.52     17.03   16.08    7.70      7.32   54.29   51.30   123.82  135.78   105.92  135.20 
  77  674.56   16.78     35.04    3.15    1.95     17.75   15.45   14.54     17.03   16.08    7.81      7.25   54.13   51.34   125.09  136.92   107.40  136.07 
  78  674.56   16.59     35.37    3.04    1.97     18.08   14.65   14.54     17.03   16.08    7.91      7.24   53.89   51.37   125.43  136.99   107.53  136.51 
  79  674.56   15.14     36.60    2.65    1.97     16.90   16.97   14.57     17.03   16.08    8.02      7.21   53.95   51.40   125.37  136.73   107.38  135.98 
  80  674.56   14.67     39.31    1.93    1.97     16.73   17.30   14.60     17.03   16.08    8.12      7.20   53.81   51.43   125.30  136.97   107.47  136.03 
  81   69.73   18.41     35.22    3.10    1.99     19.89   11.97   14.57     33.23    2.50    8.05      7.70   50.94   51.43   125.86  136.62   107.84  135.76 
  82   69.73   15.44     36.28    2.73    2.00     20.45   11.22   14.53     33.23    2.50    7.98      7.70   50.78   51.42   125.53  137.02   107.41  135.94 
  83   69.73   16.12     37.89    2.28    2.00     19.77   12.04   14.50     33.23    2.50    7.91      7.77   50.56   51.41   125.88  136.79   107.69  135.88 
  84   69.73   16.89     37.09    2.49    2.01     19.11   13.00   14.48     33.23    2.50    7.85      7.73   50.10   51.39   126.07  136.43   107.86  135.95 
  85   69.73   17.06     38.53    2.12    2.01     18.44   14.15   14.48     33.23    2.50    7.79      7.51   51.25   51.39   126.17  136.71   107.74  136.21 
  86  236.33   17.05     36.54    2.66    2.02     18.14   14.74   14.48     19.81   11.72    7.83      7.43   52.54   51.40   126.71  136.79   108.27  136.32 
  87  236.33   13.79     36.57    2.67    2.02     16.16   19.08   14.53     19.81   11.72    7.88      7.49   52.45   51.42   126.08  136.38   107.73  135.79 
  88  236.33   15.04     39.77    1.83    2.02     17.35   16.49   14.56     19.81   11.72    7.92      7.55   52.09   51.42   126.09  136.62   107.72  136.00 
  89  236.33   17.34     38.61    2.10    2.02     17.04   17.34   14.59     19.81   11.72    7.96      7.54   53.07   51.44   126.42  136.67   107.94  135.87 
  90  236.33   17.46     38.02    2.26    2.02     16.60   17.88   14.62     19.81   11.72    8.01      7.47   53.50   51.47   126.73  136.65   107.91  135.95 
  91  881.10   15.76     37.91    2.29    2.03     16.59   18.24   14.66     18.02   14.46    8.08      7.47   53.00   51.48   126.30  136.46   108.15  135.51 
  92  881.10   16.16     36.46    2.69    2.03     16.70   17.66   14.70     18.02   14.46    8.15      7.48   52.45   51.49   126.68  136.63   108.16  135.64 
  93  881.10   16.19     37.55    2.38    2.04     16.57   18.25   14.73     18.02   14.46    8.21      7.34   53.23   51.51   126.37  136.41   107.70  135.05 
  94  881.10   16.71     40.45    1.70    2.03     17.05   17.09   14.76     18.02   14.46    8.28      7.47   52.63   51.52   125.95  136.69   107.78  135.53 
  95  881.10   16.32     36.92    2.56    2.04     16.05   19.05   14.80     18.02   14.46    8.35      7.48   52.63   51.53   126.90  136.75   108.75  135.78 
  96  114.05   17.65     35.94    2.86    2.05     19.99   12.05   14.78     26.91    5.21    8.31      7.64   50.93   51.53   127.16  136.63   108.80  135.70 
  97  114.05   18.62     45.33    0.97    2.04     19.83   12.57   14.75     26.91    5.21    8.28      7.66   51.24   51.53   125.85  136.25   107.69  135.40 
  98  114.05   18.61     38.03    2.26    2.04     19.56   12.55   14.73     26.91    5.21    8.25      7.84   50.34   51.51   127.12  136.72   109.21  136.10 
  99  114.05   18.44     39.34    1.93    2.04     18.72   13.92   14.72     26.91    5.21    8.22      7.64   50.69   51.50   127.40  136.73   109.37  136.26 
 100  114.05   17.07     38.75    2.07    2.04     18.38   14.57   14.72     26.91    5.21    8.19      7.73   51.05   51.50   127.60  136.22   109.48  135.26 
 101  505.00   17.63     39.62    1.88    2.04     18.27   14.67   14.72     20.67   10.71    8.21      7.48   52.23   51.51   127.82  136.56   109.49  135.70 
 102  505.00   17.97     49.32    0.61    2.02     17.76   15.84   14.73     20.67   10.71    8.24      7.49   52.24   51.51   126.91  135.89   108.64  135.20 
 103  505.00   18.01     39.77    1.85    2.02     17.75   15.85   14.74     20.67   10.71    8.26      7.41   53.34   51.53   127.52  136.56   109.27  136.05 
 104  505.00   17.81     42.29    1.39    2.02     17.88   15.37   14.75     20.67   10.71    8.29      7.48   51.68   51.53   127.72  136.25   109.43  135.75 
 105  505.00   15.42     44.27    1.10    2.01     17.18   16.75   14.77     20.67   10.71    8.31      7.51   52.19   51.54   127.66  136.66   109.32  136.05 
 106 6330.26   12.67     42.53    1.35    2.00     17.03   16.83   14.79     15.24   20.08    8.42      7.06   54.13   51.56   128.04  136.57   109.64  136.04 
 107 6330.26   12.22     40.98    1.61    2.00     16.16   18.83   14.82     15.24   20.08    8.53      7.12   54.41   51.59   128.23  136.26   109.99  135.78 
 108 6330.26   12.23     45.30    0.98    1.99     16.07   18.87   14.86     15.24   20.08    8.64      7.07   54.27   51.62   127.81  136.81   109.79  136.38 
 109 6330.26   12.32     41.68    1.49    1.98     17.13   16.81   14.88     15.24   20.08    8.74      7.08   54.38   51.64   128.25  136.27   110.05  135.88 
 110 6330.26   12.24     42.56    1.34    1.98     15.78   19.73   14.92     15.24   20.08    8.84      7.00   54.14   51.66   127.34  136.17   109.30  135.77 
 111  238.43   14.29     38.77    2.07    1.98     18.70   14.01   14.92     22.54    8.68    8.84      7.68   51.22   51.66   128.81  136.36   110.58  135.91 
 112  238.43   14.18     39.49    1.91    1.98     20.13   11.79   14.89     22.54    8.68    8.84      7.50   51.07   51.65   128.60  136.31   110.31  135.83 
 113  238.43   14.19     39.01    2.02    1.98     19.09   13.68   14.88     22.54    8.68    8.84      7.65   51.76   51.66   128.62  136.32   110.77  136.13 
 114  238.43   14.17     38.37    2.16    1.98     19.56   12.85   14.86     22.54    8.68    8.84      7.65   50.91   51.65   128.23  135.93   110.61  135.79 
 115  238.43   14.25     39.81    1.83    1.98     20.26   11.65   14.83     22.54    8.68    8.84      7.71   50.73   51.64   128.61  136.12   110.02  136.04 
 116  660.00   13.91     43.25    1.24    1.97     17.47   16.11   14.84     19.22   12.74    8.87      7.58   50.90   51.63   128.24  136.18   109.66  135.99 
 117  660.00   14.02     40.18    1.77    1.97     17.03   16.95   14.86     19.22   12.74    8.90      7.73   49.94   51.62   128.77  136.19   110.15  135.97 
 118  660.00   13.93     48.70    0.66    1.96     17.41   15.97   14.87     19.22   12.74    8.94      7.52   50.15   51.61   128.71  136.10   110.12  135.72 
 119  660.00   13.91     39.31    1.95    1.96     16.85   17.14   14.89     19.22   12.74    8.97      7.54   50.16   51.60   128.47  135.00   110.17  134.73 
 120  660.00   13.91     38.44    2.16    1.96     17.48   15.79   14.90     19.22   12.74    9.00      7.42   51.36   51.59   128.99  135.12   110.96  135.03 
 121 1219.68   14.00     36.52    2.69    1.97     18.74   13.67   14.89     16.34   17.76    9.07      7.04   52.19   51.60   128.61  135.08   110.87  134.77 
 122 1219.68   13.26     38.11    2.22    1.97     17.61   15.67   14.89     16.34   17.76    9.14      7.01   53.32   51.61   128.62  134.91   111.04  134.38 
 123 1219.68   13.31     39.95    1.80    1.97     18.54   14.19   14.89     16.34   17.76    9.21      7.01   53.76   51.63   128.58  134.91   111.20  134.45 
 124 1219.68   13.34     39.85    1.82    1.97     15.99   18.95   14.92     16.34   17.76    9.28      7.13   52.60   51.64   127.94  134.46   110.59  133.86 
 125 1219.68   13.18     38.88    2.04    1.97     15.69   19.73   14.96     16.34   17.76    9.35      7.05   53.89   51.66   128.11  134.46   110.79  134.20 
 126  119.32   14.11     38.74    2.07    1.97     18.53   14.06   14.95     20.10   11.53    9.37      7.64   50.33   51.65   128.20  134.59   110.39  134.46 
 127  119.32   13.89     35.95    2.85    1.97     18.82   13.63   14.94     20.10   11.53    9.38      7.71   49.75   51.63   128.76  134.45   110.91  134.34 
 128  119.32   13.95     37.19    2.48    1.98     18.59   14.11   14.93     20.10   11.53    9.40      7.74   49.68   51.62   128.49  134.59   110.48  134.55 
 129  119.32   13.82     38.99    2.02    1.98     18.15   14.90   14.93     20.10   11.53    9.42      7.68   50.32   51.61   128.89  134.38   110.80  134.31 
 130  119.32   13.92     37.13    2.50    1.98     17.58   15.78   14.94     20.10   11.53    9.43      7.79   49.35   51.59   128.87  134.58   110.87  134.26 
 131   86.78   14.29     37.97    2.26    1.98     19.25   13.02   14.93     23.05    8.23    9.42      7.54   50.58   51.58   129.18  134.98   111.28  134.55 
 132   86.78   14.28     37.96    2.27    1.99     18.64   13.93   14.92     23.05    8.23    9.42      7.74   49.44   51.56   129.28  135.16   111.12  134.60 
 133   86.78   14.18     38.69    2.09    1.99     19.09   13.22   14.91     23.05    8.23    9.41      7.68   49.39   51.55   129.08  135.15   110.85  134.78 
 134   86.78   14.23     38.38    2.18    1.99     17.01   17.01   14.92     23.05    8.23    9.40      7.78   49.17   51.53   129.07  134.78   110.87  134.60 
 135   86.78   14.20     41.09    1.59    1.99     18.35   14.74   14.92     23.05    8.23    9.39      7.83   49.76   51.52   128.98  135.17   110.80  135.29 
 136   82.84   14.36     41.84    1.46    1.98     18.93   13.73   14.91     23.01    8.26    9.38      7.90   48.97   51.50   128.63  135.41   110.42  135.62 
 137   82.84   14.26     43.88    1.16    1.98     19.90   12.40   14.89     23.01    8.26    9.37      8.04   48.63   51.48   129.28  135.28   110.96  135.65 
 138   82.84   14.55     41.55    1.51    1.97     18.57   14.11   14.89     23.01    8.26    9.36      7.97   47.73   51.45   129.16  134.87   110.84  134.97 
 139   82.84   14.28     40.57    1.69    1.97     18.58   14.39   14.88     23.01    8.26    9.36      7.90   49.34   51.43   129.11  134.73   110.89  134.85 
 140   82.84   14.19     41.76    1.48    1.97     19.48   12.65   14.87     23.01    8.26    9.35      7.80   48.93   51.42   129.17  134.90   111.01  134.71 
 141   72.43   14.55     38.53    2.14    1.97     19.95   12.16   14.85     25.17    6.45    9.33      7.94   48.98   51.40   129.17  134.61   111.24  134.50 
 142   72.43   14.60     40.31    1.74    1.97     18.95   13.28   14.84     25.17    6.45    9.31      7.72   48.74   51.38   128.75  134.38   110.95  134.26 
 143   72.43   14.62     41.60    1.50    1.96     19.11   13.23   14.83     25.17    6.45    9.29      7.77   49.24   51.37   128.90  134.55   111.29  134.35 
 144   72.43   14.74     43.79    1.17    1.96     17.64   15.39   14.83     25.17    6.45    9.27      7.71   48.58   51.35   128.80  134.83   111.31  134.37 
 145   72.43   14.62     39.85    1.83    1.96     19.05   13.21   14.82     25.17    6.45    9.25      7.75   48.93   51.33   128.86  134.06   110.98  133.72 
 146   66.77   14.17     42.50    1.35    1.95     19.58   12.21   14.80     26.41    5.60    9.22      7.67   48.61   51.31   128.89  134.11   110.80  133.91 
 147   66.77   14.19     40.00    1.80    1.95     19.09   13.13   14.79     26.41    5.60    9.20      7.64   49.60   51.30   129.07  134.71   110.92  134.43 
 148   66.77   14.06     38.59    2.12    1.95     17.54   15.31   14.79     26.41    5.60    9.18      7.67   48.65   51.28   129.43  133.98   111.03  133.83 
 149   66.77   14.38     41.98    1.43    1.95     20.07   11.82   14.77     26.41    5.60    9.15      7.75   48.74   51.26   128.87  134.30   110.56  134.17 
 150   66.77   13.93     43.48    1.20    1.94     18.60   13.87   14.77     26.41    5.60    9.13      7.94   47.49   51.24   128.45  134.54   110.01  134.06 
 151   91.49   14.73     42.50    1.35    1.94     21.26   10.24   14.74     28.91    4.20    9.09      7.92   48.24   51.22   129.06  133.98   110.83  133.72 
 152   91.49   14.64     42.77    1.31    1.94     21.23   10.24   14.71     28.91    4.20    9.06      7.82   48.62   51.20   129.22  133.89   110.88  133.77 
 153   91.49   14.74     46.14    0.88    1.93     21.79    9.70   14.67     28.91    4.20    9.03      7.64   49.12   51.19   128.40  134.68   110.00  134.39 
 154   91.49   14.72     43.25    1.24    1.93     21.89    9.61   14.64     28.91    4.20    9.00      7.89   48.25   51.17   128.41  134.63   110.06  134.23 
 155   91.49   14.81     45.76    0.93    1.92     22.11    9.24   14.61     28.91    4.20    8.97      7.68   48.72   51.15   128.54  134.55   110.19  134.18 
 156   73.77   14.68     38.54    2.12    1.92     20.89   10.55   14.58     27.75    4.80    8.94      7.97   47.18   51.13   128.83  134.44   110.57  134.30 
 157   73.77   14.55     37.17    2.49    1.92     19.78   12.01   14.56     27.75    4.80    8.92      7.57   49.45   51.12   129.16  134.44   110.85  134.24 
 158   73.77   14.62     47.10    0.79    1.92     20.37   11.23   14.54     27.75    4.80    8.89      7.67   48.32   51.10   128.32  134.80   110.12  134.55 
 159   73.77   14.59     39.72    1.86    1.92     19.81   11.83   14.53     27.75    4.80    8.86      7.67   48.50   51.08   129.28  134.41   110.93  134.29 
 160   73.77   14.61     36.98    2.55    1.92     18.74   13.21   14.52     27.75    4.80    8.84      7.66   48.48   51.07   129.42  134.34   110.97  133.83 
 161   77.28   15.05     39.38    1.93    1.92     20.17   11.38   14.50     28.16    4.58    8.81      7.65   48.71   51.05   128.90  135.11   110.77  134.78 
 162   77.28   14.47     40.67    1.67    1.92     19.56   11.94   14.48     28.16    4.58    8.79      7.56   48.12   51.03   129.00  135.21   110.58  134.76 
 163   77.28   14.47     40.86    1.63    1.92     21.11    9.99   14.46     28.16    4.58    8.76      7.68   47.76   51.01   129.40  134.47   111.04  134.38 
 164   77.28   14.45     39.09    2.00    1.92     19.27   12.09   14.44     28.16    4.58    8.73      7.52   47.81   51.00   129.56  134.66   111.28  134.45 
 165   77.28   14.54     40.56    1.70    1.92     19.00   12.77   14.43     28.16    4.58    8.71      7.68   47.75   50.98   129.08  135.46   110.78  135.34 
 166   78.60   14.24     42.92    1.29    1.91     19.47   11.72   14.41     26.75    5.38    8.69      7.43   47.96   50.96   129.56  134.73   111.17  134.79 
 167   78.60   14.18     37.86    2.30    1.91     19.35   11.87   14.40     26.75    5.38    8.67      7.37   48.30   50.94   129.82  135.05   111.52  134.63 
 168   78.60   14.08     36.95    2.57    1.92     20.63   10.15   14.37     26.75    5.38    8.65      7.23   48.61   50.93   129.84  134.62   111.67  134.66 
 169   78.60   14.34     36.92    2.57    1.92     18.79   12.56   14.36     26.75    5.38    8.63      7.28   47.95   50.91   129.79  135.54   111.45  135.69 
 170   78.60   14.17     38.12    2.24    1.92     18.64   12.64   14.35     26.75    5.38    8.61      7.23   47.66   50.89   129.68  134.89   111.20  135.03 
 171   68.44   14.84     39.71    1.87    1.92     20.03   10.81   14.33     26.79    5.35    8.59      7.29   47.98   50.87   130.12  134.71   111.84  134.92 
 172   68.44   14.70     40.98    1.62    1.92     19.19   11.60   14.32     26.79    5.35    8.57      7.14   47.39   50.85   130.34  135.12   111.65  134.89 
 173   68.44   14.56     39.79    1.86    1.92     19.97   10.81   14.30     26.79    5.35    8.56      7.18   47.24   50.83   130.32  134.64   111.72  134.91 
 174   68.44   14.80     37.93    2.29    1.92     18.35   12.72   14.29     26.79    5.35    8.54      7.03   47.35   50.81   130.41  134.36   111.97  134.64 
 175   68.44   14.66     35.84    2.92    1.93     17.89   13.38   14.28     26.79    5.35    8.52      7.04   47.68   50.79   130.73  134.19   112.24  134.52 
 176   80.83   14.96     44.04    1.13    1.93     18.30   12.92   14.27     27.71    4.80    8.50      7.23   46.34   50.77   129.80  134.91   111.10  134.91 
 177   80.83   14.88     37.03    2.55    1.93     21.15    9.13   14.25     27.71    4.80    8.48      7.32   45.83   50.74   130.57  133.84   112.01  134.02 
 178   80.83   14.94     37.65    2.36    1.93     19.80   10.65   14.23     27.71    4.80    8.46      7.23   46.55   50.72   131.03  134.09   112.46  134.34 
 179   80.83   14.86     37.38    2.44    1.93     18.84   11.88   14.21     27.71    4.80    8.44      7.17   45.92   50.69   130.59  133.99   112.09  133.82 
 180   80.83   14.85     37.00    2.55    1.94     19.40   11.11   14.19     27.71    4.80    8.42      7.15   46.62   50.67   131.23  134.06   112.32  134.31 
 181   70.83   14.92     37.97    2.28    1.94     19.45   10.94   14.18     26.42    5.55    8.40      6.92   47.00   50.65   131.55  134.36   112.85  134.62 
 182   70.83   14.95     37.31    2.47    1.94     18.98   11.48   14.16     26.42    5.55    8.38      7.07   46.19   50.62   131.71  133.82   113.06  134.30 
 183   70.83   14.98     38.75    2.10    1.94     19.16   11.34   14.15     26.42    5.55    8.37      6.93   47.34   50.61   131.39  134.34   113.04  134.33 
 184   70.83   14.97     38.31    2.20    1.94     18.49   12.30   14.14     26.42    5.55    8.35      7.06   46.98   50.59   131.24  134.55   112.97  134.80 
 185   70.83   14.98     37.90    2.31    1.95     19.40   11.08   14.12     26.42    5.55    8.34      7.14   46.73   50.57   131.71  134.79   113.01  134.88 
 186   72.25   14.86     35.76    2.95    1.95     19.66   10.67   14.10     26.42    5.53    8.32      7.18   46.30   50.54   131.72  135.03   112.89  134.98 
 187   72.25   14.64     39.16    2.00    1.95     18.83   11.79   14.09     26.42    5.53    8.31      7.26   45.65   50.52   131.52  135.60   112.77  135.41 
 188   72.25   14.81     37.33    2.47    1.95     19.00   11.62   14.08     26.42    5.53    8.29      7.30   45.99   50.49   131.77  135.85   112.93  135.61 
 189   72.25   14.80     35.18    3.18    1.96     19.19   11.34   14.06     26.42    5.53    8.28      7.33   45.29   50.46   131.97  135.58   113.59  135.75 
 190   72.25   14.75     35.77    2.97    1.97     18.14   12.84   14.06     26.42    5.53    8.26      7.32   45.65   50.44   132.44  135.70   114.18  135.82 
 191   73.65   15.29     35.87    2.94    1.97     19.65   10.76   14.04     26.34    5.57    8.25      7.30   45.55   50.41   132.64  135.78   114.67  135.83 
 192   73.65   15.04     38.60    2.15    1.97     18.47   12.33   14.03     26.34    5.57    8.24      7.25   45.69   50.39   131.99  135.80   114.03  135.95 
 193   73.65   15.15     38.41    2.19    1.97     18.85   11.95   14.02     26.34    5.57    8.22      7.24   46.40   50.37   132.96  135.83   114.94  135.81 
 194   73.65   15.23     37.37    2.48    1.98     18.63   12.13   14.01     26.34    5.57    8.21      7.22   45.98   50.35   132.97  135.68   114.45  136.00 
 195   73.65   15.59     35.25    3.16    1.98     18.51   12.39   14.00     26.34    5.57    8.19      7.19   46.32   50.33   132.73  135.69   114.17  136.14 
 196   78.33   15.46     35.14    3.20    1.99     20.90    9.44   13.98     26.34    5.56    8.18      7.33   45.84   50.30   133.22  135.36   114.73  135.62 
 197   78.33   15.06     37.99    2.30    1.99     19.85   10.69   13.96     26.34    5.56    8.17      7.12   46.99   50.29   132.59  135.15   114.05  135.58 
 198   78.33   15.22     37.08    2.56    1.99     18.15   13.08   13.96     26.34    5.56    8.15      7.14   47.37   50.27   132.56  134.87   113.68  135.12 
 199   78.33   15.17     36.81    2.63    2.00     19.25   11.54   13.94     26.34    5.56    8.14      7.24   46.86   50.25   133.55  134.76   114.69  134.84 
 200   78.33   15.20     35.19    3.18    2.00     18.19   13.04   13.94     26.34    5.56    8.13      7.23   46.48   50.23   133.38  134.84   114.95  134.86 
 201   72.87   15.92     38.05    2.28    2.00     19.75   10.89   13.92     26.11    5.70    8.12      7.46   45.46   50.21   132.98  133.94   114.44  134.48 
 202   72.87   15.74     36.37    2.76    2.01     19.98   10.69   13.91     26.11    5.70    8.10      7.40   45.97   50.19   134.01  134.37   115.47  134.77 
 203   72.87   15.91     37.09    2.55    2.01     20.09   10.49   13.89     26.11    5.70    8.09      7.42   45.57   50.17   133.82  134.12   115.14  134.32 
 204   72.87   15.81     37.09    2.54    2.01     19.33   11.49   13.88     26.11    5.70    8.08      7.33   45.97   50.15   133.77  134.00   115.11  134.40 
 205   72.87   15.73     37.92    2.32    2.01     18.58   12.60   13.87     26.11    5.70    8.07      7.39   46.26   50.13   133.91  134.03   115.05  134.23 
 206   90.00   15.49     37.47    2.45    2.02     20.62    9.88   13.85     26.49    5.44    8.06      7.29   46.57   50.11   133.73  133.89   114.77  134.11 
 207   90.00   15.41     36.40    2.78    2.02     19.35   11.59   13.84     26.49    5.44    8.04      7.28   46.91   50.09   134.90  134.04   115.90  134.25 
 208   90.00   15.35     39.71    1.89    2.02     20.06   10.73   13.83     26.49    5.44    8.03      7.30   46.63   50.08   134.34  134.31   115.42  134.37 
 209   90.00   15.36     39.71    1.89    2.02     18.60   12.57   13.82     26.49    5.44    8.02      7.31   46.33   50.06   133.94  134.09   114.86  134.20 
 210   90.00   15.36     39.86    1.87    2.02     18.57   12.52   13.82     26.49    5.44    8.01      7.25   46.88   50.05   134.80  133.93   115.91  134.22 
 211  105.66   15.10     38.28    2.25    2.02     20.04   10.63   13.80     26.52    5.41    7.99      7.10   47.65   50.03   135.70  134.10   116.73  134.52 
 212  105.66   14.95     39.46    1.96    2.02     20.29   10.26   13.78     26.52    5.41    7.98      7.19   46.62   50.02   135.39  134.20   116.39  134.40 
 213  105.66   15.08     37.73    2.40    2.02     18.54   12.59   13.78     26.52    5.41    7.97      7.21   46.44   50.00   135.31  133.90   116.63  134.20 
 214  105.66   15.21     44.97    1.04    2.02     18.57   12.68   13.77     26.52    5.41    7.96      7.17   47.44   49.99   135.30  134.50   116.51  134.74 
 215  105.66   15.04     43.30    1.27    2.01     18.06   13.55   13.77     26.52    5.41    7.95      7.35   47.06   49.98   135.45  134.92   116.45  135.43 
 216   87.40   15.47     43.31    1.26    2.01     21.74    9.08   13.75     26.07    5.69    7.94      7.74   45.64   49.96   135.64  135.03   116.77  135.49 
 217   87.40   15.31     44.19    1.14    2.01     20.46   10.59   13.74     26.07    5.69    7.93      7.49   47.42   49.94   135.68  135.51   116.61  136.00 
 218   87.40   15.39     39.71    1.92    2.00     19.01   12.50   13.73     26.07    5.69    7.92      7.71   45.93   49.93   135.94  134.98   117.11  135.59 
 219   87.40   15.38     41.66    1.53    2.00     18.78   12.91   13.73     26.07    5.69    7.91      7.68   46.92   49.91   136.48  135.62   117.51  136.10 
 220   87.40   15.42     40.47    1.76    2.00     18.28   13.62   13.73     26.07    5.69    7.90      7.69   46.46   49.90   136.59  135.83   117.40  136.49 
 221  114.31   15.21     37.74    2.42    2.00     21.75    9.07   13.70     25.95    5.77    7.89      7.49   46.99   49.88   136.76  135.77   117.42  136.50 
 222  114.31   15.01     43.96    1.18    2.00     18.59   13.05   13.70     25.95    5.77    7.88      7.33   48.09   49.87   136.72  135.50   117.45  136.23 
 223  114.31   14.95     39.67    1.94    2.00     18.80   12.72   13.70     25.95    5.77    7.87      7.36   47.51   49.86   137.39  135.78   117.99  136.54 
 224  114.31   15.01     40.47    1.76    2.00     17.74   14.42   13.70     25.95    5.77    7.86      7.39   47.37   49.85   137.34  135.86   118.63  136.18 
 225  114.31   15.04     39.87    1.89    2.00     17.40   14.87   13.71     25.95    5.77    7.85      7.51   46.89   49.84   137.62  135.68   118.57  136.17 
 226   85.08   15.05     39.08    2.08    2.00     20.93    9.84   13.69     25.58    6.02    7.84      7.36   47.36   49.83   137.66  135.46   118.81  136.11 
 227   85.08   15.20     39.97    1.87    2.00     18.58   13.02   13.69     25.58    6.02    7.83      7.20   48.20   49.82   138.06  135.37   119.47  136.06 
 228   85.08   15.33     42.33    1.43    2.00     17.34   14.94   13.69     25.58    6.02    7.82      7.27   47.53   49.81   137.76  134.76   119.22  135.24 
 229   85.08   15.35     45.19    1.03    1.99     16.36   16.96   13.71     25.58    6.02    7.82      7.14   48.84   49.81   138.16  134.47   119.83  134.97 
 230   85.08   15.33     35.80    3.04    2.00     16.23   16.91   13.72     25.58    6.02    7.81      7.15   48.34   49.80   138.73  134.26   120.21  135.05 
 231   86.99   15.56     38.57    2.20    2.00     19.78   11.60   13.71     25.77    5.88    7.80      7.28   48.51   49.80   138.68  134.05   120.37  134.56 
 232   86.99   15.46     40.58    1.74    2.00     16.99   16.18   13.72     25.77    5.88    7.79      7.25   49.38   49.79   138.98  134.27   120.45  134.66 
 233   86.99   15.44     40.03    1.87    1.99     16.21   17.61   13.74     25.77    5.88    7.78      7.47   47.82   49.78   139.62  133.52   121.22  133.93 
 234   86.99   15.56     39.99    1.87    1.99     15.10   19.68   13.76     25.77    5.88    7.78      7.24   48.21   49.78   139.33  134.04   120.92  134.84 
 235   86.99   15.56     42.31    1.44    1.99     14.95   20.40   13.79     25.77    5.88    7.77      7.28   48.62   49.77   139.59  133.68   121.31  134.45 
 236   87.25   16.06     34.95    3.37    2.00     16.88   15.91   13.80     25.46    6.09    7.76      7.22   47.70   49.76   139.02  134.16   120.93  134.99 
 237   87.25   15.68     38.11    2.34    2.00     15.42   18.79   13.82     25.46    6.09    7.75      6.98   49.76   49.76   140.47  133.56   122.38  134.59 
 238   87.25   15.65     42.83    1.36    2.00     17.30   15.32   13.83     25.46    6.09    7.75      7.06   49.83   49.76   140.58  134.04   122.67  135.17 
 239   87.25   15.35     38.81    2.18    2.00     15.65   18.67   13.85     25.46    6.09    7.74      6.99   50.89   49.77   140.88  133.74   122.84  134.80 
 240   87.25   15.35     38.02    2.39    2.00     16.64   16.34   13.86     25.46    6.09    7.73      6.93   50.56   49.77   140.98  134.52   122.85  135.65 
 241   96.61   15.76     40.03    1.89    2.00     18.97   12.51   13.85     25.26    6.23    7.73      7.19   49.15   49.77   141.31  134.51   123.17  135.36 
 242   96.61   15.59     41.89    1.53    2.00     16.38   16.25   13.86     25.26    6.23    7.72      7.02   49.04   49.77   142.28  134.26   124.03  135.13 
 243   96.61   15.77     40.70    1.76    2.00     15.45   18.29   13.88     25.26    6.23    7.71      7.34   47.63   49.76   142.14  135.07   123.60  135.96 
 244   96.61   15.49     36.64    2.83    2.00     14.50   20.04   13.91     25.26    6.23    7.71      7.13   48.73   49.75   143.38  134.49   124.80  135.12 
 245   96.61   15.72     38.12    2.39    2.00     14.64   20.27   13.93     25.26    6.23    7.70      7.04   49.03   49.75   142.54  135.16   123.73  135.65 
 246   91.02   16.23     36.71    2.81    2.00     18.71   12.52   13.93     25.03    6.39    7.70      7.31   46.96   49.74   142.89  135.32   124.13  135.72 
 247   91.02   15.83     42.95    1.37    2.00     17.16   14.83   13.93     25.03    6.39    7.69      7.24   47.47   49.73   143.82  134.77   125.03  135.42 
 248   91.02   15.87     38.82    2.20    2.00     16.76   15.44   13.94     25.03    6.39    7.69      7.26   46.97   49.72   143.41  134.55   124.73  135.30 
 249   91.02   15.92     38.43    2.30    2.00     15.72   17.26   13.95     25.03    6.39    7.68      7.15   47.91   49.71   144.40  134.45   125.75  135.51 
 250   91.02   15.85     38.04    2.41    2.00     14.21   20.82   13.98     25.03    6.39    7.68      7.00   49.32   49.71   144.39  134.13   125.78  135.21 
 251  106.47   14.84     35.14    3.37    2.01     18.23   13.16   13.97     25.31    6.18    7.67      6.96   49.47   49.71   144.57  133.99   126.04  135.17 
 252  106.47   14.83     41.89    1.54    2.01     16.26   16.38   13.98     25.31    6.18    7.66      6.86   49.52   49.71   145.50  133.87   126.59  134.63 
 253  106.47   15.08     36.55    2.87    2.01     14.79   19.10   14.00     25.31    6.18    7.66      6.78   49.24   49.71   145.55  133.64   126.96  134.58 
 254  106.47   14.94     38.00    2.43    2.01     14.19   20.39   14.03     25.31    6.18    7.65      6.72   49.35   49.71   146.22  133.20   127.64  133.98 
 255  106.47   15.25     41.48    1.63    2.01     14.22   19.75   14.05     25.31    6.18    7.65      6.63   48.95   49.70   146.92  133.15   128.52  133.87 
 256  110.91   16.15     39.52    2.05    2.01     17.37   13.86   14.05     25.14    6.29    7.64      6.85   48.06   49.70   146.92  132.89   128.56  133.63 
 257  110.91   15.78     35.51    3.26    2.02     16.00   15.94   14.06     25.14    6.29    7.64      6.79   47.29   49.69   147.76  133.65   129.45  134.41 
 258  110.91   15.84     36.51    2.91    2.02     13.76   20.80   14.08     25.14    6.29    7.63      6.60   48.24   49.68   147.84  133.73   129.54  134.68 
 259  110.91   15.97     43.74    1.26    2.02     13.78   20.61   14.11     25.14    6.29    7.63      6.65   47.70   49.67   149.90  132.89   131.53  134.03 
 260  110.91   15.98     42.56    1.45    2.02     13.36   21.51   14.14     25.14    6.29    7.62      6.35   49.03   49.67   150.03  133.07   131.60  134.25 
 261  102.81   15.97     38.63    2.29    2.02     17.92   12.56   14.13     24.83    6.51    7.62      6.53   47.39   49.66   150.38  132.95   131.80  134.28 
 262  102.81   16.02     39.91    1.99    2.02     15.88   15.70   14.14     24.83    6.51    7.61      6.53   46.80   49.65   151.30  132.95   132.63  134.28 
 263  102.81   16.07     38.98    2.22    2.02     14.38   18.33   14.15     24.83    6.51    7.61      6.20   48.12   49.65   151.80  132.89   133.16  134.40 
 264  102.81   15.91     37.25    2.71    2.02     12.91   21.46   14.18     24.83    6.51    7.60      6.33   47.04   49.64   151.72  133.19   133.06  134.56 
 265  102.81   15.98     37.63    2.59    2.02     12.65   22.13   14.21     24.83    6.51    7.60      6.22   47.43   49.63   152.47  133.82   133.79  135.13 
 266  130.32   15.79     38.86    2.25    2.02     15.78   15.29   14.21     24.75    6.56    7.60      6.38   46.02   49.61   153.41  133.71   134.49  135.18 
 267  130.32   15.84     36.09    3.11    2.03     14.77   17.29   14.23     24.75    6.56    7.59      6.30   46.76   49.60   153.07  133.76   134.23  135.40 
 268  130.32   15.86     37.46    2.67    2.03     14.22   18.30   14.24     24.75    6.56    7.59      6.35   45.65   49.59   154.49  133.77   135.70  135.29 
 269  130.32   15.74     40.46    1.88    2.03     13.63   20.06   14.26     24.75    6.56    7.58      6.26   47.22   49.58   154.84  133.85   136.12  135.53 
 270  130.32   15.80     46.52    0.94    2.02     12.79   21.84   14.29     24.75    6.56    7.58      6.22   46.20   49.57   156.75  133.14   138.12  134.49 
 271  103.79   16.42     42.61    1.48    2.02     18.28   11.80   14.28     24.42    6.79    7.58      6.33   46.28   49.56   156.95  133.09   139.01  134.60 
 272  103.79   16.56     45.23    1.10    2.02     16.74   13.89   14.28     24.42    6.79    7.57      6.39   45.74   49.54   157.51  133.15   138.95  134.54 
 273  103.79   16.55     39.81    2.05    2.02     13.57   20.38   14.30     24.42    6.79    7.57      6.51   45.90   49.53   156.95  133.82   138.55  135.36 
 274  103.79   16.57     37.84    2.58    2.02     12.95   21.88   14.33     24.42    6.79    7.57      6.47   46.36   49.52   158.03  132.93   139.21  134.86 
 275  103.79   16.75     38.13    2.50    2.02     12.29   25.09   14.37     24.42    6.79    7.57      6.46   48.86   49.51   158.50  132.38   139.69  134.42 
 276  133.81   16.75     37.69    2.62    2.03     17.84   13.33   14.37     24.79    6.49    7.56      6.70   47.69   49.51   158.70  131.65   140.03  133.61 
 277  133.81   16.40     40.46    1.91    2.02     15.54   17.81   14.38     24.79    6.49    7.56      6.72   48.66   49.50   159.78  130.80   141.22  132.84 
 278  133.81   16.26     39.79    2.05    2.02     16.67   15.46   14.38     24.79    6.49    7.55      6.71   48.45   49.50   160.39  130.47   141.98  132.56 
 279  133.81   16.36     38.32    2.44    2.03     15.50   18.30   14.40     24.79    6.49    7.55      6.75   49.60   49.50   160.63  130.42   142.17  132.41 
 280  133.81   16.12     35.82    3.27    2.03     14.90   19.28   14.41     24.79    6.49    7.55      6.88   48.00   49.50   161.05  130.13   142.63  132.12 
 281  151.85   16.24     35.77    3.29    2.04     16.89   15.65   14.42     24.51    6.70    7.54      7.03   47.77   49.49   161.95  129.65   143.26  131.77 
 282  151.85   16.13     35.85    3.25    2.04     16.59   16.11   14.42     24.51    6.70    7.54      7.14   46.91   49.48   162.11  130.06   143.18  131.85 
 283  151.85   16.09     37.02    2.85    2.04     16.44   16.44   14.43     24.51    6.70    7.54      7.07   47.38   49.47   162.83  129.76   143.85  131.65 
 284  151.85   16.12     36.32    3.10    2.05     15.39   18.83   14.45     24.51    6.70    7.53      7.21   46.91   49.46   163.38  130.29   144.69  131.82 
 285  151.85   16.02     36.39    3.10    2.05     16.44   16.67   14.45     24.51    6.70    7.53      7.13   47.26   49.46   163.67  130.36   145.03  132.01 
 286  121.70   16.60     36.94    2.90    2.05     18.38   13.23   14.45     23.93    7.16    7.53      7.19   46.77   49.45   164.20  130.38   145.49  132.39 
 287  121.70   16.52     36.17    3.16    2.06     17.39   15.00   14.45     23.93    7.16    7.53      7.09   47.73   49.44   164.60  130.91   146.00  132.72 
 288  121.70   16.41     35.76    3.34    2.06     17.64   14.63   14.45     23.93    7.16    7.53      7.11   47.88   49.44   165.00  131.64   146.34  133.31 
 289  121.70   16.51     38.86    2.34    2.06     18.16   13.78   14.45     23.93    7.16    7.53      7.14   48.00   49.43   165.71  131.39   147.09  133.16 
 290  121.70   16.60     35.75    3.34    2.07     16.54   16.44   14.46     23.93    7.16    7.52      7.20   47.41   49.42   165.62  131.95   146.78  133.81 
 291  151.31   17.24     36.20    3.20    2.07     17.62   14.91   14.46     24.45    6.74    7.52      7.14   48.86   49.42   166.03  131.47   147.19  133.47 
 292  151.31   16.69     34.25    4.01    2.08     16.62   16.42   14.47     24.45    6.74    7.52      7.32   47.15   49.41   166.72  131.71   147.67  133.83 
 293  151.31   16.69     35.01    3.67    2.08     17.47   14.94   14.47     24.45    6.74    7.52      6.98   49.53   49.41   167.01  131.45   147.90  133.21 
 294  151.31   16.63     35.36    3.53    2.09     17.02   15.51   14.47     24.45    6.74    7.51      7.04   48.09   49.41   167.20  131.28   148.36  133.15 
 295  151.31   16.79     34.61    3.86    2.09     15.63   18.33   14.48     24.45    6.74    7.51      6.89   49.39   49.41   168.56  131.67   149.50  133.54 
 296  143.10   16.70     34.04    4.12    2.10     17.11   15.31   14.49     24.15    6.98    7.51      7.07   47.94   49.40   168.00  131.31   149.06  133.38 
 297  143.10   16.58     37.26    2.84    2.10     16.88   15.85   14.49     24.15    6.98    7.51      7.07   48.53   49.40   168.92  130.72   149.50  132.71 
 298  143.10   16.33     35.28    3.58    2.11     16.10   17.16   14.50     24.15    6.98    7.51      7.18   47.73   49.40   169.69  130.89   150.48  132.68 
 299  143.10   16.46     35.75    3.40    2.11     16.11   17.04   14.51     24.15    6.98    7.50      7.11   48.06   49.39   169.73  130.69   150.66  132.84 
 300  143.10   16.34     35.89    3.35    2.12     16.25   16.72   14.52     24.15    6.98    7.50      7.24   47.59   49.39   170.16  130.50   151.02  132.21 
 301  125.65   16.10     36.01    3.31    2.12     18.63   12.96   14.51     23.90    7.17    7.50      7.11   48.80   49.38   170.29  130.50   151.13  132.23 
 302  125.65   15.94     36.97    2.96    2.12     16.95   15.74   14.52     23.90    7.17    7.50      7.00   49.43   49.38   170.61  130.22   151.60  131.79 
 303  125.65   16.11     35.30    3.58    2.13     17.23   15.24   14.52     23.90    7.17    7.50      7.12   49.04   49.38   170.85  130.47   151.76  132.13 
 304  125.65   16.15     37.03    2.94    2.13     15.80   18.06   14.53     23.90    7.17    7.50      7.18   48.65   49.38   171.24  130.44   152.36  132.14 
 305  125.65   15.94     36.92    2.99    2.13     15.59   18.32   14.54     23.90    7.17    7.50      7.08   49.23   49.38   171.94  130.97   153.04  132.74 
 306  133.14   16.09     38.06    2.63    2.13     19.44   11.80   14.53     23.77    7.28    7.50      7.08   49.17   49.38   172.15  131.20   153.13  132.90 
 307  133.14   16.08     36.41    3.17    2.14     18.17   13.85   14.53     23.77    7.28    7.50      7.40   48.11   49.37   172.33  131.54   153.38  133.23 
 308  133.14   16.12     35.90    3.37    2.14     17.92   14.33   14.53     23.77    7.28    7.50      7.32   48.80   49.37   172.07  132.15   153.06  134.05 
 309  133.14   16.33     34.98    3.74    2.15     17.00   16.24   14.54     23.77    7.28    7.49      7.58   48.47   49.37   172.31  132.61   153.27  134.41 
 310  133.14   16.36     35.87    3.41    2.15     16.16   18.07   14.55     23.77    7.28    7.49      7.42   50.17   49.37   171.82  133.41   152.90  135.24 
 311  121.83   16.01     35.99    3.36    2.16     18.59   13.43   14.54     23.81    7.25    7.49      7.72   47.95   49.37   172.16  133.94   153.32  135.86 
 312  121.83   16.08     35.35    3.63    2.16     18.21   14.16   14.54     23.81    7.25    7.49      7.71   48.67   49.37   172.36  135.13   153.35  137.04 
 313  121.83   16.10     36.28    3.28    2.16     16.20   17.67   14.55     23.81    7.25    7.49      7.66   48.80   49.36   172.54  135.76   153.89  137.66 
 314  121.83   15.94     33.77    4.37    2.17     16.82   16.91   14.56     23.81    7.25    7.49      7.74   49.00   49.36   171.52  136.70   152.96  138.60 
 315  121.83   15.88     35.47    3.60    2.18     15.83   19.05   14.57     23.81    7.25    7.49      7.59   50.02   49.36   171.64  136.95   152.97  138.69 
 316  126.90   16.02     34.65    3.96    2.18     18.24   14.12   14.57     23.53    7.49    7.49      7.64   49.16   49.36   171.80  137.19   153.20  139.11 
 317  126.90   15.85     34.69    3.95    2.19     17.72   15.19   14.57     23.53    7.49    7.49      7.61   49.61   49.36   171.42  137.75   152.33  139.47 
 318  126.90   16.03     34.91    3.84    2.19     16.77   16.75   14.58     23.53    7.49    7.49      7.79   48.26   49.36   171.31  137.42   152.42  139.28 
 319  126.90   16.03     36.14    3.34    2.20     16.49   17.40   14.59     23.53    7.49    7.49      7.74   48.71   49.36   171.41  137.56   152.38  139.55 
 320  126.90   15.92     33.12    4.71    2.20     15.83   19.14   14.60     23.53    7.49    7.49      7.68   49.46   49.36   170.29  137.28   151.39  139.33 
 321  125.30   16.72     34.80    3.88    2.21     18.65   13.75   14.60     23.40    7.61    7.49      7.75   48.62   49.36   170.29  136.60   151.33  138.77 
 322  125.30   16.11     33.88    4.30    2.21     17.12   16.38   14.61     23.40    7.61    7.49      7.73   48.74   49.36   170.16  135.10   150.80  137.46 
 323  125.30   16.12     32.98    4.76    2.22     16.69   17.50   14.62     23.40    7.61    7.49      7.61   49.75   49.36   168.89  134.75   149.90  137.12 
 324  125.30   16.12     34.05    4.18    2.23     16.44   17.51   14.62     23.40    7.61    7.49      7.72   48.68   49.35   169.15  134.29   150.47  136.41 
 325  125.30   16.17     33.88    4.26    2.24     16.66   17.36   14.63     23.40    7.61    7.49      7.59   49.43   49.35   168.62  133.31   149.54  135.25 
 326  167.88   16.14     32.55    4.94    2.24     19.07   13.15   14.63     23.67    7.38    7.49      7.64   49.47   49.36   167.80  132.95   148.84  134.86 
 327  167.88   15.80     32.59    4.89    2.25     18.02   15.12   14.63     23.67    7.38    7.49      7.73   49.50   49.36   167.25  132.27   148.06  134.04 
 328  167.88   15.93     32.75    4.79    2.26     17.55   15.76   14.63     23.67    7.38    7.49      7.82   48.64   49.35   166.67  132.03   147.43  133.88 
 329  167.88   15.95     33.18    4.54    2.27     16.61   17.90   14.64     23.67    7.38    7.49      7.71   50.37   49.36   166.50  131.81   147.33  133.70 
 330  167.88   15.98     33.84    4.20    2.27     16.79   17.31   14.65     23.67    7.38    7.49      7.73   49.52   49.36   166.26  131.66   146.67  133.39 
 331  164.86   16.16     33.29    4.46    2.28     19.77   12.59   14.65     23.76    7.31    7.49      7.69   51.12   49.36   164.80  131.53   145.51  132.93 
 332  164.86   16.19     35.22    3.57    2.28     17.66   15.69   14.65     23.76    7.31    7.49      7.84   49.80   49.36   165.18  131.96   146.04  133.64 
 333  164.86   16.39     33.50    4.34    2.29     17.63   16.03   14.65     23.76    7.31    7.49      7.93   49.12   49.36   163.99  131.38   144.54  133.03 
 334  164.86   16.31     32.04    5.12    2.30     16.56   17.86   14.66     23.76    7.31    7.49      7.84   49.25   49.36   163.55  132.71   143.96  134.58 
 335  164.86   16.14     33.63    4.25    2.30     16.92   17.41   14.67     23.76    7.31    7.49      7.99   48.95   49.36   162.97  132.46   143.61  134.17 
 336  177.41   16.11     34.12    4.02    2.31     18.95   13.70   14.67     23.59    7.46    7.49      7.99   48.92   49.36   162.44  133.52   142.54  135.13 
 337  177.41   15.98     33.76    4.19    2.31     18.97   13.93   14.67     23.59    7.46    7.49      8.11   48.95   49.36   161.33  133.75   141.80  135.57 
 338  177.41   15.98     33.17    4.50    2.32     17.78   15.92   14.67     23.59    7.46    7.49      8.05   49.55   49.36   160.87  135.50   141.14  137.19 
 339  177.41   15.94     34.79    3.71    2.32     17.84   16.10   14.67     23.59    7.46    7.49      8.07   49.55   49.36   159.52  135.67   139.76  137.55 
 340  177.41   15.68     34.29    3.94    2.33     17.20   17.09   14.68     23.59    7.46    7.49      8.13   49.01   49.36   158.90  136.36   139.09  138.12 
 341  179.41   17.02     32.98    4.57    2.34     18.58   15.01   14.68     23.41    7.63    7.49      8.22   49.42   49.36   158.39  136.44   138.25  138.26 
 342  179.41   17.37     33.35    4.36    2.34     18.88   14.38   14.68     23.41    7.63    7.49      8.20   49.34   49.36   157.08  136.74   136.93  138.71 
 343  179.41   17.19     32.95    4.56    2.35     18.21   15.66   14.68     23.41    7.63    7.49      8.25   49.44   49.36   156.13  137.04   136.00  138.68 
 344  179.41   16.84     33.11    4.48    2.35     16.60   18.62   14.69     23.41    7.63    7.49      8.27   49.20   49.36   156.06  137.51   135.92  139.36 
 345  179.41   17.16     32.55    4.77    2.36     15.95   20.58   14.71     23.41    7.63    7.49      8.31   49.31   49.36   154.67  138.57   134.74  140.32 
 346  183.65   16.57     31.70    5.23    2.37     18.69   14.84   14.71     23.47    7.59    7.49      8.47   47.62   49.35   153.08  138.55   132.74  140.38 
 347  183.65   16.30     32.10    4.99    2.38     19.08   14.43   14.71     23.47    7.59    7.49      8.35   49.60   49.35   152.83  139.25   132.48  141.22 
 348  183.65   16.45     31.91    5.11    2.39     18.41   15.28   14.71     23.47    7.59    7.49      8.61   47.31   49.35   151.84  139.46   131.47  141.19 
 349  183.65   16.32     31.74    5.17    2.39     18.59   15.32   14.71     23.47    7.59    7.49      8.52   48.48   49.35   150.44  140.13   130.26  141.56 
 350  183.65   16.41     33.35    4.29    2.40     16.90   18.50   14.73     23.47    7.59    7.49      8.52   48.37   49.34   149.44  140.77   129.26  142.29 
 351  211.38   15.95     33.24    4.32    2.40     21.29   11.24   14.72     23.36    7.70    7.49      8.54   48.73   49.34   148.30  140.41   128.08  141.95 
 352  211.38   15.93     32.46    4.74    2.41     19.55   13.63   14.71     23.36    7.70    7.49      8.60   48.20   49.34   147.30  141.20   127.27  142.56 
 353  211.38   16.08     31.28    5.42    2.42     17.45   17.55   14.72     23.36    7.70    7.49      8.52   48.74   49.34   146.02  141.03   126.18  142.42 
 354  211.38   16.16     31.14    5.50    2.43     18.19   16.03   14.72     23.36    7.70    7.49      8.60   48.66   49.33   145.34  141.66   125.11  143.06 
 355  211.38   16.08     30.91    5.63    2.44     17.09   18.53   14.74     23.36    7.70    7.49      8.60   49.08   49.33   144.15  141.70   123.98  142.87 
 356  143.77   15.57     31.67    5.14    2.44     19.63   13.71   14.73     22.92    8.12    7.50      8.47   49.80   49.34   143.37  141.73   123.26  142.70 
 357  143.77   15.48     30.01    6.21    2.45     18.91   15.36   14.73     22.92    8.12    7.50      8.50   50.43   49.34   141.51  142.02   121.44  143.35 
 358  143.77   15.54     32.91    4.41    2.46     19.08   14.79   14.73     22.92    8.12    7.50      8.60   49.28   49.34   140.63  141.73   120.17  142.77 
 359  143.77   15.52     31.57    5.14    2.47     19.50   14.19   14.73     22.92    8.12    7.50      8.65   49.66   49.34   139.85  141.75   119.44  143.08 
 360  143.77   15.38     30.85    5.59    2.48     18.62   15.63   14.74     22.92    8.12    7.50      8.63   49.74   49.34   139.04  141.60   118.69  142.92 
 361  196.79   16.78     30.22    5.97    2.49     19.89   13.79   14.73     23.21    7.88    7.50      8.71   49.88   49.34   137.76  141.40   117.50  142.99 
 362  196.79   16.78     29.26    6.64    2.50     19.71   14.13   14.73     23.21    7.88    7.50      8.72   49.89   49.34   136.68  141.33   116.27  142.98 
 363  196.79   16.64     28.83    6.94    2.51     19.01   15.66   14.73     23.21    7.88    7.51      8.67   50.90   49.35   135.12  141.00   114.63  142.23 
 364  196.79   16.78     29.45    6.42    2.52     18.49   16.43   14.74     23.21    7.88    7.51      8.76   50.28   49.35   134.07  140.61   113.53  141.74 
 365  196.79   16.88     31.03    5.32    2.53     18.04   17.60   14.75     23.21    7.88    7.51      8.68   51.28   49.36   133.31  140.97   112.51  142.03 
 366  220.87   16.92     31.06    5.25    2.54     20.34   13.37   14.74     23.24    7.88    7.51      9.16   47.88   49.35   131.63  140.62   110.88  141.60 
 367  220.87   16.65     31.35    5.07    2.54     19.92   14.07   14.74     23.24    7.88    7.51      9.16   48.53   49.35   130.69  140.47   109.88  141.84 
 368  220.87   16.60     29.96    5.94    2.55     19.37   15.15   14.74     23.24    7.88    7.51      9.12   48.75   49.35   129.12  140.18   107.93  141.60 
 369  220.87   16.69     30.00    5.87    2.56     18.78   16.14   14.75     23.24    7.88    7.51      9.14   48.67   49.35   128.16  140.00   106.79  141.86 
 370  220.87   16.84     30.54    5.48    2.57     17.83   17.94   14.75     23.24    7.88    7.51      9.16   48.61   49.34   127.49  140.61   106.19  142.39 
 371  139.68   16.74     32.02    4.59    2.57     20.34   13.51   14.75     22.91    8.21    7.51      9.22   48.12   49.34   126.19  140.86   104.65  142.58 
 372  139.68   16.88     30.43    5.52    2.58     18.46   16.70   14.76     22.91    8.21    7.52      9.20   48.05   49.34   124.59  140.38   102.83  141.92 
 373  139.68   16.90     30.89    5.23    2.59     18.34   16.94   14.76     22.91    8.21    7.52      9.26   48.09   49.33   123.80  140.92   101.96  142.18 
 374  139.68   17.03     29.96    5.77    2.60     18.47   16.85   14.77     22.91    8.21    7.52      9.30   47.68   49.33   121.50  141.20    99.91  142.33 
 375  139.68   16.99     29.65    5.95    2.61     18.23   17.41   14.77     22.91    8.21    7.52      9.31   48.13   49.33   120.27  141.39    98.60  142.47 
 376  218.88   16.64     31.35    4.88    2.61     18.69   16.16   14.78     23.12    8.04    7.52      9.28   47.94   49.32   119.85  141.02    98.27  142.12 
 377  218.88   16.41     29.43    6.08    2.62     20.23   13.79   14.78     23.12    8.04    7.52      9.31   47.50   49.32   117.41  141.47    95.71  142.52 
 378  218.88   16.48     31.53    4.75    2.63     18.04   17.64   14.78     23.12    8.04    7.53      9.32   47.51   49.31   115.96  141.43    94.18  142.30 
 379  218.88   16.19     33.99    3.55    2.63     16.59   20.56   14.80     23.12    8.04    7.53      9.20   48.48   49.31   116.10  141.98    94.20  143.06 
 380  218.88   16.08     29.88    5.69    2.64     17.74   18.46   14.81     23.12    8.04    7.53      9.10   48.28   49.31   113.40  141.47    91.61  142.78 
 381  148.61   16.34     29.53    5.88    2.65     19.87   14.43   14.81     22.89    8.29    7.53      9.40   47.53   49.30   112.01  141.95    89.85  143.12 
 382  148.61   15.91     29.33    6.00    2.66     18.28   17.46   14.81     22.89    8.29    7.53      9.15   48.92   49.30   110.43  141.74    88.18  142.82 
 383  148.61   16.03     30.61    5.16    2.66     18.20   17.57   14.82     22.89    8.29    7.53      9.16   49.22   49.30   109.48  141.44    87.24  142.30 
 384  148.61   15.87     29.60    5.80    2.67     17.00   19.88   14.83     22.89    8.29    7.54      9.04   49.44   49.30   108.31  141.56    86.23  142.57 
 385  148.61   15.79     28.21    6.79    2.68     16.19   21.79   14.85     22.89    8.29    7.54      8.93   49.89   49.30   106.74  141.91    84.40  142.58 
 386  147.48   17.31     27.44    7.39    2.69     18.89   15.69   14.85     22.78    8.42    7.54      9.12   48.43   49.30   105.72  142.53    83.33  143.52 
 387  147.48   17.25     29.01    6.13    2.70     18.00   17.58   14.86     22.78    8.42    7.54      9.40   47.21   49.30   104.92  141.82    82.61  142.70 
 388  147.48   17.12     27.12    7.55    2.71     16.53   20.54   14.88     22.78    8.42    7.55      9.12   48.13   49.29   102.78  142.42    80.55  142.92 
 389  147.48   16.98     27.54    7.23    2.73     16.74   19.97   14.89     22.78    8.42    7.55      8.99   49.43   49.29   102.02  143.55    79.63  144.38 
 390  147.48   17.19     27.79    6.99    2.74     15.67   22.43   14.91     22.78    8.42    7.55      8.86   49.20   49.29   100.63  142.90    78.03  143.47 
 391  249.89   17.22     25.66    8.92    2.75     19.77   13.91   14.91     23.03    8.20    7.55      8.94   48.93   49.29    99.11  143.83    76.46  144.58 
 392  249.89   17.12     26.56    8.04    2.77     17.32   18.40   14.91     23.03    8.20    7.55      8.83   49.51   49.29    98.59  143.50    75.65  144.06 
 393  249.89   17.28     26.59    8.00    2.78     16.75   19.78   14.93     23.03    8.20    7.55      9.01   48.71   49.29    97.57  143.65    74.47  143.93 
