   6    1.16    8.28     43.32    1.12    0.85     20.31   12.50   14.07     31.60    3.32   46.62      7.59   56.02   55.40    98.56  135.90    80.76  136.20 
   7    1.16    7.99     52.15    0.41    0.79     17.22   17.38   14.54     31.60    3.32   40.44      7.52   55.32   55.39    99.16  136.55    81.28  136.94 
   8    1.16    7.30     42.11    1.29    0.85     17.67   16.38   14.77     31.60    3.32   35.80      7.46   56.70   55.56   100.50  136.22    82.54  136.53 
   9    1.16    8.32     46.03    0.82    0.85     16.45   18.98   15.24     31.60    3.32   32.19      7.64   54.37   55.42   100.76  135.91    82.71  136.25 
  10    1.16    8.09     48.27    0.64    0.83     15.04   21.99   15.91     31.60    3.32   29.30      7.47   55.37   55.42   102.14  135.03    84.14  135.76 
  11    1.74    8.02     41.06    1.47    0.88     21.42   10.57   15.43     29.85    4.06   27.01      7.63   52.71   55.17   102.08  135.42    84.10  136.05 
  12    1.74    8.04     41.38    1.41    0.93     17.66   16.15   15.49     29.85    4.06   25.09      7.58   53.27   55.01   102.06  135.58    83.87  136.27 
  13    1.74    8.06     37.08    2.32    1.04     18.93   14.03   15.38     29.85    4.06   23.48      7.67   54.89   55.00   103.53  134.65    85.19  135.60 
  14    1.74    7.89     43.50    1.10    1.04     18.13   15.16   15.36     29.85    4.06   22.09      7.65   53.99   54.93   104.25  134.24    86.16  135.28 
  15    1.74    8.40     43.13    1.15    1.05     16.29   18.97   15.60     29.85    4.06   20.89      7.64   53.80   54.86   104.66  134.10    86.32  134.77 
  16    2.34    8.67     55.38    0.28    1.00     16.90   17.78   15.74     25.74    6.48   19.99      7.85   51.71   54.66   104.92  133.76    86.65  134.27 
  17    2.34    8.49     42.04    1.30    1.02     16.92   17.80   15.86     25.74    6.48   19.19      7.72   54.28   54.64   105.73  133.69    87.26  134.65 
  18    2.34    7.87     43.57    1.10    1.02     17.58   16.15   15.88     25.74    6.48   18.49      7.80   52.29   54.51   106.36  133.40    88.09  134.28 
  19    2.34    7.67     38.66    1.93    1.07     15.84   19.99   16.09     25.74    6.48   17.85      7.80   52.98   54.43   107.05  133.70    88.94  134.55 
  20    2.34    8.98     43.32    1.12    1.07     16.37   18.92   16.23     25.74    6.48   17.29      7.82   52.32   54.32   107.06  132.88    88.82  133.81 
  21    2.28    8.80     40.09    1.64    1.10     20.15   12.18   16.04     24.76    7.23   16.81      8.12   50.52   54.14   107.93  133.17    89.58  134.07 
  22    2.28    8.80     41.81    1.34    1.11     18.99   13.71   15.93     24.76    7.23   16.37      7.85   50.89   53.99   108.22  133.11    89.96  134.10 
  23    2.28    7.13     38.22    2.03    1.15     19.08   13.52   15.83     24.76    7.23   15.97      8.09   49.50   53.80   108.80  133.18    90.54  133.99 
  24    2.28    8.07     37.96    2.10    1.19     17.02   16.81   15.87     24.76    7.23   15.61      7.67   50.61   53.66   109.25  133.59    91.00  134.40 
  25    2.28    7.61     38.94    1.88    1.22     16.33   17.99   15.95     24.76    7.23   15.27      7.88   49.54   53.50   110.09  132.96    91.97  133.95 
  26    2.35    8.04     38.33    2.02    1.25     17.89   15.08   15.92     24.04    7.81   14.99      7.55   50.77   53.39   110.19  133.98    92.40  134.79 
  27    2.35    8.27     39.04    1.87    1.27     16.94   16.88   15.96     24.04    7.81   14.72      7.60   50.83   53.30   110.70  134.13    92.62  134.77 
  28    2.35    7.40     38.24    2.06    1.30     15.86   18.54   16.05     24.04    7.81   14.47      7.43   51.10   53.22   111.63  134.37    93.38  135.14 
  29    2.35    8.31     35.46    2.84    1.35     15.04   20.38   16.20     24.04    7.81   14.24      7.33   50.87   53.14   111.78  134.35    93.77  134.99 
  30    2.35    7.73     41.08    1.50    1.36     15.46   19.35   16.30     24.04    7.81   14.03      7.09   52.53   53.12   112.27  134.79    93.70  135.34 
  31    2.38    8.47     39.12    1.87    1.37     17.57   14.76   16.25     23.47    8.24   13.84      7.28   50.53   53.04   113.20  134.65    94.68  135.46 
  32    2.38    8.13     39.39    1.81    1.39     18.37   13.42   16.17     23.47    8.24   13.67      7.13   50.22   52.95   113.30  134.17    94.83  135.10 
  33    2.38    8.50     38.07    2.11    1.41     17.57   14.60   16.12     23.47    8.24   13.50      7.15   51.05   52.89   113.88  134.18    95.49  135.05 
  34    2.38    7.54     40.59    1.59    1.41     16.24   17.03   16.14     23.47    8.24   13.35      6.86   50.97   52.83   113.59  134.62    94.69  135.13 
  35    2.38    7.42     41.98    1.36    1.41     15.11   18.68   16.22     23.47    8.24   13.20      7.09   50.04   52.75   114.65  134.40    96.38  135.29 
  36    3.07    8.22     35.64    2.81    1.45     16.77   15.01   16.18     22.69    8.89   13.08      7.03   49.18   52.65   115.55  134.34    96.80  135.33 
  37    3.07    8.03     35.36    2.90    1.49     18.00   13.21   16.10     22.69    8.89   12.97      6.92   49.43   52.57   115.40  134.48    96.62  135.61 
  38    3.07    8.20     37.17    2.36    1.51     16.94   14.80   16.07     22.69    8.89   12.86      6.77   49.74   52.49   115.52  134.58    96.66  135.74 
  39    3.07    6.83     35.88    2.74    1.55     16.79   15.13   16.04     22.69    8.89   12.76      6.83   49.53   52.42   115.83  134.66    96.92  135.92 
  40    3.07    7.96     37.16    2.38    1.57     15.29   17.89   16.09     22.69    8.89   12.66      6.81   49.74   52.35   115.99  135.10    96.96  136.27 
  41    3.92    8.64     37.15    2.38    1.59     17.90   13.09   16.02     22.35    9.10   12.58      7.01   48.07   52.25   116.49  135.72    97.44  137.10 
  42    3.92    8.41     36.39    2.61    1.61     18.07   12.56   15.94     22.35    9.10   12.49      6.93   47.79   52.14   117.01  136.09    97.92  137.35 
  43    3.92    8.62     36.15    2.68    1.64     16.64   15.12   15.92     22.35    9.10   12.42      6.82   48.78   52.06   117.38  136.09    98.00  137.57 
  44    3.92    8.19     37.46    2.32    1.65     16.05   16.03   15.92     22.35    9.10   12.34      6.86   47.87   51.97   116.98  136.82    97.79  138.30 
  45    3.92    6.85     34.69    3.20    1.69     16.13   16.15   15.92     22.35    9.10   12.27      7.14   47.97   51.88   117.36  137.31    98.51  138.67 
  46    5.91    8.29     38.45    2.08    1.69     18.05   12.54   15.85     21.53    9.85   12.22      6.82   47.78   51.79   117.47  137.75    98.57  139.07 
  47    5.91    8.24     37.00    2.47    1.71     17.58   13.39   15.80     21.53    9.85   12.17      7.04   47.22   51.69   118.12  138.24    98.92  139.94 
  48    5.91    8.59     37.43    2.36    1.72     16.95   14.19   15.76     21.53    9.85   12.12      6.82   47.47   51.60   118.36  138.63    99.23  140.30 
  49    5.91    8.28     39.47    1.87    1.73     16.16   15.61   15.76     21.53    9.85   12.07      6.90   47.57   51.52   119.22  138.34    99.93  139.88 
  50    5.91    7.52     38.12    2.19    1.74     16.30   15.31   15.75     21.53    9.85   12.03      6.74   47.85   51.45   119.39  139.04    99.86  140.75 
  51    4.52    7.99     37.26    2.42    1.75     19.90   10.38   15.65     21.77    9.45   11.98      6.93   48.20   51.38   119.49  139.00   100.16  140.64 
  52    4.52    8.18     36.03    2.78    1.77     17.71   13.25   15.60     21.77    9.45   11.93      6.71   48.18   51.32   119.81  138.43   100.75  140.06 
  53    4.52    8.60     34.32    3.37    1.80     17.02   14.51   15.58     21.77    9.45   11.88      6.91   48.12   51.26   119.46  138.71   100.87  140.43 
  54    4.52    8.35     36.97    2.50    1.81     17.40   13.88   15.55     21.77    9.45   11.84      6.81   48.51   51.21   120.10  138.28   100.81  140.31 
  55    4.52    8.09     35.13    3.08    1.84     16.90   14.74   15.53     21.77    9.45   11.79      6.91   48.11   51.15   120.55  138.32   101.54  140.18 
  56    6.45    7.05     33.36    3.78    1.87     17.97   13.06   15.49     21.26    9.92   11.76      6.94   48.04   51.10   120.88  138.12   102.14  140.10 
  57    6.45    8.30     34.51    3.32    1.90     16.27   15.79   15.50     21.26    9.92   11.73      6.77   48.62   51.06   121.94  137.41   102.52  139.52 
  58    6.45    8.06     36.83    2.56    1.91     17.82   13.44   15.46     21.26    9.92   11.70      7.11   47.43   50.99   121.77  137.29   102.50  139.52 
  59    6.45    8.24     35.33    3.04    1.93     17.54   14.05   15.44     21.26    9.92   11.67      7.18   47.80   50.94   121.98  137.21   102.55  139.00 
  60    6.45    8.46     34.37    3.38    1.95     16.05   17.13   15.46     21.26    9.92   11.64      7.27   49.15   50.91   122.45  137.20   102.95  139.06 
  61    4.84    7.71     36.22    2.73    1.96     15.94   17.39   15.50     20.79   10.40   11.62      7.15   48.77   50.87   122.32  137.39   102.85  139.33 
  62    4.84    8.39     35.64    2.91    1.98     16.47   16.37   15.51     20.79   10.40   11.60      7.34   48.25   50.83   122.38  137.06   103.06  139.00 
  63    4.84    8.00     36.64    2.61    1.99     16.71   15.90   15.52     20.79   10.40   11.58      7.34   48.31   50.79   122.66  136.77   103.53  138.66 
  64    4.84    8.28     38.57    2.09    1.99     16.12   17.31   15.54     20.79   10.40   11.56      7.49   48.76   50.76   122.70  136.56   103.27  138.13 
  65    4.84    8.30     36.18    2.75    2.00     15.92   17.48   15.57     20.79   10.40   11.54      7.34   49.63   50.74   123.41  136.43   104.33  138.27 
  66    4.97    7.62     36.89    2.54    2.01     17.59   14.49   15.56     20.65   10.54   11.53      7.16   50.20   50.73   123.38  136.72   104.50  138.80 
  67    4.97    8.00     35.67    2.91    2.02     19.24   12.05   15.51     20.65   10.54   11.51      7.46   48.84   50.71   123.52  136.25   104.45  138.35 
  68    4.97    8.26     35.63    2.93    2.04     17.53   14.69   15.49     20.65   10.54   11.50      7.35   49.39   50.69   123.66  135.90   104.71  137.98 
  69    4.97    7.42     35.11    3.11    2.05     17.03   15.88   15.50     20.65   10.54   11.48      7.47   50.35   50.68   124.28  135.88   105.19  138.13 
  70    4.97    7.71     36.41    2.69    2.06     16.29   17.44   15.53     20.65   10.54   11.47      7.45   49.86   50.67   124.29  136.60   105.18  138.70 
  71    5.07    8.07     35.97    2.83    2.07     18.14   14.50   15.51     20.64   10.54   11.46      7.71   50.02   50.66   124.54  135.97   105.54  137.74 
  72    5.07    7.84     36.30    2.72    2.08     16.85   16.88   15.53     20.64   10.54   11.44      7.73   50.11   50.65   124.34  136.16   105.12  137.79 
  73    5.07    8.54     36.71    2.59    2.09     17.37   16.02   15.54     20.64   10.54   11.43      7.69   50.96   50.66   124.92  136.15   105.56  137.80 
  74    5.07    8.68     38.33    2.15    2.09     16.82   16.78   15.55     20.64   10.54   11.42      7.60   51.19   50.66   125.01  136.26   106.01  137.89 
  75    5.07    8.34     37.04    2.51    2.09     15.85   19.19   15.60     20.64   10.54   11.41      7.69   51.34   50.67   124.97  136.04   106.29  137.73 
  76    5.72    8.56     35.92    2.85    2.10     18.72   13.50   15.58     20.58   10.64   11.40      7.60   51.37   50.68   124.99  136.03   106.41  137.72 
  77    5.72    8.73     34.41    3.39    2.12     16.76   17.09   15.59     20.58   10.64   11.39      7.41   52.13   50.70   125.13  136.06   106.76  137.49 
  78    5.72    8.38     34.88    3.22    2.14     17.89   14.82   15.58     20.58   10.64   11.38      7.41   52.46   50.72   125.45  136.12   106.92  137.96 
  79    5.72    8.31     35.22    3.10    2.15     16.17   18.13   15.62     20.58   10.64   11.37      7.36   52.69   50.75   125.84  135.77   107.20  137.51 
  80    5.72    7.88     37.28    2.44    2.15     16.20   18.09   15.65     20.58   10.64   11.36      7.32   52.44   50.77   125.79  136.01   107.29  137.54 
  81    9.02    6.23     32.66    4.16    2.18     15.88   18.58   15.68     20.41   10.87   11.35      7.49   51.52   50.78   126.85  136.18   108.05  137.98 
  82    9.02    6.14     32.29    4.32    2.20     18.01   14.60   15.67     20.41   10.87   11.35      7.54   50.44   50.77   126.69  135.91   108.32  137.90 
  83    9.02    6.18     35.16    3.13    2.21     17.33   15.65   15.67     20.41   10.87   11.34      7.51   50.60   50.77   126.63  135.52   107.96  137.49 
  84    9.02    6.19     34.67    3.29    2.23     19.17   12.73   15.64     20.41   10.87   11.34      7.55   50.17   50.77   126.29  135.79   107.70  137.98 
  85    9.02    6.25     36.26    2.75    2.23     18.72   13.47   15.61     20.41   10.87   11.33      7.33   51.60   50.78   126.81  136.09   107.83  138.18 
  86    6.97    5.73     34.53    3.35    2.25     17.59   15.48   15.61     20.23   11.11   11.33      7.44   51.34   50.78   127.34  136.06   108.46  137.99 
  87    6.97    6.02     34.72    3.30    2.26     15.77   19.52   15.65     20.23   11.11   11.33      7.47   51.57   50.79   126.83  135.49   108.14  137.76 
  88    6.97    6.24     35.72    2.92    2.26     17.81   15.28   15.65     20.23   11.11   11.32      7.65   50.32   50.79   126.92  135.79   108.17  137.62 
  89    6.97    6.20     36.36    2.72    2.27     16.88   17.36   15.67     20.23   11.11   11.32      7.54   51.80   50.80   127.01  135.88   108.32  137.66 
  90    6.97    6.23     35.67    2.96    2.28     16.76   17.33   15.69     20.23   11.11   11.32      7.55   51.89   50.81   127.05  135.89   108.25  137.55 
  91    6.14    6.40     35.21    3.12    2.29     20.13   11.93   15.65     20.12   11.28   11.32      7.52   51.66   50.82   126.90  135.67   108.53  137.27 
  92    6.14    5.87     34.91    3.21    2.30     19.04   13.34   15.62     20.12   11.28   11.32      7.51   51.23   50.82   127.01  135.98   108.62  137.41 
  93    6.14    5.73     37.27    2.46    2.30     18.97   13.63   15.60     20.12   11.28   11.32      7.35   52.29   50.84   126.71  135.70   108.08  137.44 
  94    6.14    6.29     36.81    2.59    2.30     19.19   13.02   15.57     20.12   11.28   11.32      7.55   51.12   50.84   127.16  136.15   108.40  137.65 
  95    6.14    6.14     35.89    2.88    2.31     17.55   15.83   15.57     20.12   11.28   11.32      7.49   51.06   50.84   127.08  135.51   108.29  136.92 
  96    6.36    6.22     34.81    3.26    2.32     17.83   15.40   15.57     20.09   11.35   11.32      7.33   52.38   50.86   127.21  135.84   108.62  137.15 
  97    6.36    6.22     37.92    2.28    2.32     17.91   15.25   15.57     20.09   11.35   11.32      7.36   52.27   50.87   127.36  135.52   109.05  137.11 
  98    6.36    6.05     36.29    2.76    2.32     18.91   13.47   15.55     20.09   11.35   11.32      7.47   50.96   50.88   127.05  135.37   108.83  136.97 
  99    6.36    5.68     38.24    2.20    2.32     18.31   14.53   15.54     20.09   11.35   11.32      7.33   52.27   50.89   127.37  135.80   109.06  137.60 
 100    6.36    6.29     35.27    3.09    2.33     17.63   15.78   15.54     20.09   11.35   11.32      7.42   52.19   50.90   128.07  135.53   109.69  137.45 
 101    7.71    6.16     37.53    2.40    2.33     19.88   12.18   15.51     20.05   11.42   11.32      7.34   52.17   50.92   127.81  135.51   109.28  137.68 
 102    7.71    5.93     37.66    2.35    2.33     19.52   12.69   15.48     20.05   11.42   11.32      7.35   52.15   50.93   127.89  135.51   109.43  137.50 
 103    7.71    6.26     36.66    2.65    2.33     18.93   13.79   15.46     20.05   11.42   11.32      7.30   52.70   50.94   127.32  135.56   109.23  137.35 
 104    7.71    6.03     43.68    1.18    2.32     18.46   14.38   15.45     20.05   11.42   11.32      7.33   52.33   50.96   127.52  135.25   109.38  137.05 
 105    7.71    5.72     40.02    1.80    2.32     18.33   14.67   15.45     20.05   11.42   11.32      7.33   53.02   50.98   127.46  135.65   109.27  137.36 
 106    8.44    6.08     39.92    1.82    2.31     19.30   12.93   15.42     19.99   11.54   11.32      7.35   51.96   50.99   128.14  135.44   109.88  137.63 
 107    8.44    6.33     37.34    2.45    2.31     16.72   17.65   15.44     19.99   11.54   11.33      7.37   52.53   51.00   128.34  135.14   110.23  137.35 
 108    8.44    6.00     39.46    1.92    2.31     17.10   16.74   15.45     19.99   11.54   11.33      7.34   52.17   51.01   127.92  135.70   110.04  137.93 
 109    8.44    6.07     37.91    2.30    2.31     17.85   15.52   15.45     19.99   11.54   11.33      7.37   52.40   51.03   127.79  135.25   109.76  137.50 
 110    8.44    6.10     37.29    2.47    2.31     18.05   15.01   15.45     19.99   11.54   11.33      7.30   52.27   51.04   127.96  135.79   109.60  137.91 
 111    5.66    6.37     37.27    2.47    2.31     17.47   16.13   15.46     20.15   11.35   11.33      7.32   52.54   51.05   128.69  135.54   110.14  137.76 
 112    5.66    6.03     37.17    2.49    2.31     18.37   14.55   15.45     20.15   11.35   11.33      7.18   52.90   51.07   127.89  135.38   109.76  137.61 
 113    5.66    6.21     39.55    1.90    2.31     18.88   13.95   15.44     20.15   11.35   11.33      7.26   53.91   51.09   128.24  135.21   109.84  137.21 
 114    5.66    6.11     38.79    2.06    2.31     18.83   13.89   15.42     20.15   11.35   11.33      7.32   52.71   51.11   127.85  134.83   109.69  136.85 
 115    5.66    6.27     39.78    1.84    2.30     18.10   15.09   15.42     20.15   11.35   11.33      7.34   52.80   51.12   128.14  135.27   109.89  137.41 
 116    7.78    5.64     38.92    2.04    2.30     19.88   12.21   15.39     20.14   11.38   11.33      7.42   51.88   51.13   128.26  135.04   109.70  137.09 
 117    7.78    5.88     40.92    1.62    2.30     16.51   18.23   15.42     20.14   11.38   11.33      7.55   50.88   51.12   127.63  135.26   109.17  137.19 
 118    7.78    6.07     40.54    1.70    2.29     16.54   17.79   15.44     20.14   11.38   11.33      7.43   51.17   51.13   128.15  134.15   109.93  136.41 
 119    7.78    6.16     35.65    2.97    2.30     17.64   15.62   15.44     20.14   11.38   11.33      7.36   51.60   51.13   128.65  134.50   110.42  136.82 
 120    7.78    6.26     39.05    2.01    2.29     17.03   16.72   15.45     20.14   11.38   11.34      7.22   52.00   51.14   127.93  133.92   109.76  136.51 
 121    6.65    6.15     34.79    3.28    2.30     18.46   14.08   15.44     20.02   11.55   11.34      7.33   50.76   51.13   128.31  134.14   110.33  136.72 
 122    6.65    5.93     40.89    1.62    2.30     19.24   12.99   15.42     20.02   11.55   11.34      7.25   51.60   51.14   128.08  133.44   110.07  135.88 
 123    6.65    5.85     39.96    1.80    2.29     20.29   11.57   15.39     20.02   11.55   11.34      7.23   52.33   51.15   128.02  133.95   110.01  136.16 
 124    6.65    6.10     39.51    1.90    2.29     17.51   15.90   15.39     20.02   11.55   11.34      7.40   50.87   51.14   127.39  133.51   109.39  135.56 
 125    6.65    6.08     36.50    2.68    2.29     19.11   13.23   15.37     20.02   11.55   11.34      7.31   51.93   51.15   128.14  133.44   110.38  135.69 
 126   10.22    6.18     37.69    2.34    2.29     20.27   11.54   15.34     19.96   11.65   11.35      7.35   51.56   51.15   127.89  133.35   110.16  135.52 
 127   10.22    5.88     35.34    3.06    2.30     21.37   10.24   15.30     19.96   11.65   11.35      7.35   51.73   51.16   127.97  133.45   110.23  135.64 
 128   10.22    5.81     35.82    2.90    2.30     19.09   13.41   15.29     19.96   11.65   11.35      7.42   51.69   51.16   127.99  134.01   109.70  135.80 
 129   10.22    5.60     38.69    2.09    2.30     18.49   14.59   15.28     19.96   11.65   11.35      7.42   51.86   51.17   127.72  133.60   110.14  135.65 
 130   10.22    5.70     36.13    2.81    2.31     18.85   13.73   15.27     19.96   11.65   11.36      7.50   51.34   51.17   128.64  133.79   110.90  135.88 
 131   12.52    6.13     39.09    1.99    2.30     18.90   13.72   15.26     20.02   11.59   11.36      7.23   52.42   51.18   128.11  133.36   109.88  135.44 
 132   12.52    6.22     37.64    2.36    2.30     18.47   14.40   15.25     20.02   11.59   11.36      7.46   51.65   51.18   128.43  134.21   110.22  136.11 
 133   12.52    5.94     37.97    2.27    2.30     17.18   16.64   15.26     20.02   11.59   11.36      7.48   50.81   51.18   128.22  134.31   109.68  136.33 
 134   12.52    6.02     37.59    2.38    2.30     17.75   15.80   15.27     20.02   11.59   11.36      7.54   50.71   51.18   128.20  133.95   109.71  136.16 
 135   12.52    5.67     40.85    1.63    2.30     16.90   17.48   15.28     20.02   11.59   11.36      7.64   51.13   51.18   128.69  133.91   110.19  136.02 
 136   10.40    6.11     38.01    2.27    2.30     19.03   13.63   15.27     19.91   11.76   11.37      7.56   51.08   51.18   128.16  134.67   110.32  136.73 
 137   10.40    5.95     43.71    1.18    2.29     18.01   15.50   15.27     19.91   11.76   11.37      7.63   51.06   51.17   128.72  134.66   110.17  136.32 
 138   10.40    6.01     42.54    1.35    2.28     18.74   13.97   15.26     19.91   11.76   11.37      7.60   49.99   51.17   128.44  134.72   110.37  136.30 
 139   10.40    6.07     40.50    1.70    2.28     19.35   13.27   15.25     19.91   11.76   11.38      7.59   51.20   51.17   128.38  134.59   110.42  136.18 
 140   10.40    5.93     39.72    1.87    2.28     18.33   14.68   15.24     19.91   11.76   11.38      7.49   50.97   51.16   128.10  133.99   110.47  135.61 
 141    7.57    6.26     39.91    1.83    2.27     19.45   13.02   15.23     19.79   11.94   11.38      7.47   52.36   51.17   128.57  134.32   110.99  135.94 
 142    7.57    6.09     39.45    1.92    2.27     18.77   13.71   15.22     19.79   11.94   11.39      7.34   51.06   51.17   128.15  133.67   110.42  135.30 
 143    7.57    6.30     42.04    1.42    2.27     19.63   12.57   15.20     19.79   11.94   11.39      7.34   51.88   51.18   128.11  133.81   110.35  135.67 
 144    7.57    6.11     43.17    1.25    2.26     18.29   14.45   15.19     19.79   11.94   11.39      7.32   51.08   51.18   128.02  134.10   110.36  135.67 
 145    7.57    6.36     42.37    1.37    2.25     18.46   14.25   15.19     19.79   11.94   11.40      7.33   51.57   51.18   128.32  133.89   110.70  135.51 
 146   11.15    5.74     44.48    1.07    2.24     19.83   12.00   15.17     19.76   12.00   11.40      7.29   50.76   51.18   128.33  133.93   110.52  135.73 
 147   11.15    6.03     48.16    0.70    2.23     18.59   14.11   15.16     19.76   12.00   11.41      7.23   52.03   51.18   127.71  133.59   110.04  135.49 
 148   11.15    6.03     39.74    1.85    2.23     18.77   13.62   15.15     19.76   12.00   11.41      7.25   51.76   51.19   127.81  133.72   109.68  135.42 
 149   11.15    6.59     47.32    0.77    2.22     18.84   13.74   15.14     19.76   12.00   11.41      7.40   51.42   51.19   128.42  134.05   110.17  135.76 
 150   11.15    7.42     46.92    0.81    2.21     18.19   14.62   15.13     19.76   12.00   11.42      7.54   49.97   51.18   127.62  133.83   110.13  135.79 
 151   10.25    7.44     41.82    1.46    2.21     20.17   11.75   15.11     19.79   11.97   11.42      7.40   51.37   51.18   128.23  133.80   110.16  135.84 
 152   10.25    6.66     45.71    0.93    2.20     19.00   13.49   15.10     19.79   11.97   11.43      7.40   51.02   51.18   128.02  133.38   110.13  135.16 
 153   10.25    6.03     41.11    1.58    2.19     19.44   12.77   15.09     19.79   11.97   11.43      7.27   51.79   51.18   127.87  133.96   109.72  135.68 
 154   10.25    6.21     40.54    1.69    2.19     19.75   12.33   15.07     19.79   11.97   11.43      7.38   51.34   51.19   128.17  133.90   110.33  135.30 
 155   10.25    6.15     41.98    1.43    2.19     18.63   13.83   15.06     19.79   11.97   11.44      7.21   51.54   51.19   128.31  133.82   110.46  135.24 
 156    9.55    6.08     41.29    1.54    2.18     21.09   10.40   15.03     19.84   11.91   11.44      7.35   50.77   51.18   128.19  133.79   110.00  135.24 
 157    9.55    6.01     45.62    0.94    2.17     19.00   13.43   15.02     19.84   11.91   11.44      7.03   52.92   51.20   127.49  134.04   109.39  135.54 
 158    9.55    5.92     47.70    0.74    2.16     18.85   13.48   15.01     19.84   11.91   11.45      7.18   51.77   51.20   127.71  134.24   109.77  135.53 
 159    9.55    5.78     39.86    1.83    2.16     18.56   13.86   15.00     19.84   11.91   11.45      7.11   52.17   51.21   128.24  134.28   110.41  135.68 
 160    9.55    6.22     38.98    2.02    2.16     17.62   15.32   15.01     19.84   11.91   11.45      7.13   52.09   51.21   127.72  134.03   110.14  135.49 
 161   17.97    5.91     36.92    2.56    2.16     17.00   16.48   15.01     19.78   11.98   11.45      7.11   52.55   51.22   128.23  134.84   110.41  136.52 
 162   17.97    6.01     38.01    2.27    2.17     18.63   13.43   15.00     19.78   11.98   11.46      7.09   51.05   51.22   128.06  134.35   109.87  135.96 
 163   17.97    5.93     39.83    1.84    2.16     18.18   14.14   15.00     19.78   11.98   11.46      7.13   51.18   51.22   128.71  134.86   110.51  136.40 
 164   17.97    5.75     40.67    1.67    2.16     17.72   14.64   15.00     19.78   11.98   11.46      7.09   50.29   51.21   128.71  134.89   110.50  136.41 
 165   17.97    6.12     39.34    1.96    2.16     17.43   15.36   15.00     19.78   11.98   11.47      7.14   50.82   51.21   128.73  134.52   110.65  136.46 
 166   17.19    6.17     47.69    0.75    2.15     17.48   15.05   15.00     19.72   12.07   11.47      6.98   50.73   51.21   128.00  134.77   109.87  136.54 
 167   17.19    6.34     41.87    1.45    2.15     18.31   13.51   14.99     19.72   12.07   11.47      7.02   50.74   51.20   128.85  134.75   110.67  136.51 
 168   17.19    5.85     41.20    1.58    2.14     17.79   14.26   14.99     19.72   12.07   11.48      6.85   51.05   51.20   129.00  134.98   110.86  136.88 
 169   17.19    5.81     41.43    1.53    2.14     17.45   14.88   14.99     19.72   12.07   11.48      6.90   50.10   51.20   128.61  135.07   110.26  137.09 
 170   17.19    6.20     40.94    1.62    2.14     17.14   15.23   14.99     19.72   12.07   11.48      6.82   50.46   51.19   128.56  134.74   110.21  136.69 
 171   16.40    6.21     41.92    1.45    2.13     19.86   11.14   14.96     19.42   12.47   11.49      6.79   51.22   51.19   128.99  134.58   110.85  136.57 
 172   16.40    6.12     45.21    0.99    2.13     18.84   12.31   14.95     19.42   12.47   11.50      6.72   50.14   51.19   129.22  134.96   110.62  136.56 
 173   16.40    5.88     44.75    1.05    2.12     19.28   11.85   14.93     19.42   12.47   11.50      6.74   49.98   51.18   129.45  134.85   110.84  136.52 
 174   16.40    5.85     41.04    1.60    2.12     18.50   12.68   14.92     19.42   12.47   11.51      6.58   50.05   51.17   129.07  134.89   110.72  136.54 
 175   16.40    5.84     38.91    2.05    2.12     17.78   13.73   14.91     19.42   12.47   11.51      6.59   50.40   51.17   129.36  133.95   111.10  135.73 
 176   10.81    6.28     41.35    1.54    2.11     15.12   18.65   14.93     19.65   12.12   11.52      6.63   50.34   51.16   129.50  134.06   111.33  135.78 
 177   10.81    6.21     39.06    2.02    2.11     14.85   19.12   14.96     19.65   12.12   11.52      6.70   49.11   51.15   129.44  133.74   111.34  135.39 
 178   10.81    6.11     37.60    2.37    2.11     14.70   19.32   14.98     19.65   12.12   11.52      6.68   50.07   51.15   130.48  134.42   111.97  135.78 
 179   10.81    6.56     37.75    2.34    2.11     15.05   18.55   15.00     19.65   12.12   11.53      6.57   49.32   51.14   130.28  134.69   111.78  136.15 
 180   10.81    7.04     38.93    2.04    2.11     15.19   18.30   15.02     19.65   12.12   11.53      6.65   49.38   51.13   130.54  134.80   111.83  136.32 
 181   11.86    6.19     37.39    2.44    2.12     14.97   18.57   15.04     19.47   12.34   11.53      6.42   49.81   51.12   130.52  134.99   111.96  136.56 
 182   11.86    6.16     38.69    2.10    2.12     15.75   16.92   15.05     19.47   12.34   11.54      6.61   48.87   51.11   131.04  134.08   112.36  135.68 
 183   11.86    6.14     39.48    1.93    2.12     15.30   17.81   15.06     19.47   12.34   11.54      6.38   50.41   51.10   131.16  135.02   112.43  136.71 
 184   11.86    5.93     37.09    2.53    2.12     15.00   18.44   15.08     19.47   12.34   11.55      6.54   49.58   51.09   131.17  134.68   112.66  136.05 
 185   11.86    6.11     39.77    1.86    2.12     16.68   15.35   15.08     19.47   12.34   11.55      6.59   49.67   51.09   130.84  135.25   112.23  136.54 
 186   16.85    6.25     39.88    1.84    2.11     17.40   14.10   15.08     19.47   12.31   11.56      6.64   49.48   51.08   130.41  135.14   111.73  136.29 
 187   16.85    6.68     46.99    0.81    2.11     16.03   16.57   15.09     19.47   12.31   11.56      6.78   48.85   51.07   130.22  135.71   111.61  136.71 
 188   16.85    7.33     41.29    1.57    2.10     16.30   16.08   15.09     19.47   12.31   11.56      6.80   49.45   51.06   130.47  135.96   111.76  136.92 
 189   16.85    7.37     37.55    2.42    2.11     17.07   14.48   15.09     19.47   12.31   11.57      6.81   48.57   51.04   131.65  136.21   112.91  137.18 
 190   16.85    7.33     42.21    1.42    2.10     16.17   16.16   15.09     19.47   12.31   11.57      6.76   48.71   51.03   131.04  136.49   112.54  137.37 
 191   15.48    7.27     39.89    1.85    2.10     17.16   14.38   15.09     19.38   12.40   11.58      6.86   48.29   51.02   131.24  136.58   113.03  137.36 
 192   15.48    7.12     42.72    1.34    2.10     16.07   16.26   15.10     19.38   12.40   11.58      6.78   48.49   51.00   131.16  135.83   112.71  136.90 
 193   15.48    7.69     41.02    1.62    2.09     17.60   13.78   15.09     19.38   12.40   11.58      6.69   49.67   51.00   131.82  136.58   113.22  137.52 
 194   15.48    7.29     42.43    1.38    2.09     17.24   14.28   15.09     19.38   12.40   11.59      6.77   48.58   50.99   131.76  135.91   113.05  137.12 
 195   15.48    7.86     39.50    1.94    2.09     16.59   15.56   15.09     19.38   12.40   11.59      6.71   49.17   50.98   131.51  135.93   112.78  137.26 
 196   13.84    6.29     39.48    1.94    2.09     18.05   13.16   15.08     19.38   12.38   11.60      6.89   48.60   50.96   132.09  136.07   113.40  136.97 
 197   13.84    6.13     39.29    1.98    2.09     17.13   14.63   15.08     19.38   12.38   11.60      6.72   49.43   50.96   131.79  134.93   113.45  136.44 
 198   13.84    6.13     36.41    2.76    2.09     16.54   15.89   15.08     19.38   12.38   11.60      6.68   50.42   50.95   131.95  135.38   113.28  137.03 
 199   13.84    6.09     37.59    2.41    2.09     16.82   15.40   15.08     19.38   12.38   11.61      6.88   49.08   50.94   132.94  135.25   114.28  136.75 
 200   13.84    6.14     37.72    2.38    2.10     17.15   14.72   15.08     19.38   12.38   11.61      6.77   49.27   50.94   132.50  134.75   113.66  136.43 
 201   14.57    6.02     38.04    2.28    2.10     17.29   14.49   15.08     19.31   12.46   11.62      6.78   49.21   50.93   132.81  134.33   114.13  135.93 
 202   14.57    5.98     36.80    2.63    2.10     17.01   15.06   15.08     19.31   12.46   11.62      6.77   49.44   50.92   133.04  134.88   114.50  136.42 
 203   14.57    6.26     38.67    2.12    2.10     18.37   12.75   15.07     19.31   12.46   11.62      6.73   49.33   50.91   132.82  134.38   114.30  136.09 
 204   14.57    6.07     36.28    2.79    2.10     16.95   15.08   15.07     19.31   12.46   11.63      6.67   49.64   50.91   132.77  134.26   114.28  136.18 
 205   14.57    6.22     37.79    2.35    2.10     16.77   15.53   15.07     19.31   12.46   11.63      6.74   50.09   50.90   133.62  134.39   114.82  136.01 
 206   12.21    6.00     38.52    2.17    2.10     17.47   14.31   15.06     19.26   12.51   11.64      6.72   49.71   50.90   133.44  134.25   114.54  135.89 
 207   12.21    5.90     37.25    2.52    2.11     15.80   17.52   15.08     19.26   12.51   11.64      6.74   49.90   50.89   134.61  134.40   115.66  136.04 
 208   12.21    6.18     37.29    2.49    2.11     16.07   17.09   15.09     19.26   12.51   11.65      6.74   49.63   50.89   133.81  134.80   115.41  136.40 
 209   12.21    6.12     37.70    2.39    2.11     15.86   17.29   15.10     19.26   12.51   11.65      6.68   49.94   50.88   133.40  134.57   114.85  136.24 
 210   12.21    6.15     41.38    1.57    2.11     16.14   16.67   15.10     19.26   12.51   11.65      6.69   50.15   50.88   134.13  134.87   115.24  136.42 
 211   14.18    6.87     40.27    1.79    2.11     17.46   14.36   15.10     19.16   12.63   11.66      6.70   49.85   50.87   134.53  134.53   115.61  136.41 
 212   14.18    7.09     37.76    2.39    2.11     16.06   16.78   15.11     19.16   12.63   11.66      6.80   48.76   50.86   134.96  135.15   116.15  137.01 
 213   14.18    6.28     40.10    1.83    2.11     16.95   15.18   15.11     19.16   12.63   11.67      6.79   48.55   50.85   134.41  134.93   115.91  136.44 
 214   14.18    5.99     41.01    1.65    2.10     16.13   16.80   15.12     19.16   12.63   11.67      6.78   49.52   50.85   134.61  135.11   115.66  136.93 
 215   14.18    6.09     41.48    1.56    2.10     15.30   18.58   15.13     19.16   12.63   11.68      6.91   49.31   50.84   134.42  135.36   116.19  137.54 
 216   18.44    6.27     38.39    2.22    2.10     16.92   15.80   15.14     19.14   12.64   11.68      7.25   48.50   50.83   135.68  135.30   117.21  137.38 
 217   18.44    5.85     39.50    1.96    2.10     16.55   16.68   15.14     19.14   12.64   11.69      6.99   50.15   50.82   135.71  135.77   117.05  137.90 
 218   18.44    5.97     40.72    1.71    2.10     16.77   16.14   15.15     19.14   12.64   11.69      7.13   49.01   50.82   135.47  136.00   116.86  138.16 
 219   18.44    5.56     39.37    1.99    2.10     16.69   16.44   15.15     19.14   12.64   11.69      7.24   49.15   50.81   136.01  136.42   117.26  138.39 
 220   18.44    5.98     41.21    1.62    2.10     16.20   17.29   15.16     19.14   12.64   11.70      7.22   48.84   50.80   135.99  136.52   117.38  138.35 
 221   26.49    6.07     40.50    1.76    2.09     17.02   15.63   15.17     19.02   12.80   11.70      7.05   49.42   50.79   136.20  136.33   117.03  138.51 
 222   26.49    5.99     39.66    1.93    2.09     16.36   16.87   15.17     19.02   12.80   11.71      6.93   50.29   50.79   136.07  136.26   116.98  138.71 
 223   26.49    5.97     41.68    1.54    2.09     16.77   16.10   15.18     19.02   12.80   11.71      6.96   49.52   50.78   136.56  135.84   117.51  138.06 
 224   26.49    5.69     42.75    1.36    2.09     16.04   17.44   15.19     19.02   12.80   11.72      6.98   49.62   50.78   136.37  136.15   117.49  138.12 
 225   26.49    6.15     40.09    1.84    2.09     16.65   16.27   15.19     19.02   12.80   11.72      7.04   49.14   50.77   137.15  135.79   118.48  137.72 
 226   16.95    6.27     38.88    2.13    2.09     17.47   14.69   15.19     18.89   12.99   11.73      7.02   49.13   50.77   137.14  135.62   118.33  137.44 
 227   16.95    6.01     39.27    2.03    2.09     16.93   15.71   15.19     18.89   12.99   11.73      6.83   50.19   50.76   137.74  135.40   119.19  137.34 
 228   16.95    6.04     40.78    1.71    2.09     16.65   16.12   15.20     18.89   12.99   11.74      6.87   49.65   50.76   138.00  134.64   119.50  136.58 
 229   16.95    6.07     43.61    1.23    2.08     15.24   19.14   15.21     18.89   12.99   11.74      6.76   50.93   50.76   137.64  134.64   119.36  136.28 
 230   16.95    6.53     37.19    2.59    2.08     15.76   17.83   15.22     18.89   12.99   11.75      6.76   50.38   50.76   138.20  134.43   119.74  136.37 
 231   18.41    7.27     38.02    2.35    2.08     15.32   19.17   15.24     18.96   12.88   11.76      6.78   51.21   50.76   138.71  134.13   120.00  136.14 
 232   18.41    7.32     37.53    2.48    2.09     13.25   24.75   15.28     18.96   12.88   11.76      6.80   51.65   50.76   139.01  134.34   120.07  136.25 
 233   18.41    7.26     38.48    2.23    2.09     12.45   26.84   15.33     18.96   12.88   11.76      6.96   50.25   50.76   139.98  134.17   121.30  136.19 
 234   18.41    6.91     36.78    2.71    2.09     12.51   26.06   15.38     18.96   12.88   11.77      6.75   50.46   50.76   140.03  134.48   121.38  136.20 
 235   18.41    6.83     41.15    1.65    2.09     12.12   28.03   15.43     18.96   12.88   11.77      6.79   50.92   50.76   139.80  134.44   121.29  136.15 
 236   22.67    6.29     34.57    3.52    2.09     14.75   19.99   15.45     18.80   13.11   11.78      6.76   49.80   50.76   139.72  134.61   121.40  136.34 
 237   22.67    6.10     36.15    2.94    2.10     13.07   24.56   15.49     18.80   13.11   11.79      6.51   52.01   50.76   139.56  134.40   121.19  136.23 
 238   22.67    6.30     38.27    2.30    2.10     13.36   24.32   15.53     18.80   13.11   11.79      6.72   51.62   50.76   139.65  134.39   121.28  136.61 
 239   22.67    6.98     38.13    2.36    2.10     13.52   23.68   15.56     18.80   13.11   11.80      6.64   52.88   50.77   141.22  134.42   122.44  136.52 
 240   22.67    6.44     36.91    2.72    2.10     13.72   22.95   15.59     18.80   13.11   11.80      6.56   52.08   50.78   141.03  134.71   122.40  136.44 
 241   17.62    5.84     38.17    2.34    2.10     16.82   15.66   15.59     18.70   13.26   11.81      6.61   52.33   50.79   142.17  135.07   123.92  137.12 
 242   17.62    6.18     40.42    1.82    2.10     15.55   17.73   15.60     18.70   13.26   11.81      6.42   51.89   50.79   142.22  134.98   123.83  136.89 
 243   17.62    5.84     41.39    1.63    2.10     15.35   18.35   15.61     18.70   13.26   11.82      6.73   50.61   50.79   142.27  135.11   124.10  136.69 
 244   17.62    6.03     36.69    2.81    2.10     14.56   20.04   15.63     18.70   13.26   11.83      6.54   51.95   50.79   142.37  135.77   124.35  137.18 
 245   17.62    5.72     41.45    1.63    2.10     13.71   21.99   15.66     18.70   13.26   11.83      6.47   52.13   50.80   143.42  135.85   125.49  137.38 
 246   16.39    6.12     36.46    2.89    2.10     15.19   18.47   15.67     18.55   13.48   11.84      6.54   50.79   50.80   143.08  135.70   125.51  137.22 
 247   16.39    5.95     44.35    1.16    2.10     14.52   19.89   15.68     18.55   13.48   11.85      6.46   51.31   50.80   143.58  135.16   125.84  136.68 
 248   16.39    5.91     40.07    1.91    2.10     14.46   19.89   15.70     18.55   13.48   11.85      6.46   51.27   50.80   143.64  135.28   125.88  136.91 
 249   16.39    5.82     37.78    2.48    2.10     14.18   20.44   15.72     18.55   13.48   11.86      6.40   51.85   50.81   144.63  135.20   126.92  137.11 
 250   16.39    5.80     37.76    2.49    2.10     13.33   22.76   15.75     18.55   13.48   11.86      6.27   53.17   50.82   144.73  134.53   126.96  136.62 
 251   16.21    6.17     34.56    3.60    2.11     14.50   20.04   15.77     18.37   13.73   11.87      6.61   51.12   50.82   145.29  134.51   127.60  136.61 
 252   16.21    6.02     38.22    2.35    2.11     13.37   22.50   15.79     18.37   13.73   11.88      6.47   51.27   50.82   146.00  134.37   128.45  136.19 
 253   16.21    6.04     36.39    2.93    2.11     13.09   23.05   15.82     18.37   13.73   11.89      6.40   50.95   50.82   146.23  134.01   128.84  135.98 
 254   16.21    6.25     37.82    2.48    2.11     13.33   22.42   15.85     18.37   13.73   11.89      6.30   51.47   50.82   146.83  134.09   129.43  135.86 
 255   16.21    6.08     40.19    1.89    2.11     12.34   24.74   15.88     18.37   13.73   11.90      6.24   50.79   50.82   147.41  133.50   129.97  135.41 
 256   20.34    5.81     42.72    1.42    2.11     14.73   18.89   15.89     18.42   13.64   11.91      6.07   52.36   50.83   147.93  133.18   130.67  135.24 
 257   20.34    6.04     35.59    3.23    2.12     12.89   23.02   15.92     18.42   13.64   11.91      5.95   51.93   50.83   148.64  133.43   131.28  135.43 
 258   20.34    6.03     36.04    3.07    2.12     12.27   24.75   15.96     18.42   13.64   11.92      5.77   53.13   50.84   148.96  133.59   131.68  135.71 
 259   20.34    5.96     39.49    2.06    2.12     13.37   21.75   15.98     18.42   13.64   11.93      5.86   52.39   50.85   149.84  133.62   132.31  135.69 
 260   20.34    6.12     38.89    2.21    2.12     11.79   25.96   16.02     18.42   13.64   11.93      5.70   52.85   50.86   150.60  133.56   133.27  135.59 
 261   21.82    5.74     38.05    2.45    2.12     14.22   19.37   16.03     18.22   13.92   11.94      5.79   51.75   50.86   150.73  133.53   133.46  135.45 
 262   21.82    6.20     39.08    2.19    2.12     13.06   21.99   16.05     18.22   13.92   11.95      5.72   51.58   50.86   152.06  133.64   134.68  135.94 
 263   21.82    6.19     39.08    2.19    2.12     13.53   20.57   16.07     18.22   13.92   11.96      5.49   52.52   50.87   152.18  133.50   134.74  135.66 
 264   21.82    6.01     39.13    2.18    2.12     12.88   21.90   16.09     18.22   13.92   11.96      5.61   51.31   50.87   152.38  133.72   134.74  135.89 
 265   21.82    6.10     39.45    2.11    2.12     12.24   23.84   16.12     18.22   13.92   11.97      5.45   52.11   50.87   152.69  133.81   135.51  135.79 
 266   19.14    6.31     38.54    2.34    2.12     13.99   19.37   16.13     18.18   13.96   11.98      5.50   51.48   50.88   154.05  133.76   136.78  135.77 
 267   19.14    5.75     37.87    2.53    2.12     13.85   20.02   16.15     18.18   13.96   11.99      5.44   52.32   50.88   154.93  133.86   137.96  135.96 
 268   19.14    6.11     38.69    2.32    2.12     13.93   19.40   16.16     18.18   13.96   11.99      5.46   51.65   50.89   155.40  133.62   138.20  135.74 
 269   19.14    6.22     38.49    2.36    2.12     13.48   20.80   16.18     18.18   13.96   12.00      5.43   53.10   50.89   155.76  133.71   138.63  135.98 
 270   19.14    6.24     43.07    1.40    2.12     12.59   22.79   16.20     18.18   13.96   12.01      5.31   52.21   50.90   156.19  133.64   139.27  135.73 
 271   18.90    5.96     38.39    2.40    2.12     14.45   18.61   16.21     18.11   14.04   12.02      5.47   51.87   50.90   156.48  133.97   139.46  136.19 
 272   18.90    5.70     39.29    2.17    2.12     13.66   20.36   16.23     18.11   14.04   12.02      5.50   50.93   50.90   157.15  133.87   140.17  136.07 
 273   18.90    5.80     39.60    2.10    2.12     12.43   23.93   16.25     18.11   14.04   12.03      5.63   51.36   50.90   157.46  133.44   140.22  135.67 
 274   18.90    5.89     39.04    2.25    2.12     13.00   22.55   16.28     18.11   14.04   12.04      5.71   51.41   50.91   158.74  133.05   141.57  135.33 
 275   18.90    6.20     41.60    1.68    2.12     12.00   26.67   16.31     18.11   14.04   12.05      5.87   53.18   50.91   159.66  132.32   142.50  134.59 
 276   22.24    5.91     38.70    2.33    2.12     12.65   24.90   16.35     17.98   14.23   12.05      6.23   51.24   50.91   159.58  131.84   142.54  134.14 
 277   22.24    5.94     40.58    1.88    2.12     12.10   26.95   16.38     17.98   14.23   12.06      6.23   52.31   50.92   161.29  130.92   144.22  133.28 
 278   22.24    5.89     37.88    2.56    2.12     12.65   25.00   16.42     17.98   14.23   12.07      6.34   51.18   50.92   161.64  130.53   144.38  133.02 
 279   22.24    5.86     39.85    2.05    2.12     11.71   28.94   16.46     17.98   14.23   12.08      6.32   52.83   50.93   162.15  130.13   144.93  132.62 
 280   22.24    6.06     37.70    2.63    2.13     12.29   26.69   16.50     17.98   14.23   12.08      6.50   50.83   50.93   162.56  129.84   145.40  132.33 
 281   22.56    5.84     37.77    2.61    2.13     11.41   29.98   16.54     17.82   14.48   12.09      6.17   53.57   50.94   163.46  129.36   146.03  131.98 
 282   22.56    5.87     37.45    2.70    2.13     11.87   28.38   16.59     17.82   14.48   12.10      6.37   51.84   50.94   163.35  129.33   146.27  131.72 
 283   22.56    5.85     37.13    2.81    2.13     11.44   29.72   16.63     17.82   14.48   12.11      6.26   52.99   50.95   163.98  129.57   146.38  131.87 
 284   22.56    5.85     40.47    1.92    2.13     13.14   24.28   16.66     17.82   14.48   12.12      6.35   52.40   50.95   165.42  128.92   148.48  131.34 
 285   22.56    5.68     42.41    1.55    2.13     14.70   20.45   16.67     17.82   14.48   12.13      6.32   52.89   50.96   164.93  129.34   148.05  131.77 
 286   23.64    6.01     36.31    3.11    2.13     12.40   26.35   16.71     17.72   14.64   12.14      6.41   51.97   50.96   165.22  130.06   148.26  132.74 
 287   23.64    5.81     36.09    3.19    2.14     11.90   28.15   16.75     17.72   14.64   12.14      6.33   52.72   50.97   165.83  130.65   148.62  133.08 
 288   23.64    5.59     38.11    2.55    2.14     12.00   28.22   16.79     17.72   14.64   12.15      6.38   52.79   50.98   166.01  130.89   148.99  133.18 
 289   23.64    5.89     40.70    1.90    2.14     11.90   28.40   16.83     17.72   14.64   12.16      6.39   52.93   50.98   167.11  130.72   149.69  132.86 
 290   23.64    5.86     38.26    2.51    2.14     11.95   27.98   16.87     17.72   14.64   12.17      6.48   51.92   50.99   167.53  130.84   150.20  132.98 
 291   24.97    6.07     43.34    1.41    2.14     12.28   28.17   16.90     17.68   14.70   12.18      6.36   54.02   51.00   167.25  130.47   150.35  132.84 
 292   24.97    6.01     38.21    2.54    2.14     12.62   26.37   16.94     17.68   14.70   12.19      6.50   52.39   51.00   167.95  130.88   150.95  133.04 
 293   24.97    6.16     38.91    2.34    2.14     12.21   27.74   16.97     17.68   14.70   12.20      6.16   55.09   51.01   168.60  130.66   151.67  132.80 
 294   24.97    6.40     39.39    2.22    2.14     12.97   24.68   17.00     17.68   14.70   12.20      6.19   53.80   51.02   168.80  130.50   152.13  132.72 
 295   24.97    6.90     39.08    2.31    2.14     12.43   26.51   17.03     17.68   14.70   12.21      6.00   55.43   51.04   168.83  130.39   152.02  132.68 
 296   19.20    6.03     38.57    2.44    2.14     17.58   14.40   17.02     17.77   14.55   12.22      6.29   52.75   51.04   169.47  130.40   152.80  132.71 
 297   19.20    6.18     40.89    1.87    2.14     17.53   14.63   17.02     17.77   14.55   12.23      6.29   53.57   51.05   169.91  130.15   152.88  132.37 
 298   19.20    6.19     39.61    2.17    2.14     17.72   14.23   17.01     17.77   14.55   12.24      6.34   52.99   51.06   170.46  129.92   153.29  132.18 
 299   19.20    6.05     40.52    1.96    2.14     17.03   15.41   17.00     17.77   14.55   12.24      6.28   53.09   51.07   170.51  129.74   153.48  132.31 
 300   19.20    5.96     40.00    2.08    2.14     16.93   15.81   17.00     17.77   14.55   12.25      6.44   52.58   51.07   171.18  129.60   154.12  132.10 
 301   23.91    5.94     40.82    1.90    2.14     17.43   15.10   16.99     17.79   14.51   12.26      6.42   53.11   51.08   171.18  129.46   154.40  132.20 
 302   23.91    6.00     38.57    2.46    2.14     15.70   18.30   16.99     17.79   14.51   12.27      6.32   53.76   51.09   171.66  129.43   154.84  132.50 
 303   23.91    6.30     36.97    2.95    2.14     15.75   18.19   17.00     17.79   14.51   12.27      6.42   53.30   51.09   171.99  129.71   155.01  132.72 
 304   23.91    6.12     39.30    2.27    2.14     16.32   16.96   17.00     17.79   14.51   12.28      6.48   52.89   51.10   172.11  129.46   154.83  132.38 
 305   23.91    6.20     40.54    1.97    2.14     15.78   17.90   17.00     17.79   14.51   12.29      6.44   53.08   51.11   172.47  129.45   155.40  132.53 
 306   18.38    5.82     41.27    1.81    2.14     17.23   15.15   17.00     17.71   14.65   12.30      6.39   53.32   51.11   172.67  129.68   155.48  132.70 
 307   18.38    6.13     37.58    2.77    2.14     17.54   14.70   16.99     17.71   14.65   12.30      6.67   52.47   51.12   172.86  130.02   155.73  133.02 
 308   18.38    6.34     37.44    2.82    2.14     17.73   14.50   16.98     17.71   14.65   12.31      6.58   53.26   51.13   172.37  130.92   155.41  133.77 
 309   18.38    6.13     37.82    2.70    2.15     17.40   15.30   16.97     17.71   14.65   12.32      6.78   52.88   51.13   172.61  131.37   155.62  134.14 
 310   18.38    6.27     38.65    2.47    2.15     15.59   18.94   16.98     17.71   14.65   12.33      6.66   54.42   51.14   173.41  132.23   156.48  135.17 
 311   24.60    6.62     39.45    2.25    2.15     16.87   16.24   16.98     17.70   14.66   12.33      6.79   53.15   51.15   173.05  133.00   156.32  135.56 
 312   24.60    6.10     39.72    2.20    2.15     16.80   16.49   16.98     17.70   14.66   12.34      6.80   53.91   51.16   173.03  134.02   156.10  136.79 
 313   24.60    5.98     40.46    2.03    2.15     16.12   17.84   16.98     17.70   14.66   12.35      6.70   54.32   51.17   172.83  134.66   156.06  137.17 
 314   24.60    6.07     36.51    3.19    2.15     15.20   20.17   16.99     17.70   14.66   12.36      6.82   54.54   51.18   172.46  135.82   155.40  138.58 
 315   24.60    6.07     37.77    2.76    2.15     15.76   19.10   17.00     17.70   14.66   12.36      6.68   55.53   51.19   172.57  136.06   155.40  138.68 
 316   36.78    6.38     36.04    3.37    2.16     15.66   19.02   17.00     17.78   14.53   12.37      6.71   54.62   51.20   172.73  136.31   155.64  139.09 
 317   36.78    6.05     36.70    3.13    2.16     15.24   20.10   17.01     17.78   14.53   12.38      6.69   55.15   51.21   172.42  137.20   155.05  139.86 
 318   36.78    6.16     36.53    3.19    2.16     14.95   20.66   17.02     17.78   14.53   12.38      6.82   53.75   51.22   172.32  136.88   155.15  139.66 
 319   36.78    6.15     37.90    2.73    2.16     14.68   21.40   17.04     17.78   14.53   12.39      6.81   54.17   51.23   171.56  137.00   154.46  139.72 
 320   36.78    6.09     39.24    2.33    2.16     13.51   24.82   17.06     17.78   14.53   12.40      6.70   55.14   51.24   172.38  135.72   154.98  138.36 
 321   25.39    6.00     40.66    1.98    2.16     15.46   19.69   17.07     17.68   14.70   12.41      6.83   54.01   51.25   171.33  135.12   154.16  137.92 
 322   25.39    5.85     40.27    2.06    2.16     14.90   21.10   17.08     17.68   14.70   12.41      6.84   53.99   51.26   171.49  134.58   154.68  137.33 
 323   25.39    5.75     40.06    2.11    2.16     15.68   19.37   17.09     17.68   14.70   12.42      6.70   55.21   51.27   170.53  133.66   153.45  136.20 
 324   25.39    6.21     36.82    3.04    2.17     14.21   22.49   17.11     17.68   14.70   12.43      6.80   53.87   51.28   169.71  133.51   152.52  135.97 
 325   25.39    6.01     40.53    1.98    2.17     15.16   20.47   17.12     17.68   14.70   12.43      6.73   54.46   51.29   170.02  132.15   152.67  134.66 
 326   30.98    6.01     37.94    2.66    2.17     15.30   20.07   17.13     17.65   14.77   12.44      6.95   53.50   51.30   169.17  131.85   152.29  134.28 
 327   30.98    6.06     36.76    3.03    2.17     14.49   22.39   17.14     17.65   14.77   12.45      7.03   53.44   51.30   168.98  131.23   151.22  133.44 
 328   30.98    5.98     37.55    2.76    2.17     15.00   20.84   17.15     17.65   14.77   12.45      7.11   52.68   51.31   168.39  130.99   150.59  133.27 
 329   30.98    5.95     36.85    2.97    2.17     14.09   23.55   17.17     17.65   14.77   12.46      6.95   54.76   51.32   167.50  131.09   149.73  133.16 
 330   30.98    6.10     38.83    2.37    2.17     14.91   21.20   17.18     17.65   14.77   12.47      7.00   53.68   51.33   167.23  130.90   149.55  132.67 
 331   24.40    5.99     38.50    2.45    2.18     15.46   20.60   17.20     17.52   15.01   12.48      6.76   56.93   51.34   166.64  130.98   149.21  132.96 
 332   24.40    5.59     40.04    2.05    2.17     15.53   20.09   17.20     17.52   15.01   12.48      6.90   55.02   51.35   166.06  131.13   148.99  133.19 
 333   24.40    6.24     38.90    2.33    2.18     15.52   20.39   17.21     17.52   15.01   12.49      6.94   54.92   51.37   165.31  130.99   148.34  132.81 
 334   24.40    6.03     35.88    3.29    2.18     15.00   21.17   17.23     17.52   15.01   12.50      6.87   55.03   51.38   163.96  131.73   147.18  133.49 
 335   24.40    6.09     36.00    3.24    2.18     15.49   20.61   17.24     17.52   15.01   12.51      7.01   55.05   51.39   164.01  131.91   147.18  133.94 
 336   27.57    6.18     39.33    2.21    2.18     14.62   22.59   17.25     17.56   14.94   12.51      6.93   55.37   51.40   163.37  132.64   146.38  134.46 
 337   27.57    5.84     37.61    2.69    2.18     14.85   22.35   17.27     17.56   14.94   12.52      7.00   55.90   51.41   162.37  133.54   145.29  135.47 
 338   27.57    6.16     40.87    1.85    2.18     14.50   23.26   17.28     17.56   14.94   12.53      7.03   55.83   51.43   162.15  134.27   144.67  136.16 
 339   27.57    6.07     42.63    1.51    2.18     14.40   23.83   17.30     17.56   14.94   12.54      7.02   56.26   51.44   160.91  135.39   143.35  137.10 
 340   27.57    6.20     40.62    1.90    2.18     14.70   22.63   17.32     17.56   14.94   12.54      7.12   54.89   51.45   159.96  135.78   142.43  137.57 
 341   30.67    5.85     38.17    2.52    2.18     13.56   26.58   17.35     17.54   15.00   12.55      7.10   56.00   51.46   159.45  135.87   141.59  137.71 
 342   30.67    6.15     39.56    2.14    2.18     13.92   25.05   17.37     17.54   15.00   12.56      7.06   56.12   51.48   158.59  136.79   140.85  138.33 
 343   30.67    6.14     38.12    2.52    2.18     13.49   26.57   17.40     17.54   15.00   12.56      7.15   55.57   51.49   157.63  137.08   139.92  138.32 
 344   30.67    6.09     36.00    3.21    2.18     13.52   26.35   17.42     17.54   15.00   12.57      7.16   55.25   51.50   156.86  137.18   139.28  139.31 
 345   30.67    6.09     37.25    2.78    2.19     13.43   27.31   17.45     17.54   15.00   12.58      7.23   55.79   51.51   155.96  137.56   138.27  139.75 
 346   22.67    5.82     36.41    3.05    2.19     14.18   24.47   17.47     17.53   15.04   12.59      7.31   54.23   51.52   155.22  137.90   137.70  140.09 
 347   22.67    6.01     35.25    3.47    2.19     13.60   27.05   17.50     17.53   15.04   12.59      7.19   56.34   51.53   153.79  138.54   136.34  141.03 
 348   22.67    5.91     35.15    3.52    2.20     13.93   25.58   17.52     17.53   15.04   12.60      7.44   54.00   51.54   152.78  138.75   135.32  141.01 
 349   22.67    6.14     34.38    3.82    2.20     13.25   28.23   17.55     17.53   15.04   12.61      7.35   55.46   51.55   151.58  138.77   133.80  141.18 
 350   22.67    6.15     38.64    2.33    2.20     13.27   27.81   17.58     17.53   15.04   12.61      7.34   55.62   51.56   150.84  139.51   132.74  141.75 
 351   33.18    7.42     39.55    2.09    2.20     15.92   20.81   17.59     17.46   15.20   12.62      7.43   55.33   51.57   149.70  139.15   131.56  141.41 
 352   33.18    5.70     37.43    2.67    2.20     14.94   23.18   17.61     17.46   15.20   12.63      7.42   55.30   51.59   148.36  139.67   130.23  141.83 
 353   33.18    6.22     35.43    3.36    2.21     14.73   24.17   17.63     17.46   15.20   12.64      7.36   56.11   51.60   147.35  140.06   129.70  142.16 
 354   33.18    6.04     35.10    3.48    2.21     14.04   26.21   17.65     17.46   15.20   12.64      7.45   55.77   51.61   146.16  140.66   128.61  142.47 
 355   33.18    6.05     36.95    2.81    2.21     13.98   26.58   17.67     17.46   15.20   12.65      7.48   56.23   51.62   145.96  140.42   128.15  142.46 
 356   25.71    7.12     34.97    3.52    2.21     15.30   22.56   17.69     17.45   15.24   12.66      7.40   56.56   51.64   144.72  140.99   126.55  143.02 
 357   25.71    7.09     36.19    3.05    2.22     15.30   22.92   17.70     17.45   15.24   12.66      7.48   56.84   51.65   143.66  140.58   125.35  142.71 
 358   25.71    7.03     36.70    2.85    2.22     15.45   22.27   17.72     17.45   15.24   12.67      7.54   55.45   51.66   142.21  140.88   123.71  142.90 
 359   25.71    5.84     36.87    2.79    2.22     15.44   22.47   17.73     17.45   15.24   12.68      7.66   55.49   51.67   141.30  140.44   122.69  142.62 
 360   25.71    6.12     35.82    3.16    2.22     15.09   23.29   17.74     17.45   15.24   12.69      7.60   55.89   51.68   140.49  140.28   121.93  142.47 
 361   33.51    5.95     33.87    3.92    2.23     14.64   25.07   17.76     17.48   15.24   12.69      7.75   55.72   51.70   138.92  140.16   120.18  142.24 
 362   33.51    5.87     32.29    4.69    2.23     14.44   25.68   17.79     17.48   15.24   12.70      7.79   55.55   51.71   137.84  140.09   118.95  142.23 
 363   33.51    5.84     31.56    5.07    2.24     14.25   26.67   17.81     17.48   15.24   12.71      7.79   56.46   51.72   136.77  140.05   117.73  142.05 
 364   33.51    6.13     32.72    4.40    2.25     14.14   26.78   17.84     17.48   15.24   12.71      7.81   55.76   51.73   135.72  139.65   116.63  141.58 
 365   33.51    6.15     33.95    3.80    2.25     14.10   27.71   17.86     17.48   15.24   12.72      7.77   56.77   51.74   134.10  139.13   115.18  141.28 
 366   25.32    5.97     36.74    2.73    2.25     17.51   18.29   17.86     17.43   15.37   12.73      8.02   54.94   51.75   133.61  139.11   114.55  141.28 
 367   25.32    5.88     35.06    3.31    2.26     16.59   20.65   17.87     17.43   15.37   12.74      8.04   54.91   51.76   131.89  139.33   112.97  141.29 
 368   25.32    6.04     33.85    3.79    2.26     17.32   18.93   17.87     17.43   15.37   12.74      8.01   55.48   51.77   130.80  139.06   111.33  141.36 
 369   25.32    5.61     33.91    3.74    2.26     17.29   18.87   17.88     17.43   15.37   12.75      8.05   55.08   51.78   129.83  138.88   110.32  141.26 
 370   25.32    6.18     33.80    3.77    2.27     16.61   20.61   17.88     17.43   15.37   12.76      8.08   54.95   51.79   128.49  138.94   108.96  140.92 
 371   27.56    6.76     37.21    2.53    2.27     17.02   19.68   17.89     17.27   15.70   12.76      8.21   54.35   51.80   127.54  139.19   108.19  140.98 
 372   27.56    7.19     35.45    3.10    2.27     16.81   20.00   17.89     17.27   15.70   12.77      8.22   53.94   51.80   126.34  139.84   106.86  141.48 
 373   27.56    7.11     33.14    4.04    2.28     16.58   21.00   17.90     17.27   15.70   12.78      8.38   52.93   51.80   124.09  139.82   104.49  141.69 
 374   27.56    7.23     34.28    3.51    2.28     17.50   18.63   17.91     17.27   15.70   12.79      8.44   53.02   51.81   123.61  140.22   103.79  142.38 
 375   27.56    6.64     33.97    3.61    2.28     17.27   19.20   17.91     17.27   15.70   12.80      8.43   52.69   51.81   122.24  139.70   102.21  141.58 
 376   31.37    7.02     34.27    3.48    2.29     17.55   18.33   17.91     17.46   15.42   12.80      8.26   53.88   51.82   121.32  140.48   101.27  142.52 
 377   31.37    6.80     34.26    3.48    2.29     17.60   18.31   17.91     17.46   15.42   12.81      8.42   52.18   51.82   119.90  140.23    99.62  142.40 
 378   31.37    7.14     38.06    2.24    2.29     18.14   17.10   17.91     17.46   15.42   12.82      8.38   52.30   51.82   118.45  140.19    98.08  142.20 
 379   31.37    7.23     39.37    1.91    2.29     16.76   20.25   17.91     17.46   15.42   12.82      8.35   53.13   51.82   117.26  139.66    96.75  141.88 
 380   31.37    7.09     35.27    3.06    2.29     17.03   19.70   17.92     17.46   15.42   12.83      8.25   53.62   51.83   116.02  139.48    95.08  142.05 
 381   27.44    7.71     36.21    2.73    2.29     17.58   18.44   17.92     17.26   15.83   12.84      8.53   52.38   51.83   114.63  139.94    93.31  142.41 
 382   27.44    7.05     34.43    3.34    2.29     16.66   20.80   17.93     17.26   15.83   12.85      8.42   53.04   51.83   113.04  139.73    91.63  142.11 
 383   27.44    6.33     38.79    2.01    2.29     16.56   21.06   17.94     17.26   15.83   12.85      8.47   53.22   51.83   112.58  139.88    91.29  141.90 
 384   27.44    6.95     35.12    3.07    2.30     16.17   21.88   17.95     17.26   15.83   12.86      8.35   53.28   51.84   110.61  140.59    89.26  142.39 
 385   27.44    6.89     34.43    3.32    2.30     15.52   23.47   17.96     17.26   15.83   12.87      8.32   53.51   51.84   109.76  140.70    88.25  142.02 
 386   33.48    6.44     32.89    3.95    2.30     16.05   21.99   17.97     17.29   15.82   12.88      8.21   53.65   51.85   108.60  140.66    87.07  142.43 
 387   33.48    6.17     34.95    3.09    2.30     15.80   22.70   17.98     17.29   15.82   12.88      8.48   52.46   51.85   107.82  140.55    86.05  142.42 
 388   33.48    6.18     31.35    4.64    2.31     15.13   24.45   18.00     17.29   15.82   12.89      8.26   52.95   51.85   105.57  141.32    84.31  142.92 
 389   33.48    5.89     32.63    4.03    2.31     14.45   26.55   18.02     17.29   15.82   12.90      8.13   54.67   51.86   104.93  141.58    83.41  143.25 
 390   33.48    6.01     32.75    3.95    2.32     13.56   29.32   18.05     17.29   15.82   12.91      8.08   54.23   51.87   103.21  141.55    81.87  142.96 
 391   32.61    7.61     30.41    5.16    2.33     13.79   28.51   18.08     17.23   15.97   12.91      8.06   54.55   51.87   102.41  142.04    80.75  143.32 
 392   32.61    7.46     32.48    4.07    2.33     12.87   31.79   18.11     17.23   15.97   12.92      7.99   55.09   51.88   102.12  141.88    80.27  143.41 
 393   32.61    5.73     30.93    4.85    2.34     12.95   31.59   18.15     17.23   15.97   12.93      8.10   54.52   51.89   100.44  141.88    78.33  143.55 
