   6    1.84   14.14     44.28    1.00    0.83     20.60   12.05   13.99     52.94    0.28   46.12      7.61   55.90   55.39    98.63  136.04    80.58  136.30 
   7    1.84   12.21     52.15    0.41    0.77     17.22   17.38   14.48     52.94    0.28   39.57      7.53   55.26   55.37    99.16  136.55    81.28  136.94 
   8    1.84   13.46     42.11    1.29    0.84     17.67   16.38   14.71     52.94    0.28   34.66      7.47   56.41   55.50   100.50  136.22    82.54  136.53 
   9    1.84   13.39     46.03    0.82    0.83     16.45   18.98   15.19     52.94    0.28   30.84      7.66   54.23   55.36   100.76  135.91    82.71  136.25 
  10    1.84   13.34     48.27    0.64    0.81     15.13   21.76   15.85     52.94    0.28   27.78      7.47   55.11   55.33   102.14  135.03    84.14  135.76 
  11    1.88   13.79     41.06    1.47    0.87     21.42   10.57   15.37     52.93    0.29   25.28      7.63   52.73   55.10   102.08  135.42    84.10  136.05 
  12    1.88   13.41     41.38    1.41    0.92     18.04   15.47   15.37     52.93    0.29   23.20      7.57   53.33   54.95   102.06  135.58    83.87  136.27 
  13    1.88   14.32     37.08    2.32    1.03     18.93   14.03   15.27     52.93    0.29   21.44      7.67   54.91   54.95   103.53  134.65    85.19  135.60 
  14    1.88   14.12     43.50    1.10    1.03     18.13   15.16   15.26     52.93    0.29   19.93      7.64   54.05   54.88   104.25  134.24    86.16  135.28 
  15    1.88   14.57     43.13    1.15    1.04     16.29   18.97   15.51     52.93    0.29   18.62      7.64   53.90   54.82   104.66  134.10    86.32  134.77 
  16    2.63   13.53     55.38    0.28    0.99     18.94   14.06   15.42     52.84    0.29   17.47      8.03   50.78   54.56   104.92  133.76    86.65  134.27 
  17    2.63   12.95     43.46    1.11    1.00     18.98   13.87   15.33     52.84    0.29   16.46      7.89   53.26   54.49   106.13  133.44    88.18  133.97 
  18    2.63   12.91     42.91    1.18    1.01     19.44   13.02   15.20     52.84    0.29   15.56      7.91   51.25   54.31   106.47  133.59    88.15  134.07 
  19    2.63   13.31     42.13    1.29    1.02     17.30   17.23   15.31     52.84    0.29   14.76      7.93   52.29   54.20   106.29  133.20    88.22  133.83 
  20    2.63   13.99     43.34    1.12    1.03     17.84   15.97   15.34     52.84    0.29   14.03      7.94   52.10   54.10   107.17  133.07    88.88  133.60 
  21    3.01   14.67     43.84    1.06    1.03     22.32    9.62   15.07     32.76    2.88   13.50      8.27   49.74   53.89   107.41  133.18    89.15  133.59 
  22    3.01   14.59     46.30    0.80    1.02     20.03   12.33   14.94     32.76    2.88   13.02      8.02   50.77   53.75   107.70  133.12    89.52  133.62 
  23    3.01   14.50     38.97    1.86    1.06     19.66   12.64   14.84     32.76    2.88   12.58      8.24   49.41   53.56   108.82  133.05    90.56  133.54 
  24    3.01   13.26     39.96    1.67    1.08     18.80   13.83   14.80     32.76    2.88   12.18      7.82   50.12   53.42   109.01  133.46    90.69  133.87 
  25    3.01   14.04     40.62    1.55    1.10     16.99   16.91   14.89     32.76    2.88   11.80      8.04   48.93   53.24   109.58  133.23    91.86  133.59 
  26    4.14   13.75     40.27    1.62    1.12     18.41   14.29   14.86     36.71    1.82   11.42      7.65   50.63   53.14   109.95  133.86    92.09  134.27 
  27    4.14   13.68     41.17    1.46    1.13     18.74   13.84   14.83     36.71    1.82   11.06      7.73   50.57   53.04   110.46  134.00    92.31  134.24 
  28    4.14   15.12     40.50    1.59    1.15     17.40   15.80   14.86     36.71    1.82   10.73      7.57   50.88   52.96   110.98  133.94    92.84  134.38 
  29    4.14   15.02     36.24    2.59    1.20     16.73   16.86   14.93     36.71    1.82   10.43      7.48   51.10   52.90   111.72  134.03    93.69  133.91 
  30    4.14   15.02     47.74    0.69    1.18     16.52   17.22   15.01     36.71    1.82   10.14      7.18   52.43   52.88   111.95  134.17    93.82  134.13 
  31    6.39   13.96     42.26    1.31    1.19     18.92   12.70   14.93     34.31    2.38    9.89      7.39   50.43   52.80   112.89  134.04    94.79  134.25 
  32    6.39   14.10     43.33    1.15    1.19     17.83   14.36   14.91     34.31    2.38    9.65      7.33   50.20   52.72   112.98  133.56    94.94  133.89 
  33    6.39   14.52     44.16    1.05    1.18     17.36   15.45   14.93     34.31    2.38    9.43      7.25   50.98   52.67   112.74  134.52    94.45  134.12 
  34    6.39   13.42     40.26    1.65    1.19     15.78   17.62   15.01     34.31    2.38    9.23      7.23   50.45   52.60   113.99  133.74    96.13  133.88 
  35    6.39   15.28     51.46    0.46    1.17     16.17   17.10   15.07     34.31    2.38    9.03      7.12   49.82   52.53   113.57  134.33    94.98  134.02 
  36    9.76   15.36     38.99    1.91    1.19     18.58   12.48   15.00     31.68    3.17    8.87      7.40   48.38   52.41   114.62  133.81    96.33  133.57 
  37    9.76   14.78     41.11    1.49    1.20     18.05   13.54   14.96     31.68    3.17    8.71      7.25   48.92   52.32   114.09  134.15    95.77  133.78 
  38    9.76   13.59     44.48    1.02    1.20     18.19   13.27   14.91     31.68    3.17    8.57      7.14   49.20   52.23   114.27  134.65    95.75  134.24 
  39    9.76   13.79     40.54    1.60    1.21     18.17   13.26   14.87     31.68    3.17    8.43      7.22   48.74   52.14   114.74  134.78    96.32  134.51 
  40    9.76   14.09     37.25    2.36    1.24     16.03   16.38   14.91     31.68    3.17    8.30      7.19   48.96   52.06   116.19  134.90    97.82  134.66 
  41   34.85   15.48     46.70    0.79    1.23     17.99   13.29   14.87     23.29    8.21    8.30      6.91   48.90   51.99   115.38  135.50    96.44  135.22 
  42   34.85   13.49     45.36    0.93    1.22     17.06   14.62   14.86     23.29    8.21    8.29      7.04   48.63   51.91   115.53  136.18    96.65  135.78 
  43   34.85   14.39     42.65    1.27    1.22     16.39   15.92   14.89     23.29    8.21    8.29      6.98   49.76   51.86   115.98  136.51    97.53  135.87 
  44   34.85   14.38     37.94    2.19    1.24     15.98   16.12   14.92     23.29    8.21    8.29      6.97   48.53   51.78   117.23  136.72    98.72  136.56 
  45   34.85   14.15     35.08    3.06    1.28     15.74   16.84   14.96     23.29    8.21    8.29      7.02   48.70   51.71   117.77  137.01    99.36  136.97 
  46   21.86   15.40     37.61    2.29    1.30     17.65   13.13   14.92     27.80    4.82    8.21      6.86   47.64   51.62   118.22  137.46    99.61  137.43 
  47   21.86   14.31     43.78    1.13    1.30     17.43   13.92   14.90     27.80    4.82    8.14      7.07   47.17   51.53   117.00  138.04    98.54  137.87 
  48   21.86   15.19     37.12    2.44    1.32     17.34   13.59   14.87     27.80    4.82    8.07      6.94   47.62   51.45   118.71  137.78   100.35  137.81 
  49   21.86   13.07     39.49    1.87    1.34     17.19   13.99   14.85     27.80    4.82    8.01      6.86   48.17   51.38   119.00  138.07   100.46  138.27 
  50   21.86   14.19     37.73    2.29    1.35     16.79   14.69   14.85     27.80    4.82    7.94      6.77   48.14   51.32   118.99  138.47   100.86  138.50 
  51   16.36   13.77     38.02    2.22    1.37     19.39   11.19   14.78     32.61    2.73    7.84      7.06   48.11   51.25   119.08  138.42   101.17  138.40 
  52   16.36   14.56     41.16    1.54    1.37     17.42   14.11   14.76     32.61    2.73    7.74      6.85   48.22   51.20   118.19  138.55   100.20  138.34 
  53   16.36   15.65     34.71    3.23    1.41     18.12   12.86   14.73     32.61    2.73    7.65      7.16   48.38   51.14   119.82  138.28   101.33  138.04 
  54   16.36   15.25     35.17    3.07    1.44     17.07   14.57   14.73     32.61    2.73    7.56      7.01   47.74   51.08   120.37  138.31   101.79  137.81 
  55   16.36   15.33     41.20    1.53    1.44     16.63   15.53   14.74     32.61    2.73    7.47      7.09   47.68   51.02   119.32  138.50   100.71  137.93 
  56  210.69   15.65     40.28    1.70    1.45     19.69   10.96   14.67     19.26   12.58    7.56      6.93   49.57   50.99   119.32  138.39   100.74  137.75 
  57  210.69   15.50     40.71    1.62    1.45     18.84   12.02   14.63     19.26   12.58    7.65      6.84   50.08   50.98   120.19  138.16   101.51  137.83 
  58  210.69   14.75     41.61    1.47    1.45     17.22   14.71   14.63     19.26   12.58    7.73      7.15   49.10   50.94   120.67  137.59   101.75  137.31 
  59  210.69   14.57     35.25    3.06    1.48     15.92   16.94   14.67     19.26   12.58    7.81      7.20   49.39   50.92   122.33  137.30   103.38  137.01 
  60  210.69   14.35     34.92    3.17    1.51     14.77   19.93   14.75     19.26   12.58    7.89      7.11   50.37   50.91   122.68  137.13   103.64  136.98 
  61   44.34   14.85     36.91    2.53    1.52     22.44    8.25   14.65     28.71    4.21    7.83      7.24   48.57   50.87   122.55  137.32   103.53  137.25 
  62   44.34   15.08     36.64    2.60    1.54     18.44   13.03   14.62     28.71    4.21    7.78      7.41   48.15   50.83   122.60  136.99   103.74  136.94 
  63   44.34   15.45     35.91    2.84    1.56     18.02   13.68   14.61     28.71    4.21    7.72      7.42   48.27   50.79   123.14  136.79   104.24  136.85 
  64   44.34   15.87     37.18    2.45    1.57     17.23   15.17   14.62     28.71    4.21    7.66      7.58   48.47   50.75   123.00  136.45   104.28  136.27 
  65   44.34   16.34     37.86    2.27    1.59     17.31   15.04   14.62     28.71    4.21    7.61      7.42   49.21   50.73   123.29  136.59   104.43  136.61 
  66   90.79   15.26     37.60    2.34    1.60     18.99   12.44   14.59     23.57    7.59    7.61      7.28   50.07   50.72   123.52  136.39   104.49  136.60 
  67   90.79   13.29     37.24    2.43    1.61     19.08   12.31   14.55     23.57    7.59    7.61      7.55   49.04   50.69   123.66  136.19   104.75  136.52 
  68   90.79   14.27     35.21    3.08    1.63     18.59   13.02   14.53     23.57    7.59    7.61      7.44   49.19   50.67   123.79  135.83   105.01  136.16 
  69   90.79   13.58     36.17    2.75    1.65     17.03   15.87   14.55     23.57    7.59    7.61      7.57   50.11   50.66   124.42  135.82   105.48  136.31 
  70   90.79   15.01     36.88    2.55    1.66     17.25   15.57   14.57     23.57    7.59    7.61      7.53   49.78   50.65   124.43  135.97   105.82  136.39 
  71   71.96   15.04     35.49    3.00    1.68     14.96   20.95   14.66     26.44    5.45    7.58      7.74   50.28   50.64   124.81  136.40   106.29  137.29 
  72   71.96   14.37     35.28    3.06    1.70     19.06   13.06   14.63     26.44    5.45    7.55      7.83   49.42   50.63   124.84  136.17   106.42  136.87 
  73   71.96   14.77     35.36    3.03    1.72     17.70   15.39   14.64     26.44    5.45    7.52      7.74   50.55   50.62   125.42  136.16   106.86  136.87 
  74   71.96   15.27     36.94    2.53    1.73     18.90   13.21   14.62     26.44    5.45    7.49      7.68   50.47   50.62   125.40  136.00   106.93  136.58 
  75   71.96   14.54     35.52    2.98    1.74     17.68   15.58   14.64     26.44    5.45    7.46      7.73   51.03   50.63   125.36  135.76   107.21  136.43 
  76  744.05   15.29     34.54    3.34    1.76     21.95    9.31   14.57     17.65   15.00    7.56      7.46   52.06   50.65   125.38  135.76   107.32  136.42 
  77  744.05   14.40     33.49    3.76    1.79     17.69   15.42   14.58     17.65   15.00    7.66      7.31   52.85   50.68   125.42  135.86   107.62  136.63 
  78  744.05   14.77     33.82    3.64    1.81     16.17   18.13   14.62     17.65   15.00    7.75      7.32   53.05   50.71   125.75  135.92   107.77  137.09 
  79  744.05   17.65     33.96    3.59    1.84     20.01   11.72   14.59     17.65   15.00    7.85      7.26   53.18   50.74   126.14  135.57   108.06  136.64 
  80  744.05   15.93     36.37    2.71    1.85     18.53   13.91   14.58     17.65   15.00    7.94      7.23   53.00   50.77   125.92  135.34   107.95  136.50 
  81  117.89   16.74     32.42    4.27    1.88     19.84   11.98   14.55     30.37    3.48    7.88      7.73   50.26   50.76   126.51  135.69   108.80  136.88 
  82  117.89   14.33     32.81    4.07    1.90     20.03   11.69   14.51     30.37    3.48    7.83      7.74   49.82   50.75   126.34  135.23   108.52  136.33 
  83  117.89   15.10     34.45    3.39    1.92     19.71   12.05   14.48     30.37    3.48    7.77      7.75   49.88   50.74   126.51  135.29   108.57  136.62 
  84  117.89   15.69     34.23    3.46    1.94     19.85   11.90   14.45     30.37    3.48    7.72      7.76   49.22   50.72   126.73  135.50   108.69  136.59 
  85  117.89   15.79     35.63    2.96    1.95     19.02   13.14   14.44     30.37    3.48    7.67      7.53   50.69   50.72   126.83  135.77   108.56  136.86 
  86  150.95   14.94     34.26    3.46    1.97     17.50   15.76   14.45     22.69    8.43    7.68      7.63   50.67   50.72   127.36  135.85   109.10  136.98 
  87  150.95   15.98     33.94    3.61    1.99     16.10   19.00   14.50     22.69    8.43    7.69      7.70   50.89   50.72   126.80  135.29   108.58  136.21 
  88  150.95   15.93     35.98    2.84    2.00     17.29   16.43   14.53     22.69    8.43    7.70      7.83   49.86   50.71   126.81  135.52   108.57  136.42 
  89  150.95   16.11     36.27    2.75    2.01     16.51   18.31   14.57     22.69    8.43    7.71      7.77   51.00   50.71   126.89  135.61   108.72  136.46 
  90  150.95   14.08     35.37    3.06    2.02     16.90   17.21   14.60     22.69    8.43    7.72      7.77   51.15   50.72   126.85  136.00   108.86  136.89 
  91  193.00   14.43     33.96    3.60    2.04     16.46   18.28   14.64     19.05   12.85    7.77      7.60   51.72   50.73   127.30  135.03   109.22  135.91 
  92  193.00   15.77     34.58    3.34    2.05     19.09   13.39   14.62     19.05   12.85    7.83      7.53   51.35   50.74   127.00  135.64   108.94  136.65 
  93  193.00   15.84     36.19    2.78    2.06     17.88   15.60   14.63     19.05   12.85    7.88      7.47   52.11   50.75   126.70  135.40   108.44  136.07 
  94  193.00   15.59     36.25    2.76    2.07     17.72   15.53   14.64     19.05   12.85    7.93      7.60   51.38   50.76   127.09  135.34   108.70  135.96 
  95  193.00   14.04     35.47    3.02    2.08     15.82   19.48   14.70     19.05   12.85    7.99      7.57   51.24   50.76   127.06  135.22   108.67  135.56 
  96   66.05   16.73     35.62    2.97    2.08     16.25   18.54   14.74     22.74    8.43    7.99      7.65   51.08   50.77   127.06  135.63   108.21  136.32 
  97   66.05   16.64     38.86    2.05    2.08     18.00   15.18   14.74     22.74    8.43    8.00      7.70   50.74   50.77   127.21  135.31   108.64  136.29 
  98   66.05   14.87     33.93    3.62    2.10     17.26   16.22   14.76     22.74    8.43    8.00      7.81   49.44   50.75   127.82  134.53   109.36  135.58 
  99   66.05   14.98     41.99    1.43    2.09     18.30   14.65   14.75     22.74    8.43    8.00      7.56   50.98   50.75   126.94  135.36   108.62  136.02 
 100   66.05   15.55     37.48    2.40    2.10     18.26   14.77   14.75     22.74    8.43    8.01      7.73   51.25   50.76   127.64  135.08   109.24  135.87 
 101   58.73   14.48     38.37    2.18    2.10     19.42   12.94   14.74     26.27    5.62    7.98      7.83   50.14   50.75   127.40  135.06   108.83  136.08 
 102   58.73   15.19     41.73    1.47    2.09     20.17   11.85   14.71     26.27    5.62    7.96      7.80   50.37   50.75   127.46  135.06   108.98  135.91 
 103   58.73   16.12     35.57    3.00    2.10     19.04   13.52   14.70     26.27    5.62    7.94      7.68   51.00   50.75   128.19  134.52   109.82  135.39 
 104   58.73   15.82     42.05    1.43    2.09     18.61   14.25   14.69     26.27    5.62    7.92      7.70   50.48   50.75   126.95  134.93   108.72  135.82 
 105   58.73   14.96     41.17    1.58    2.09     19.10   13.45   14.68     26.27    5.62    7.89      7.79   50.98   50.75   127.38  135.19   109.34  136.18 
 106   46.87   14.73     42.15    1.41    2.08     20.40   11.46   14.65     28.02    4.60    7.86      7.76   50.05   50.75   127.76  135.10   109.66  136.18 
 107   46.87   14.56     38.84    2.06    2.08     18.70   14.13   14.64     28.02    4.60    7.83      7.86   50.38   50.74   127.95  134.80   110.01  135.90 
 108   46.87   14.83     42.74    1.32    2.07     17.89   15.28   14.65     28.02    4.60    7.80      7.76   50.66   50.74   128.06  135.24   109.84  136.48 
 109   46.87   14.90     38.31    2.20    2.08     18.99   13.60   14.64     28.02    4.60    7.77      7.82   50.11   50.74   127.94  134.80   109.56  136.05 
 110   46.87   15.66     39.33    1.95    2.07     18.92   13.76   14.63     28.02    4.60    7.74      7.76   50.00   50.73   127.14  135.25   108.95  136.43 
 111   55.32   16.77     41.04    1.60    2.07     21.66   10.12   14.59     27.69    4.79    7.72      7.90   50.20   50.72   127.85  134.92   109.65  136.23 
 112   55.32   16.23     38.17    2.22    2.07     21.34   10.36   14.55     27.69    4.79    7.69      7.75   50.36   50.72   128.06  134.73   110.02  136.00 
 113   55.32   17.64     40.44    1.71    2.07     20.08   12.16   14.53     27.69    4.79    7.67      7.78   51.34   50.73   128.28  134.92   109.82  136.31 
 114   55.32   16.96     40.03    1.79    2.07     20.33   11.73   14.51     27.69    4.79    7.64      7.85   50.14   50.72   127.89  134.54   109.66  135.96 
 115   55.32   16.90     44.85    1.03    2.06     20.30   11.76   14.49     27.69    4.79    7.62      7.89   49.97   50.71   127.82  134.93   109.56  136.11 
 116   56.69   14.66     42.10    1.41    2.05     21.05   10.76   14.45     26.73    5.36    7.60      7.96   49.33   50.70   127.74  134.89   109.33  136.08 
 117   56.69   15.72     41.24    1.56    2.05     18.11   15.07   14.46     26.73    5.36    7.58      8.15   48.09   50.68   128.27  134.90   109.82  136.05 
 118   56.69   15.53     41.06    1.60    2.04     20.27   11.72   14.44     26.73    5.36    7.56      8.00   48.05   50.66   127.16  134.43   108.98  135.70 
 119   56.69   15.74     36.13    2.81    2.05     18.18   14.75   14.44     26.73    5.36    7.54      7.97   48.89   50.64   128.23  133.48   110.11  135.02 
 120   56.69   14.46     37.86    2.31    2.05     18.66   13.94   14.43     26.73    5.36    7.52      7.76   49.56   50.63   127.89  133.54   110.19  135.09 
 121   46.78   15.71     34.69    3.31    2.06     20.61   11.00   14.41     26.12    5.77    7.51      7.88   48.18   50.61   128.20  133.18   110.32  135.04 
 122   46.78   15.97     39.72    1.85    2.06     19.90   12.01   14.39     26.12    5.77    7.49      7.76   49.19   50.60   128.22  133.02   110.47  134.63 
 123   46.78   16.37     40.63    1.67    2.06     21.25   10.38   14.35     26.12    5.77    7.48      7.71   49.88   50.60   127.95  133.11   110.35  134.66 
 124   46.78   15.49     41.07    1.58    2.05     19.49   12.68   14.34     26.12    5.77    7.47      7.93   48.53   50.58   127.31  133.56   109.16  134.81 
 125   46.78   15.30     37.91    2.28    2.06     19.31   12.92   14.33     26.12    5.77    7.45      7.92   48.77   50.56   128.07  133.50   110.14  134.94 
 126   55.18   16.35     39.25    1.95    2.05     20.79   10.91   14.30     28.08    4.61    7.43      7.94   48.47   50.55   127.68  133.54   109.64  135.02 
 127   55.18   16.71     37.34    2.43    2.06     22.23    9.36   14.26     28.08    4.61    7.41      7.96   48.54   50.53   127.25  133.30   109.17  134.67 
 128   55.18   15.21     35.82    2.90    2.06     20.15   11.82   14.24     28.08    4.61    7.39      8.07   48.58   50.52   128.02  132.95   110.05  134.26 
 129   55.18   14.03     39.26    1.95    2.06     19.98   12.19   14.23     28.08    4.61    7.36      8.01   48.97   50.51   128.08  133.23   109.91  134.26 
 130   55.18   14.94     37.73    2.34    2.07     19.42   12.80   14.22     28.08    4.61    7.34      8.07   48.15   50.49   128.30  133.83   110.25  134.99 
 131   43.66   11.61     43.15    1.25    2.06     20.29   11.81   14.20     26.41    5.58    7.33      7.86   49.07   50.48   127.20  133.44   109.38  134.44 
 132   43.66   11.30     38.43    2.15    2.06     20.81   10.97   14.17     26.41    5.58    7.32      8.08   48.57   50.46   128.46  134.11   110.50  135.04 
 133   43.66   11.26     39.28    1.95    2.06     19.66   12.48   14.16     26.41    5.58    7.30      8.02   47.96   50.44   128.26  134.21   109.96  135.24 
 134   43.66   11.59     37.40    2.44    2.06     18.36   14.69   14.16     26.41    5.58    7.29      8.12   47.73   50.42   128.32  133.73   110.16  134.76 
 135   43.66   11.55     44.99    1.01    2.05     18.82   14.13   14.16     26.41    5.58    7.28      8.19   48.20   50.41   128.10  134.06   109.83  134.97 
 136   51.46   13.88     39.51    1.91    2.05     20.04   12.13   14.15     26.77    5.37    7.26      8.16   48.10   50.39   128.09  134.13   109.93  135.62 
 137   51.46   12.53     44.35    1.10    2.05     20.31   11.97   14.13     26.77    5.37    7.25      8.28   47.80   50.37   128.52  134.33   110.57  135.24 
 138   51.46   11.68     40.13    1.78    2.04     20.47   11.52   14.11     26.77    5.37    7.24      8.22   46.93   50.35   127.99  134.05   109.73  135.08 
 139   51.46   11.31     40.63    1.68    2.04     19.94   12.39   14.10     26.77    5.37    7.22      8.22   48.20   50.33   128.48  134.51   110.22  135.64 
 140   51.46   12.47     39.45    1.93    2.04     20.52   11.34   14.08     26.77    5.37    7.21      8.13   47.51   50.31   128.20  133.90   110.27  135.08 
 141   48.44   11.32     39.58    1.90    2.04     21.14   10.70   14.06     27.05    5.21    7.20      8.12   48.63   50.30   128.67  134.24   110.79  135.41 
 142   48.44   11.36     39.29    1.96    2.04     20.70   10.95   14.04     27.05    5.21    7.18      7.93   47.70   50.28   128.25  133.59   110.22  134.76 
 143   48.44   11.31     41.93    1.44    2.04     20.44   11.39   14.02     27.05    5.21    7.17      7.95   48.50   50.27   128.40  133.76   110.56  134.84 
 144   48.44   11.28     39.83    1.84    2.03     19.47   12.66   14.01     27.05    5.21    7.15      7.91   47.73   50.25   127.54  133.18   109.82  134.47 
 145   48.44   11.31     41.43    1.52    2.03     20.01   11.92   13.99     27.05    5.21    7.14      7.93   48.90   50.24   128.09  133.20   110.49  134.38 
 146   43.97   12.13     43.27    1.23    2.02     21.54    9.86   13.97     25.78    6.03    7.13      7.86   48.00   50.23   128.18  133.29   110.28  134.45 
 147   43.97   11.76     42.14    1.41    2.02     20.65   11.08   13.95     25.78    6.03    7.13      7.83   49.23   50.22   128.41  133.65   110.64  134.63 
 148   43.97   11.87     38.89    2.04    2.02     18.88   13.35   13.94     25.78    6.03    7.12      7.85   48.34   50.21   128.61  133.30   110.52  134.75 
 149   43.97   11.90     47.92    0.72    2.01     20.30   11.67   13.93     25.78    6.03    7.11      7.92   48.20   50.19   127.89  133.49   109.97  134.93 
 150   43.97   11.61     46.98    0.80    2.00     19.49   12.57   13.92     25.78    6.03    7.10      8.17   46.62   50.17   128.05  132.82   110.35  134.13 
 151   60.83   11.99     43.85    1.15    2.00     21.00   10.74   13.90     26.45    5.59    7.09      8.08   47.82   50.15   127.28  133.42   109.51  134.53 
 152   60.83   11.76     48.44    0.68    1.99     20.90   10.82   13.88     26.45    5.59    7.08      8.12   47.74   50.14   127.88  133.29   110.22  134.38 
 153   60.83   11.76     43.35    1.22    1.98     22.69    8.74   13.84     26.45    5.59    7.07      7.92   48.31   50.12   128.14  132.70   110.28  134.19 
 154   60.83   11.72     39.42    1.92    1.98     20.22   11.63   13.83     26.45    5.59    7.06      8.03   48.02   50.11   128.51  133.54   110.37  134.95 
 155   60.83   11.94     41.77    1.46    1.98     20.03   11.78   13.82     26.45    5.59    7.05      7.89   47.78   50.10   128.14  133.19   110.18  134.78 
 156   47.99   11.55     39.14    1.98    1.98     21.37   10.04   13.79     26.13    5.80    7.05      8.01   47.22   50.08   128.42  133.09   110.58  134.90 
 157   47.99   11.35     39.85    1.83    1.98     19.83   12.13   13.78     26.13    5.80    7.04      7.60   49.47   50.07   127.79  133.06   109.99  134.90 
 158   47.99   11.31     42.49    1.35    1.98     20.71   10.77   13.76     26.13    5.80    7.03      7.74   48.51   50.06   128.36  133.38   110.18  135.11 
 159   47.99   11.30     38.04    2.26    1.98     19.92   11.76   13.75     26.13    5.80    7.02      7.71   48.48   50.05   128.84  133.66   110.72  135.38 
 160   47.99   11.33     37.81    2.31    1.98     18.80   13.27   13.75     26.13    5.80    7.02      7.73   48.40   50.04   128.24  133.35   109.87  134.38 
 161   49.72   12.19     37.90    2.29    1.98     19.95   11.66   13.73     26.16    5.78    7.01      7.80   48.29   50.03   128.70  134.33   110.52  135.30 
 162   49.72   12.06     37.74    2.34    1.98     19.66   11.81   13.72     26.16    5.78    7.00      7.77   47.10   50.01   128.69  134.02   110.11  135.25 
 163   49.72   13.46     41.05    1.60    1.98     19.40   12.21   13.71     26.16    5.78    6.99      7.83   47.04   50.00   128.77  133.77   110.28  134.90 
 164   49.72   13.49     40.67    1.67    1.98     19.49   11.88   13.70     26.16    5.78    6.98      7.80   46.55   49.98   128.58  134.17   110.00  135.42 
 165   49.72   13.38     38.76    2.09    1.98     19.04   12.70   13.69     26.16    5.78    6.98      7.86   47.08   49.96   128.73  134.33   110.20  135.55 
 166   66.35   12.27     48.61    0.67    1.97     20.62   10.36   13.67     26.57    5.51    6.97      7.68   46.97   49.94   128.65  133.97   109.95  135.49 
 167   66.35   12.18     45.80    0.92    1.97     21.14    9.73   13.65     26.57    5.51    6.96      7.64   47.13   49.92   128.60  134.25   109.94  135.52 
 168   66.35   11.26     41.83    1.47    1.96     20.22   10.73   13.63     26.57    5.51    6.95      7.55   47.39   49.91   128.75  134.47   110.12  135.90 
 169   66.35   11.67     39.08    2.00    1.96     20.20   10.75   13.62     26.57    5.51    6.94      7.62   46.36   49.89   128.98  134.22   110.47  135.51 
 170   66.35   11.86     40.53    1.70    1.96     20.64   10.11   13.60     26.57    5.51    6.93      7.44   47.02   49.87   128.73  134.30   110.11  135.53 
 171   47.52   12.14     40.32    1.75    1.96     20.66   10.13   13.58     25.85    5.97    6.93      7.45   47.58   49.86   129.18  133.99   110.32  135.27 
 172   47.52   11.67     44.87    1.03    1.96     19.43   11.37   13.56     25.85    5.97    6.92      7.37   46.50   49.84   129.40  134.53   110.54  135.39 
 173   47.52   11.35     41.60    1.51    1.95     20.07   10.70   13.55     25.85    5.97    6.92      7.41   46.34   49.82   129.62  134.42   110.76  135.36 
 174   47.52   11.76     42.24    1.39    1.95     19.29   11.56   13.53     25.85    5.97    6.91      7.26   46.37   49.80   128.99  134.22   110.21  135.12 
 175   47.52   11.61     39.09    2.01    1.95     18.57   12.58   13.53     25.85    5.97    6.91      7.28   46.81   49.78   129.31  134.04   110.48  135.00 
 176   64.85   11.34     44.42    1.08    1.94     21.95    8.49   13.50     26.13    5.77    6.90      7.28   46.61   49.76   129.45  134.15   110.71  135.05 
 177   64.85   11.28     39.72    1.87    1.94     20.98    9.44   13.48     26.13    5.77    6.89      7.40   45.62   49.74   129.38  133.83   110.73  134.66 
 178   64.85   11.29     41.05    1.59    1.94     19.06   11.73   13.47     26.13    5.77    6.89      7.38   46.26   49.72   129.84  134.09   111.18  134.98 
 179   64.85   11.37     40.12    1.78    1.94     19.85   10.70   13.45     26.13    5.77    6.88      7.33   45.69   49.70   129.41  133.99   110.80  134.46 
 180   64.85   11.28     42.27    1.39    1.94     19.82   10.82   13.44     26.13    5.77    6.88      7.35   46.29   49.68   129.68  134.10   110.84  134.61 
 181   79.09   12.55     42.04    1.43    1.94     21.10    9.21   13.41     25.77    6.00    6.87      7.18   46.45   49.66   129.65  134.28   110.97  134.86 
 182   79.09   11.50     41.57    1.51    1.93     19.42   11.16   13.40     25.77    6.00    6.87      7.34   45.72   49.64   130.41  133.98   111.34  134.82 
 183   79.09   12.08     41.85    1.47    1.93     19.43   11.16   13.39     25.77    6.00    6.86      7.14   46.75   49.62   130.00  134.22   111.47  134.73 
 184   79.09   11.58     41.89    1.45    1.93     20.20   10.30   13.37     25.77    6.00    6.86      7.28   46.51   49.61   129.72  134.19   110.97  134.96 
 185   79.09   12.04     42.64    1.34    1.93     19.28   11.47   13.36     25.77    6.00    6.85      7.39   46.28   49.59   129.79  134.42   110.75  135.14 
 186   53.60   11.76     41.28    1.56    1.92     19.89   10.61   13.35     25.18    6.40    6.85      7.39   46.20   49.57   130.02  134.93   111.35  135.21 
 187   53.60   12.17     41.13    1.60    1.92     18.72   11.95   13.34     25.18    6.40    6.85      7.47   45.43   49.55   130.80  134.73   112.12  135.17 
 188   53.60   11.86     40.71    1.67    1.92     18.91   11.81   13.33     25.18    6.40    6.84      7.36   46.29   49.53   130.73  135.46   112.29  135.78 
 189   53.60   11.29     38.35    2.21    1.92     18.29   12.73   13.33     25.18    6.40    6.84      7.44   45.34   49.51   130.13  135.42   111.73  135.65 
 190   53.60   11.32     40.19    1.79    1.92     19.12   11.48   13.32     25.18    6.40    6.84      7.48   45.72   49.49   130.64  135.30   112.12  135.84 
 191   61.11   11.35     40.08    1.81    1.92     19.63   10.74   13.31     25.14    6.42    6.84      7.44   45.61   49.47   131.27  135.63   112.62  136.11 
 192   61.11   11.89     44.50    1.09    1.92     19.42   11.03   13.29     25.14    6.42    6.84      7.38   45.52   49.45   130.62  135.65   111.98  136.23 
 193   61.11   13.60     46.40    0.87    1.91     19.51   10.96   13.28     25.14    6.42    6.83      7.34   46.31   49.43   131.59  135.68   112.89  136.09 
 194   61.11   11.70     43.35    1.24    1.91     18.53   12.26   13.28     25.14    6.42    6.83      7.39   45.80   49.41   131.60  135.53   112.40  136.30 
 195   61.11   13.31     36.70    2.68    1.91     18.13   12.96   13.27     25.14    6.42    6.83      7.29   46.20   49.40   132.16  135.12   112.81  136.08 
 196   72.11   11.34     37.22    2.52    1.91     20.42    9.95   13.26     25.34    6.26    6.83      7.50   45.19   49.37   132.50  134.78   113.11  135.80 
 197   72.11   11.32     39.30    1.98    1.91     19.71   10.86   13.25     25.34    6.26    6.82      7.29   46.19   49.36   132.22  134.82   112.95  135.85 
 198   72.11   11.34     36.81    2.64    1.92     19.52   11.21   13.24     25.34    6.26    6.82      7.31   46.58   49.34   132.20  134.54   112.58  135.39 
 199   72.11   11.40     39.91    1.84    1.92     19.53   11.23   13.23     25.34    6.26    6.82      7.47   45.69   49.33   132.43  134.43   112.84  135.22 
 200   72.11   11.33     37.77    2.36    1.92     17.58   13.97   13.23     25.34    6.26    6.81      7.37   46.05   49.31   132.62  134.54   113.09  134.91 
 201   74.75   13.50     42.30    1.40    1.92     21.33    9.12   13.21     25.42    6.18    6.81      7.47   45.55   49.29   132.31  134.07   112.81  134.78 
 202   74.75   12.20     40.61    1.69    1.92     19.11   11.75   13.20     25.42    6.18    6.81      7.48   45.60   49.27   133.01  133.86   113.80  134.62 
 203   74.75   11.34     41.16    1.59    1.91     19.95   10.64   13.19     25.42    6.18    6.81      7.42   45.64   49.25   132.59  133.78   113.24  134.68 
 204   74.75   11.34     38.52    2.16    1.92     19.05   11.82   13.18     25.42    6.18    6.80      7.34   45.99   49.24   132.79  133.86   113.20  134.81 
 205   74.75   11.35     40.17    1.79    1.92     18.14   13.24   13.18     25.42    6.18    6.80      7.45   46.03   49.22   132.93  133.73   113.18  134.73 
 206   83.70   12.00     36.87    2.63    1.92     19.23   11.56   13.17     25.21    6.33    6.80      7.35   46.22   49.21   133.69  133.46   114.17  134.29 
 207   83.70   11.93     38.84    2.10    1.92     18.75   12.39   13.17     25.21    6.33    6.79      7.34   46.52   49.20   132.88  133.82   113.04  134.42 
 208   83.70   11.83     41.53    1.53    1.92     18.72   12.45   13.17     25.21    6.33    6.79      7.48   46.02   49.18   133.04  133.57   113.23  134.31 
 209   83.70   12.13     37.51    2.44    1.92     18.25   13.09   13.17     25.21    6.33    6.79      7.38   46.07   49.17   133.26  134.02   113.39  134.86 
 210   83.70   11.80     40.08    1.82    1.92     19.25   11.56   13.16     25.21    6.33    6.79      7.33   46.36   49.15   134.12  133.87   114.45  134.88 
 211   69.79   12.56     37.78    2.38    1.92     19.31   11.51   13.15     24.87    6.56    6.79      7.32   46.41   49.14   133.58  133.60   113.92  134.42 
 212   69.79   12.56     37.84    2.37    1.92     19.14   11.68   13.14     24.87    6.56    6.79      7.47   45.37   49.12   133.93  134.18   114.21  135.06 
 213   69.79   11.98     37.01    2.61    1.93     17.83   13.60   13.15     24.87    6.56    6.78      7.50   45.13   49.10   134.00  133.76   114.14  134.69 
 214   69.79   12.54     38.75    2.13    1.93     17.73   13.90   13.15     24.87    6.56    6.78      7.45   46.00   49.09   133.91  134.19   114.01  135.24 
 215   69.79   12.64     38.96    2.09    1.93     17.34   14.61   13.16     24.87    6.56    6.78      7.58   46.08   49.07   134.64  134.07   114.72  135.37 
 216   77.38   11.44     42.54    1.38    1.93     20.00   10.97   13.15     24.91    6.53    6.78      7.86   45.17   49.06   135.18  134.10   115.12  135.40 
 217   77.38   11.35     41.06    1.64    1.93     19.51   11.75   13.14     24.91    6.53    6.78      7.57   46.96   49.05   135.09  134.72   115.17  136.02 
 218   77.38   11.94     39.82    1.90    1.92     19.58   11.60   13.13     24.91    6.53    6.78      7.75   45.68   49.03   134.85  134.94   114.98  136.28 
 219   77.38   12.07     41.25    1.61    1.92     18.79   12.79   13.13     24.91    6.53    6.78      7.82   46.00   49.02   135.40  135.38   115.39  136.50 
 220   77.38   11.34     43.20    1.29    1.92     17.65   14.50   13.14     24.91    6.53    6.78      7.81   45.74   49.00   135.37  135.48   115.51  136.46 
 221   83.60   12.15     40.01    1.86    1.92     19.00   12.37   13.13     24.99    6.45    6.78      7.77   45.55   48.99   135.04  135.71   115.44  136.64 
 222   83.60   11.68     45.54    0.98    1.92     20.43   10.55   13.12     24.99    6.45    6.77      7.58   46.97   48.98   135.71  135.70   116.22  136.71 
 223   83.60   11.95     40.86    1.69    1.92     19.94   11.02   13.11     24.99    6.45    6.77      7.64   45.98   48.96   135.98  135.41   115.90  136.53 
 224   83.60   11.69     40.91    1.68    1.91     16.79   15.88   13.13     24.99    6.45    6.77      7.66   45.93   48.95   136.54  135.14   116.46  136.25 
 225   83.60   11.93     40.97    1.67    1.91     16.72   15.96   13.14     24.99    6.45    6.77      7.74   45.26   48.93   136.79  135.18   116.96  136.17 
 226   70.72   11.40     38.83    2.14    1.91     19.52   11.42   13.13     24.57    6.77    6.77      7.65   45.58   48.92   137.07  134.79   116.76  135.85 
 227   70.72   11.35     40.23    1.82    1.91     17.96   13.74   13.13     24.57    6.77    6.77      7.45   46.48   48.91   137.47  134.70   117.42  135.79 
 228   70.72   11.25     38.17    2.31    1.92     16.62   15.93   13.15     24.57    6.77    6.77      7.51   45.92   48.90   137.73  133.95   117.73  135.03 
 229   70.72   11.34     42.55    1.39    1.91     16.14   17.08   13.16     24.57    6.77    6.77      7.36   47.29   48.89   137.69  134.57   118.14  135.67 
 230   70.72   11.29     36.04    2.96    1.92     15.50   18.16   13.18     24.57    6.77    6.77      7.38   46.66   48.88   137.77  134.03   118.31  135.29 
 231   96.20   11.45     37.44    2.51    1.92     18.39   13.32   13.19     24.57    6.76    6.77      7.40   47.52   48.87   138.27  133.74   118.57  135.06 
 232   96.20   11.42     38.57    2.20    1.92     15.46   19.23   13.21     24.57    6.76    6.77      7.44   48.11   48.87   138.57  133.63   119.09  135.10 
 233   96.20   11.55     38.36    2.26    1.92     14.71   21.02   13.24     24.57    6.76    6.77      7.55   47.31   48.86   139.21  132.88   119.86  134.37 
 234   96.20   11.33     37.03    2.63    1.93     14.45   21.42   13.28     24.57    6.76    6.77      7.38   47.48   48.86   138.29  133.29   119.02  134.83 
 235   96.20   11.45     39.55    1.98    1.93     14.30   22.08   13.32     24.57    6.76    6.77      7.40   48.09   48.85   139.02  133.55   119.78  135.00 
 236   83.96   11.58     35.21    3.27    1.93     18.35   13.31   13.32     24.35    6.94    6.77      7.38   46.70   48.84   139.37  133.59   120.23  134.92 
 237   83.96   11.34     35.55    3.15    1.94     16.53   16.59   13.33     24.35    6.94    6.77      7.06   48.94   48.84   139.04  133.49   119.85  135.05 
 238   83.96   11.31     40.21    1.84    1.94     16.97   16.14   13.34     24.35    6.94    6.77      7.30   48.61   48.84   139.72  134.15   120.84  135.37 
 239   83.96   11.30     36.13    2.97    1.94     16.61   17.11   13.36     24.35    6.94    6.77      7.24   49.62   48.85   140.01  133.85   121.01  134.99 
 240   83.96   11.30     36.23    2.94    1.94     16.24   17.32   13.38     24.35    6.94    6.77      7.16   49.45   48.85   140.80  134.42   121.70  135.87 
 241  115.10   11.31     36.90    2.71    1.95     19.34   12.15   13.37     24.43    6.87    6.77      7.38   48.12   48.85   141.01  134.29   121.89  135.64 
 242  115.10   11.31     37.14    2.65    1.95     16.84   15.82   13.38     24.43    6.87    6.77      7.20   48.10   48.84   141.10  134.64   121.76  135.69 
 243  115.10   11.33     37.20    2.64    1.95     15.76   17.90   13.40     24.43    6.87    6.77      7.58   46.53   48.83   141.64  134.75   122.44  135.72 
 244  115.10   11.32     35.69    3.15    1.96     14.60   20.07   13.43     24.43    6.87    6.77      7.34   47.81   48.83   142.74  134.60   123.63  135.72 
 245  115.10   11.33     35.78    3.12    1.96     14.25   21.54   13.46     24.43    6.87    6.78      7.29   47.88   48.83   141.89  134.84   122.93  135.59 
 246   98.23   13.05     35.05    3.40    1.97     19.11   12.14   13.45     24.38    6.90    6.78      7.41   46.99   48.82   142.36  134.94   123.46  135.64 
 247   98.23   12.15     38.34    2.32    1.97     16.75   15.87   13.46     24.38    6.90    6.78      7.37   47.13   48.81   142.86  134.40   123.79  135.09 
 248   98.23   13.08     36.62    2.84    1.97     16.92   15.36   13.47     24.38    6.90    6.78      7.39   46.87   48.80   142.91  134.52   123.83  135.32 
 249   98.23   12.15     36.92    2.74    1.98     15.19   18.53   13.49     24.38    6.90    6.78      7.27   47.76   48.80   143.90  134.42   124.85  135.53 
 250   98.23   12.88     36.65    2.83    1.98     13.74   22.12   13.53     24.38    6.90    6.78      7.13   48.76   48.80   143.89  134.10   124.88  135.24 
 251  123.68   11.74     34.34    3.69    1.99     18.45   12.94   13.52     24.35    6.92    6.78      7.21   48.22   48.80   144.07  133.96   125.14  135.20 
 252  123.68   12.32     39.21    2.10    1.99     15.82   17.14   13.54     24.35    6.92    6.78      7.13   48.20   48.79   144.64  134.10   125.87  135.28 
 253  123.68   11.34     35.08    3.40    1.99     14.61   19.55   13.56     24.35    6.92    6.78      7.05   47.99   48.79   144.87  133.73   126.25  135.08 
 254  123.68   11.65     36.12    3.02    2.00     15.22   18.15   13.58     24.35    6.92    6.78      6.96   48.17   48.79   145.54  133.29   126.92  134.48 
 255  123.68   11.61     38.95    2.18    2.00     13.84   20.69   13.61     24.35    6.92    6.78      6.91   47.61   48.78   146.45  132.73   127.89  134.15 
 256   87.78   11.53     38.98    2.18    2.00     18.78   11.75   13.60     23.83    7.34    6.78      7.06   47.12   48.78   146.79  132.77   128.39  134.34 
 257   87.78   11.77     34.70    3.58    2.01     15.44   16.95   13.61     23.83    7.34    6.78      6.97   46.35   48.77   147.50  133.02   129.00  134.52 
 258   87.78   11.77     35.44    3.29    2.01     13.64   20.99   13.64     23.83    7.34    6.79      6.75   47.59   48.76   147.58  133.10   129.09  134.79 
 259   87.78   11.83     43.07    1.36    2.01     13.34   21.84   13.67     23.83    7.34    6.79      6.82   46.93   48.76   149.34  133.12   130.83  134.53 
 260   87.78   11.78     41.11    1.72    2.01     12.96   22.69   13.71     23.83    7.34    6.79      6.59   47.75   48.75   149.42  133.19   131.07  134.77 
 261   78.74   11.45     36.61    2.89    2.01     18.33   12.03   13.70     23.30    7.79    6.79      6.67   46.64   48.74   149.77  133.08   131.27  134.81 
 262   78.74   12.32     37.72    2.55    2.01     16.57   14.54   13.71     23.30    7.79    6.80      6.61   46.39   48.74   150.69  133.07   132.11  134.81 
 263   78.74   12.48     36.62    2.91    2.02     14.45   18.27   13.72     23.30    7.79    6.80      6.30   47.60   48.73   151.09  132.94   132.49  134.94 
 264   78.74   11.51     37.57    2.61    2.02     12.59   22.31   13.76     23.30    7.79    6.81      6.44   46.40   48.72   152.02  133.00   133.24  134.66 
 265   78.74   12.60     36.37    3.00    2.02     12.67   22.16   13.79     23.30    7.79    6.81      6.27   47.22   48.72   151.85  132.76   133.21  134.35 
 266  105.91   12.18     36.83    2.85    2.02     17.32   12.75   13.78     23.73    7.39    6.81      6.41   46.09   48.71   152.22  132.67   133.74  134.22 
 267  105.91   11.71     38.49    2.36    2.03     14.79   17.42   13.80     23.73    7.39    6.81      6.31   46.97   48.70   153.74  133.03   135.26  134.86 
 268  105.91   11.78     35.72    3.26    2.03     14.12   18.50   13.81     23.73    7.39    6.82      6.35   46.07   48.69   153.67  133.10   135.34  134.91 
 269  105.91   11.79     39.27    2.16    2.03     13.13   21.30   13.84     23.73    7.39    6.82      6.21   47.77   48.69   154.03  133.19   135.76  135.15 
 270  105.91   12.24     37.91    2.54    2.03     12.66   22.03   13.87     23.73    7.39    6.82      6.17   46.69   48.68   154.97  133.12   136.12  134.23 
 271  122.40   12.07     37.00    2.82    2.04     17.73   12.25   13.87     23.84    7.27    6.82      6.29   46.18   48.67   154.82  133.40   135.89  134.58 
 272  122.40   12.02     39.14    2.21    2.04     16.41   14.30   13.87     23.84    7.27    6.82      6.32   45.48   48.66   155.74  133.13   136.95  134.28 
 273  122.40   11.85     36.54    2.99    2.04     12.79   21.98   13.90     23.84    7.27    6.83      6.41   45.93   48.65   156.05  132.71   137.00  133.86 
 274  122.40   11.75     36.51    3.01    2.04     12.74   22.28   13.93     23.84    7.27    6.83      6.38   46.62   48.64   157.42  132.30   138.44  133.68 
 275  122.40   12.52     36.34    3.07    2.05     12.71   23.55   13.96     23.84    7.27    6.83      6.34   49.37   48.64   157.80  131.75   138.82  133.10 
 276  123.77   12.41     36.38    3.05    2.05     17.55   13.61   13.96     23.38    7.66    6.83      6.55   48.35   48.64   158.00  131.03   139.16  132.29 
 277  123.77   11.36     37.40    2.71    2.05     16.62   15.56   13.97     23.38    7.66    6.83      6.54   49.41   48.65   158.80  130.41   140.05  131.88 
 278  123.77   12.40     37.70    2.61    2.06     15.89   16.71   13.98     23.38    7.66    6.84      6.55   49.15   48.65   159.31  130.03   140.16  131.64 
 279  123.77   11.36     38.68    2.34    2.06     15.35   18.32   13.99     23.38    7.66    6.84      6.57   50.23   48.65   160.52  129.58   141.62  131.08 
 280  123.77   12.39     34.32    3.89    2.06     14.58   19.70   14.01     23.38    7.66    6.84      6.73   48.54   48.65   160.17  129.34   141.51  130.97 
 281  116.99   11.53     34.63    3.75    2.07     16.83   15.49   14.02     23.41    7.62    6.85      6.85   48.47   48.65   161.07  128.86   142.14  130.62 
 282  116.99   12.46     35.24    3.48    2.07     16.28   16.33   14.03     23.41    7.62    6.85      6.97   47.69   48.65   160.92  128.74   141.89  130.42 
 283  116.99   11.89     37.76    2.61    2.08     15.32   18.51   14.04     23.41    7.62    6.85      6.90   48.06   48.65   162.57  128.86   143.41  130.43 
 284  116.99   12.16     34.40    3.87    2.08     15.25   18.75   14.06     23.41    7.62    6.85      7.05   47.61   48.64   162.22  128.82   143.15  130.49 
 285  116.99   11.32     35.25    3.53    2.09     15.72   17.79   14.07     23.41    7.62    6.86      6.93   48.07   48.64   163.32  128.99   144.01  130.66 
 286   93.75   12.26     36.79    2.95    2.09     18.64   12.59   14.07     23.12    7.87    6.86      7.05   47.16   48.64   163.76  129.14   144.30  130.90 
 287   93.75   11.61     37.42    2.74    2.09     16.97   15.51   14.07     23.12    7.87    6.86      6.95   48.19   48.63   164.15  129.67   144.81  131.23 
 288   93.75   11.98     35.70    3.36    2.10     16.70   16.15   14.08     23.12    7.87    6.87      6.96   48.31   48.63   164.29  130.06   145.34  131.67 
 289   93.75   11.77     37.98    2.59    2.10     16.21   17.07   14.09     23.12    7.87    6.87      6.97   48.80   48.63   165.26  130.16   145.90  131.67 
 290   93.75   11.97     37.56    2.71    2.10     16.30   16.72   14.10     23.12    7.87    6.87      7.04   48.12   48.63   165.25  130.61   146.23  132.26 
 291  136.47   12.28     35.57    3.44    2.11     18.00   14.15   14.10     23.17    7.82    6.88      6.89   50.30   48.64   165.67  130.13   146.65  131.92 
 292  136.47   12.96     34.49    3.90    2.11     16.32   16.84   14.11     23.17    7.82    6.88      7.10   48.35   48.64   166.03  130.35   147.20  132.11 
 293  136.47   13.05     37.10    2.88    2.11     16.46   16.79   14.12     23.17    7.82    6.88      6.75   50.93   48.64   166.98  130.34   148.37  132.04 
 294  136.47   12.38     35.81    3.36    2.12     16.59   16.24   14.12     23.17    7.82    6.89      6.82   49.55   48.65   166.75  130.27   148.28  131.83 
 295  136.47   11.41     33.57    4.35    2.13     15.91   17.63   14.14     23.17    7.82    6.89      6.64   50.96   48.66   166.79  130.16   148.17  131.79 
 296  120.37   12.56     35.73    3.39    2.13     17.29   14.74   14.14     22.89    8.07    6.89      6.94   48.62   48.66   167.68  129.74   149.03  131.28 
 297  120.37   12.27     37.51    2.76    2.13     16.99   15.61   14.14     22.89    8.07    6.90      6.94   49.37   48.66   168.22  129.75   149.33  131.43 
 298  120.37   12.21     35.56    3.46    2.14     16.64   16.03   14.15     22.89    8.07    6.90      7.05   48.46   48.66   168.77  129.51   149.73  131.24 
 299  120.37   12.00     35.47    3.51    2.14     16.23   16.72   14.16     22.89    8.07    6.91      6.97   48.85   48.66   168.81  129.32   149.92  131.40 
 300  120.37   12.12     35.71    3.42    2.15     16.56   16.03   14.16     22.89    8.07    6.91      7.10   48.32   48.66   169.53  129.39   150.47  131.02 
 301  126.28   12.71     35.69    3.43    2.15     18.17   13.57   14.16     22.97    7.99    6.91      7.08   49.01   48.66   169.66  129.39   150.58  131.04 
 302  126.28   11.29     35.46    3.52    2.15     16.32   16.84   14.17     22.97    7.99    6.92      6.97   49.63   48.66   169.62  129.14   150.64  130.66 
 303  126.28   12.10     34.97    3.72    2.16     16.28   16.94   14.18     22.97    7.99    6.92      7.04   49.49   48.66   169.86  129.39   150.80  131.00 
 304  126.28   11.35     35.98    3.32    2.16     15.47   18.73   14.20     22.97    7.99    6.92      7.10   49.04   48.67   170.24  129.36   151.39  131.01 
 305  126.28   12.51     37.10    2.93    2.17     15.88   17.68   14.21     22.97    7.99    6.93      7.01   49.56   48.67   171.20  129.57   152.59  131.54 
 306   91.25   12.31     36.24    3.24    2.17     17.68   14.39   14.21     22.59    8.35    6.93      6.99   49.70   48.67   170.68  129.81   152.14  131.67 
 307   91.25   11.37     36.26    3.23    2.17     17.42   15.05   14.21     22.59    8.35    6.94      7.28   48.76   48.67   170.87  130.14   152.39  132.00 
 308   91.25   12.34     36.16    3.27    2.18     16.61   16.64   14.22     22.59    8.35    6.94      7.17   49.55   48.67   170.89  130.79   152.32  132.75 
 309   91.25   11.37     35.88    3.38    2.18     16.25   17.68   14.23     22.59    8.35    6.95      7.37   49.67   48.68   171.13  131.25   152.53  133.11 
 310   91.25   11.48     37.35    2.88    2.18     15.46   19.30   14.25     22.59    8.35    6.95      7.23   51.34   48.69   171.93  132.09   153.38  134.15 
 311   85.51   11.40     37.65    2.77    2.18     18.90   12.88   14.24     22.33    8.60    6.96      7.49   49.24   48.69   171.94  132.55   153.23  134.82 
 312   85.51   11.37     35.91    3.41    2.19     17.82   14.73   14.24     22.33    8.60    6.96      7.49   49.88   48.69   171.77  133.94   152.97  136.22 
 313   85.51   11.29     35.93    3.41    2.19     16.62   16.85   14.25     22.33    8.60    6.97      7.43   50.25   48.70   171.72  134.21   152.97  136.42 
 314   85.51   11.34     33.93    4.29    2.20     15.94   18.64   14.27     22.33    8.60    6.97      7.52   50.54   48.70   170.70  135.15   152.04  137.36 
 315   85.51   11.30     34.77    3.90    2.20     15.72   19.26   14.28     22.33    8.60    6.98      7.38   51.53   48.71   170.79  135.93   152.18  138.01 
 316   87.91   11.52     33.74    4.39    2.21     18.08   14.39   14.28     22.37    8.57    6.98      7.48   50.38   48.72   170.64  135.85   151.81  138.13 
 317   87.91   11.32     33.44    4.56    2.22     17.90   14.88   14.28     22.37    8.57    6.99      7.44   50.87   48.72   170.34  136.75   151.23  138.88 
 318   87.91   11.34     33.77    4.38    2.23     17.08   16.19   14.29     22.37    8.57    6.99      7.60   49.67   48.73   170.23  136.43   151.32  138.69 
 319   87.91   11.32     34.56    4.00    2.23     16.09   18.25   14.30     22.37    8.57    7.00      7.56   50.02   48.73   170.33  136.57   151.28  138.96 
 320   87.91   11.34     32.82    4.88    2.24     15.04   20.88   14.32     22.37    8.57    7.00      7.46   51.04   48.74   169.80  136.08   150.58  138.63 
 321  134.83   11.95     34.02    4.25    2.25     18.79   13.50   14.32     22.70    8.25    7.01      7.53   50.26   48.74   169.80  135.40   150.52  138.08 
 322  134.83   12.12     32.15    5.25    2.25     18.33   14.28   14.32     22.70    8.25    7.01      7.53   50.27   48.75   168.93  134.51   149.71  137.14 
 323  134.83   11.41     32.84    4.84    2.26     17.85   15.30   14.32     22.70    8.25    7.01      7.42   51.23   48.76   168.84  133.61   149.49  136.27 
 324  134.83   11.32     31.83    5.41    2.27     15.74   19.31   14.34     22.70    8.25    7.02      7.53   50.10   48.76   168.02  133.47   148.57  136.04 
 325  134.83   11.51     32.21    5.17    2.28     17.08   16.67   14.35     22.70    8.25    7.02      7.43   51.05   48.77   167.78  132.12   148.38  134.66 
 326  153.70   12.00     31.94    5.30    2.29     18.57   14.04   14.34     22.60    8.36    7.03      7.58   50.29   48.77   167.48  131.53   147.88  134.29 
 327  153.70   12.01     32.15    5.14    2.30     17.49   16.16   14.35     22.60    8.36    7.03      7.70   50.24   48.78   167.04  130.96   147.43  133.62 
 328  153.70   11.79     33.08    4.62    2.31     16.35   18.22   14.36     22.60    8.36    7.03      7.77   49.43   48.78   166.85  130.67   147.00  132.88 
 329  153.70   11.62     31.97    5.22    2.32     16.33   18.76   14.38     22.60    8.36    7.04      7.66   51.12   48.78   165.97  131.26   146.14  133.67 
 330  153.70   11.78     31.55    5.48    2.32     16.11   19.02   14.39     22.60    8.36    7.04      7.69   50.17   48.79   164.95  130.55   144.83  132.80 
 331  144.29   11.93     31.63    5.39    2.33     17.97   15.75   14.39     22.59    8.37    7.05      7.55   52.75   48.80   164.20  131.04   144.35  133.43 
 332  144.29   11.31     32.61    4.82    2.34     18.33   14.80   14.39     22.59    8.37    7.05      7.71   50.91   48.81   164.03  130.73   144.18  133.04 
 333  144.29   11.32     32.23    5.02    2.35     16.49   18.50   14.41     22.59    8.37    7.05      7.76   50.88   48.81   163.29  130.60   143.54  132.63 
 334  144.29   11.34     31.81    5.26    2.36     16.07   19.10   14.42     22.59    8.37    7.06      7.65   50.86   48.82   162.66  131.10   142.82  132.81 
 335  144.29   11.30     32.14    5.05    2.37     16.10   19.34   14.44     22.59    8.37    7.06      7.80   50.94   48.83   161.74  131.86   142.36  133.86 
 336  132.37   12.82     32.39    4.91    2.37     17.08   17.11   14.44     22.27    8.70    7.07      7.84   50.37   48.83   161.00  133.14   141.80  135.24 
 337  132.37   11.52     32.00    5.13    2.38     18.30   15.24   14.45     22.27    8.70    7.07      8.05   50.13   48.83   160.39  133.18   140.26  134.94 
 338  132.37   12.51     30.94    5.81    2.39     17.54   16.63   14.45     22.27    8.70    7.08      8.00   50.51   48.84   159.38  134.62   139.26  136.77 
 339  132.37   12.39     33.42    4.35    2.40     17.21   17.44   14.46     22.27    8.70    7.08      8.06   50.53   48.84   158.82  135.44   138.80  137.12 
 340  132.37   12.02     32.57    4.80    2.41     16.85   18.00   14.47     22.27    8.70    7.09      8.13   49.68   48.85   157.87  135.83   137.87  137.61 
 341  115.69   11.36     31.54    5.40    2.41     18.71   15.03   14.47     22.11    8.88    7.09      8.21   50.11   48.85   157.36  135.91   137.04  137.75 
 342  115.69   11.39     31.92    5.15    2.42     18.76   14.78   14.47     22.11    8.88    7.10      8.15   50.34   48.85   155.75  136.32   136.06  138.41 
 343  115.69   11.59     31.43    5.44    2.43     18.42   15.48   14.48     22.11    8.88    7.10      8.23   50.32   48.86   155.10  136.51   134.79  138.16 
 344  115.69   11.39     31.68    5.29    2.44     17.43   17.17   14.49     22.11    8.88    7.11      8.24   50.09   48.86   155.03  136.98   134.71  138.84 
 345  115.69   11.68     31.73    5.25    2.45     16.62   19.26   14.50     22.11    8.88    7.11      8.26   50.37   48.87   153.97  137.65   133.59  139.45 
 346  146.27   11.65     32.45    4.80    2.45     19.01   14.28   14.50     22.53    8.48    7.12      8.45   48.44   48.87   153.23  137.98   133.02  139.80 
 347  146.27   11.36     30.70    5.87    2.46     18.12   16.42   14.50     22.53    8.48    7.12      8.31   50.27   48.87   151.29  138.79   131.06  140.31 
 348  146.27   11.34     30.78    5.82    2.47     18.53   15.34   14.51     22.53    8.48    7.12      8.59   48.30   48.87   150.79  138.82   130.64  140.73 
 349  146.27   11.35     30.95    5.67    2.48     18.59   15.48   14.51     22.53    8.48    7.13      8.45   49.62   48.87   149.59  138.84   129.12  140.89 
 350  146.27   11.35     32.18    4.91    2.49     17.45   17.61   14.52     22.53    8.48    7.13      8.45   49.62   48.87   148.31  139.43   127.95  141.18 
 351  121.02   12.38     31.91    5.04    2.50     19.82   13.54   14.52     22.24    8.78    7.14      8.47   50.08   48.88   147.09  139.36   126.81  141.14 
 352  121.02   12.35     31.14    5.51    2.51     17.81   16.92   14.52     22.24    8.78    7.14      8.50   49.69   48.88   146.09  140.15   126.00  141.74 
 353  121.02   12.59     31.01    5.59    2.51     16.78   19.01   14.53     22.24    8.78    7.14      8.43   50.26   48.88   145.85  140.08   125.75  142.04 
 354  121.02   12.53     29.68    6.50    2.53     16.84   19.10   14.55     22.24    8.78    7.15      8.47   49.89   48.89   144.01  140.42   123.77  142.43 
 355  121.02   11.31     29.90    6.33    2.54     16.88   19.27   14.56     22.24    8.78    7.15      8.54   50.44   48.89   143.35  140.73   123.03  142.62 
 356  100.06   11.58     29.95    6.27    2.55     18.75   15.45   14.56     21.94    9.12    7.16      8.56   50.14   48.89   142.04  140.49   121.91  142.06 
 357  100.06   11.41     29.25    6.78    2.56     19.03   15.29   14.57     21.94    9.12    7.17      8.59   50.85   48.90   140.74  140.98   120.54  142.61 
 358  100.06   11.53     31.81    5.00    2.57     19.36   14.41   14.56     21.94    9.12    7.17      8.65   49.57   48.90   140.08  140.84   119.31  142.95 
 359  100.06   11.38     30.40    5.88    2.57     18.50   16.10   14.57     21.94    9.12    7.18      8.78   49.46   48.90   139.17  140.38   118.28  142.69 
 360  100.06   11.37     29.73    6.36    2.58     17.54   17.93   14.58     21.94    9.12    7.18      8.72   49.91   48.90   138.32  140.51   117.76  142.89 
 361  110.91   12.10     29.52    6.47    2.60     19.27   14.94   14.58     21.95    9.13    7.19      8.76   50.22   48.91   137.19  140.25   116.71  142.70 
 362  110.91   11.25     28.59    7.17    2.61     19.56   14.50   14.58     21.95    9.13    7.19      8.77   50.22   48.91   136.11  140.19   115.47  142.70 
 363  110.91   12.34     27.88    7.73    2.62     18.96   15.90   14.58     21.95    9.13    7.20      8.73   51.17   48.92   134.35  139.75   113.52  141.84 
 364  110.91   12.05     28.41    7.22    2.64     17.58   18.40   14.59     21.95    9.13    7.20      8.81   50.67   48.92   133.30  139.35   112.41  141.36 
 365  110.91   12.22     28.71    6.95    2.65     18.10   17.81   14.60     21.95    9.13    7.21      8.72   51.81   48.93   131.56  139.42   110.35  141.40 
 366  103.12   11.37     30.04    5.90    2.66     20.58   13.10   14.60     21.73    9.40    7.21      8.93   50.22   48.93   131.07  139.41   109.72  141.40 
 367  103.12   11.36     29.72    6.12    2.67     20.35   13.55   14.60     21.73    9.40    7.22      8.90   50.58   48.94   129.79  139.05   108.28  141.12 
 368  103.12   11.36     28.46    7.06    2.68     19.28   15.55   14.60     21.73    9.40    7.23      8.86   51.09   48.94   128.11  138.90   106.43  140.82 
 369  103.12   11.37     29.45    6.25    2.69     18.41   17.01   14.60     21.73    9.40    7.23      8.91   50.95   48.95   127.57  138.88   106.09  140.91 
 370  103.12   11.38     28.56    6.89    2.70     18.14   17.81   14.61     21.73    9.40    7.24      8.95   50.85   48.96   125.60  139.02   103.84  141.16 
 371  102.84   12.12     30.66    5.37    2.71     20.23   14.01   14.61     21.74    9.42    7.24      9.20   49.57   48.96   124.67  139.28   103.08  141.20 
 372  102.84   11.90     29.19    6.38    2.72     19.51   15.10   14.61     21.74    9.42    7.25      9.18   49.46   48.96   123.44  139.40   101.85  141.13 
 373  102.84   12.02     28.99    6.51    2.73     17.76   18.65   14.62     21.74    9.42    7.26      9.24   49.35   48.96   122.08  139.81   100.75  141.71 
 374  102.84   11.29     29.02    6.43    2.74     18.56   16.95   14.63     21.74    9.42    7.26      9.31   49.05   48.96   120.70  139.76    98.78  142.06 
 375  102.84   12.01     28.76    6.59    2.75     18.41   17.29   14.64     21.74    9.42    7.27      9.27   49.18   48.96   119.46  139.94    97.45  142.20 
 376  106.87   11.49     29.48    6.05    2.75     19.28   15.48   14.64     21.78    9.41    7.27      9.19   49.38   48.96   118.58  139.75    96.70  141.97 
 377  106.87   13.28     28.78    6.55    2.76     19.39   15.34   14.64     21.78    9.41    7.28      9.24   48.91   48.96   116.99  139.79    94.80  141.94 
 378  106.87   12.40     30.34    5.44    2.77     19.01   15.93   14.64     21.78    9.41    7.28      9.24   48.69   48.96   115.56  140.20    93.40  142.27 
 379  106.87   11.33     31.21    4.89    2.78     17.85   18.29   14.65     21.78    9.41    7.29      9.18   49.41   48.96   114.41  140.16    92.43  141.88 
 380  106.87   11.31     29.29    6.09    2.79     18.18   17.63   14.66     21.78    9.41    7.30      9.09   49.72   48.96   113.18  139.98    90.76  142.06 
 381  104.92   12.29     29.23    6.09    2.79     19.30   15.46   14.66     21.72    9.51    7.30      9.32   48.62   48.96   111.79  140.46    89.00  142.40 
 382  104.92   11.97     28.95    6.27    2.80     18.43   17.25   14.67     21.72    9.51    7.31      9.14   49.89   48.97   110.21  140.25    87.32  142.10 
 383  104.92   12.29     29.79    5.67    2.81     18.30   17.49   14.68     21.72    9.51    7.31      9.20   49.65   48.97   109.26  139.95    86.38  141.57 
 384  104.92   11.56     27.81    7.12    2.82     17.16   19.76   14.69     21.72    9.51    7.32      9.07   49.93   48.97   107.47  140.28    84.37  141.99 
 385  104.92   11.28     27.53    7.34    2.83     16.75   20.58   14.71     21.72    9.51    7.32      9.02   50.05   48.97   106.63  140.41    83.36  141.61 
 386  105.92   11.58     27.01    7.76    2.85     18.92   15.81   14.71     21.76    9.50    7.33      8.97   49.92   48.97   105.60  141.02    82.30  142.56 
 387  105.92   11.35     27.84    7.01    2.86     18.11   17.50   14.72     21.76    9.50    7.34      9.25   48.60   48.97   104.52  140.86    81.14  142.45 
 388  105.92   11.29     27.26    7.44    2.87     16.38   21.07   14.73     21.76    9.50    7.34      9.03   49.20   48.97   103.14  141.53    80.07  142.96 
 389  105.92   11.32     27.37    7.37    2.88     16.44   20.99   14.75     21.76    9.50    7.35      8.86   50.50   48.98   101.86  141.69    78.83  143.04 
 390  105.92   11.32     27.21    7.47    2.89     15.05   24.35   14.77     21.76    9.50    7.35      8.74   50.63   48.98   100.14  141.67    77.30  142.74 
 391  201.55   13.51     26.02    8.55    2.91     19.74   14.16   14.77     22.01    9.25    7.36      8.86   50.12   48.99    99.34  142.17    76.19  143.09 
 392  201.55   11.49     26.38    8.21    2.92     16.77   19.81   14.79     22.01    9.25    7.36      8.75   50.74   48.99    98.51  142.66    75.14  143.42 
 393  201.55   11.29     25.67    8.89    2.94     16.97   19.55   14.80     22.01    9.25    7.37      8.84   50.31   48.99    96.73  142.23    73.41  143.54 
