   6    2.86   11.50     44.28    1.00    0.83     20.60   12.05   13.99     52.94    0.28   46.12      7.61   55.91   55.39    98.63  136.04    80.58  136.30 
   7    2.86    9.90     52.15    0.41    0.77     17.22   17.38   14.48     52.94    0.28   39.57      7.53   55.26   55.37    99.16  136.55    81.28  136.94 
   8    2.86   10.61     42.11    1.29    0.84     17.67   16.38   14.71     52.94    0.28   34.66      7.47   56.42   55.50   100.50  136.22    82.54  136.53 
   9    2.86   10.52     46.03    0.82    0.83     16.45   18.98   15.19     52.94    0.28   30.84      7.66   54.24   55.36   100.76  135.91    82.71  136.25 
  10    2.86   10.12     48.27    0.64    0.81     15.27   21.42   15.81     52.94    0.28   27.78      7.47   55.10   55.33   102.14  135.03    84.14  135.76 
  11    2.78   10.90     41.06    1.47    0.87     20.88   11.24   15.40     32.98    2.83   25.52      7.71   52.22   55.05   102.08  135.42    84.10  136.05 
  12    2.78   11.19     41.38    1.41    0.92     18.04   15.47   15.40     32.98    2.83   23.63      7.65   52.79   54.86   102.06  135.58    83.87  136.27 
  13    2.78   12.53     37.08    2.32    1.03     18.40   14.92   15.36     32.98    2.83   22.03      7.75   54.43   54.83   103.53  134.65    85.19  135.60 
  14    2.78   11.89     43.50    1.10    1.03     17.85   15.66   15.39     32.98    2.83   20.66      7.72   53.52   54.74   104.25  134.24    86.16  135.28 
  15    2.78   12.45     43.13    1.15    1.04     16.07   19.45   15.66     32.98    2.83   19.47      7.71   53.60   54.66   104.66  134.10    86.32  134.77 
  16    3.37   13.16     55.38    0.28    0.99     18.95   14.05   15.56     35.77    2.04   18.38      8.10   50.57   54.40   104.92  133.76    86.65  134.27 
  17    3.37   13.44     43.46    1.11    1.00     18.98   13.87   15.46     35.77    2.04   17.42      7.97   52.83   54.31   106.13  133.44    88.18  133.97 
  18    3.37   13.43     41.46    1.40    1.02     17.71   15.81   15.48     35.77    2.04   16.56      8.00   50.52   54.10   106.65  133.29    88.46  133.73 
  19    3.37   14.33     42.39    1.25    1.03     17.32   17.22   15.57     35.77    2.04   15.80      7.96   51.72   53.98   106.28  133.98    88.02  134.48 
  20    3.37   12.23     41.18    1.44    1.05     17.87   15.81   15.58     35.77    2.04   15.11      8.07   51.53   53.85   107.50  133.19    89.18  133.70 
  21    6.61   11.67     41.79    1.34    1.07     21.41   10.59   15.34     29.08    4.39   14.60      8.32   49.01   53.62   107.74  133.31    89.45  133.69 
  22    6.61   11.81     43.78    1.07    1.07     19.51   13.00   15.24     29.08    4.39   14.14      8.08   49.89   53.45   108.03  133.24    89.82  133.72 
  23    6.61   11.18     39.65    1.72    1.10     19.12   13.52   15.16     29.08    4.39   13.71      8.29   48.69   53.25   108.60  133.32    90.41  133.61 
  24    6.61   11.85     38.47    1.98    1.13     17.81   15.29   15.17     29.08    4.39   13.32      7.91   49.41   53.09   109.54  133.57    91.22  133.98 
  25    6.61   12.43     39.85    1.70    1.16     16.53   17.67   15.27     29.08    4.39   12.97      8.05   48.22   52.89   109.90  133.89    91.69  134.42 
  26   27.81   14.22     39.94    1.68    1.18     18.66   13.81   15.21     21.70   10.21   12.86      7.81   49.33   52.75   110.22  133.83    91.99  134.46 
  27   27.81   14.50     38.79    1.92    1.20     17.12   16.47   15.26     21.70   10.21   12.76      7.83   49.88   52.65   110.91  134.27    92.75  134.46 
  28   27.81   14.37     39.57    1.77    1.22     16.97   16.44   15.30     21.70   10.21   12.67      7.62   50.02   52.55   111.43  134.79    93.01  135.17 
  29   27.81   14.57     36.02    2.66    1.27     17.59   15.30   15.30     21.70   10.21   12.59      7.60   49.65   52.45   111.58  134.77    93.41  135.02 
  30   27.81   12.66     45.14    0.94    1.26     15.74   18.74   15.41     21.70   10.21   12.51      7.36   51.16   52.41   112.18  134.49    94.03  134.68 
  31    7.34   11.72     41.16    1.48    1.27     18.85   12.93   15.33     28.46    4.64   12.25      7.52   49.21   52.31   112.57  135.18    94.27  135.23 
  32    7.34   12.48     39.02    1.89    1.29     18.05   14.00   15.29     28.46    4.64   12.02      7.55   48.63   52.19   113.13  134.68    94.68  135.19 
  33    7.34   11.46     41.86    1.36    1.29     18.46   13.51   15.24     28.46    4.64   11.79      7.52   49.18   52.10   113.04  134.45    94.53  134.50 
  34    7.34   12.13     42.32    1.30    1.29     16.95   15.69   15.25     28.46    4.64   11.58      7.35   49.28   52.02   113.44  134.85    95.07  134.83 
  35    7.34   12.23     51.26    0.47    1.27     17.16   15.05   15.25     28.46    4.64   11.38      7.44   48.14   51.91   113.92  134.46    95.66  134.32 
  36    7.59   14.77     40.54    1.60    1.28     18.50   12.70   15.18     27.04    5.40   11.22      7.28   48.48   51.81   114.24  134.63    96.16  134.26 
  37    7.59   14.43     39.10    1.88    1.29     19.88   10.85   15.06     27.04    5.40   11.06      7.32   48.88   51.73   114.44  134.86    96.26  134.51 
  38    7.59   14.48     41.68    1.40    1.30     18.37   12.85   15.00     27.04    5.40   10.91      7.08   49.14   51.67   114.56  134.96    96.30  134.63 
  39    7.59   14.63     37.87    2.18    1.32     18.33   12.83   14.94     27.04    5.40   10.77      7.18   48.71   51.59   115.33  135.03    97.06  134.62 
  40    7.59   14.79     42.79    1.25    1.32     15.84   17.31   15.00     27.04    5.40   10.64      7.08   49.04   51.53   114.75  135.73    96.52  135.23 
  41   10.94   11.73     40.99    1.53    1.32     18.59   12.20   14.94     26.02    5.99   10.52      7.29   47.78   51.43   115.83  135.66    97.39  135.72 
  42   10.94   11.97     46.17    0.85    1.31     17.20   14.49   14.93     26.02    5.99   10.42      7.10   47.68   51.34   115.18  136.29    96.90  135.65 
  43   10.94   12.80     38.93    1.95    1.33     16.93   14.79   14.92     26.02    5.99   10.31      7.09   48.92   51.29   116.49  136.75    98.31  136.35 
  44   10.94   12.72     43.66    1.14    1.32     16.44   15.70   14.94     26.02    5.99   10.21      7.05   47.71   51.21   115.76  137.58    97.51  136.93 
  45   10.94   13.15     37.79    2.24    1.34     16.24   16.20   14.97     26.02    5.99   10.12      7.33   47.94   51.13   116.52  138.03    98.37  137.74 
  46    9.42   15.15     39.87    1.77    1.35     17.58   13.45   14.93     25.20    6.49   10.04      7.06   47.36   51.05   116.84  138.53    98.70  138.18 
  47    9.42   14.03     44.88    1.00    1.34     18.23   12.80   14.89     25.20    6.49    9.97      7.21   47.03   50.97   116.64  138.99    98.10  138.50 
  48    9.42   14.74     44.84    1.00    1.34     17.98   12.98   14.85     25.20    6.49    9.89      7.10   47.23   50.89   116.91  139.23    98.29  138.74 
  49    9.42   14.95     44.05    1.11    1.33     16.28   15.63   14.87     25.20    6.49    9.82      7.21   47.51   50.82   118.10  139.70    99.45  139.11 
  50    9.42   15.22     44.75    1.02    1.33     16.47   15.34   14.88     25.20    6.49    9.76      7.04   47.30   50.75   117.88  139.97    99.12  139.56 
  51    9.92   11.66     45.49    0.94    1.32     19.68   10.89   14.80     24.45    6.99    9.70      7.27   47.49   50.69   117.97  139.91    99.42  139.46 
  52    9.92   11.92     38.07    2.20    1.33     18.13   12.84   14.76     24.45    6.99    9.65      7.08   47.47   50.62   119.13  139.81   100.70  139.04 
  53    9.92   12.52     36.22    2.71    1.36     17.70   13.63   14.74     24.45    6.99    9.60      7.19   47.54   50.57   118.91  139.79   100.66  139.41 
  54    9.92   11.86     41.85    1.42    1.36     17.80   13.63   14.72     24.45    6.99    9.55      7.08   47.53   50.51   118.56  139.49   100.10  138.88 
  55    9.92   12.60     44.54    1.04    1.36     17.14   14.76   14.72     24.45    6.99    9.51      7.25   47.46   50.45   118.69  138.84    99.89  138.55 
  56   10.59   13.60     41.23    1.53    1.36     19.27   11.62   14.66     24.26    7.08    9.46      7.17   48.44   50.42   118.70  138.63   100.31  138.47 
  57   10.59   14.45     46.23    0.86    1.35     19.09   11.81   14.61     24.26    7.08    9.42      7.12   48.98   50.39   119.25  138.50   100.54  138.44 
  58   10.59   14.67     39.27    1.93    1.36     17.41   14.23   14.61     24.26    7.08    9.38      7.46   48.05   50.35   121.33  138.49   102.76  138.42 
  59   10.59   14.87     38.72    2.05    1.37     17.06   15.09   14.61     24.26    7.08    9.34      7.33   47.94   50.31   120.94  137.90   102.55  137.99 
  60   10.59   14.51     37.53    2.35    1.39     16.07   17.41   14.66     24.26    7.08    9.30      7.45   49.31   50.29   121.31  138.31   102.76  138.48 
  61   11.91   13.10     42.38    1.34    1.39     20.12   11.02   14.60     23.70    7.51    9.27      7.32   48.94   50.27   120.97  138.29   102.44  138.16 
  62   11.91   11.90     40.16    1.73    1.39     18.93   12.60   14.57     23.70    7.51    9.25      7.53   48.68   50.25   121.43  137.58   102.80  137.60 
  63   11.91   12.54     41.26    1.53    1.40     19.23   12.14   14.53     23.70    7.51    9.22      7.49   48.62   50.22   121.73  137.94   103.25  137.79 
  64   11.91   12.21     40.26    1.72    1.40     17.56   14.70   14.53     23.70    7.51    9.19      7.67   48.73   50.20   122.38  137.64   103.89  137.11 
  65   11.91   13.02     39.83    1.81    1.41     18.36   13.40   14.52     23.70    7.51    9.17      7.49   49.47   50.19   122.41  137.81   104.03  137.75 
  66   11.00   12.22     39.40    1.90    1.41     19.08   12.35   14.48     23.35    7.80    9.14      7.44   49.64   50.18   122.88  137.47   104.66  137.34 
  67   11.00   14.22     39.71    1.83    1.42     19.18   12.33   14.45     23.35    7.80    9.12      7.64   48.63   50.15   122.69  137.32   104.07  137.42 
  68   11.00   14.82     39.66    1.84    1.43     18.09   14.06   14.44     23.35    7.80    9.10      7.58   48.96   50.14   122.63  137.36   104.33  137.61 
  69   11.00   15.01     38.48    2.11    1.44     17.89   14.57   14.45     23.35    7.80    9.09      7.73   49.92   50.13   123.46  136.95   104.80  137.20 
  70   11.00   15.39     40.77    1.63    1.44     17.42   15.49   14.46     23.35    7.80    9.07      7.67   49.48   50.12   123.47  137.10   105.15  137.29 
  71   13.19   13.76     38.65    2.08    1.45     15.89   18.99   14.53     23.18    7.94    9.05      7.81   50.45   50.13   123.84  137.53   105.61  138.19 
  72   13.19   11.77     36.55    2.64    1.46     17.61   15.52   14.54     23.18    7.94    9.04      7.84   50.26   50.13   124.57  137.52   105.85  137.35 
  73   13.19   12.11     39.73    1.83    1.47     18.79   13.76   14.53     23.18    7.94    9.02      7.78   50.72   50.14   124.08  137.17   105.44  137.15 
  74   13.19   12.36     40.77    1.63    1.47     17.63   15.58   14.54     23.18    7.94    9.01      7.76   51.08   50.15   124.01  137.34   105.71  137.31 
  75   13.19   12.11     40.79    1.63    1.47     17.35   16.47   14.57     23.18    7.94    8.99      7.86   51.41   50.17   124.16  137.42   105.90  137.37 
  76   14.15   12.31     38.25    2.18    1.48     21.35   10.10   14.51     23.12    8.03    8.98      7.88   50.04   50.17   124.59  137.34   106.19  137.14 
  77   14.15   13.56     37.24    2.45    1.50     19.85   12.14   14.48     23.12    8.03    8.97      7.73   50.70   50.17   124.55  137.56   106.11  137.35 
  78   14.15   13.68     39.59    1.87    1.50     17.90   15.15   14.49     23.12    8.03    8.96      7.79   50.98   50.18   124.52  137.04   105.99  136.45 
  79   14.15   11.94     39.26    1.95    1.51     19.08   13.23   14.47     23.12    8.03    8.94      7.71   51.95   50.21   124.93  137.61   106.57  137.20 
  80   14.15   15.75     40.30    1.72    1.51     18.99   13.24   14.46     23.12    8.03    8.93      7.69   51.09   50.22   125.42  137.19   106.69  136.99 
  81   22.69   15.35     35.64    2.95    1.53     19.85   11.98   14.43     22.70    8.44    8.93      7.90   49.75   50.21   125.64  137.23   107.44  136.90 
  82   22.69   14.72     35.19    3.10    1.55     20.37   11.28   14.39     22.70    8.44    8.92      7.93   49.76   50.21   125.47  137.53   107.46  137.27 
  83   22.69   14.79     37.82    2.30    1.55     20.19   11.44   14.35     22.70    8.44    8.91      7.92   49.36   50.20   125.82  137.30   107.73  137.21 
  84   22.69   11.59     37.04    2.50    1.57     19.44   12.48   14.33     22.70    8.44    8.91      7.93   48.79   50.18   125.78  137.09   107.36  137.13 
  85   22.69   12.52     39.44    1.91    1.57     18.70   13.73   14.32     22.70    8.44    8.90      7.71   50.06   50.18   125.88  137.36   107.23  137.39 
  86   17.89   12.83     39.96    1.79    1.57     18.60   14.15   14.32     23.05    8.11    8.89      7.87   49.80   50.17   125.48  137.08   106.90  136.81 
  87   17.89   12.86     41.56    1.50    1.57     16.44   18.57   14.37     23.05    8.11    8.88      7.90   50.47   50.18   125.26  137.29   106.63  137.05 
  88   17.89   13.40     40.79    1.63    1.57     18.42   14.59   14.37     23.05    8.11    8.88      8.10   48.85   50.16   125.68  137.14   107.13  136.99 
  89   17.89   13.44     40.29    1.73    1.57     17.23   17.01   14.40     23.05    8.11    8.87      8.01   50.30   50.16   126.02  137.20   107.35  136.86 
  90   17.89   15.46     39.94    1.81    1.58     17.68   15.85   14.42     23.05    8.11    8.86      7.97   50.65   50.17   126.19  137.21   107.60  137.00 
  91   18.96   15.11     39.72    1.86    1.58     20.86   11.17   14.38     22.95    8.24    8.85      7.96   50.11   50.17   125.90  136.98   107.56  136.50 
  92   18.96   15.30     38.70    2.07    1.59     19.25   13.29   14.37     22.95    8.24    8.85      7.99   49.46   50.16   126.01  137.29   107.66  136.65 
  93   18.96   13.13     39.53    1.89    1.59     20.16   12.00   14.34     22.95    8.24    8.84      7.84   50.38   50.16   126.30  136.83   107.71  136.67 
  94   18.96   11.99     38.94    2.03    1.59     18.50   14.24   14.34     22.95    8.24    8.83      7.98   49.49   50.16   126.75  137.29   108.05  136.88 
  95   18.96   12.95     42.97    1.27    1.59     17.20   16.93   14.37     22.95    8.24    8.83      7.93   49.00   50.14   125.57  137.06   106.72  136.82 
  96   15.51   14.43     37.40    2.42    1.60     19.85   12.30   14.35     22.60    8.59    8.82      7.84   50.45   50.15   126.79  136.97   108.27  136.40 
  97   15.51   14.79     47.40    0.77    1.59     19.87   12.41   14.33     22.60    8.59    8.82      7.80   50.17   50.15   126.21  136.89   107.83  136.22 
  98   15.51   13.67     43.32    1.23    1.59     19.35   13.08   14.32     22.60    8.59    8.82      8.01   48.96   50.13   126.16  136.89   107.47  136.61 
  99   15.51   15.41     43.60    1.18    1.58     19.58   12.72   14.30     22.60    8.59    8.82      7.87   50.05   50.13   126.55  136.95   108.23  136.50 
 100   15.51   15.16     39.88    1.82    1.58     17.90   15.49   14.31     22.60    8.59    8.81      7.90   50.20   50.13   127.26  136.68   108.86  136.35 
 101   30.04   14.41     48.63    0.67    1.58     20.20   12.13   14.29     22.48    8.74    8.81      7.97   49.31   50.13   125.99  137.10   107.50  136.93 
 102   30.04   12.48     44.16    1.11    1.57     20.09   12.08   14.27     22.48    8.74    8.81      8.00   49.58   50.12   126.99  136.54   108.56  136.23 
 103   30.04   12.55     40.38    1.72    1.57     20.52   11.63   14.24     22.48    8.74    8.81      7.89   50.28   50.12   126.81  137.01   108.34  136.58 
 104   30.04   13.12     45.40    0.97    1.57     19.56   12.82   14.23     22.48    8.74    8.81      7.97   49.10   50.11   127.00  136.70   108.49  136.28 
 105   30.04   12.57     43.24    1.24    1.56     19.14   13.44   14.22     22.48    8.74    8.81      7.96   49.79   50.11   127.27  136.97   108.64  136.84 
 106   24.08   13.84     46.61    0.84    1.56     21.74    9.95   14.18     22.66    8.58    8.81      7.92   49.03   50.10   127.06  136.62   108.48  136.28 
 107   24.08   13.24     45.36    0.97    1.55     19.84   12.51   14.17     22.66    8.58    8.81      7.96   49.87   50.10   127.25  136.31   108.83  136.01 
 108   24.08   13.78     45.60    0.95    1.55     21.23   10.56   14.13     22.66    8.58    8.80      7.91   49.87   50.10   126.82  136.86   108.63  136.61 
 109   24.08   13.19     44.34    1.10    1.54     19.47   12.98   14.12     22.66    8.58    8.80      7.93   49.87   50.09   127.27  136.31   108.89  136.11 
 110   24.08   14.03     42.05    1.43    1.54     20.42   11.54   14.10     22.66    8.58    8.80      7.82   49.78   50.09   127.33  137.14   108.88  137.13 
 111   31.27   15.88     41.33    1.54    1.54     20.40   11.70   14.08     22.56    8.70    8.80      7.91   49.42   50.08   127.42  137.09   108.75  137.14 
 112   31.27   15.60     41.82    1.46    1.54     20.86   11.02   14.05     22.56    8.70    8.80      7.78   50.01   50.08   127.26  136.72   109.03  136.84 
 113   31.27   13.60     46.11    0.89    1.53     19.78   12.69   14.04     22.56    8.70    8.80      7.87   50.68   50.09   127.60  136.57   109.13  136.43 
 114   31.27   13.22     43.31    1.22    1.53     20.69   11.34   14.01     22.56    8.70    8.80      7.90   49.76   50.09   127.21  136.18   108.97  136.09 
 115   31.27   13.08     41.27    1.55    1.53     20.35   11.75   13.99     22.56    8.70    8.80      7.94   49.86   50.08   127.51  136.61   109.17  136.64 
 116   21.36   14.64     42.87    1.29    1.53     21.45   10.35   13.96     22.18    9.11    8.80      7.97   49.24   50.08   127.43  136.58   108.95  136.60 
 117   21.36   14.42     41.55    1.51    1.53     18.41   14.96   13.97     22.18    9.11    8.80      8.09   48.21   50.06   126.52  136.24   107.96  136.27 
 118   21.36   15.72     45.54    0.96    1.52     19.82   12.31   13.96     22.18    9.11    8.80      7.97   49.01   50.05   127.44  136.40   108.85  136.41 
 119   21.36   15.84     41.34    1.54    1.52     19.10   13.46   13.95     22.18    9.11    8.81      7.90   48.61   50.04   127.21  135.30   108.90  135.41 
 120   21.36   15.97     44.81    1.04    1.52     18.34   14.47   13.96     22.18    9.11    8.81      7.79   49.79   50.04   127.72  135.42   109.69  135.72 
 121   38.55   12.00     40.54    1.69    1.52     20.93   10.69   13.93     22.23    9.08    8.81      7.76   48.55   50.03   127.62  135.68   109.14  135.65 
 122   38.55   12.86     46.06    0.89    1.52     19.96   12.14   13.92     22.23    9.08    8.81      7.75   49.08   50.02   127.22  135.26   108.74  135.45 
 123   38.55   12.62     46.14    0.88    1.51     20.66   11.15   13.89     22.23    9.08    8.82      7.73   49.81   50.02   127.53  135.22   109.12  135.23 
 124   38.55   12.76     44.56    1.06    1.51     19.54   12.53   13.88     22.23    9.08    8.82      7.89   48.38   50.00   127.74  135.31   109.25  135.19 
 125   38.55   13.22     41.75    1.46    1.51     19.18   13.19   13.88     22.23    9.08    8.82      7.80   48.93   49.99   127.70  135.00   109.17  135.20 
 126   27.37   15.47     44.66    1.05    1.50     21.10   10.56   13.85     22.06    9.26    8.82      7.92   48.55   49.98   127.45  134.91   108.96  135.04 
 127   27.37   15.58     41.24    1.55    1.50     21.25   10.52   13.82     22.06    9.26    8.83      7.94   48.59   49.97   127.15  134.68   108.90  134.58 
 128   27.37   14.82     40.88    1.62    1.51     20.52   11.54   13.81     22.06    9.26    8.83      7.94   48.88   49.96   127.20  135.38   108.73  134.85 
 129   27.37   14.97     49.76    0.58    1.50     19.36   13.27   13.80     22.06    9.26    8.83      7.95   49.34   49.96   127.35  135.27   109.00  134.66 
 130   27.37   12.78     43.93    1.14    1.50     19.15   13.37   13.80     22.06    9.26    8.84      8.01   48.52   49.95   127.53  134.92   109.11  134.65 
 131   29.35   12.13     41.97    1.43    1.49     19.69   12.55   13.79     22.02    9.32    8.84      7.70   50.17   49.95   127.67  135.38   108.97  135.28 
 132   29.35   12.58     43.78    1.16    1.49     19.01   13.61   13.79     22.02    9.32    8.84      8.00   48.62   49.94   127.76  135.44   109.08  135.32 
 133   29.35   12.96     42.41    1.36    1.49     17.60   15.87   13.80     22.02    9.32    8.85      7.92   48.65   49.93   128.02  135.56   109.44  135.60 
 134   29.35   11.88     42.88    1.30    1.49     17.98   15.70   13.82     22.02    9.32    8.85      7.95   48.53   49.92   126.93  135.65   108.39  135.36 
 135   29.35   13.48     46.15    0.89    1.49     18.99   13.96   13.82     22.02    9.32    8.85      8.11   48.99   49.91   127.58  135.41   109.13  135.28 
 136   31.01   15.02     42.32    1.38    1.48     20.03   12.32   13.81     22.15    9.20    8.86      7.98   49.23   49.91   127.17  135.72   109.16  135.56 
 137   31.01   14.98     42.92    1.29    1.48     20.12   12.37   13.80     22.15    9.20    8.86      8.15   48.80   49.90   127.34  135.56   108.95  135.36 
 138   31.01   15.08     42.80    1.31    1.48     19.78   12.64   13.79     22.15    9.20    8.86      8.08   48.24   49.89   127.04  135.60   109.15  135.38 
 139   31.01   15.37     40.07    1.79    1.48     19.28   13.58   13.79     22.15    9.20    8.86      8.02   49.31   49.88   127.10  135.42   109.02  135.49 
 140   31.01   13.32     40.12    1.78    1.49     20.23   11.91   13.77     22.15    9.20    8.87      7.93   49.27   49.88   127.17  135.59   109.14  135.35 
 141   33.70   12.97     42.36    1.38    1.49     20.66   11.54   13.76     22.28    9.07    8.87      8.02   49.53   49.88   126.93  135.58   108.95  135.21 
 142   33.70   12.94     45.07    1.01    1.48     20.42   11.40   13.74     22.28    9.07    8.87      7.81   49.04   49.87   127.57  135.01   109.39  134.73 
 143   33.70   13.57     49.45    0.61    1.48     20.55   11.39   13.72     22.28    9.07    8.87      7.79   49.59   49.87   127.54  135.15   109.30  135.10 
 144   33.70   11.88     46.44    0.86    1.47     19.66   12.44   13.72     22.28    9.07    8.87      7.76   48.85   49.86   127.44  135.43   109.33  135.11 
 145   33.70   15.10     46.27    0.87    1.47     19.83   12.28   13.71     22.28    9.07    8.87      7.79   49.23   49.86   127.51  134.66   109.00  134.46 
 146   36.76   15.31     47.97    0.72    1.46     21.04   10.56   13.68     22.17    9.20    8.88      7.82   48.34   49.85   127.55  135.31   109.16  135.25 
 147   36.76   14.11     41.55    1.51    1.46     20.79   11.11   13.67     22.17    9.20    8.88      7.80   49.01   49.84   126.93  134.97   108.67  135.02 
 148   36.76   11.90     42.05    1.42    1.46     20.01   11.85   13.65     22.17    9.20    8.88      7.85   48.75   49.83   127.65  134.81   109.28  135.11 
 149   36.76   13.29     40.98    1.61    1.46     20.36   11.67   13.64     22.17    9.20    8.88      7.93   48.30   49.82   127.50  134.95   109.03  135.28 
 150   36.76   12.67     41.38    1.53    1.46     19.99   12.03   13.63     22.17    9.20    8.88      8.14   47.01   49.80   127.08  134.34   108.86  134.60 
 151   25.67   12.74     45.93    0.91    1.46     20.30   11.73   13.62     21.84    9.56    8.89      7.91   49.16   49.80   127.10  134.56   108.93  134.44 
 152   25.67   12.63     40.78    1.64    1.46     19.23   13.41   13.62     21.84    9.56    8.89      7.87   49.27   49.80   126.48  134.93   108.30  134.89 
 153   25.67   13.49     41.83    1.45    1.46     22.32    9.27   13.59     21.84    9.56    8.90      7.80   49.44   49.79   127.16  134.89   108.72  134.83 
 154   25.67   12.21     45.06    1.00    1.46     21.36   10.31   13.57     21.84    9.56    8.90      7.88   48.97   49.79   127.61  135.12   109.19  135.03 
 155   25.67   11.18     51.39    0.48    1.45     21.62    9.96   13.54     21.84    9.56    8.91      7.71   49.03   49.78   127.30  134.76   108.91  134.61 
 156   37.39   15.18     44.80    1.03    1.45     20.91   10.71   13.53     21.97    9.42    8.91      7.91   48.14   49.77   127.59  134.65   109.29  134.74 
 157   37.39   15.40     49.02    0.64    1.44     19.60   12.64   13.52     21.97    9.42    8.91      7.53   50.25   49.78   126.95  134.62   108.70  134.75 
 158   37.39   15.51     52.81    0.41    1.44     20.29   11.50   13.51     21.97    9.42    8.92      7.68   49.36   49.77   127.16  134.81   109.09  134.74 
 159   37.39   13.36     42.71    1.32    1.44     19.96   11.88   13.50     21.97    9.42    8.92      7.62   49.60   49.77   127.76  135.11   109.52  135.55 
 160   37.39   12.15     44.58    1.06    1.43     19.13   12.95   13.49     21.97    9.42    8.92      7.64   49.36   49.77   127.38  135.33   109.25  135.25 
 161   29.94   12.66     40.08    1.78    1.44     20.53   11.13   13.48     22.07    9.32    8.92      7.64   49.43   49.77   127.19  135.55   108.90  135.61 
 162   29.94   12.64     41.68    1.49    1.44     19.70   12.03   13.47     22.07    9.32    8.93      7.58   48.85   49.76   127.33  135.49   109.02  135.23 
 163   29.94   11.96     42.04    1.42    1.44     19.81   11.93   13.46     22.07    9.32    8.93      7.66   48.67   49.76   127.42  135.50   108.44  135.43 
 164   29.94   12.80     47.64    0.75    1.43     18.59   13.48   13.46     22.07    9.32    8.93      7.62   48.04   49.75   127.57  136.16   109.19  135.56 
 165   29.94   13.04     44.58    1.07    1.43     18.40   13.82   13.46     22.07    9.32    8.93      7.69   48.17   49.74   128.27  135.71   109.46  136.13 
 166   40.00   15.69     42.10    1.42    1.43     19.58   11.97   13.45     21.96    9.43    8.94      7.55   47.89   49.72   127.54  135.96   108.70  136.21 
 167   40.00   15.60     46.43    0.86    1.43     19.57   11.90   13.44     21.96    9.43    8.94      7.63   47.60   49.71   127.92  135.93   109.14  136.15 
 168   40.00   15.02     47.07    0.80    1.42     17.91   14.06   13.45     21.96    9.43    8.94      7.46   48.08   49.70   128.42  135.42   109.74  135.75 
 169   40.00   13.98     48.88    0.65    1.42     17.73   14.68   13.46     21.96    9.43    8.95      7.46   47.34   49.69   127.45  136.06   108.69  136.07 
 170   40.00   11.92     51.79    0.46    1.41     18.23   13.66   13.46     21.96    9.43    8.95      7.42   47.71   49.68   127.69  135.64   109.19  135.68 
 171   29.04   13.61     46.18    0.89    1.41     18.99   12.42   13.45     21.92    9.46    8.95      7.37   48.49   49.67   128.12  135.47   109.83  135.57 
 172   29.04   12.36     44.08    1.13    1.41     19.16   12.12   13.44     21.92    9.46    8.96      7.27   47.56   49.66   127.71  135.88   109.37  135.90 
 173   29.04   13.66     45.09    1.01    1.41     19.18   12.13   13.44     21.92    9.46    8.96      7.37   47.38   49.64   128.24  135.83   109.99  135.63 
 174   29.04   14.12     45.28    0.98    1.40     18.50   13.03   13.43     21.92    9.46    8.96      7.18   47.53   49.63   127.61  135.63   109.44  135.39 
 175   29.04   12.60     45.37    0.98    1.40     18.55   12.90   13.43     21.92    9.46    8.96      7.23   47.77   49.62   127.93  135.45   109.71  135.27 
 176   33.79   15.79     44.13    1.12    1.40     21.08    9.62   13.41     21.84    9.53    8.97      7.23   47.65   49.61   128.07  135.56   109.94  135.33 
 177   33.79   15.54     45.41    0.97    1.40     20.35   10.43   13.39     21.84    9.53    8.97      7.35   46.59   49.59   128.00  135.24   109.96  134.95 
 178   33.79   15.87     42.50    1.35    1.40     18.58   12.67   13.39     21.84    9.53    8.97      7.31   47.41   49.58   128.46  135.49   110.40  135.26 
 179   33.79   15.45     47.81    0.74    1.39     18.49   12.78   13.38     21.84    9.53    8.98      7.26   46.74   49.56   128.30  135.46   110.30  134.61 
 180   33.79   13.65     55.45    0.31    1.39     18.34   13.07   13.38     21.84    9.53    8.98      7.24   47.55   49.55   128.57  135.57   110.34  134.76 
 181   40.01   12.90     42.43    1.37    1.39     20.08   10.59   13.37     21.95    9.40    8.98      7.05   47.85   49.54   128.55  135.75   110.47  135.01 
 182   40.01   13.76     45.89    0.92    1.38     18.82   12.34   13.36     21.95    9.40    8.98      7.21   46.95   49.53   128.40  135.61   110.58  134.75 
 183   40.01   13.46     43.71    1.19    1.38     18.80   12.20   13.35     21.95    9.40    8.99      7.03   48.20   49.52   128.88  135.48   110.42  134.95 
 184   40.01   12.71     40.88    1.63    1.38     19.85   10.96   13.34     21.95    9.40    8.99      7.18   47.75   49.51   128.73  135.69   110.35  135.43 
 185   40.01   12.69     49.53    0.61    1.38     19.01   11.90   13.33     21.95    9.40    8.99      7.27   47.37   49.50   129.44  136.08   110.94  135.55 
 186   45.22   15.70     53.14    0.40    1.38     19.93   10.86   13.32     21.87    9.45    8.99      7.26   47.27   49.49   128.89  136.34   110.69  135.91 
 187   45.22   15.54     49.48    0.61    1.37     18.74   12.17   13.31     21.87    9.45    9.00      7.34   46.66   49.47   129.67  136.13   111.46  135.86 
 188   45.22   15.46     43.04    1.28    1.37     18.77   12.14   13.31     21.87    9.45    9.00      7.27   47.33   49.46   129.93  136.38   111.61  136.06 
 189   45.22   15.21     41.78    1.49    1.37     19.44   11.37   13.30     21.87    9.45    9.00      7.25   46.65   49.45   129.36  136.98   110.94  136.29 
 190   45.22   12.42     47.02    0.81    1.37     18.48   12.76   13.30     21.87    9.45    9.00      7.35   46.54   49.43   129.15  136.79   111.37  136.23 
 191   51.57   12.99     47.22    0.80    1.37     18.79   12.16   13.29     21.73    9.59    9.01      7.42   46.16   49.42   129.78  137.13   111.87  136.49 
 192   51.57   13.13     51.75    0.47    1.36     18.72   12.26   13.28     21.73    9.59    9.01      7.37   46.13   49.40   129.72  137.29   111.70  136.56 
 193   51.57   12.61     45.06    1.02    1.36     18.02   13.41   13.28     21.73    9.59    9.01      7.31   46.85   49.39   129.93  136.97   112.05  136.16 
 194   51.57   12.67     48.63    0.68    1.36     19.28   11.55   13.28     21.73    9.59    9.02      7.38   46.51   49.37   129.95  136.83   111.56  136.33 
 195   51.57   14.02     43.47    1.23    1.36     17.55   14.07   13.28     21.73    9.59    9.02      7.30   46.81   49.36   130.52  136.43   111.96  136.10 
 196   62.07   14.06     45.30    0.99    1.35     19.83   10.80   13.27     21.71    9.58    9.02      7.33   46.98   49.35   130.86  136.09   112.26  135.81 
 197   62.07   12.11     48.96    0.65    1.35     19.42   11.44   13.26     21.71    9.58    9.02      7.06   48.11   49.34   130.59  136.12   112.10  135.87 
 198   62.07   12.79     40.24    1.78    1.35     18.71   12.57   13.25     21.71    9.58    9.03      7.09   48.43   49.33   130.56  135.85   111.74  135.40 
 199   62.07   12.89     46.95    0.82    1.35     19.27   11.80   13.25     21.71    9.58    9.03      7.25   47.62   49.33   130.79  135.74   112.00  135.24 
 200   62.07   13.28     46.51    0.86    1.35     19.07   12.07   13.24     21.71    9.58    9.03      7.16   47.87   49.32   130.62  135.82   112.26  135.26 
 201   51.35   14.22     48.57    0.68    1.34     20.28   10.44   13.23     21.77    9.50    9.03      7.33   47.06   49.31   130.93  135.31   112.71  134.81 
 202   51.35   15.73     44.66    1.06    1.34     19.15   11.95   13.22     21.77    9.50    9.04      7.37   46.97   49.30   131.00  135.52   112.43  134.69 
 203   51.35   15.50     54.02    0.36    1.34     18.91   12.17   13.22     21.77    9.50    9.04      7.35   46.85   49.28   131.27  135.10   113.00  134.10 
 204   51.35   15.22     43.63    1.20    1.34     18.06   13.50   13.22     21.77    9.50    9.04      7.26   47.22   49.27   131.22  134.97   112.97  134.18 
 205   51.35   15.23     48.63    0.68    1.33     17.34   14.81   13.22     21.77    9.50    9.04      7.32   47.77   49.27   131.62  135.54   113.28  135.01 
 206   46.02   13.70     43.82    1.18    1.33     18.90   12.38   13.22     21.55    9.73    9.05      7.22   47.82   49.26   131.45  135.41   113.00  134.89 
 207   46.02   12.67     45.38    0.99    1.33     18.27   13.26   13.22     21.55    9.73    9.05      7.25   48.00   49.25   132.33  135.02   113.91  134.72 
 208   46.02   13.29     43.32    1.24    1.33     18.73   12.73   13.22     21.55    9.73    9.05      7.24   47.82   49.25   131.77  135.28   113.44  134.85 
 209   46.02   13.40     37.71    2.38    1.34     16.00   17.35   13.24     21.55    9.73    9.06      7.21   47.88   49.24   131.36  135.06   112.87  134.67 
 210   46.02   13.50     41.54    1.54    1.34     16.55   16.06   13.25     21.55    9.73    9.06      7.17   48.45   49.24   132.23  134.91   113.93  134.69 
 211   43.24   15.79     41.89    1.48    1.34     19.07   12.09   13.25     21.40    9.89    9.06      7.04   49.11   49.24   132.65  135.46   114.23  135.15 
 212   43.24   16.22     38.19    2.27    1.34     18.17   13.32   13.25     21.40    9.89    9.07      7.20   47.55   49.23   132.34  135.57   113.89  135.04 
 213   43.24   15.70     39.20    2.03    1.34     17.25   14.77   13.25     21.40    9.89    9.07      7.19   47.54   49.22   132.91  135.15   114.24  134.58 
 214   43.24   13.67     38.59    2.17    1.35     17.45   14.70   13.26     21.40    9.89    9.08      7.15   48.24   49.21   132.63  136.16   114.26  135.67 
 215   43.24   12.39     42.53    1.38    1.35     17.51   14.59   13.27     21.40    9.89    9.08      7.34   47.88   49.21   133.37  136.04   114.95  135.78 
 216   48.53   13.28     44.86    1.05    1.35     19.01   12.55   13.26     21.29   10.00    9.08      7.64   46.94   49.20   133.56  136.15   115.27  135.85 
 217   48.53   13.22     42.79    1.34    1.35     18.78   13.03   13.26     21.29   10.00    9.09      7.41   48.57   49.20   133.54  136.58   115.13  136.39 
 218   48.53   14.01     42.27    1.43    1.35     18.13   14.00   13.27     21.29   10.00    9.09      7.57   47.41   49.19   133.30  136.80   114.93  136.65 
 219   48.53   13.28     39.70    1.92    1.35     18.49   13.41   13.27     21.29   10.00    9.10      7.68   47.29   49.18   133.84  137.24   115.35  136.88 
 220   48.53   15.61     43.02    1.31    1.35     17.18   15.47   13.28     21.29   10.00    9.10      7.66   46.99   49.17   133.87  137.23   115.09  136.95 
 221   52.42   13.90     46.41    0.89    1.35     18.96   12.53   13.27     21.42    9.85    9.10      7.56   47.07   49.16   134.47  136.81   115.99  137.08 
 222   52.42   12.41     39.30    2.01    1.35     18.72   12.96   13.27     21.42    9.85    9.11      7.35   48.44   49.16   134.12  137.44   115.82  137.47 
 223   52.42   13.53     47.56    0.78    1.35     18.83   12.76   13.27     21.42    9.85    9.11      7.43   47.48   49.15   134.60  137.02   116.38  136.84 
 224   52.42   12.88     43.70    1.22    1.35     17.09   15.52   13.28     21.42    9.85    9.11      7.45   47.56   49.14   135.20  136.55   116.80  136.44 
 225   52.42   12.80     46.45    0.89    1.35     17.50   14.78   13.29     21.42    9.85    9.12      7.45   47.50   49.13   135.33  136.62   116.94  136.49 
 226   55.05   14.31     41.42    1.59    1.35     18.45   13.08   13.28     21.37    9.89    9.12      7.47   47.10   49.12   135.34  136.11   116.64  136.35 
 227   55.05   15.86     44.44    1.12    1.35     17.53   14.65   13.29     21.37    9.89    9.12      7.23   48.26   49.12   135.55  136.01   117.39  135.85 
 228   55.05   15.80     41.78    1.52    1.35     15.89   17.58   13.31     21.37    9.89    9.13      7.29   47.71   49.11   136.21  135.12   117.80  135.49 
 229   55.05   15.30     42.27    1.44    1.35     15.62   18.34   13.33     21.37    9.89    9.13      7.16   48.95   49.11   136.18  135.79   118.23  135.93 
 230   55.05   15.55     38.94    2.12    1.35     15.57   18.16   13.35     21.37    9.89    9.13      7.16   48.34   49.11   136.57  135.13   118.22  135.51 
 231   45.00   14.09     40.73    1.72    1.35     16.29   17.22   13.37     21.32    9.94    9.14      7.19   49.06   49.11   137.08  134.85   118.48  135.27 
 232   45.00   13.23     40.76    1.71    1.35     13.96   23.15   13.41     21.32    9.94    9.14      7.27   49.39   49.11   137.38  134.73   118.99  135.31 
 233   45.00   12.74     41.74    1.53    1.35     13.31   25.07   13.46     21.32    9.94    9.14      7.43   48.32   49.11   137.94  134.18   119.48  134.67 
 234   45.00   12.97     39.59    1.96    1.36     13.18   24.52   13.51     21.32    9.94    9.15      7.20   48.84   49.11   139.05  134.37   120.82  135.24 
 235   45.00   13.24     44.28    1.15    1.36     13.04   25.56   13.56     21.32    9.94    9.15      7.20   49.08   49.11   139.16  134.74   120.98  135.07 
 236   49.40   14.09     34.26    3.65    1.37     18.18   13.70   13.56     21.14   10.14    9.15      6.96   49.09   49.11   138.74  134.50   120.84  135.38 
 237   49.40   15.65     36.41    2.85    1.37     17.30   15.30   13.57     21.14   10.14    9.16      6.70   51.25   49.12   138.96  134.68   120.97  135.32 
 238   49.40   16.56     38.45    2.25    1.38     17.56   15.18   13.58     21.14   10.14    9.16      6.97   50.61   49.12   139.08  135.16   121.26  135.90 
 239   49.40   16.11     34.31    3.65    1.39     15.64   19.38   13.60     21.14   10.14    9.17      6.90   51.72   49.13   138.42  135.21   120.69  135.84 
 240   49.40   16.19     37.69    2.48    1.39     16.58   16.60   13.61     21.14   10.14    9.17      6.85   51.47   49.14   140.56  135.08   122.75  135.76 
 241   63.93   12.93     39.14    2.10    1.39     17.85   14.28   13.61     20.94   10.37    9.18      7.02   50.28   49.15   140.86  135.47   122.82  136.12 
 242   63.93   13.80     40.34    1.83    1.39     16.68   15.95   13.62     20.94   10.37    9.18      6.84   50.07   49.15   141.03  135.71   123.05  136.12 
 243   63.93   14.33     38.65    2.24    1.40     15.64   18.27   13.64     20.94   10.37    9.19      7.23   48.34   49.15   141.08  135.40   123.28  135.50 
 244   63.93   14.71     38.00    2.42    1.40     14.81   19.37   13.67     20.94   10.37    9.19      7.02   49.84   49.15   142.76  135.62   124.64  136.28 
 245   63.93   15.01     39.02    2.15    1.41     15.13   19.10   13.69     20.94   10.37    9.20      6.88   49.81   49.15   142.11  135.86   124.19  136.39 
 246   53.07   16.10     36.29    2.95    1.41     17.21   14.82   13.69     20.69   10.66    9.20      7.04   48.63   49.15   142.46  136.02   124.59  136.46 
 247   53.07   14.20     43.45    1.29    1.41     16.56   15.87   13.70     20.69   10.66    9.21      6.99   48.70   49.15   142.96  135.48   124.92  135.91 
 248   53.07   13.19     39.30    2.08    1.41     16.12   16.53   13.71     20.69   10.66    9.21      7.01   48.45   49.15   143.02  135.60   124.96  136.14 
 249   53.07   13.39     40.47    1.82    1.42     15.19   18.24   13.73     20.69   10.66    9.22      6.92   49.16   49.15   144.53  135.20   126.57  135.78 
 250   53.07   13.74     40.21    1.88    1.42     14.82   19.18   13.75     20.69   10.66    9.22      6.74   50.54   49.15   144.52  134.87   126.61  135.49 
 251   53.70   14.16     36.34    2.93    1.42     16.67   15.63   13.76     20.81   10.51    9.23      6.83   49.88   49.16   144.81  134.79   126.86  135.44 
 252   53.70   13.52     41.22    1.67    1.42     15.44   17.66   13.78     20.81   10.51    9.24      6.70   50.05   49.16   145.38  134.92   127.58  135.52 
 253   53.70   13.51     38.01    2.43    1.43     14.91   18.63   13.80     20.81   10.51    9.24      6.66   49.50   49.16   145.78  134.44   127.78  134.84 
 254   53.70   12.82     38.75    2.23    1.43     15.29   17.86   13.81     20.81   10.51    9.25      6.58   49.82   49.16   146.28  134.12   128.64  134.73 
 255   53.70   12.33     40.87    1.75    1.43     15.58   17.03   13.82     20.81   10.51    9.25      6.51   49.31   49.16   146.98  134.07   129.51  134.61 
 256   83.64   15.82     44.28    1.18    1.43     16.37   15.70   13.83     20.63   10.70    9.26      6.59   49.33   49.16   147.51  133.74   130.20  134.45 
 257   83.64   12.44     35.34    3.32    1.44     15.05   18.05   13.85     20.63   10.70    9.26      6.52   48.60   49.16   147.81  134.16   130.76  134.69 
 258   83.64   12.65     36.58    2.88    1.44     13.91   20.63   13.87     20.63   10.70    9.27      6.28   49.90   49.16   148.13  134.32   131.16  134.97 
 259   83.64   13.95     40.96    1.74    1.45     13.56   21.35   13.90     20.63   10.70    9.27      6.38   49.28   49.16   149.25  134.43   132.10  134.97 
 260   83.64   12.67     43.00    1.38    1.45     13.18   22.18   13.94     20.63   10.70    9.28      6.18   49.94   49.17   149.58  133.83   132.25  134.47 
 261   49.68   15.73     37.87    2.50    1.45     16.31   15.21   13.94     20.68   10.62    9.28      6.26   48.93   49.17   149.92  134.27   132.70  134.89 
 262   49.68   15.64     39.32    2.12    1.45     15.63   16.33   13.95     20.68   10.62    9.29      6.22   48.43   49.16   150.84  134.27   133.54  134.89 
 263   49.68   17.08     38.56    2.33    1.46     15.04   17.25   13.96     20.68   10.62    9.29      5.92   49.72   49.17   151.16  133.85   133.85  134.51 
 264   49.68   16.79     42.44    1.49    1.46     14.51   18.22   13.98     20.68   10.62    9.30      6.06   48.57   49.16   152.18  134.25   135.02  134.79 
 265   49.68   16.99     40.51    1.86    1.46     13.90   19.75   14.00     20.68   10.62    9.30      5.91   49.41   49.17   152.26  134.00   135.33  134.63 
 266   43.21   15.16     41.02    1.76    1.46     16.15   15.06   14.00     20.30   11.07    9.31      6.07   48.18   49.16   153.51  134.13   136.55  134.64 
 267   43.21   13.83     39.26    2.16    1.46     15.15   17.15   14.02     20.30   11.07    9.32      5.99   48.97   49.16   153.74  134.43   137.15  135.02 
 268   43.21   14.94     38.58    2.35    1.46     15.28   16.57   14.03     20.30   11.07    9.32      6.01   48.06   49.16   154.21  134.20   137.39  134.79 
 269   43.21   13.80     40.61    1.85    1.47     14.56   18.39   14.04     20.30   11.07    9.33      5.93   49.80   49.16   154.70  134.19   137.90  134.68 
 270   43.21   13.74     43.65    1.31    1.47     13.92   19.42   14.06     20.30   11.07    9.34      5.87   48.80   49.16   155.73  134.75   138.79  135.19 
 271   47.63   16.98     39.40    2.14    1.47     15.87   15.85   14.07     20.49   10.80    9.34      5.82   49.39   49.16   155.92  134.64   139.44  135.19 
 272   47.63   16.73     41.09    1.76    1.47     15.16   16.95   14.08     20.49   10.80    9.35      5.81   48.95   49.16   156.49  134.77   139.63  135.23 
 273   47.63   16.67     42.37    1.53    1.47     13.43   21.46   14.11     20.49   10.80    9.35      5.95   49.05   49.16   157.41  133.90   140.70  134.29 
 274   47.63   16.60     39.96    2.02    1.47     13.28   21.88   14.13     20.49   10.80    9.36      6.04   49.35   49.16   157.71  133.64   140.67  134.18 
 275   47.63   14.97     39.86    2.05    1.47     13.06   23.63   14.17     20.49   10.80    9.36      6.03   51.94   49.17   158.16  133.06   141.06  133.54 
 276   53.48   14.46     39.80    2.06    1.48     16.80   15.32   14.17     20.49   10.78    9.37      6.32   50.30   49.17   158.36  132.33   141.39  132.74 
 277   53.48   13.88     42.03    1.59    1.48     14.92   19.66   14.19     20.49   10.78    9.37      6.30   51.57   49.18   159.44  131.47   142.58  131.97 
 278   53.48   15.17     39.56    2.11    1.48     16.07   17.01   14.20     20.49   10.78    9.38      6.33   50.99   49.19   159.58  131.53   142.90  131.94 
 279   53.48   13.63     40.05    2.00    1.48     14.29   21.60   14.23     20.49   10.78    9.38      6.39   52.16   49.20   160.22  131.07   143.28  131.69 
 280   53.48   15.54     37.14    2.81    1.48     14.18   21.52   14.26     20.49   10.78    9.39      6.48   50.59   49.20   160.50  130.84   143.92  131.26 
 281   67.29   13.47     37.05    2.84    1.49     14.46   21.24   14.28     20.23   11.10    9.39      6.49   51.39   49.21   161.41  130.37   144.55  130.88 
 282   67.29   14.05     39.77    2.07    1.49     15.01   19.80   14.30     20.23   11.10    9.40      6.63   50.17   49.21   162.52  129.70   145.76  129.94 
 283   67.29   14.24     37.91    2.57    1.50     15.79   18.20   14.31     20.23   11.10    9.41      6.62   50.90   49.22   162.67  130.33   146.08  130.61 
 284   67.29   14.25     37.61    2.67    1.50     15.06   20.05   14.33     20.23   11.10    9.41      6.68   50.74   49.23   162.55  130.05   145.94  130.11 
 285   67.29   14.84     38.97    2.30    1.50     15.49   18.79   14.35     20.23   11.10    9.42      6.61   50.98   49.23   163.70  130.16   147.01  130.53 
 286   67.42   14.55     38.52    2.41    1.51     19.03   12.31   14.34     20.21   11.12    9.42      6.66   50.47   49.24   164.12  130.60   147.52  130.92 
 287   67.42   14.86     37.47    2.72    1.51     18.41   13.40   14.34     20.21   11.12    9.43      6.58   51.26   49.24   164.69  131.18   148.04  131.62 
 288   67.42   15.25     38.97    2.31    1.51     17.96   14.27   14.34     20.21   11.12    9.44      6.57   51.70   49.25   164.86  131.41   148.42  131.74 
 289   67.42   16.59     42.01    1.63    1.51     17.39   15.32   14.34     20.21   11.12    9.44      6.59   51.85   49.26   165.57  131.16   149.16  131.58 
 290   67.42   16.70     38.17    2.53    1.52     16.38   17.03   14.35     20.21   11.12    9.45      6.62   51.29   49.27   165.47  132.11   148.98  132.46 
 291   62.58   14.29     40.61    1.93    1.52     17.60   15.22   14.35     20.20   11.13    9.45      6.70   52.06   49.28   165.89  131.63   149.40  132.10 
 292   62.58   14.83     37.13    2.88    1.52     16.36   17.26   14.36     20.20   11.13    9.46      6.87   50.21   49.28   166.60  131.89   149.88  132.45 
 293   62.58   14.61     37.68    2.70    1.53     17.05   16.01   14.37     20.20   11.13    9.46      6.52   52.64   49.29   166.86  131.77   150.25  131.72 
 294   62.58   13.59     39.19    2.28    1.53     17.47   14.85   14.37     20.20   11.13    9.47      6.54   51.39   49.30   167.05  131.59   150.70  131.66 
 295   62.58   15.06     36.14    3.24    1.53     15.71   18.28   14.38     20.20   11.13    9.48      6.40   52.62   49.31   167.09  131.49   150.59  131.60 
 296   76.76   14.71     40.67    1.92    1.54     17.97   13.77   14.38     20.10   11.26    9.48      6.56   50.86   49.32   168.05  130.98   151.99  131.25 
 297   76.76   16.37     42.63    1.53    1.54     18.02   13.91   14.38     20.10   11.26    9.49      6.55   51.85   49.32   168.49  130.74   152.08  130.88 
 298   76.76   16.31     39.74    2.14    1.54     17.47   14.74   14.38     20.10   11.26    9.49      6.59   51.44   49.33   169.04  130.51   152.49  130.68 
 299   76.76   16.34     39.17    2.29    1.54     16.99   15.57   14.39     20.10   11.26    9.50      6.53   51.52   49.34   169.10  130.33   152.66  130.81 
 300   76.76   16.34     37.23    2.87    1.54     16.61   16.48   14.39     20.10   11.26    9.51      6.67   51.09   49.34   169.28  131.04   152.66  131.69 
 301   69.03   14.04     39.61    2.18    1.55     17.68   14.73   14.39     20.11   11.23    9.51      6.68   51.41   49.35   169.98  130.48   153.65  130.72 
 302   69.03   14.74     39.23    2.28    1.55     16.64   16.61   14.40     20.11   11.23    9.52      6.61   51.81   49.36   169.97  130.59   154.00  130.92 
 303   69.03   13.43     38.47    2.49    1.55     17.24   15.39   14.40     20.11   11.23    9.52      6.64   51.78   49.37   170.31  130.88   154.18  131.12 
 304   69.03   14.40     40.07    2.07    1.55     17.91   14.16   14.40     20.11   11.23    9.53      6.71   51.20   49.37   170.42  130.64   154.02  130.76 
 305   69.03   13.81     39.68    2.18    1.56     18.93   12.47   14.40     20.11   11.23    9.53      6.63   51.68   49.38   170.79  130.63   154.56  130.92 
 306   73.38   16.39     39.06    2.34    1.56     19.49   11.68   14.39     20.03   11.34    9.54      6.50   52.30   49.39   170.99  130.86   154.66  131.07 
 307   73.38   17.28     39.53    2.21    1.56     19.23   12.17   14.38     20.03   11.34    9.55      6.82   51.35   49.40   171.17  131.19   154.90  131.41 
 308   73.38   17.11     39.61    2.20    1.56     18.51   13.29   14.38     20.03   11.34    9.55      6.73   52.06   49.41   171.34  131.78   154.99  132.26 
 309   73.38   16.94     38.29    2.56    1.57     17.63   14.92   14.38     20.03   11.34    9.56      6.93   51.78   49.41   171.44  132.30   155.05  132.51 
 310   73.38   16.38     38.68    2.47    1.57     16.79   16.63   14.39     20.03   11.34    9.56      6.74   53.79   49.43   171.27  133.70   154.85  133.86 
 311   78.12   14.03     37.42    2.85    1.57     17.23   15.65   14.39     20.03   11.34    9.57      6.94   51.93   49.44   171.11  133.99   154.77  134.36 
 312   78.12   14.78     37.33    2.89    1.58     17.87   14.60   14.39     20.03   11.34    9.57      6.95   52.82   49.45   171.26  134.86   154.87  135.45 
 313   78.12   14.29     36.56    3.17    1.58     17.08   15.92   14.40     20.03   11.34    9.58      6.90   52.87   49.46   171.58  136.01   155.02  136.50 
 314   78.12   14.34     34.71    3.92    1.59     16.34   17.73   14.41     20.03   11.34    9.59      7.04   52.87   49.47   170.83  136.58   154.29  137.24 
 315   78.12   16.99     36.48    3.21    1.60     16.54   17.44   14.42     20.03   11.34    9.59      6.88   54.00   49.48   170.94  136.83   154.30  137.34 
 316   78.25   18.05     36.49    3.20    1.60     17.26   15.74   14.42     19.99   11.38    9.60      7.05   52.29   49.49   171.23  137.00   154.43  137.41 
 317   78.25   14.44     36.00    3.39    1.61     16.80   16.75   14.43     19.99   11.38    9.60      7.04   52.80   49.50   170.92  137.91   153.86  138.17 
 318   78.25   13.92     36.71    3.12    1.61     16.53   17.10   14.44     19.99   11.38    9.61      7.20   51.23   49.51   170.82  137.58   153.94  137.98 
 319   78.25   15.36     38.41    2.57    1.61     15.58   19.19   14.45     19.99   11.38    9.61      7.20   51.50   49.51   170.98  137.53   154.04  137.91 
 320   78.25   14.76     36.08    3.35    1.62     15.70   19.20   14.47     19.99   11.38    9.62      7.10   52.51   49.52   170.42  137.08   153.51  137.66 
 321   60.48   15.34     37.52    2.84    1.62     16.90   16.51   14.47     19.85   11.58    9.63      7.09   51.95   49.53   170.03  136.60   153.17  136.99 
 322   60.48   16.58     37.12    2.96    1.63     16.31   17.73   14.48     19.85   11.58    9.63      7.05   52.33   49.54   169.92  135.11   152.64  135.63 
 323   60.48   13.81     35.66    3.50    1.63     16.24   18.11   14.49     19.85   11.58    9.64      6.94   53.58   49.55   168.76  134.60   151.96  135.04 
 324   60.48   19.08     38.65    2.46    1.64     15.60   18.94   14.51     19.85   11.58    9.64      7.09   51.93   49.56   169.40  133.86   152.38  134.25 
 325   60.48   17.67     36.65    3.10    1.64     16.84   16.70   14.51     19.85   11.58    9.65      7.01   52.72   49.57   168.51  133.31   151.56  133.68 
 326   90.63   14.78     35.52    3.51    1.65     16.95   16.33   14.52     19.79   11.67    9.66      7.07   52.51   49.58   168.06  132.41   150.72  133.03 
 327   90.63   15.52     36.04    3.29    1.65     16.60   17.37   14.53     19.79   11.67    9.66      7.21   52.37   49.59   167.62  131.84   150.27  132.36 
 328   90.63   15.18     36.81    3.00    1.65     17.44   15.48   14.53     19.79   11.67    9.67      7.28   51.61   49.59   167.33  131.60   149.99  131.86 
 329   90.63   16.63     36.40    3.13    1.66     16.42   17.91   14.54     19.79   11.67    9.67      7.14   53.62   49.60   166.43  131.69   149.14  131.76 
 330   90.63   14.93     37.48    2.76    1.66     16.72   17.03   14.55     19.79   11.67    9.68      7.16   52.75   49.61   166.28  131.33   149.02  131.54 
 331   91.55   15.99     36.83    2.96    1.67     18.10   14.99   14.55     19.78   11.69    9.69      7.05   55.11   49.63   165.03  131.38   147.66  131.43 
 332   91.55   16.47     41.05    1.82    1.67     17.30   16.02   14.56     19.78   11.69    9.69      7.20   53.41   49.64   165.41  131.82   148.18  132.12 
 333   91.55   16.62     36.78    2.97    1.67     17.71   15.52   14.56     19.78   11.69    9.70      7.30   52.68   49.65   163.98  131.57   146.72  132.05 
 334   91.55   16.07     36.38    3.11    1.68     17.41   15.79   14.56     19.78   11.69    9.70      7.26   52.63   49.66   163.73  132.19   146.45  132.39 
 335   91.55   16.62     36.93    2.91    1.68     17.66   15.73   14.57     19.78   11.69    9.71      7.37   52.70   49.67   163.30  132.14   145.74  132.28 
 336   56.13   18.56     38.17    2.52    1.68     17.27   16.38   14.57     19.75   11.73    9.72      7.46   52.13   49.68   162.56  133.43   145.18  133.67 
 337   56.13   18.63     37.39    2.76    1.68     18.04   15.26   14.57     19.75   11.73    9.72      7.63   51.82   49.68   161.19  134.19   143.55  134.23 
 338   56.13   19.01     38.53    2.43    1.69     17.69   15.89   14.58     19.75   11.73    9.73      7.57   52.60   49.69   161.23  135.00   143.58  135.28 
 339   56.13   18.68     38.05    2.55    1.69     17.25   16.93   14.58     19.75   11.73    9.73      7.61   52.53   49.70   159.38  135.86   141.66  136.10 
 340   56.13   18.61     37.46    2.74    1.69     16.17   18.95   14.60     19.75   11.73    9.74      7.68   51.79   49.71   158.76  136.55   140.99  136.68 
 341   89.87   15.97     36.25    3.14    1.70     17.51   16.83   14.60     19.72   11.78    9.75      7.70   52.55   49.71   158.26  136.64   140.15  136.80 
 342   89.87   18.42     39.57    2.13    1.70     17.05   17.37   14.61     19.72   11.78    9.75      7.62   52.87   49.72   157.62  136.76   139.62  136.78 
 343   89.87   18.54     35.09    3.57    1.70     16.49   18.95   14.62     19.72   11.78    9.76      7.68   52.82   49.73   155.99  137.21   138.04  137.27 
 344   89.87   18.79     35.79    3.29    1.71     15.89   19.96   14.64     19.72   11.78    9.76      7.76   52.24   49.74   156.07  137.50   138.11  137.63 
 345   89.87   19.40     34.42    3.85    1.71     15.44   21.81   14.66     19.72   11.78    9.77      7.74   52.95   49.75   154.27  138.23   136.41  138.82 
 346   82.80   15.64     35.20    3.50    1.72     17.86   16.12   14.66     19.67   11.87    9.78      7.98   50.70   49.75   153.53  138.56   135.84  139.17 
 347   82.80   13.97     34.10    3.96    1.73     16.99   18.39   14.68     19.67   11.87    9.78      7.83   52.94   49.76   152.42  139.51   134.90  140.03 
 348   82.80   15.78     33.07    4.47    1.73     16.88   18.33   14.69     19.67   11.87    9.79      8.11   50.38   49.76   151.09  139.41   133.46  140.10 
 349   82.80   13.88     33.61    4.17    1.74     16.91   18.55   14.70     19.67   11.87    9.79      8.00   51.90   49.77   149.98  139.34   131.91  139.64 
 350   82.80   14.07     36.34    3.04    1.74     16.44   19.45   14.71     19.67   11.87    9.80      7.95   52.39   49.78   149.23  140.09   130.87  140.19 
 351  102.61   14.79     35.93    3.17    1.75     18.70   15.19   14.71     19.64   11.93    9.81      7.78   53.87   49.79   148.02  140.02   129.73  140.14 
 352  102.61   16.52     34.47    3.76    1.75     17.41   17.51   14.72     19.64   11.93    9.81      7.79   53.58   49.80   147.00  140.81   128.92  140.78 
 353  102.61   16.83     33.16    4.37    1.76     16.64   19.32   14.73     19.64   11.93    9.82      7.72   54.26   49.81   145.73  140.63   127.83  140.64 
 354  102.61   17.72     33.13    4.37    1.77     16.42   19.76   14.75     19.64   11.93    9.82      7.78   54.26   49.82   144.94  141.09   126.67  141.42 
 355  102.61   18.12     33.34    4.25    1.78     15.95   21.19   14.76     19.64   11.93    9.83      7.90   53.92   49.84   144.28  141.40   125.94  141.61 
 356   85.58   14.82     33.02    4.40    1.78     18.54   15.66   14.77     19.72   11.85    9.83      7.97   53.51   49.85   142.96  141.15   124.83  141.09 
 357   85.58   13.04     32.03    4.92    1.79     18.30   16.43   14.77     19.72   11.85    9.84      7.98   54.41   49.86   141.66  141.64   123.46  141.63 
 358   85.58   13.18     34.91    3.50    1.80     18.79   15.25   14.77     19.72   11.85    9.85      8.09   52.74   49.87   140.83  141.80   122.35  141.62 
 359   85.58   14.13     34.18    3.80    1.80     19.17   14.72   14.77     19.72   11.85    9.85      8.20   52.59   49.87   139.93  141.35   121.32  141.33 
 360   85.58   14.59     32.02    4.89    1.81     18.16   16.53   14.78     19.72   11.85    9.86      8.12   53.21   49.88   138.71  141.08   120.28  141.21 
 361   84.76   17.52     32.18    4.77    1.82     18.34   16.49   14.78     19.61   12.03    9.86      8.27   53.19   49.89   137.86  141.00   119.37  141.23 
 362   84.76   18.63     31.38    5.20    1.83     17.97   17.23   14.79     19.61   12.03    9.87      8.29   53.02   49.90   136.81  141.01   118.23  141.04 
 363   84.76   17.12     30.69    5.60    1.84     17.71   18.24   14.80     19.61   12.03    9.88      8.26   53.90   49.91   135.23  140.67   116.61  140.31 
 364   84.76   16.17     30.09    5.96    1.85     16.77   20.31   14.81     19.61   12.03    9.88      8.28   53.70   49.92   133.45  140.64   114.37  140.39 
 365   84.76   13.14     32.97    4.25    1.86     17.36   18.95   14.83     19.61   12.03    9.89      8.25   54.59   49.94   133.41  140.21   114.06  140.06 
 366   52.63   15.60     33.60    3.92    1.86     18.97   15.63   14.83     19.23   12.61    9.89      8.55   51.73   49.94   131.72  139.86   112.43  139.64 
 367   52.63   14.47     33.36    4.03    1.87     18.60   16.50   14.83     19.23   12.61    9.90      8.56   52.49   49.95   130.47  140.09   111.30  139.62 
 368   52.63   16.60     31.79    4.81    1.88     18.49   16.81   14.84     19.23   12.61    9.91      8.51   52.95   49.96   129.10  140.01   109.61  139.86 
 369   52.63   16.09     31.39    5.00    1.89     18.39   17.09   14.84     19.23   12.61    9.92      8.57   52.55   49.96   127.41  140.02   108.25  139.83 
 370   52.63   16.68     33.56    3.87    1.89     17.37   19.02   14.86     19.23   12.61    9.92      8.64   52.39   49.97   127.35  140.03   107.80  140.03 
 371   51.98   18.22     34.57    3.43    1.89     17.84   18.26   14.86     19.27   12.59    9.93      8.72   51.80   49.97   125.62  139.79   106.04  139.86 
 372   51.98   17.25     32.12    4.55    1.90     18.54   16.69   14.87     19.27   12.59    9.94      8.71   51.78   49.98   124.42  140.45   104.73  140.35 
 373   51.98   16.69     31.56    4.84    1.91     17.42   19.17   14.88     19.27   12.59    9.95      8.89   50.74   49.98   123.07  140.85   103.62  140.93 
 374   51.98   15.81     31.03    5.11    1.92     18.17   17.62   14.89     19.27   12.59    9.95      8.91   50.40   49.98   121.21  141.02   101.78  140.83 
 375   51.98   16.04     31.55    4.78    1.93     18.29   17.33   14.89     19.27   12.59    9.96      8.93   50.79   49.98   120.24  140.89   100.67  140.61 
 376   63.88   16.47     31.40    4.85    1.93     17.70   18.51   14.90     19.53   12.27    9.97      8.75   51.69   49.99   118.61  140.61    99.18  140.32 
 377   63.88   16.67     31.67    4.69    1.94     18.53   16.79   14.91     19.53   12.27    9.97      8.82   51.18   49.99   117.89  140.59    97.85  140.05 
 378   63.88   17.37     35.01    3.18    1.94     18.42   16.79   14.91     19.53   12.27    9.98      8.79   50.98   49.99   116.67  140.92    96.49  140.52 
 379   63.88   16.20     35.28    3.06    1.95     17.86   18.04   14.92     19.53   12.27    9.98      8.77   51.35   50.00   115.31  141.68    95.11  141.26 
 380   63.88   16.41     32.88    4.03    1.95     18.14   17.56   14.93     19.53   12.27    9.99      8.77   50.94   50.00   114.14  141.35    93.77  141.05 
 381   71.60   18.53     31.73    4.57    1.96     18.54   16.87   14.93     19.55   12.27   10.00      8.97   50.15   50.00   112.14  141.12    91.73  141.06 
 382   71.60   20.96     32.21    4.31    1.97     17.75   18.47   14.94     19.55   12.27   10.00      8.80   51.73   50.01   111.55  141.41    90.73  140.70 
 383   71.60   19.47     32.98    3.93    1.97     17.62   18.94   14.95     19.55   12.27   10.01      8.86   51.20   50.01   109.88  141.23    89.09  140.49 
 384   71.60   20.61     31.65    4.58    1.98     17.10   19.72   14.97     19.55   12.27   10.01      8.70   52.02   50.01   109.11  141.32    88.01  140.49 
 385   71.60   16.06     30.06    5.49    1.99     16.23   21.71   14.98     19.55   12.27   10.02      8.63   52.19   50.02   107.43  141.75    86.13  141.14 
 386   97.98   17.60     29.88    5.58    2.00     18.06   17.38   14.99     19.59   12.26   10.03      8.60   51.76   50.02   106.62  141.88    85.33  141.12 
 387   97.98   15.03     30.69    5.05    2.00     17.73   18.21   15.00     19.59   12.26   10.03      8.90   50.30   50.02   105.34  142.07    84.10  141.43 
 388   97.98   17.43     29.43    5.79    2.01     16.65   20.29   15.01     19.59   12.26   10.04      8.66   50.90   50.03   103.99  141.70    82.37  141.10 
 389   97.98   18.51     30.02    5.43    2.02     16.38   20.91   15.03     19.59   12.26   10.04      8.48   52.62   50.03   103.02  142.61    81.42  141.97 
 390   97.98   19.43     30.20    5.30    2.03     14.98   24.41   15.05     19.59   12.26   10.05      8.44   51.96   50.04   101.62  141.97    79.82  141.06 
 391   85.86   15.29     28.60    6.36    2.04     17.69   17.77   15.06     19.46   12.47   10.05      8.51   51.88   50.04   100.82  142.47    78.72  141.39 
 392   85.86   16.07     28.57    6.38    2.05     15.82   22.08   15.08     19.46   12.47   10.06      8.48   52.09   50.05    99.58  142.58    77.45  141.63 
 393   85.86   17.66     28.88    6.14    2.06     15.69   22.55   15.10     19.46   12.47   10.07      8.56   51.84   50.05    98.77  142.88    76.63  141.95 
