   6    2.62   11.94     44.28    1.00    0.83     20.60   12.05   13.99     52.94    0.28   46.12      7.61   55.90   55.39    98.63  136.04    80.58  136.30 
   7    2.62   12.43     52.15    0.41    0.77     17.22   17.38   14.48     52.94    0.28   39.57      7.53   55.26   55.37    99.16  136.55    81.28  136.94 
   8    2.62   10.52     42.11    1.29    0.84     17.67   16.38   14.71     52.94    0.28   34.66      7.47   56.41   55.50   100.50  136.22    82.54  136.53 
   9    2.62    9.37     46.03    0.82    0.83     16.45   18.98   15.19     52.94    0.28   30.84      7.66   54.23   55.36   100.76  135.91    82.71  136.25 
  10    2.62   10.01     48.27    0.64    0.81     15.13   21.76   15.85     52.94    0.28   27.78      7.47   55.11   55.33   102.14  135.03    84.14  135.76 
  11    1.99   10.34     41.06    1.47    0.87     21.42   10.57   15.37     52.93    0.29   25.28      7.72   52.15   55.04   102.08  135.42    84.10  136.05 
  12    1.99   10.42     41.38    1.41    0.92     18.04   15.47   15.37     52.93    0.29   23.20      7.66   52.78   54.85   102.06  135.58    83.87  136.27 
  13    1.99   10.54     37.08    2.32    1.03     18.93   14.03   15.27     52.93    0.29   21.44      7.75   54.40   54.82   103.53  134.65    85.19  135.60 
  14    1.99   11.06     43.50    1.10    1.03     18.13   15.16   15.26     52.93    0.29   19.93      7.72   53.53   54.73   104.25  134.24    86.16  135.28 
  15    1.99   10.47     43.13    1.15    1.04     16.29   18.97   15.51     52.93    0.29   18.62      7.72   53.34   54.64   104.66  134.10    86.32  134.77 
  16    2.59   12.10     55.38    0.28    0.99     16.96   17.67   15.65     35.30    2.15   17.59      7.98   51.08   54.41   104.92  133.76    86.65  134.27 
  17    2.59   12.73     44.49    0.98    0.99     20.06   12.30   15.45     35.30    2.15   16.68      7.85   53.29   54.35   105.95  133.41    87.93  134.01 
  18    2.59   13.29     42.57    1.23    1.00     18.40   14.67   15.41     35.30    2.15   15.87      7.84   51.56   54.19   106.47  133.26    88.21  133.76 
  19    2.59   13.51     38.61    1.94    1.05     17.40   16.73   15.48     35.30    2.15   15.15      7.83   52.77   54.12   107.16  133.56    89.06  134.03 
  20    2.59   13.20     40.49    1.56    1.08     17.90   15.65   15.48     35.30    2.15   14.50      7.89   51.41   53.98   107.66  133.14    89.42  133.49 
  21    7.83   13.67     41.09    1.46    1.10     20.58   11.59   15.30     22.60    9.26   14.25      8.15   49.77   53.78   107.91  133.25    89.68  133.48 
  22    7.83   11.97     43.36    1.12    1.10     18.69   14.21   15.25     22.60    9.26   14.03      7.91   50.65   53.64   108.19  133.19    90.05  133.51 
  23    7.83   10.01     37.32    2.25    1.15     18.76   13.84   15.19     22.60    9.26   13.82      8.11   49.32   53.45   109.31  133.12    91.09  133.43 
  24    7.83   10.55     40.47    1.57    1.17     16.70   17.51   15.28     22.60    9.26   13.63      7.72   49.91   53.30   109.29  133.44    91.16  133.18 
  25    7.83   10.73     44.16    1.03    1.16     16.25   18.53   15.41     22.60    9.26   13.45      7.89   48.98   53.13   109.42  133.63    90.86  133.88 
  26    4.58   11.46     45.42    0.89    1.15     19.12   13.34   15.33     34.58    2.32   13.02      7.85   49.49   52.99   109.75  133.57    91.16  133.91 
  27    4.58   11.33     42.99    1.19    1.15     17.95   15.26   15.33     34.58    2.32   12.63      7.83   50.80   52.91   110.43  134.01    91.93  133.90 
  28    4.58   11.61     44.04    1.06    1.15     17.17   16.45   15.37     34.58    2.32   12.26      7.68   50.63   52.83   110.95  134.53    92.19  134.61 
  29    4.58   11.45     38.20    2.07    1.18     17.60   15.66   15.38     34.58    2.32   11.92      7.63   50.46   52.75   111.11  134.51    92.59  134.47 
  30    4.58   11.73     40.05    1.68    1.20     16.63   17.42   15.45     34.58    2.32   11.60      7.45   51.73   52.71   111.34  134.65    92.71  134.70 
  31   10.01   14.03     42.47    1.28    1.20     18.62   13.47   15.39     37.92    1.57   11.27      7.60   50.14   52.63   112.27  134.51    93.69  134.82 
  32   10.01   13.92     42.03    1.34    1.20     18.23   14.03   15.34     37.92    1.57   10.97      7.54   50.11   52.55   112.52  134.75    94.03  134.27 
  33   10.01   14.28     41.82    1.37    1.21     17.14   15.64   15.35     37.92    1.57   10.69      7.47   50.67   52.49   113.28  134.49    94.81  134.34 
  34   10.01   13.41     42.90    1.22    1.21     17.14   15.87   15.37     37.92    1.57   10.42      7.20   50.07   52.42   112.99  134.94    94.03  134.40 
  35   10.01   14.02     47.03    0.76    1.20     17.07   15.66   15.38     37.92    1.57   10.16      7.43   49.31   52.33   113.30  134.51    94.36  134.45 
  36  128.78   11.22     48.36    0.65    1.18     18.59   13.15   15.31     20.89   11.01   10.19      7.29   49.50   52.25   113.44  134.42    94.34  134.07 
  37  128.78   13.35     41.61    1.41    1.19     18.66   12.92   15.25     20.89   11.01   10.21      7.33   49.98   52.19   113.93  134.95    95.00  134.46 
  38  128.78   13.22     45.11    0.95    1.18     16.93   15.72   15.26     20.89   11.01   10.23      7.10   50.13   52.14   113.82  134.89    94.89  135.13 
  39  128.78   13.86     41.47    1.44    1.19     16.79   15.73   15.27     20.89   11.01   10.25      7.23   49.75   52.08   114.59  134.96    95.65  135.11 
  40  128.78   13.94     40.65    1.60    1.20     14.60   20.81   15.41     20.89   11.01   10.27      7.10   49.89   52.02   114.01  135.66    95.11  135.73 
  41   22.69   14.45     45.44    0.92    1.19     19.51   11.54   15.32     25.72    6.25   10.17      7.45   47.86   51.92   114.62  136.09    95.53  135.97 
  42   22.69   12.57     47.94    0.69    1.18     17.76   13.76   15.28     25.72    6.25   10.08      7.39   47.60   51.82   115.14  136.46    96.01  136.22 
  43   22.69   11.61     42.85    1.24    1.18     17.37   14.59   15.26     25.72    6.25    9.99      7.25   48.99   51.75   115.59  136.92    96.17  136.59 
  44   22.69   12.33     41.43    1.47    1.19     16.30   16.49   15.29     25.72    6.25    9.90      7.27   47.65   51.66   115.19  137.63    95.96  137.33 
  45   22.69   12.03     39.64    1.81    1.20     15.85   17.56   15.34     25.72    6.25    9.82      7.52   47.85   51.57   115.55  138.12    96.68  137.72 
  46   42.93   13.76     41.48    1.47    1.21     18.27   12.91   15.29     25.49    6.34    9.75      7.27   47.30   51.48   115.66  138.56    96.74  138.12 
  47   42.93   14.32     46.59    0.82    1.20     18.31   13.10   15.24     25.49    6.34    9.68      7.45   47.07   51.39   115.79  138.88    96.73  138.44 
  48   42.93   14.76     42.80    1.27    1.20     17.03   14.97   15.24     25.49    6.34    9.61      7.26   47.55   51.31   116.02  139.27    97.04  138.80 
  49   42.93   14.10     45.62    0.92    1.19     15.63   17.32   15.28     25.49    6.34    9.54      7.30   47.79   51.24   116.88  138.99    97.74  138.37 
  50   42.93   14.67     46.16    0.87    1.19     16.03   16.84   15.31     25.49    6.34    9.48      7.22   47.78   51.17   116.72  139.57    97.27  139.15 
  51   39.48   13.02     43.46    1.18    1.19     20.15   10.70   15.22     29.93    3.76    9.36      7.44   47.80   51.10   117.08  139.48    97.45  139.06 
  52   39.48   12.59     41.64    1.46    1.19     17.68   14.22   15.20     29.93    3.76    9.26      7.28   47.57   51.03   116.94  139.87    97.50  139.04 
  53   39.48   13.06     43.70    1.15    1.19     17.41   14.40   15.19     29.93    3.76    9.15      7.47   47.72   50.97   118.04  139.33    98.36  138.43 
  54   39.48   12.70     43.51    1.18    1.19     16.20   16.45   15.21     29.93    3.76    9.05      7.32   47.69   50.91   118.65  139.38    98.91  138.71 
  55   39.48   13.24     46.09    0.87    1.19     15.98   16.90   15.24     29.93    3.76    8.96      7.47   47.31   50.84   119.13  138.87    99.13  138.16 
  56  224.14   12.35     42.08    1.38    1.19     19.19   11.61   15.18     19.72   12.10    9.01      7.14   49.01   50.81   119.45  138.65    99.70  138.11 
  57  224.14   12.02     46.04    0.88    1.18     17.73   13.78   15.15     19.72   12.10    9.07      7.02   49.36   50.79   119.99  138.52    99.93  138.07 
  58  224.14   14.07     44.97    1.00    1.18     16.67   16.08   15.17     19.72   12.10    9.12      7.37   48.38   50.74   119.72  137.82   100.31  137.63 
  59  224.14   15.26     40.46    1.68    1.19     16.00   17.62   15.21     19.72   12.10    9.17      7.38   49.40   50.72   119.85  137.62   100.65  137.76 
  60  224.14   14.81     40.85    1.60    1.20     15.10   20.17   15.29     19.72   12.10    9.22      7.43   51.23   50.73   120.33  137.60   101.05  137.82 
  61   41.33   13.28     43.46    1.19    1.20     17.71   15.00   15.29     22.36    8.88    9.21      7.49   49.57   50.71   120.21  137.79   100.95  138.08 
  62   41.33   12.41     42.83    1.27    1.20     17.32   15.58   15.29     22.36    8.88    9.21      7.65   49.36   50.69   120.75  137.24   101.60  137.55 
  63   41.33   13.32     43.56    1.18    1.20     17.89   14.74   15.28     22.36    8.88    9.20      7.62   49.40   50.67   120.76  136.93   101.42  137.46 
  64   41.33   12.94     45.05    0.99    1.19     16.63   16.90   15.31     22.36    8.88    9.20      7.78   49.90   50.66   121.46  136.96   102.29  137.00 
  65   41.33   12.79     39.46    1.89    1.20     17.08   16.34   15.32     22.36    8.88    9.19      7.61   50.01   50.65   121.32  136.95   101.85  137.00 
  66   26.27   13.91     41.06    1.57    1.21     19.45   12.29   15.28     27.94    4.67    9.12      7.58   50.77   50.65   121.68  137.05   102.36  137.23 
  67   26.27   13.72     41.20    1.54    1.21     20.13   11.57   15.22     27.94    4.67    9.06      7.78   49.70   50.63   121.79  136.72   102.03  136.81 
  68   26.27   14.99     41.34    1.52    1.22     18.98   13.15   15.19     27.94    4.67    8.99      7.71   50.05   50.63   121.80  136.50   102.44  136.62 
  69   26.27   14.74     41.04    1.57    1.22     18.70   13.72   15.17     27.94    4.67    8.93      7.81   50.94   50.63   122.43  136.49   102.91  136.76 
  70   26.27   15.23     43.92    1.13    1.22     17.44   15.95   15.18     27.94    4.67    8.87      7.78   50.47   50.63   122.45  136.63   103.26  136.85 
  71   29.55   12.69     39.06    1.99    1.23     16.57   18.17   15.22     28.78    4.24    8.80      8.00   50.71   50.63   122.68  136.01   103.64  135.90 
  72   29.55   12.72     43.12    1.24    1.23     19.01   13.80   15.20     28.78    4.24    8.74      8.01   50.93   50.63   122.60  136.81   103.58  136.76 
  73   29.55   12.84     45.01    1.00    1.23     19.33   13.24   15.18     28.78    4.24    8.68      7.97   51.55   50.65   123.34  136.74   104.20  136.71 
  74   29.55   12.80     55.81    0.29    1.22     17.45   16.39   15.19     28.78    4.24    8.62      7.92   51.28   50.66   123.15  136.64   104.10  136.46 
  75   29.55   13.03     41.70    1.47    1.22     16.13   18.98   15.24     28.78    4.24    8.56      7.99   52.04   50.67   124.29  136.58   105.44  136.73 
  76   21.87   12.60     43.65    1.17    1.22     22.31    9.32   15.17     29.22    4.05    8.50      7.97   50.86   50.68   123.61  136.63   104.73  136.48 
  77   21.87   13.18     37.29    2.43    1.24     20.79   10.90   15.11     29.22    4.05    8.44      7.86   51.34   50.68   124.45  136.49   105.69  136.99 
  78   21.87   14.53     40.69    1.65    1.24     19.75   12.44   15.08     29.22    4.05    8.39      7.81   51.27   50.69   124.08  136.44   104.93  136.81 
  79   21.87   15.01     40.20    1.75    1.25     19.14   13.19   15.05     29.22    4.05    8.33      7.82   51.94   50.71   124.99  136.72   105.86  136.67 
  80   21.87   15.25     43.77    1.16    1.25     19.75   12.26   15.02     29.22    4.05    8.28      7.76   51.26   50.71   124.84  136.12   105.75  136.62 
  81   28.47   14.78     36.31    2.73    1.27     20.51   11.07   14.97     27.68    4.84    8.24      7.92   50.32   50.71   125.43  136.46   106.59  137.00 
  82   28.47   12.22     36.62    2.63    1.28     20.50   11.09   14.92     27.68    4.84    8.19      7.94   49.84   50.70   125.33  136.40   106.48  137.05 
  83   28.47   12.50     39.36    1.93    1.29     20.16   11.41   14.88     27.68    4.84    8.15      7.97   49.56   50.69   125.67  136.17   106.76  137.00 
  84   28.47   12.94     38.73    2.06    1.30     19.09   12.99   14.86     27.68    4.84    8.11      7.98   48.96   50.67   125.63  135.96   106.40  136.94 
  85   28.47   12.91     44.24    1.10    1.30     17.50   15.87   14.87     27.68    4.84    8.08      7.75   50.44   50.66   125.21  136.28   105.95  137.05 
  86   26.28   13.16     40.79    1.63    1.30     19.72   12.32   14.84     26.65    5.45    8.04      7.85   50.93   50.67   125.75  136.36   106.49  137.16 
  87   26.28   13.31     40.73    1.65    1.30     17.29   16.72   14.86     26.65    5.45    8.01      7.86   51.09   50.67   125.53  136.56   106.22  137.41 
  88   26.28   12.29     39.95    1.80    1.31     17.40   16.26   14.88     26.65    5.45    7.99      8.09   49.33   50.66   126.29  136.06   106.77  136.91 
  89   26.28   15.46     43.76    1.16    1.31     17.15   17.12   14.90     26.65    5.45    7.96      7.93   50.69   50.66   125.76  136.17   106.21  137.40 
  90   26.28   15.11     40.10    1.78    1.31     17.25   16.70   14.92     26.65    5.45    7.93      7.96   51.11   50.66   125.80  136.18   106.13  137.28 
  91   28.66   15.39     36.98    2.54    1.33     18.66   14.19   14.91     26.37    5.64    7.90      8.01   50.33   50.66   126.60  135.92   107.69  137.07 
  92   28.66   13.40     39.56    1.88    1.33     19.64   12.68   14.89     26.37    5.64    7.88      7.92   49.31   50.64   125.73  136.05   106.88  137.50 
  93   28.66   12.14     44.03    1.13    1.33     19.19   13.54   14.88     26.37    5.64    7.86      7.83   50.69   50.64   125.43  135.81   106.38  136.91 
  94   28.66   13.24     43.80    1.16    1.33     21.25   10.47   14.83     26.37    5.64    7.83      7.98   50.07   50.64   125.88  136.27   106.71  137.12 
  95   28.66   12.69     40.23    1.75    1.33     18.83   13.90   14.82     26.37    5.64    7.81      7.96   49.63   50.63   125.80  135.63   106.61  136.39 
  96   28.80   13.80     38.51    2.13    1.34     21.01   10.90   14.78     25.84    6.00    7.79      7.84   50.85   50.63   125.93  135.96   106.93  136.62 
  97   28.80   14.37     44.16    1.11    1.34     19.31   13.18   14.76     25.84    6.00    7.77      7.88   50.57   50.63   126.24  135.93   107.31  137.13 
  98   28.80   14.84     39.04    2.01    1.35     19.44   12.97   14.74     25.84    6.00    7.75      8.01   49.02   50.61   125.83  135.66   106.35  136.39 
  99   28.80   14.82     46.83    0.82    1.34     19.03   13.63   14.73     25.84    6.00    7.74      7.88   50.30   50.61   126.11  135.45   106.62  136.25 
 100   28.80   14.89     41.13    1.57    1.34     18.97   14.02   14.72     25.84    6.00    7.72      7.89   51.04   50.61   125.98  136.04   106.62  136.84 
 101   38.71   12.77     41.75    1.47    1.34     21.37   10.63   14.68     26.41    5.63    7.70      8.08   49.86   50.61   126.10  135.96   106.66  136.57 
 102   38.71   12.91     40.88    1.62    1.35     20.68   11.52   14.65     26.41    5.63    7.68      8.01   50.14   50.60   126.16  135.96   106.82  136.40 
 103   38.71   12.92     37.15    2.50    1.36     21.21   10.87   14.62     26.41    5.63    7.66      7.97   50.40   50.60   126.10  136.22   106.79  136.86 
 104   38.71   13.15     40.63    1.68    1.36     19.92   12.49   14.60     26.41    5.63    7.64      8.03   49.49   50.59   126.30  135.92   106.95  136.56 
 105   38.71   12.81     38.12    2.24    1.37     19.51   13.18   14.58     26.41    5.63    7.62      8.03   50.14   50.58   125.91  136.16   106.45  136.77 
 106   32.35   13.19     40.05    1.79    1.37     22.95    8.80   14.53     26.18    5.80    7.60      7.94   50.14   50.58   126.28  136.07   106.78  136.77 
 107   32.35   13.72     39.73    1.86    1.38     21.41   10.56   14.49     26.18    5.80    7.58      8.02   50.23   50.58   126.48  135.77   107.13  136.50 
 108   32.35   14.78     38.84    2.06    1.38     21.49   10.37   14.45     26.18    5.80    7.57      7.97   50.15   50.57   126.05  136.32   106.93  137.09 
 109   32.35   15.37     38.52    2.15    1.39     20.42   11.79   14.43     26.18    5.80    7.55      7.99   50.19   50.57   126.49  135.77   107.19  136.60 
 110   32.35   15.29     38.85    2.06    1.40     20.94   11.06   14.40     26.18    5.80    7.54      7.89   50.02   50.56   126.61  136.14   107.17  136.84 
 111   37.71   12.44     39.79    1.84    1.40     21.26   10.79   14.37     25.19    6.51    7.53      7.94   50.32   50.56   126.69  136.09   107.04  136.87 
 112   37.71   12.97     40.72    1.66    1.40     20.61   11.49   14.34     25.19    6.51    7.52      7.82   50.53   50.56   126.91  135.89   107.41  136.63 
 113   37.71   12.59     40.42    1.72    1.41     18.84   14.41   14.34     25.19    6.51    7.51      7.90   51.06   50.57   126.01  136.25   106.85  137.07 
 114   37.71   12.64     41.74    1.47    1.41     19.36   13.25   14.33     25.19    6.51    7.50      7.98   50.55   50.57   127.04  135.56   107.57  136.53 
 115   37.71   12.88     43.46    1.20    1.41     20.83   11.25   14.30     25.19    6.51    7.49      8.00   50.03   50.56   126.97  135.74   107.40  136.54 
 116   37.28   15.38     39.48    1.91    1.41     22.15    9.65   14.26     25.65    6.19    7.48      8.08   49.14   50.55   126.89  135.71   107.17  136.51 
 117   37.28   15.34     39.58    1.89    1.41     20.03   12.49   14.25     25.65    6.19    7.47      8.25   47.96   50.53   126.26  135.93   106.65  136.61 
 118   37.28   14.90     38.88    2.06    1.42     18.49   14.53   14.25     25.65    6.19    7.46      8.12   48.59   50.51   126.78  134.80   107.39  135.85 
 119   37.28   14.70     39.70    1.86    1.42     18.97   13.67   14.25     25.65    6.19    7.45      8.01   48.90   50.50   127.26  135.17   107.82  135.91 
 120   37.28   14.74     43.74    1.17    1.42     18.81   13.81   14.24     25.65    6.19    7.44      7.90   49.10   50.48   127.28  134.98   107.59  135.56 
 121   31.93   12.69     38.42    2.16    1.43     20.32   11.70   14.22     24.66    6.95    7.43      8.02   47.78   50.46   126.48  134.80   107.03  135.76 
 122   31.93   13.24     52.86    0.41    1.42     19.49   12.77   14.21     24.66    6.95    7.43      8.00   48.56   50.45   127.31  134.52   108.22  134.95 
 123   31.93   12.61     41.89    1.44    1.42     20.74   11.12   14.18     24.66    6.95    7.43      7.91   49.20   50.44   127.16  134.36   107.48  135.02 
 124   31.93   12.54     43.27    1.23    1.42     20.18   11.77   14.16     24.66    6.95    7.42      8.13   47.63   50.41   127.33  134.54   107.71  135.25 
 125   31.93   13.54     40.67    1.66    1.42     19.30   13.17   14.16     24.66    6.95    7.42      8.05   47.99   50.39   127.33  134.14   107.54  135.00 
 126   41.89   15.45     41.83    1.45    1.42     21.61   10.07   14.12     24.67    6.95    7.41      8.08   48.26   50.38   127.33  134.16   107.57  134.73 
 127   41.89   15.10     38.00    2.25    1.43     20.62   11.31   14.10     24.67    6.95    7.41      8.09   48.18   50.36   127.49  133.77   107.40  134.46 
 128   41.89   15.20     36.77    2.60    1.44     19.62   12.89   14.09     24.67    6.95    7.41      8.15   48.22   50.34   126.83  134.25   106.88  135.35 
 129   41.89   12.93     40.91    1.62    1.44     19.26   13.46   14.09     24.67    6.95    7.40      8.20   48.46   50.33   127.22  134.03   107.20  135.11 
 130   41.89   12.53     40.44    1.71    1.44     20.29   11.85   14.07     24.67    6.95    7.40      8.21   47.77   50.31   127.22  134.25   107.26  135.04 
 131   33.46   13.17     40.04    1.78    1.44     20.92   10.97   14.05     24.51    7.09    7.40      7.96   49.12   50.30   127.65  134.29   107.49  135.03 
 132   33.46   12.97     40.14    1.77    1.44     19.54   12.89   14.04     24.51    7.09    7.40      8.19   47.95   50.28   127.71  134.53   107.81  134.90 
 133   33.46   13.37     39.16    1.98    1.45     18.88   13.86   14.04     24.51    7.09    7.39      8.08   48.13   50.27   127.50  134.63   107.28  135.11 
 134   33.46   12.17     39.14    1.99    1.45     17.64   16.28   14.05     24.51    7.09    7.39      8.18   47.88   50.25   127.34  135.37   107.24  135.95 
 135   33.46   13.82     41.18    1.57    1.45     18.80   14.21   14.05     24.51    7.09    7.39      8.30   47.74   50.23   127.83  134.77   108.01  135.33 
 136   34.11   15.22     38.69    2.10    1.46     21.13   10.87   14.03     24.26    7.30    7.39      8.26   47.82   50.21   127.52  135.17   107.53  136.12 
 137   34.11   15.35     38.67    2.11    1.46     21.42   10.65   14.01     24.26    7.30    7.39      8.40   47.43   50.19   127.59  134.92   107.83  135.41 
 138   34.11   15.50     38.52    2.15    1.47     20.13   12.18   13.99     24.26    7.30    7.39      8.31   47.03   50.17   127.30  134.97   108.03  135.41 
 139   34.11   14.89     36.69    2.64    1.48     19.54   13.18   13.99     24.26    7.30    7.39      8.30   47.99   50.15   127.35  134.78   107.90  135.54 
 140   34.11   14.19     36.72    2.64    1.48     20.53   11.51   13.97     24.26    7.30    7.39      8.16   48.03   50.14   127.43  134.95   108.03  135.38 
 141   34.44   13.42     38.52    2.14    1.49     20.19   12.07   13.96     24.10    7.45    7.39      8.30   47.67   50.12   127.42  134.66   108.25  135.18 
 142   34.44   13.22     39.10    2.00    1.49     19.49   12.79   13.95     24.10    7.45    7.39      8.06   47.74   50.10   127.01  134.44   107.96  134.93 
 143   34.44   13.31     40.18    1.77    1.49     19.64   12.72   13.94     24.10    7.45    7.39      8.12   48.14   50.09   126.85  134.52   107.91  135.02 
 144   34.44   13.52     40.65    1.67    1.50     19.51   12.63   13.93     24.10    7.45    7.39      8.06   47.64   50.07   127.54  133.91   108.68  134.35 
 145   34.44   13.21     44.31    1.09    1.49     19.10   13.35   13.93     24.10    7.45    7.39      7.99   48.39   50.06   127.49  134.42   108.63  134.75 
 146   52.08   12.23     39.47    1.91    1.50     21.76    9.82   13.90     24.49    7.13    7.39      7.99   47.38   50.04   126.64  134.45   107.54  135.01 
 147   52.08   12.39     39.50    1.91    1.50     21.81    9.87   13.87     24.49    7.13    7.38      7.98   48.51   50.03   127.03  134.36   107.68  135.08 
 148   52.08   13.73     39.73    1.86    1.50     18.83   13.56   13.87     24.49    7.13    7.38      8.03   47.85   50.02   127.99  134.64   108.76  135.21 
 149   52.08   14.97     38.24    2.20    1.51     21.33   10.48   13.85     24.49    7.13    7.38      8.07   47.47   50.00   127.19  134.32   107.80  135.17 
 150   52.08   14.97     38.37    2.17    1.51     20.85   10.99   13.83     24.49    7.13    7.38      8.31   46.39   49.98   127.08  134.07   107.79  134.94 
 151   45.64   12.56     39.44    1.92    1.51     21.38   10.41   13.80     24.09    7.46    7.38      8.14   47.90   49.96   126.66  134.24   107.78  135.17 
 152   45.64   12.92     39.16    1.98    1.52     20.13   12.04   13.79     24.09    7.46    7.38      8.11   47.98   49.95   126.94  134.37   107.69  135.57 
 153   45.64   12.80     38.01    2.25    1.52     21.32   10.48   13.77     24.09    7.46    7.38      7.97   48.31   49.94   127.01  134.05   107.30  135.05 
 154   45.64   13.02     40.04    1.79    1.52     20.76   11.20   13.75     24.09    7.46    7.38      8.12   48.05   49.93   126.95  134.11   108.04  134.80 
 155   45.64   12.80     44.52    1.07    1.52     21.08   10.64   13.73     24.09    7.46    7.38      7.89   48.30   49.92   127.54  134.09   108.21  134.91 
 156   39.49   13.07     43.08    1.26    1.52     22.26    9.29   13.71     23.97    7.57    7.38      8.04   47.38   49.90   126.85  134.34   107.62  135.11 
 157   39.49   13.29     47.92    0.72    1.51     21.65    9.97   13.68     23.97    7.57    7.38      7.74   49.60   49.90   127.19  134.33   107.90  135.05 
 158   39.49   14.14     47.42    0.76    1.51     20.32   11.48   13.67     23.97    7.57    7.38      7.79   48.56   49.89   127.40  134.53   108.29  135.03 
 159   39.49   15.30     38.39    2.17    1.51     20.25   11.64   13.66     23.97    7.57    7.39      7.74   48.90   49.88   126.91  134.83   107.66  135.30 
 160   39.49   15.29     42.77    1.31    1.51     18.33   14.29   13.66     23.97    7.57    7.39      7.78   48.70   49.88   127.48  135.12   108.40  135.21 
 161   45.22   12.96     39.24    1.96    1.51     20.95   10.59   13.64     23.95    7.59    7.39      7.88   48.13   49.87   127.50  135.43   108.20  135.33 
 162   45.22   12.53     39.52    1.91    1.52     20.65   10.81   13.62     23.95    7.59    7.39      7.80   47.56   49.85   127.43  135.29   108.17  135.18 
 163   45.22   13.38     40.05    1.79    1.52     19.84   11.94   13.61     23.95    7.59    7.39      7.86   47.54   49.84   127.16  135.25   107.81  135.30 
 164   45.22   12.49     40.00    1.81    1.52     19.93   11.64   13.60     23.95    7.59    7.39      7.87   46.97   49.82   127.23  135.68   107.73  135.78 
 165   45.22   12.57     40.65    1.68    1.52     20.06   11.55   13.59     23.95    7.59    7.39      7.94   47.18   49.80   127.46  135.60   108.25  135.49 
 166   41.91   12.99     41.96    1.44    1.52     21.42    9.64   13.56     23.95    7.58    7.39      7.70   47.53   49.79   127.75  135.70   108.31  136.06 
 167   41.91   15.54     45.43    0.96    1.52     21.71    9.34   13.54     23.95    7.58    7.40      7.70   47.28   49.78   127.58  135.84   108.29  135.53 
 168   41.91   15.42     47.03    0.81    1.51     19.42   12.06   13.53     23.95    7.58    7.40      7.58   47.82   49.76   127.73  136.06   108.47  135.91 
 169   41.91   15.33     45.48    0.96    1.51     19.54   11.84   13.52     23.95    7.58    7.40      7.66   46.63   49.74   127.95  135.81   108.82  135.52 
 170   41.91   15.07     47.51    0.76    1.50     18.80   12.80   13.52     23.95    7.58    7.40      7.47   47.47   49.73   127.89  135.48   108.77  135.12 
 171   55.81   12.74     39.54    1.91    1.51     18.96   12.71   13.51     24.11    7.43    7.40      7.48   48.06   49.72   127.43  136.07   108.24  135.79 
 172   55.81   12.69     42.41    1.37    1.51     20.92    9.85   13.49     24.11    7.43    7.40      7.45   47.03   49.71   128.04  135.72   108.83  135.58 
 173   55.81   13.11     41.54    1.52    1.51     20.87   10.03   13.47     24.11    7.43    7.40      7.41   47.05   49.69   128.27  135.61   109.05  135.55 
 174   55.81   13.36     42.47    1.36    1.51     19.57   11.42   13.46     24.11    7.43    7.40      7.24   47.20   49.68   128.25  135.31   108.92  134.79 
 175   55.81   13.02     40.89    1.63    1.51     19.31   11.75   13.45     24.11    7.43    7.40      7.25   47.50   49.66   128.57  135.13   109.19  134.67 
 176   61.92   15.95     44.67    1.05    1.50     20.04   10.78   13.43     24.12    7.40    7.40      7.28   47.06   49.65   128.71  135.24   109.42  134.73 
 177   61.92   15.57     41.53    1.52    1.50     21.05    9.58   13.41     24.12    7.40    7.40      7.42   46.09   49.63   128.38  134.86   109.23  134.32 
 178   61.92   14.99     43.84    1.16    1.50     19.14   11.87   13.40     24.12    7.40    7.40      7.41   46.85   49.61   128.85  135.12   109.68  134.64 
 179   61.92   14.98     42.82    1.31    1.50     18.35   12.87   13.40     24.12    7.40    7.40      7.34   46.17   49.59   129.15  134.77   110.05  134.53 
 180   61.92   14.44     45.32    0.98    1.50     17.91   13.60   13.40     24.12    7.40    7.40      7.30   46.89   49.58   129.41  134.88   110.10  134.68 
 181   48.72   13.33     42.17    1.41    1.50     20.72    9.73   13.38     23.78    7.69    7.40      7.07   47.55   49.57   129.39  135.06   110.22  134.93 
 182   48.72   12.89     45.70    0.94    1.49     20.61    9.85   13.36     23.78    7.69    7.40      7.15   46.80   49.55   129.54  134.96   110.40  134.47 
 183   48.72   12.77     46.25    0.89    1.49     19.03   11.79   13.35     23.78    7.69    7.40      6.99   47.99   49.54   129.50  135.62   110.51  135.10 
 184   48.72   12.01     41.08    1.60    1.49     18.77   12.45   13.35     23.78    7.69    7.41      7.16   47.32   49.53   128.58  135.26   109.57  134.86 
 185   48.72   12.89     44.05    1.14    1.49     18.68   12.57   13.34     23.78    7.69    7.41      7.28   47.35   49.52   128.92  135.39   109.82  134.80 
 186   50.90   15.11     44.85    1.04    1.49     18.48   12.77   13.34     23.58    7.84    7.41      7.25   47.13   49.51   129.39  135.63   110.09  134.97 
 187   50.90   15.10     45.03    1.02    1.48     20.26   10.23   13.32     23.58    7.84    7.41      7.37   46.28   49.49   129.81  135.68   110.56  135.38 
 188   50.90   15.02     40.79    1.66    1.49     18.95   11.93   13.32     23.58    7.84    7.41      7.34   46.94   49.48   130.06  135.93   110.72  135.58 
 189   50.90   11.79     39.60    1.91    1.49     19.17   11.58   13.31     23.58    7.84    7.42      7.37   46.12   49.46   130.22  136.47   111.03  136.13 
 190   50.90   12.93     40.76    1.67    1.49     18.59   12.45   13.30     23.58    7.84    7.42      7.41   45.98   49.44   129.96  136.14   110.44  135.93 
 191   50.44   13.68     42.25    1.41    1.49     20.21   10.30   13.29     23.56    7.84    7.42      7.48   45.79   49.42   130.15  136.22   110.93  135.93 
 192   50.44   12.38     45.25    1.00    1.49     19.17   11.48   13.28     23.56    7.84    7.42      7.40   45.86   49.40   130.76  136.36   111.39  135.85 
 193   50.44   13.35     43.22    1.26    1.48     19.45   11.29   13.27     23.56    7.84    7.43      7.27   46.72   49.39   130.48  136.27   111.19  135.91 
 194   50.44   15.43     43.37    1.24    1.48     19.05   11.82   13.26     23.56    7.84    7.43      7.37   46.09   49.37   130.49  136.12   110.70  136.11 
 195   50.44   15.55     40.08    1.81    1.49     17.73   13.77   13.26     23.56    7.84    7.43      7.32   46.44   49.36   131.05  135.71   111.10  135.90 
 196   70.64   13.09     42.32    1.40    1.48     20.04   10.62   13.25     23.80    7.61    7.43      7.46   45.84   49.34   130.73  135.80   110.98  135.73 
 197   70.64   13.03     42.31    1.40    1.48     20.09   10.56   13.24     23.80    7.61    7.43      7.26   46.91   49.33   131.11  135.38   111.19  135.29 
 198   70.64   12.89     37.58    2.42    1.49     18.66   12.66   13.23     23.80    7.61    7.43      7.24   47.37   49.32   131.09  135.12   110.84  134.81 
 199   70.64   13.23     40.76    1.67    1.49     18.62   12.74   13.23     23.80    7.61    7.43      7.38   46.61   49.30   131.32  135.00   111.09  134.65 
 200   70.64   12.22     40.87    1.65    1.49     18.17   13.33   13.23     23.80    7.61    7.43      7.32   46.76   49.29   131.15  135.08   111.36  134.67 
 201   77.28   15.68     47.49    0.77    1.49     20.75    9.84   13.21     23.75    7.64    7.44      7.33   46.78   49.28   131.46  134.58   111.81  134.22 
 202   77.28   15.66     44.44    1.09    1.49     19.86   10.97   13.20     23.75    7.64    7.44      7.30   46.97   49.27   131.53  134.80   111.53  134.08 
 203   77.28   13.57     44.63    1.07    1.48     18.59   12.60   13.20     23.75    7.64    7.44      7.32   46.74   49.25   131.73  134.86   111.66  134.15 
 204   77.28   12.48     41.07    1.61    1.48     17.45   14.32   13.21     23.75    7.64    7.44      7.24   46.99   49.24   131.76  134.25   112.07  133.57 
 205   77.28   12.56     41.62    1.51    1.48     18.36   13.00   13.20     23.75    7.64    7.44      7.28   47.41   49.23   132.11  134.18   112.26  133.92 
 206   63.68   13.18     38.04    2.30    1.49     21.02    9.57   13.19     23.44    7.89    7.44      7.38   46.52   49.22   132.32  134.48   112.03  134.07 
 207   63.68   13.69     37.79    2.37    1.49     19.54   11.43   13.18     23.44    7.89    7.44      7.36   46.71   49.21   131.98  134.36   111.89  133.85 
 208   63.68   15.47     40.36    1.75    1.49     19.25   11.85   13.17     23.44    7.89    7.45      7.44   46.60   49.20   132.14  134.10   112.08  133.74 
 209   63.68   15.69     36.47    2.75    1.50     18.91   12.21   13.17     23.44    7.89    7.45      7.38   46.58   49.18   132.36  134.56   112.24  134.29 
 210   63.68   15.44     38.17    2.27    1.50     18.16   13.21   13.17     23.44    7.89    7.45      7.30   46.97   49.17   133.07  134.42   113.02  134.09 
 211   77.30   12.87     37.55    2.45    1.51     19.10   11.93   13.16     23.63    7.71    7.45      7.21   47.49   49.17   133.03  134.81   112.81  134.89 
 212   77.30   12.95     36.56    2.74    1.51     18.75   12.32   13.16     23.63    7.71    7.45      7.36   46.25   49.15   133.24  135.21   112.97  134.77 
 213   77.30   13.21     36.50    2.77    1.52     19.07   11.89   13.15     23.63    7.71    7.45      7.39   46.00   49.14   133.09  134.55   113.16  134.26 
 214   77.30   13.08     38.69    2.15    1.52     17.93   13.62   13.15     23.63    7.71    7.45      7.35   46.89   49.13   133.72  134.69   113.82  134.52 
 215   77.30   13.14     38.35    2.24    1.53     18.33   13.13   13.15     23.63    7.71    7.46      7.42   47.12   49.12   133.87  135.11   113.75  135.21 
 216   76.30   15.44     41.03    1.64    1.53     20.91    9.94   13.14     23.40    7.91    7.46      7.82   45.64   49.10   133.86  134.92   113.72  134.90 
 217   76.30   15.63     39.48    1.97    1.53     20.25   10.82   13.13     23.40    7.91    7.46      7.53   47.48   49.09   133.99  135.60   113.96  135.74 
 218   76.30   13.47     39.18    2.04    1.53     18.25   13.55   13.13     23.40    7.91    7.46      7.71   46.27   49.08   134.52  135.13   114.59  135.48 
 219   76.30   12.28     38.97    2.09    1.53     18.66   12.96   13.13     23.40    7.91    7.46      7.69   46.91   49.07   134.65  135.52   114.44  136.03 
 220   76.30   13.10     41.79    1.51    1.53     17.91   14.09   13.13     23.40    7.91    7.47      7.69   46.54   49.06   134.90  135.92   114.75  136.23 
 221   90.58   14.33     38.66    2.18    1.54     20.90    9.90   13.12     23.46    7.84    7.47      7.66   46.21   49.05   135.07  135.86   114.77  136.24 
 222   90.58   13.75     39.83    1.89    1.54     18.84   12.54   13.12     23.46    7.84    7.47      7.52   47.16   49.04   134.94  135.77   114.70  136.46 
 223   90.58   12.47     39.04    2.08    1.54     18.41   13.21   13.12     23.46    7.84    7.47      7.58   46.32   49.03   135.43  135.36   115.25  135.80 
 224   90.58   13.92     38.56    2.20    1.54     17.27   14.96   13.12     23.46    7.84    7.47      7.56   46.49   49.01   135.37  135.87   115.07  136.48 
 225   90.58   13.83     40.64    1.73    1.54     17.15   15.08   13.13     23.46    7.84    7.47      7.69   45.55   49.00   136.15  135.51   116.07  136.09 
 226   59.04   15.55     39.52    1.97    1.55     19.25   11.81   13.13     23.03    8.23    7.48      7.48   46.47   48.99   136.14  135.34   115.92  135.80 
 227   59.04   14.81     41.13    1.64    1.55     17.65   14.27   13.13     23.03    8.23    7.48      7.29   47.48   48.98   136.53  135.25   116.58  135.75 
 228   59.04   11.61     38.08    2.33    1.55     16.78   15.63   13.14     23.03    8.23    7.48      7.39   46.63   48.97   136.80  134.50   116.89  134.99 
 229   59.04   12.64     38.47    2.23    1.55     15.23   18.90   13.17     23.03    8.23    7.49      7.25   47.97   48.97   136.43  134.50   116.76  134.70 
 230   59.04   13.23     35.45    3.17    1.56     15.26   18.58   13.19     23.03    8.23    7.49      7.27   47.32   48.96   136.99  134.28   117.13  134.78 
 231   57.01   13.53     36.71    2.73    1.56     17.57   14.65   13.20     23.01    8.23    7.49      7.30   48.10   48.96   137.50  133.99   117.39  134.54 
 232   57.01   13.64     38.30    2.27    1.57     15.13   19.98   13.23     23.01    8.23    7.50      7.36   48.64   48.95   137.80  133.88   117.90  134.59 
 233   57.01   11.90     36.23    2.89    1.57     14.11   22.61   13.27     23.01    8.23    7.50      7.52   47.63   48.95   137.64  133.24   117.73  134.23 
 234   57.01   13.99     36.55    2.78    1.58     13.51   23.80   13.31     23.01    8.23    7.50      7.31   48.14   48.94   138.08  134.19   118.32  135.15 
 235   57.01   12.47     36.48    2.82    1.58     13.36   24.59   13.36     23.01    8.23    7.51      7.31   48.33   48.94   138.12  133.88   118.18  134.74 
 236   95.90   12.69     32.15    4.65    1.60     17.22   15.24   13.37     23.01    8.23    7.51      7.24   47.41   48.94   137.77  134.32   118.33  135.29 
 237   95.90   13.85     33.67    3.91    1.61     15.89   17.87   13.39     23.01    8.23    7.51      6.98   49.39   48.94   138.00  134.51   118.46  135.21 
 238   95.90   12.92     38.08    2.35    1.61     16.05   18.02   13.41     23.01    8.23    7.52      7.21   49.24   48.94   139.41  133.92   119.64  134.70 
 239   95.90   13.49     33.89    3.84    1.62     15.39   19.89   13.43     23.01    8.23    7.52      7.10   50.53   48.95   139.20  134.69   119.39  135.35 
 240   95.90   12.29     32.16    4.70    1.63     14.53   21.82   13.47     23.01    8.23    7.52      7.07   50.01   48.95   139.09  134.46   119.16  134.95 
 241   97.35   12.66     32.67    4.42    1.64     17.82   14.97   13.48     22.94    8.29    7.52      7.38   48.86   48.95   139.39  134.86   119.22  135.30 
 242   97.35   12.24     34.33    3.66    1.65     16.52   16.77   13.49     22.94    8.29    7.53      7.20   48.64   48.95   140.22  135.00   120.27  135.38 
 243   97.35   13.04     32.89    4.34    1.66     15.13   19.89   13.52     22.94    8.29    7.53      7.55   47.00   48.94   140.26  134.18   120.55  134.94 
 244   97.35   15.22     31.96    4.85    1.68     14.99   20.07   13.54     22.94    8.29    7.53      7.31   48.84   48.94   140.35  135.32   120.65  136.13 
 245   97.35   15.54     34.05    3.81    1.68     14.23   21.74   13.58     22.94    8.29    7.54      7.23   48.86   48.94   141.39  135.39   121.79  136.34 
 246   62.11   12.83     32.29    4.67    1.70     18.84   12.63   13.57     22.53    8.68    7.54      7.46   46.92   48.93   141.43  135.47   121.90  136.84 
 247   62.11   13.27     35.46    3.24    1.70     17.55   14.72   13.58     22.53    8.68    7.55      7.37   47.26   48.92   141.79  134.89   122.43  135.97 
 248   62.11   13.20     33.17    4.22    1.71     17.11   15.27   13.58     22.53    8.68    7.55      7.39   47.12   48.92   142.28  134.84   121.98  136.67 
 249   62.11   13.45     33.19    4.21    1.72     15.96   17.49   13.60     22.53    8.68    7.56      7.30   47.64   48.91   142.46  134.81   122.66  136.13 
 250   62.11   13.26     33.09    4.26    1.73     14.22   21.57   13.63     22.53    8.68    7.56      7.21   48.64   48.91   142.57  134.14   122.69  135.64 
 251   93.08   15.19     32.29    4.67    1.74     18.03   13.87   13.63     22.71    8.50    7.56      7.22   48.49   48.91   143.19  134.34   123.14  135.83 
 252   93.08   15.39     34.11    3.78    1.75     16.44   16.50   13.64     22.71    8.50    7.57      7.10   48.72   48.91   143.24  133.76   123.25  135.27 
 253   93.08   15.55     31.64    5.06    1.77     14.53   20.39   13.67     22.71    8.50    7.57      7.04   48.81   48.91   143.47  133.39   123.62  135.08 
 254   93.08   15.18     32.03    4.84    1.78     14.48   20.24   13.70     22.71    8.50    7.58      6.96   48.86   48.91   144.07  133.53   124.24  135.03 
 255   93.08   15.06     33.38    4.14    1.79     13.11   23.02   13.73     22.71    8.50    7.58      6.89   48.24   48.91   144.98  132.96   125.21  134.71 
 256  110.19   13.29     32.67    4.51    1.80     17.27   14.43   13.74     22.67    8.53    7.58      7.09   47.39   48.90   144.98  132.70   125.25  134.48 
 257  110.19   12.80     30.91    5.54    1.81     14.96   18.36   13.75     22.67    8.53    7.59      7.00   46.75   48.89   145.70  132.96   125.86  134.66 
 258  110.19   13.85     31.45    5.20    1.83     13.91   20.77   13.78     22.67    8.53    7.59      6.74   48.06   48.89   145.77  133.03   125.95  134.93 
 259  110.19   13.86     36.23    3.00    1.83     12.33   24.16   13.82     22.67    8.53    7.59      6.77   47.56   48.88   147.76  133.24   127.93  134.89 
 260  110.19   14.93     35.81    3.15    1.84     12.18   24.37   13.86     22.67    8.53    7.60      6.53   48.19   48.88   148.29  132.99   128.29  134.78 
 261   71.74   12.94     32.86    4.45    1.85     17.28   13.35   13.86     22.49    8.69    7.60      6.55   47.38   48.87   148.73  133.16   128.68  135.00 
 262   71.74   12.52     32.53    4.64    1.86     14.15   19.06   13.88     22.49    8.69    7.61      6.53   46.85   48.87   149.11  132.69   129.04  134.50 
 263   71.74   13.26     30.51    5.88    1.87     13.03   21.51   13.91     22.49    8.69    7.61      6.18   48.32   48.86   148.55  132.87   128.57  134.87 
 264   71.74   13.28     29.82    6.38    1.89     12.14   23.62   13.94     22.49    8.69    7.61      6.39   46.93   48.86   148.96  133.16   128.30  134.71 
 265   71.74   13.27     32.59    4.63    1.90     12.65   22.40   13.98     22.49    8.69    7.62      6.24   47.37   48.85   151.20  133.25   130.91  134.92 
 266   85.88   14.01     33.40    4.22    1.91     18.14   11.66   13.97     22.44    8.71    7.62      6.27   46.42   48.84   151.56  133.16   131.44  134.79 
 267   85.88   12.69     31.76    5.12    1.92     15.04   16.82   13.98     22.44    8.71    7.63      6.19   47.10   48.84   151.59  133.58   131.29  135.51 
 268   85.88   13.30     30.88    5.70    1.93     13.61   19.35   14.00     22.44    8.71    7.63      6.19   46.19   48.83   152.06  133.35   131.53  135.30 
 269   85.88   13.75     34.14    3.90    1.94     12.10   23.32   14.03     22.44    8.71    7.63      6.09   47.61   48.82   153.02  133.27   132.52  135.04 
 270   85.88   15.31     32.37    4.81    1.95     11.83   23.62   14.07     22.44    8.71    7.64      6.02   46.87   48.81   153.46  133.21   133.17  134.79 
 271   97.52   12.58     32.71    4.62    1.96     16.01   14.51   14.07     22.36    8.77    7.64      6.31   45.44   48.80   153.74  133.53   133.35  135.26 
 272   97.52   13.15     33.13    4.41    1.97     13.87   18.53   14.09     22.36    8.77    7.65      6.33   44.66   48.79   154.22  133.23   134.00  134.83 
 273   97.52   13.71     30.93    5.70    1.98     12.01   23.11   14.12     22.36    8.77    7.65      6.37   45.25   48.77   153.85  133.16   133.43  134.96 
 274   97.52   13.24     31.72    5.22    2.00     11.43   25.49   14.16     22.36    8.77    7.65      6.33   46.13   48.76   155.80  132.41   135.40  134.10 
 275   97.52   12.79     32.92    4.55    2.01     11.25   27.54   14.21     22.36    8.77    7.66      6.30   48.81   48.76   157.14  132.23   136.61  133.95 
 276   93.78   13.34     33.09    4.46    2.01     15.53   16.88   14.22     21.92    9.19    7.66      6.34   48.91   48.76   157.35  131.50   136.95  133.14 
 277   93.78   11.98     32.73    4.65    2.02     14.43   19.69   14.24     21.92    9.19    7.67      6.38   49.69   48.77   157.62  130.78   137.39  132.58 
 278   93.78   13.07     36.41    3.03    2.03     14.76   18.94   14.26     21.92    9.19    7.67      6.37   49.60   48.77   159.31  130.40   139.47  132.03 
 279   93.78   13.03     35.16    3.51    2.03     14.35   20.43   14.28     21.92    9.19    7.68      6.42   50.76   48.78   159.81  130.00   140.03  131.63 
 280   93.78   12.91     32.21    4.96    2.04     14.46   19.79   14.30     21.92    9.19    7.69      6.52   49.37   48.78   159.46  129.76   139.91  131.53 
 281   84.80   13.42     32.28    4.92    2.05     16.55   15.81   14.30     21.86    9.24    7.69      6.70   48.84   48.78   160.36  129.28   140.54  131.18 
 282   84.80   13.48     33.92    4.06    2.06     15.63   17.52   14.32     21.86    9.24    7.70      6.81   48.18   48.78   160.87  129.46   141.03  130.91 
 283   84.80   13.82     34.71    3.72    2.07     14.89   19.13   14.33     21.86    9.24    7.70      6.75   48.48   48.78   161.60  129.16   141.69  130.72 
 284   84.80   15.29     32.55    4.79    2.08     15.19   18.59   14.35     21.86    9.24    7.71      6.85   48.28   48.78   161.79  129.28   141.81  130.82 
 285   84.80   14.92     32.07    5.09    2.09     14.63   19.83   14.37     21.86    9.24    7.71      6.79   48.46   48.77   162.07  129.36   142.15  131.01 
 286  105.42   13.40     33.06    4.53    2.09     17.89   13.49   14.36     21.84    9.25    7.72      6.94   47.30   48.77   162.43  129.75   142.25  131.80 
 287  105.42   12.39     33.07    4.52    2.10     16.48   16.23   14.37     21.84    9.25    7.72      6.85   48.38   48.77   163.05  130.36   142.63  132.10 
 288  105.42   13.62     32.12    5.08    2.11     15.87   17.42   14.38     21.84    9.25    7.73      6.90   48.15   48.77   163.23  130.60   143.00  132.19 
 289  105.42   12.62     34.51    3.86    2.12     15.40   18.65   14.40     21.84    9.25    7.73      6.89   48.58   48.77   164.42  130.66   144.15  132.20 
 290  105.42   13.29     35.07    3.62    2.12     14.44   20.75   14.42     21.84    9.25    7.74      6.95   48.09   48.76   164.84  130.78   144.66  132.33 
 291   88.76   12.10     32.75    4.76    2.13     17.87   14.32   14.42     21.68    9.41    7.75      6.91   49.65   48.77   164.96  130.49   144.76  132.02 
 292   88.76   12.89     32.26    5.04    2.14     16.11   17.23   14.43     21.68    9.41    7.75      7.12   47.78   48.76   165.65  130.73   145.24  132.38 
 293   88.76   13.30     31.99    5.19    2.15     15.52   18.59   14.44     21.68    9.41    7.76      6.78   50.22   48.77   165.76  130.93   145.29  133.09 
 294   88.76   12.94     32.15    5.11    2.16     15.92   17.20   14.45     21.68    9.41    7.76      6.85   48.67   48.77   165.88  130.59   145.62  132.19 
 295   88.76   12.81     30.43    6.25    2.18     14.79   19.72   14.47     21.68    9.41    7.77      6.71   49.90   48.77   165.92  130.48   145.51  132.14 
 296   99.12   12.16     30.59    6.13    2.19     16.72   15.57   14.47     21.87    9.21    7.77      6.92   48.33   48.77   165.90  130.59   145.63  132.39 
 297   99.12   11.62     33.72    4.28    2.20     15.81   17.66   14.48     21.87    9.21    7.78      6.91   48.98   48.77   167.39  129.78   147.15  131.61 
 298   99.12   13.62     33.14    4.57    2.21     15.04   19.24   14.50     21.87    9.21    7.78      7.03   48.17   48.77   168.20  129.97   148.23  131.45 
 299   99.12   15.31     31.72    5.40    2.22     15.23   18.78   14.51     21.87    9.21    7.79      6.98   48.51   48.77   167.83  129.82   147.29  131.66 
 300   99.12   15.26     32.09    5.19    2.23     15.97   17.32   14.52     21.87    9.21    7.79      7.13   47.80   48.76   168.46  129.56   148.16  131.45 
 301   89.44   13.77     32.05    5.22    2.24     16.79   16.02   14.53     21.42    9.69    7.80      7.08   48.70   48.76   168.59  129.56   148.27  131.46 
 302   89.44   12.43     32.40    5.01    2.25     15.46   18.67   14.54     21.42    9.69    7.80      6.96   49.46   48.77   169.06  129.50   148.70  131.80 
 303   89.44   13.07     31.80    5.36    2.26     14.80   20.16   14.56     21.42    9.69    7.81      7.04   49.36   48.77   169.30  129.75   148.85  132.15 
 304   89.44   12.80     32.14    5.17    2.27     14.84   20.02   14.58     21.42    9.69    7.82      7.13   48.82   48.77   169.34  129.34   148.90  131.52 
 305   89.44   13.61     32.17    5.17    2.28     14.32   21.21   14.60     21.42    9.69    7.82      7.03   49.35   48.77   170.04  129.87   149.59  132.12 
 306   73.98   13.08     31.84    5.37    2.29     17.42   14.90   14.60     21.27    9.86    7.83      7.10   49.09   48.77   169.53  130.11   149.14  132.25 
 307   73.98   11.85     31.97    5.28    2.30     16.55   16.71   14.61     21.27    9.86    7.84      7.35   48.26   48.77   169.71  130.44   149.39  132.58 
 308   73.98   11.34     32.04    5.25    2.30     15.70   18.54   14.62     21.27    9.86    7.84      7.27   48.94   48.77   169.86  131.01   149.48  133.49 
 309   73.98   15.43     31.72    5.45    2.32     14.49   22.00   14.64     21.27    9.86    7.85      7.53   49.07   48.77   170.10  131.47   149.69  133.84 
 310   73.98   14.85     32.62    4.95    2.32     13.82   24.12   14.67     21.27    9.86    7.86      7.37   50.87   48.78   170.68  132.39   150.38  134.82 
 311  122.70   13.24     32.53    5.00    2.33     18.61   13.74   14.67     21.58    9.51    7.86      7.48   49.77   48.78   170.68  132.85   150.23  135.50 
 312  122.70   12.73     31.46    5.68    2.34     16.88   17.07   14.68     21.58    9.51    7.87      7.46   50.45   48.79   170.51  134.23   149.97  136.90 
 313  122.70   13.20     30.82    6.15    2.36     15.89   19.12   14.69     21.58    9.51    7.87      7.45   50.53   48.79   170.25  134.47   149.37  137.34 
 314  122.70   12.21     30.77    6.18    2.37     15.18   21.05   14.71     21.58    9.51    7.88      7.55   50.71   48.80   169.83  135.56   149.43  138.25 
 315  122.70   13.50     31.33    5.80    2.38     15.02   21.43   14.73     21.58    9.51    7.88      7.44   51.52   48.81   169.69  136.08   149.38  138.57 
 316  133.96   11.94     30.77    6.18    2.39     18.04   14.87   14.73     21.35    9.77    7.89      7.69   49.67   48.81   169.54  136.13   149.08  138.53 
 317  133.96   13.44     30.34    6.51    2.40     17.45   16.10   14.74     21.35    9.77    7.89      7.60   50.33   48.81   169.24  136.91   148.43  139.44 
 318  133.96   12.30     30.56    6.34    2.42     15.95   18.81   14.75     21.35    9.77    7.90      7.78   49.09   48.82   169.13  136.58   148.52  139.26 
 319  133.96   12.95     31.00    6.04    2.43     15.08   20.85   14.77     21.35    9.77    7.91      7.75   49.33   48.82   169.22  136.72   148.48  139.53 
 320  133.96   13.28     29.82    6.89    2.44     14.63   22.29   14.79     21.35    9.77    7.91      7.69   50.18   48.82   168.70  136.22   147.78  139.21 
 321  143.90   12.74     30.53    6.35    2.45     17.20   16.47   14.80     21.34    9.79    7.92      7.72   49.75   48.82   168.69  135.54   147.71  138.67 
 322  143.90   12.68     29.27    7.32    2.47     16.46   17.97   14.81     21.34    9.79    7.92      7.69   49.85   48.83   167.69  134.75   147.08  137.68 
 323  143.90   13.73     29.76    6.90    2.48     16.05   18.94   14.82     21.34    9.79    7.93      7.55   50.83   48.83   167.60  133.86   146.86  136.82 
 324  143.90   15.28     29.08    7.41    2.50     14.08   23.67   14.85     21.34    9.79    7.93      7.64   49.87   48.84   166.78  133.72   145.94  136.57 
 325  143.90   15.32     29.80    6.82    2.51     14.95   21.55   14.87     21.34    9.79    7.94      7.61   50.41   48.84   167.10  132.35   146.09  135.27 
 326  114.82   12.63     29.77    6.80    2.52     17.82   15.46   14.87     21.16   10.01    7.95      7.62   50.31   48.85   166.76  131.84   145.91  134.92 
 327  114.82   14.11     29.83    6.72    2.54     16.79   17.76   14.88     21.16   10.01    7.95      7.77   50.05   48.85   166.21  131.16   145.12  134.10 
 328  114.82   12.81     29.93    6.63    2.55     17.19   16.81   14.89     21.16   10.01    7.96      7.80   49.53   48.85   165.62  130.92   144.50  133.94 
 329  114.82   12.92     29.42    7.00    2.56     15.91   19.98   14.90     21.16   10.01    7.97      7.73   50.91   48.86   164.74  131.03   143.64  133.80 
 330  114.82   12.87     30.07    6.49    2.57     16.40   18.60   14.91     21.16   10.01    7.97      7.77   50.20   48.86   164.49  130.86   143.46  133.26 
 331  137.46   12.69     29.68    6.75    2.59     17.75   16.39   14.92     21.16   10.01    7.98      7.69   52.04   48.87   163.14  130.53   142.37  133.11 
 332  137.46   12.83     29.80    6.66    2.60     16.92   17.69   14.93     21.16   10.01    7.98      7.84   50.45   48.88   162.84  131.40   141.88  133.84 
 333  137.46   12.14     30.18    6.36    2.61     16.61   18.62   14.94     21.16   10.01    7.99      7.92   50.20   48.88   162.80  130.76   141.78  133.36 
 334  137.46   13.55     29.06    7.22    2.62     16.63   18.25   14.95     21.16   10.01    8.00      7.76   50.39   48.88   161.46  131.51   140.62  134.04 
 335  137.46   12.79     30.02    6.44    2.64     16.11   19.79   14.96     21.16   10.01    8.00      7.95   50.31   48.89   161.03  131.45   139.90  133.94 
 336  157.97   12.95     30.26    6.27    2.65     17.52   16.74   14.97     21.11   10.09    8.01      7.91   50.30   48.89   160.40  132.20   139.10  134.42 
 337  157.97   13.34     29.49    6.85    2.66     18.69   14.86   14.97     21.11   10.09    8.01      8.03   50.50   48.90   159.40  133.09   138.01  135.44 
 338  157.97   12.24     29.50    6.86    2.67     17.49   16.92   14.97     21.11   10.09    8.02      8.03   50.53   48.90   158.83  134.18   137.70  136.47 
 339  157.97   12.53     30.04    6.42    2.68     16.95   18.27   14.98     21.11   10.09    8.03      8.05   50.81   48.91   157.40  135.21   136.15  137.46 
 340  157.97   13.15     29.97    6.48    2.69     16.56   19.05   14.99     21.11   10.09    8.03      8.21   49.78   48.91   157.02  135.54   135.51  137.64 
 341   89.47   15.49     29.19    7.07    2.71     18.19   16.25   15.00     21.00   10.23    8.04      8.29   50.10   48.91   156.50  135.62   134.68  137.78 
 342   89.47   14.90     29.18    7.06    2.72     18.16   16.13   15.00     21.00   10.23    8.05      8.22   50.34   48.92   154.84  136.16   133.32  138.54 
 343   89.47   14.70     29.87    6.51    2.73     17.60   17.30   15.01     21.00   10.23    8.05      8.32   50.21   48.92   154.75  136.06   133.06  138.36 
 344   89.47   11.43     28.98    7.21    2.74     15.67   21.37   15.03     21.00   10.23    8.06      8.29   49.99   48.93   153.92  137.16   132.08  139.40 
 345   89.47   13.06     28.84    7.32    2.76     16.10   20.77   15.04     21.00   10.23    8.06      8.40   49.93   48.93   152.69  137.57   130.75  139.64 
 346  155.14   14.68     28.99    7.16    2.77     19.28   14.19   15.04     21.17   10.06    8.07      8.52   48.55   48.93   151.63  137.67   129.69  140.04 
 347  155.14   15.12     28.60    7.47    2.78     18.84   15.23   15.04     21.17   10.06    8.08      8.43   50.23   48.93   150.53  138.63   128.75  140.87 
 348  155.14   15.17     28.22    7.83    2.80     18.70   15.21   15.04     21.17   10.06    8.08      8.70   48.06   48.93   149.54  138.85   127.74  140.83 
 349  155.14   15.29     28.45    7.56    2.81     18.72   15.45   15.04     21.17   10.06    8.09      8.57   49.35   48.93   148.34  138.87   126.21  140.99 
 350  155.14   15.47     29.25    6.88    2.82     17.28   18.12   15.05     21.17   10.06    8.09      8.52   49.59   48.93   147.33  139.50   125.22  141.72 
 351  126.98   14.48     29.10    6.97    2.83     19.71   13.90   15.05     20.99   10.29    8.10      8.61   49.59   48.93   146.19  139.14   124.03  141.39 
 352  126.98   12.53     28.17    7.76    2.85     18.12   16.57   15.05     20.99   10.29    8.11      8.63   49.15   48.93   144.86  139.67   122.71  141.79 
 353  126.98   13.54     27.55    8.34    2.86     17.54   17.85   15.06     20.99   10.29    8.11      8.57   49.79   48.94   143.84  140.06   122.18  142.13 
 354  126.98   12.48     27.39    8.46    2.88     16.37   20.41   15.08     20.99   10.29    8.12      8.64   49.57   48.94   142.66  140.69   121.10  142.41 
 355  126.98   12.42     27.88    7.98    2.89     16.61   20.04   15.09     20.99   10.29    8.12      8.65   50.05   48.94   142.46  140.44   120.63  142.42 
 356  141.65   13.26     27.23    8.58    2.91     20.44   12.94   15.08     20.87   10.46    8.13      8.51   50.71   48.95   140.63  140.55   118.74  142.48 
 357  141.65   12.75     27.33    8.46    2.93     19.73   14.19   15.08     20.87   10.46    8.14      8.63   51.01   48.95   139.99  140.56   118.02  142.54 
 358  141.65   13.04     28.84    7.04    2.94     19.63   14.24   15.08     20.87   10.46    8.14      8.66   49.94   48.96   138.54  140.87   116.39  142.71 
 359  141.65   12.76     27.61    8.10    2.95     19.37   14.88   15.08     20.87   10.46    8.15      8.77   50.05   48.96   137.63  140.41   115.36  142.45 
 360  141.65   13.18     26.66    9.07    2.97     18.56   16.32   15.08     20.87   10.46    8.16      8.75   50.36   48.96   136.50  140.61   114.29  142.45 
 361  136.23   14.12     26.27    9.41    2.99     19.02   15.78   15.08     21.01   10.32    8.16      8.89   50.18   48.97   135.00  140.18   112.96  142.47 
 362  136.23   15.32     25.69   10.02    3.01     18.33   17.07   15.09     21.01   10.32    8.17      8.83   50.61   48.97   133.92  140.11   111.72  142.47 
 363  136.23   15.44     26.18    9.41    3.02     17.78   18.41   15.10     21.01   10.32    8.17      8.87   51.14   48.98   133.30  139.40   110.99  141.72 
 364  136.23   15.13     25.59   10.00    3.04     17.24   19.60   15.11     21.01   10.32    8.18      8.81   51.01   48.98   131.50  139.35   108.74  141.85 
 365  136.23   14.59     26.79    8.67    3.06     16.97   20.53   15.13     21.01   10.32    8.19      8.84   51.64   48.99   130.40  138.81   107.95  141.15 
 366  160.46   12.60     27.84    7.61    3.07     19.46   15.07   15.13     21.00   10.37    8.19      8.98   50.39   48.99   129.91  138.79   107.32  141.15 
 367  160.46   13.75     27.26    8.12    3.08     19.24   15.70   15.13     21.00   10.37    8.20      8.94   50.92   49.00   128.21  139.02   105.75  141.15 
 368  160.46   13.97     26.23    9.12    3.10     19.64   15.11   15.13     21.00   10.37    8.20      8.93   51.37   49.00   126.63  138.74   103.79  140.92 
 369  160.46   13.23     26.36    8.92    3.12     18.50   17.24   15.13     21.00   10.37    8.21      8.97   51.22   49.01   125.66  138.54   102.65  141.21 
 370  160.46   14.73     26.56    8.67    3.13     17.32   19.81   15.15     21.00   10.37    8.22      9.00   51.06   49.02   124.32  138.62   101.30  140.83 
 371  134.44   12.88     28.19    7.13    3.14     19.48   15.46   15.15     20.92   10.50    8.22      9.08   50.86   49.02   123.39  138.88   100.54  140.86 
 372  134.44   13.48     26.98    8.22    3.16     18.36   17.47   15.15     20.92   10.50    8.23      9.07   50.64   49.03   122.16  139.01    99.31  140.78 
 373  134.44   13.39     26.86    8.31    3.17     17.78   18.80   15.16     20.92   10.50    8.23      9.16   50.27   49.03   120.80  139.41    98.21  141.37 
 374  134.44   12.30     27.11    8.02    3.18     17.93   18.43   15.17     20.92   10.50    8.24      9.19   49.96   49.03   119.43  139.73    96.52  141.39 
 375  134.44   12.69     27.03    8.04    3.20     17.48   19.46   15.18     20.92   10.50    8.25      9.14   50.57   49.04   118.20  139.92    95.20  141.53 
 376  149.64   15.26     27.50    7.60    3.21     18.68   16.82   15.19     21.08   10.35    8.25      9.05   50.75   49.04   117.31  139.72    94.44  141.31 
 377  149.64   15.50     26.69    8.33    3.22     18.95   16.36   15.19     21.08   10.35    8.26      9.08   50.25   49.04   115.65  139.73    92.33  141.59 
 378  149.64   15.35     27.90    7.21    3.23     18.48   17.14   15.19     21.08   10.35    8.26      9.09   50.04   49.05   114.43  140.05    90.97  142.09 
 379  149.64   15.19     28.10    7.00    3.24     17.11   20.14   15.21     21.08   10.35    8.27      9.05   50.60   49.05   112.86  139.89    89.70  141.16 
 380  149.64   13.42     26.77    8.13    3.25     17.38   19.64   15.22     21.08   10.35    8.27      8.98   51.06   49.05   111.63  139.70    88.02  141.33 
 381  117.28   13.71     26.70    8.15    3.27     19.18   15.89   15.22     20.83   10.69    8.28      9.09   50.56   49.06   110.25  140.19    86.26  141.66 
 382  117.28   12.56     26.57    8.25    3.28     17.99   18.31   15.23     20.83   10.69    8.29      8.92   51.54   49.07   108.66  139.98    84.59  141.35 
 383  117.28   12.48     27.01    7.81    3.29     17.25   19.94   15.24     20.83   10.69    8.29      8.98   51.47   49.07   107.72  139.69    83.65  140.82 
 384  117.28   12.52     26.26    8.51    3.31     16.81   20.66   15.26     20.83   10.69    8.30      8.80   52.04   49.08   106.59  140.30    82.57  141.59 
 385  117.28   12.42     25.81    8.95    3.32     15.97   22.71   15.28     20.83   10.69    8.31      8.70   52.32   49.09   105.69  139.67    81.30  140.93 
 386  140.80   13.50     25.54    9.20    3.34     19.13   15.58   15.28     20.88   10.66    8.31      8.92   50.61   49.09   104.58  140.37    80.38  141.63 
 387  140.80   12.23     25.70    8.97    3.35     18.20   17.50   15.28     20.88   10.66    8.32      9.22   49.17   49.09   102.93  140.37    78.70  141.60 
 388  140.80   13.03     25.39    9.22    3.37     17.27   19.16   15.29     20.88   10.66    8.32      9.03   49.63   49.09   101.68  140.87    77.30  141.82 
 389  140.80   12.60     25.74    8.89    3.38     16.93   19.92   15.30     20.88   10.66    8.33      8.86   50.96   49.10   101.04  141.12    76.40  142.15 
 390  140.80   12.88     25.53    9.07    3.39     15.74   22.62   15.32     20.88   10.66    8.34      8.80   50.68   49.10    99.33  141.11    74.88  141.84 
 391  150.93   12.87     24.65   10.02    3.41     18.70   16.04   15.32     20.91   10.66    8.34      8.75   51.02   49.11    98.53  141.61    73.77  142.18 
 392  150.93   13.34     24.59   10.09    3.43     16.63   20.35   15.34     20.91   10.66    8.35      8.72   51.19   49.11    97.29  141.71    72.50  142.43 
 393  150.93   12.80     23.97   10.81    3.45     16.39   21.13   15.35     20.91   10.66    8.35      8.81   50.84   49.12    95.61  141.71    70.56  142.57 
