   6    2.19    4.83     44.28    1.00    0.83     20.60   12.05   13.99     52.94    0.28   46.12      7.64   55.69   55.35    98.63  136.04    80.58  136.30 
   7    2.19    4.70     52.15    0.41    0.77     17.22   17.38   14.48     52.94    0.28   39.57      7.57   55.03   55.31    99.16  136.55    81.28  136.94 
   8    2.19    4.70     42.11    1.29    0.84     17.67   16.38   14.71     52.94    0.28   34.66      7.51   56.18   55.41   100.50  136.22    82.54  136.53 
   9    2.19    4.69     46.03    0.82    0.83     16.45   18.98   15.19     52.94    0.28   30.84      7.70   53.99   55.26   100.76  135.91    82.71  136.25 
  10    2.19    4.70     48.27    0.64    0.81     15.27   21.42   15.81     52.94    0.28   27.78      7.51   54.87   55.22   102.14  135.03    84.14  135.76 
  11    1.20    4.84     41.06    1.47    0.87     20.88   11.24   15.40     32.98    2.83   25.52      7.71   52.20   54.94   102.08  135.42    84.10  136.05 
  12    1.20    5.98     41.38    1.41    0.92     18.04   15.47   15.40     32.98    2.83   23.63      7.66   52.77   54.76   102.06  135.58    83.87  136.27 
  13    1.20    5.90     37.08    2.32    1.03     18.40   14.92   15.36     32.98    2.83   22.03      7.75   54.41   54.74   103.53  134.65    85.19  135.60 
  14    1.20    5.91     43.50    1.10    1.03     17.85   15.66   15.39     32.98    2.83   20.66      7.72   53.52   54.65   104.25  134.24    86.16  135.28 
  15    1.20    5.88     43.13    1.15    1.04     16.07   19.45   15.66     32.98    2.83   19.47      7.71   53.58   54.58   104.66  134.10    86.32  134.77 
  16    3.19    6.19     55.38    0.28    0.99     18.95   14.05   15.56     35.77    2.04   18.38      8.14   50.30   54.31   104.92  133.76    86.65  134.27 
  17    3.19    5.94     43.46    1.11    1.00     18.98   13.87   15.46     35.77    2.04   17.42      8.01   52.62   54.21   106.13  133.44    88.18  133.97 
  18    3.19    5.91     41.46    1.40    1.02     17.71   15.81   15.48     35.77    2.04   16.56      8.04   50.29   53.99   106.65  133.29    88.46  133.73 
  19    3.19    5.87     42.39    1.25    1.03     17.32   17.22   15.57     35.77    2.04   15.80      8.00   51.49   53.86   106.28  133.98    88.02  134.48 
  20    3.19    5.92     41.18    1.44    1.05     17.87   15.81   15.58     35.77    2.04   15.11      8.12   51.26   53.73   107.50  133.19    89.18  133.70 
  21    4.27    6.04     41.79    1.34    1.07     21.41   10.59   15.34     29.08    4.39   14.60      8.42   48.46   53.48   107.74  133.31    89.45  133.69 
  22    4.27    5.98     43.78    1.07    1.07     19.51   13.00   15.24     29.08    4.39   14.14      8.17   49.40   53.29   108.03  133.24    89.82  133.72 
  23    4.27    5.98     39.65    1.72    1.10     19.12   13.52   15.16     29.08    4.39   13.71      8.37   48.23   53.07   108.60  133.32    90.41  133.61 
  24    4.27    5.99     38.94    1.87    1.13     18.02   15.07   15.16     29.08    4.39   13.32      7.98   49.07   52.91   109.06  133.73    90.86  134.02 
  25    4.27    5.79     39.18    1.83    1.16     16.56   17.53   15.25     29.08    4.39   12.97      8.18   47.87   52.71   110.17  133.30    92.24  133.46 
  26    3.97    6.31     38.63    1.95    1.19     18.57   13.89   15.20     38.10    1.55   12.53      7.78   49.32   52.58   110.49  133.23    92.54  133.50 
  27    3.97    6.11     38.87    1.91    1.21     17.59   15.67   15.22     38.10    1.55   12.12      7.82   49.76   52.47   110.72  134.26    92.74  134.67 
  28    3.97    6.25     36.86    2.42    1.26     16.87   16.40   15.26     38.10    1.55   11.74      7.75   49.43   52.36   111.80  133.72    93.85  134.13 
  29    3.97    6.11     34.53    3.16    1.32     16.26   17.41   15.33     38.10    1.55   11.39      7.49   49.90   52.28   112.31  134.24    94.42  134.54 
  30    3.97    6.19     45.02    0.95    1.31     15.95   18.07   15.43     38.10    1.55   11.06      7.31   50.53   52.22   112.54  134.38    94.55  134.77 
  31    4.23    5.78     42.48    1.27    1.31     18.28   13.78   15.37     30.35    3.73   10.83      7.39   49.24   52.12   112.52  134.70    94.61  134.93 
  32    4.23    6.19     39.95    1.70    1.32     18.73   12.85   15.29     30.35    3.73   10.61      7.44   48.88   52.02   113.36  134.30    95.26  134.46 
  33    4.23    6.35     38.72    1.96    1.34     19.25   11.99   15.19     30.35    3.73   10.40      7.39   49.62   51.95   113.94  134.31    95.92  134.41 
  34    4.23    6.12     39.63    1.77    1.35     17.39   14.57   15.18     30.35    3.73   10.20      7.12   49.36   51.87   114.11  134.24    96.36  134.49 
  35    4.23    6.35     41.77    1.39    1.35     16.37   16.20   15.20     30.35    3.73   10.02      7.16   48.71   51.78   114.72  134.52    96.81  134.65 
  36    4.56    6.10     37.75    2.20    1.38     18.75   12.16   15.12     28.89    4.35    9.86      7.29   47.22   51.66   114.85  134.42    96.79  134.28 
  37    4.56    6.16     36.38    2.58    1.41     18.85   12.01   15.04     28.89    4.35    9.71      7.33   47.81   51.55   115.24  134.59    97.07  134.32 
  38    4.56    6.24     37.62    2.24    1.43     17.86   13.41   14.99     28.89    4.35    9.57      7.12   48.14   51.46   115.34  135.21    97.22  134.70 
  39    4.56    6.22     35.82    2.76    1.47     18.34   12.62   14.93     28.89    4.35    9.44      7.16   47.87   51.37   115.86  135.02    97.70  134.83 
  40    4.56    6.03     36.45    2.59    1.49     15.92   16.47   14.97     28.89    4.35    9.31      7.14   47.92   51.28   116.41  135.86    98.36  135.76 
  41    5.11    6.39     36.36    2.61    1.52     19.16   11.21   14.88     26.17    5.85    9.22      7.04   47.33   51.19   116.83  135.71    98.62  135.79 
  42    5.11    6.09     35.90    2.76    1.55     18.36   12.18   14.81     26.17    5.85    9.14      6.92   47.57   51.10   116.97  136.40    98.84  136.35 
  43    5.11    6.26     35.75    2.81    1.58     17.89   13.06   14.77     26.17    5.85    9.07      6.87   48.53   51.04   117.42  136.85    98.99  136.72 
  44    5.11    6.42     36.03    2.73    1.61     17.11   14.10   14.76     26.17    5.85    8.99      6.97   47.26   50.96   117.55  137.32    99.31  137.57 
  45    5.11    6.09     33.62    3.62    1.65     16.55   15.29   14.77     26.17    5.85    8.92      7.14   47.42   50.88   118.03  137.97    99.68  138.42 
  46    8.15    6.79     35.21    3.02    1.68     18.99   11.22   14.69     25.83    5.99    8.86      6.98   46.36   50.78   118.35  138.47   100.01  138.85 
  47    8.15    6.39     35.97    2.78    1.70     19.64   10.55   14.61     25.83    5.99    8.80      7.15   46.05   50.68   118.47  138.79    99.99  139.17 
  48    8.15    6.55     36.65    2.58    1.72     18.29   12.16   14.55     25.83    5.99    8.74      6.99   46.22   50.59   118.71  139.18   100.30  139.54 
  49    8.15    6.55     37.67    2.30    1.73     17.55   13.40   14.53     25.83    5.99    8.69      7.05   46.53   50.50   119.57  138.90   101.00  139.11 
  50    8.15    6.40     38.13    2.18    1.74     17.51   13.47   14.51     25.83    5.99    8.63      6.88   46.84   50.43   119.06  139.49   100.69  139.68 
  51    6.56    6.36     35.99    2.80    1.76     19.29   11.22   14.44     25.24    6.33    8.59      7.11   47.27   50.37   119.88  139.57   101.57  139.94 
  52    6.56    6.15     36.32    2.69    1.78     18.27   12.51   14.41     25.24    6.33    8.54      6.89   46.95   50.30   119.43  139.50   101.03  139.81 
  53    6.56    6.24     32.96    3.95    1.82     19.19   11.28   14.35     25.24    6.33    8.50      7.11   47.03   50.24   120.53  138.95   101.88  139.22 
  54    6.56    6.17     35.01    3.13    1.85     18.03   12.90   14.32     25.24    6.33    8.46      6.96   47.08   50.18   120.64  139.13   101.76  139.70 
  55    6.56    6.10     32.73    4.06    1.89     16.31   15.72   14.35     25.24    6.33    8.42      7.07   46.66   50.12   121.88  138.28   103.10  138.85 
  56    6.74    6.24     31.51    4.67    1.94     19.05   11.56   14.30     24.94    6.49    8.39      6.98   47.37   50.07   122.20  138.07   103.69  138.78 
  57    6.74    6.44     36.25    2.72    1.95     18.44   12.42   14.26     24.94    6.49    8.35      6.86   47.87   50.03   121.06  138.30   102.53  138.97 
  58    6.74    6.28     35.17    3.09    1.97     18.43   12.46   14.23     24.94    6.49    8.32      7.28   47.01   49.98   122.49  137.58   103.81  138.41 
  59    6.74    6.53     32.73    4.09    2.01     17.17   14.37   14.24     24.94    6.49    8.29      7.24   46.99   49.93   123.46  137.70   104.64  138.35 
  60    6.74    6.21     34.61    3.29    2.03     16.78   15.66   14.26     24.94    6.49    8.26      7.26   47.91   49.89   122.48  137.42   103.86  138.02 
  61    5.58    5.84     36.66    2.60    2.04     21.39    9.23   14.18     23.83    7.32    8.25      7.24   48.19   49.87   122.35  137.61   103.76  138.29 
  62    5.58    5.80     35.42    2.99    2.05     19.43   11.47   14.13     23.83    7.32    8.23      7.46   47.59   49.83   122.66  137.36   104.01  138.22 
  63    5.58    6.26     36.89    2.53    2.06     19.03   12.14   14.10     23.83    7.32    8.22      7.45   47.65   49.79   122.75  137.32   104.11  137.89 
  64    5.58    5.97     35.40    3.01    2.07     18.60   12.73   14.08     23.83    7.32    8.20      7.67   47.70   49.76   123.64  136.82   105.10  137.36 
  65    5.58    5.88     36.21    2.74    2.08     18.37   13.11   14.07     23.83    7.32    8.19      7.41   48.21   49.74   123.80  136.73   105.12  137.24 
  66    8.16    6.19     36.50    2.65    2.09     19.18   12.06   14.03     23.51    7.57    8.18      7.36   48.87   49.72   123.86  136.92   105.17  137.60 
  67    8.16    6.24     34.46    3.35    2.11     18.85   12.43   14.01     23.51    7.57    8.17      7.63   47.54   49.69   124.56  136.72   105.85  137.31 
  68    8.16    6.18     33.44    3.78    2.14     19.10   12.08   13.98     23.51    7.57    8.16      7.50   47.73   49.66   124.69  136.36   106.11  136.96 
  69    8.16    6.16     35.16    3.09    2.15     18.62   13.16   13.97     23.51    7.57    8.15      7.63   48.69   49.65   124.70  136.09   106.00  136.76 
  70    8.16    6.02     35.96    2.83    2.16     17.71   14.76   13.98     23.51    7.57    8.15      7.60   48.87   49.64   124.71  136.24   106.34  136.84 
  71    9.16    6.49     34.79    3.25    2.18     17.75   15.13   14.00     23.75    7.36    8.13      7.83   48.98   49.63   124.89  135.79   106.18  136.38 
  72    9.16    6.51     33.27    3.85    2.20     18.48   13.83   14.00     23.75    7.36    8.12      7.89   49.10   49.62   125.73  136.10   107.17  137.06 
  73    9.16    6.41     35.23    3.07    2.21     18.92   13.28   13.99     23.75    7.36    8.11      7.80   49.68   49.62   125.55  136.52   106.74  137.19 
  74    9.16    6.32     37.46    2.38    2.21     18.32   14.10   13.99     23.75    7.36    8.10      7.76   49.61   49.62   125.36  136.42   106.64  136.94 
  75    9.16    6.54     33.73    3.67    2.23     17.68   15.41   14.01     23.75    7.36    8.09      7.86   50.15   49.63   126.47  136.33   107.89  136.93 
  76    9.56    6.48     34.40    3.39    2.25     21.23   10.06   13.95     23.34    7.72    8.09      7.82   48.82   49.62   125.82  136.42   107.27  136.96 
  77    9.56    6.02     33.03    3.97    2.27     19.84   11.95   13.93     23.34    7.72    8.08      7.67   49.98   49.62   126.13  136.52   107.65  137.14 
  78    9.56    6.28     33.43    3.80    2.29     19.57   12.16   13.91     23.34    7.72    8.08      7.72   50.05   49.63   126.46  136.58   107.80  137.61 
  79    9.56    6.28     35.02    3.18    2.30     20.45   11.06   13.87     23.34    7.72    8.07      7.67   50.18   49.64   126.40  136.33   107.63  137.07 
  80    9.56    6.36     34.82    3.24    2.31     18.13   14.39   13.88     23.34    7.72    8.07      7.65   50.16   49.64   127.05  136.33   108.43  137.10 
  81    8.93    5.68     33.46    3.79    2.33     21.60    9.69   13.82     23.36    7.72    8.07      7.82   49.00   49.63   126.62  136.23   108.17  136.85 
  82    8.93    6.24     32.32    4.31    2.35     20.59   10.84   13.79     23.36    7.72    8.06      7.85   49.00   49.63   127.19  136.19   108.69  136.79 
  83    8.93    6.50     34.12    3.52    2.37     20.41   10.98   13.75     23.36    7.72    8.06      7.85   48.71   49.62   127.36  136.25   108.74  137.08 
  84    8.93    6.50     35.15    3.11    2.38     19.16   12.72   13.74     23.36    7.72    8.05      7.83   48.18   49.60   126.80  136.08   108.06  136.86 
  85    8.93    6.33     34.23    3.48    2.39     19.53   12.25   13.72     23.36    7.72    8.05      7.62   49.78   49.60   127.79  136.49   109.05  137.19 
  86   12.09    6.37     34.86    3.22    2.40     18.78   13.47   13.72     23.21    7.86    8.05      7.75   49.06   49.59   127.50  136.50   108.62  137.11 
  87   12.09    6.25     33.16    3.95    2.42     17.08   16.58   13.75     23.21    7.86    8.04      7.88   49.32   49.59   128.27  136.52   109.28  137.37 
  88   12.09    6.32     35.25    3.09    2.43     16.58   17.49   13.80     23.21    7.86    8.04      8.05   47.36   49.57   127.52  136.18   108.30  137.39 
  89   12.09    6.53     33.97    3.58    2.44     17.22   16.55   13.83     23.21    7.86    8.04      7.95   49.08   49.56   128.02  136.41   109.24  137.42 
  90   12.09    6.23     32.73    4.15    2.46     18.28   14.21   13.83     23.21    7.86    8.04      7.93   48.98   49.55   128.64  136.21   109.89  137.29 
  91    8.54    6.05     34.42    3.42    2.47     18.75   13.86   13.83     22.50    8.55    8.04      7.77   49.28   49.55   127.68  136.52   109.20  137.71 
  92    8.54    6.30     34.73    3.28    2.48     19.30   12.92   13.82     22.50    8.55    8.05      7.88   48.25   49.54   127.36  136.20   108.55  137.14 
  93    8.54    6.10     35.08    3.16    2.48     19.45   12.75   13.81     22.50    8.55    8.06      7.72   49.89   49.54   127.66  136.12   108.82  137.31 
  94    8.54    5.96     33.72    3.69    2.50     20.08   11.60   13.79     22.50    8.55    8.06      7.88   48.56   49.53   128.39  136.05   109.72  137.12 
  95    8.54    6.23     34.32    3.45    2.51     18.29   14.51   13.80     22.50    8.55    8.07      7.78   48.83   49.52   127.75  136.15   109.17  137.38 
  96   13.51    6.11     33.57    3.76    2.52     20.44   11.30   13.77     22.58    8.49    8.07      7.70   49.62   49.52   128.00  136.03   109.22  137.31 
  97   13.51    6.22     34.96    3.21    2.53     20.59   11.01   13.74     22.58    8.49    8.07      7.72   49.62   49.52   128.72  135.99   109.96  137.06 
  98   13.51    6.25     35.18    3.14    2.53     20.48   11.14   13.71     22.58    8.49    8.08      7.86   47.94   49.51   128.15  135.98   109.47  137.22 
  99   13.51    6.22     36.94    2.55    2.53     19.74   12.16   13.70     22.58    8.49    8.08      7.71   49.20   49.50   128.43  136.01   109.58  136.84 
 100   13.51    6.32     37.45    2.41    2.53     18.96   13.59   13.70     22.58    8.49    8.09      7.77   49.68   49.51   127.76  135.72   109.17  136.62 
 101   14.29    6.24     38.91    2.05    2.53     20.43   11.41   13.67     22.87    8.23    8.09      7.87   49.44   49.51   127.97  136.05   109.19  137.08 
 102   14.29    6.16     38.99    2.02    2.52     19.74   12.38   13.66     22.87    8.23    8.09      7.84   49.35   49.50   128.04  136.06   109.34  136.90 
 103   14.29    6.14     35.59    2.99    2.53     20.28   11.59   13.64     22.87    8.23    8.09      7.79   49.82   49.51   128.71  136.29   109.84  137.16 
 104   14.29    6.12     40.07    1.79    2.52     19.13   13.10   13.64     22.87    8.23    8.09      7.82   48.77   49.50   128.62  135.66   109.54  136.59 
 105   14.29    6.38     38.40    2.17    2.52     18.85   13.62   13.64     22.87    8.23    8.09      7.83   49.51   49.50   128.70  135.97   110.10  136.80 
 106   11.83    6.09     41.01    1.61    2.51     20.43   11.33   13.61     22.74    8.37    8.10      7.75   49.07   49.50   128.26  135.76   109.72  136.99 
 107   11.83    6.08     38.46    2.15    2.51     19.43   12.89   13.61     22.74    8.37    8.10      7.83   49.86   49.50   128.45  135.46   110.08  136.71 
 108   11.83    5.92     41.55    1.51    2.50     18.57   14.13   13.61     22.74    8.37    8.10      7.74   49.93   49.50   128.02  136.02   109.88  137.30 
 109   11.83    6.09     38.35    2.19    2.49     18.84   13.76   13.61     22.74    8.37    8.10      7.77   49.96   49.51   128.55  135.65   110.22  136.97 
 110   11.83    6.27     37.23    2.48    2.49     20.12   11.70   13.60     22.74    8.37    8.11      7.69   49.68   49.51   128.72  136.19   110.06  137.36 
 111   13.24    6.33     37.94    2.28    2.49     19.78   12.31   13.58     22.44    8.69    8.11      7.68   50.09   49.51   128.80  136.14   109.93  137.39 
 112   13.24    6.29     36.75    2.62    2.49     19.62   12.43   13.57     22.44    8.69    8.12      7.58   50.32   49.52   129.02  135.94   110.30  137.15 
 113   13.24    6.39     40.77    1.65    2.48     19.56   12.92   13.57     22.44    8.69    8.12      7.63   51.03   49.54   128.18  135.94   109.86  137.00 
 114   13.24    6.24     38.17    2.21    2.48     19.57   12.69   13.56     22.44    8.69    8.13      7.74   50.32   49.54   128.32  135.75   109.95  136.70 
 115   13.24    6.22     39.45    1.91    2.48     20.30   11.67   13.54     22.44    8.69    8.13      7.77   50.03   49.55   128.59  135.59   110.34  136.50 
 116   14.32    6.44     39.64    1.88    2.47     21.70    9.84   13.51     22.55    8.60    8.14      7.79   49.55   49.55   128.72  135.41   110.02  136.49 
 117   14.32    6.38     42.03    1.43    2.46     18.88   13.86   13.52     22.55    8.60    8.14      7.99   48.30   49.54   128.09  135.63   109.49  136.60 
 118   14.32    6.35     45.76    0.93    2.45     19.96   11.92   13.50     22.55    8.60    8.14      7.84   48.63   49.53   128.52  135.64   109.71  136.64 
 119   14.32    6.35     38.13    2.23    2.45     18.52   14.15   13.51     22.55    8.60    8.15      7.84   48.41   49.52   128.28  134.55   109.76  135.63 
 120   14.32    6.39     39.03    2.02    2.44     19.65   12.26   13.50     22.55    8.60    8.15      7.66   49.82   49.52   128.80  134.68   110.57  135.93 
 121   12.96    6.04     36.21    2.78    2.45     20.73   10.84   13.48     22.47    8.69    8.16      7.70   48.26   49.51   128.43  134.64   110.48  135.64 
 122   12.96    6.19     39.28    1.95    2.44     20.40   11.27   13.46     22.47    8.69    8.16      7.65   49.34   49.51   128.76  134.38   110.47  135.58 
 123   12.96    6.37     40.50    1.69    2.44     21.05   10.53   13.43     22.47    8.69    8.16      7.60   49.89   49.51   128.48  134.47   110.35  135.61 
 124   12.96    6.26     38.15    2.22    2.44     19.73   12.11   13.42     22.47    8.69    8.17      7.78   48.47   49.50   128.70  134.56   110.48  135.57 
 125   12.96    6.25     37.06    2.51    2.44     20.12   11.69   13.41     22.47    8.69    8.17      7.72   48.91   49.50   128.65  134.26   110.41  135.58 
 126   15.29    6.61     37.43    2.41    2.44     21.18   10.27   13.38     22.50    8.66    8.18      7.74   49.12   49.50   128.66  134.09   110.27  135.45 
 127   15.29    6.19     35.10    3.15    2.44     22.42    8.97   13.35     22.50    8.66    8.18      7.77   48.90   49.49   128.87  134.05   110.62  135.32 
 128   15.29    6.44     35.63    2.96    2.45     20.88   10.78   13.33     22.50    8.66    8.18      7.83   48.76   49.49   128.60  134.18   110.19  135.53 
 129   15.29    6.20     38.80    2.06    2.44     21.68    9.96   13.30     22.50    8.66    8.19      7.82   49.24   49.48   128.75  134.07   110.46  135.33 
 130   15.29    6.20     36.79    2.60    2.44     20.73   10.93   13.28     22.50    8.66    8.19      7.89   48.42   49.48   129.05  134.48   110.82  135.63 
 131   18.42    6.44     40.05    1.78    2.44     19.27   13.00   13.28     22.34    8.84    8.20      7.71   49.14   49.47   128.53  134.06   109.81  135.17 
 132   18.42    6.37     38.41    2.16    2.44     19.30   12.97   13.28     22.34    8.84    8.20      7.93   48.35   49.46   128.67  134.37   110.14  135.56 
 133   18.42    5.99     38.99    2.02    2.43     19.05   13.26   13.28     22.34    8.84    8.21      7.92   48.07   49.45   128.72  135.16   110.00  135.97 
 134   18.42    6.39     39.20    1.98    2.43     18.92   13.62   13.28     22.34    8.84    8.21      8.05   47.49   49.44   128.78  134.67   110.20  135.49 
 135   18.42    5.66     41.31    1.55    2.42     18.62   14.29   13.29     22.34    8.84    8.22      8.09   48.10   49.43   128.69  135.06   110.14  136.19 
 136   14.58    6.23     40.39    1.72    2.42     20.33   11.66   13.28     22.31    8.88    8.22      8.01   48.20   49.42   128.50  134.72   110.24  135.77 
 137   14.58    6.17     44.69    1.05    2.41     20.69   11.31   13.26     22.31    8.88    8.22      8.14   48.20   49.41   128.98  135.21   110.42  136.14 
 138   14.58    6.03     44.41    1.09    2.40     20.80   10.99   13.25     22.31    8.88    8.23      8.10   46.98   49.39   128.69  135.26   110.62  136.13 
 139   14.58    6.03     40.14    1.78    2.39     19.77   12.57   13.24     22.31    8.88    8.23      8.06   48.27   49.39   128.75  135.08   110.50  136.26 
 140   14.58    5.93     41.53    1.52    2.39     20.14   11.76   13.23     22.31    8.88    8.24      7.96   48.00   49.38   128.82  135.24   110.62  136.11 
 141   18.43    6.30     40.86    1.64    2.38     20.99   10.83   13.21     22.17    9.04    8.24      8.00   48.48   49.37   128.82  134.96   110.85  135.90 
 142   18.43    6.29     42.30    1.38    2.38     19.75   12.16   13.21     22.17    9.04    8.25      7.75   48.38   49.36   128.40  134.73   110.55  135.65 
 143   18.43    6.16     43.55    1.20    2.37     19.05   13.38   13.21     22.17    9.04    8.26      7.78   48.93   49.36   128.63  134.36   110.66  135.08 
 144   18.43    6.19     46.63    0.84    2.36     19.41   12.59   13.20     22.17    9.04    8.26      7.72   48.44   49.35   128.54  134.65   110.68  135.09 
 145   18.43    6.22     42.11    1.41    2.35     19.26   12.94   13.20     22.17    9.04    8.27      7.73   48.98   49.35   128.60  134.41   110.77  135.53 
 146   17.87    6.40     45.14    1.00    2.34     21.39    9.96   13.18     22.18    9.04    8.27      7.72   47.99   49.34   128.69  134.51   110.56  135.59 
 147   17.87    6.15     48.05    0.71    2.33     19.08   13.32   13.18     22.18    9.04    8.28      7.65   49.20   49.34   128.08  134.16   110.08  135.36 
 148   17.87    6.23     39.37    1.93    2.33     18.62   13.72   13.18     22.18    9.04    8.28      7.68   48.91   49.34   128.79  134.01   110.70  135.45 
 149   17.87    6.16     46.59    0.84    2.32     19.67   12.47   13.18     22.18    9.04    8.29      7.77   48.68   49.33   128.63  134.15   110.45  135.63 
 150   17.87    6.38     44.66    1.05    2.31     19.40   12.71   13.18     22.18    9.04    8.29      7.98   47.18   49.32   128.22  134.38   109.88  135.52 
 151   18.13    6.22     44.25    1.10    2.30     21.44   10.12   13.16     22.14    9.08    8.30      7.90   48.19   49.31   128.50  134.01   110.15  135.17 
 152   18.13    6.10     42.08    1.41    2.30     19.92   12.00   13.15     22.14    9.08    8.30      7.85   48.26   49.30   128.94  134.08   110.82  135.50 
 153   18.13    6.22     41.31    1.54    2.29     20.64   11.01   13.14     22.14    9.08    8.31      7.68   48.77   49.30   128.81  134.12   110.51  135.28 
 154   18.13    6.08     39.97    1.80    2.29     20.29   11.53   13.12     22.14    9.08    8.31      7.80   48.37   49.30   128.59  134.05   110.09  135.38 
 155   18.13    6.15     43.17    1.25    2.28     20.59   11.05   13.11     22.14    9.08    8.32      7.65   48.62   49.29   128.38  134.32   110.01  135.50 
 156   24.08    6.55     39.03    2.00    2.28     21.24   10.13   13.09     22.24    8.99    8.32      7.85   47.61   49.28   128.85  133.96   110.24  135.06 
 157   24.08    6.31     42.35    1.37    2.27     19.87   12.05   13.09     22.24    8.99    8.33      7.45   49.89   49.28   128.31  134.60   109.87  135.71 
 158   24.08    6.17     46.44    0.86    2.26     20.39   11.19   13.07     22.24    8.99    8.33      7.61   48.75   49.28   128.36  134.41   110.02  135.34 
 159   24.08    6.32     40.18    1.77    2.26     20.77   10.66   13.06     22.24    8.99    8.33      7.55   49.06   49.28   128.83  134.68   110.55  135.61 
 160   24.08    6.00     39.97    1.80    2.26     18.58   13.62   13.06     22.24    8.99    8.34      7.55   49.08   49.28   128.46  134.90   110.28  135.31 
 161   22.06    6.37     39.43    1.92    2.26     19.08   12.94   13.06     22.19    9.04    8.34      7.56   49.26   49.28   128.47  135.20   110.07  135.44 
 162   22.06    6.16     40.77    1.65    2.25     18.41   13.71   13.06     22.19    9.04    8.35      7.51   48.52   49.27   128.40  135.06   110.04  135.29 
 163   22.06    6.29     43.49    1.20    2.25     19.10   12.66   13.06     22.19    9.04    8.35      7.58   48.41   49.27   128.77  134.96   110.29  135.30 
 164   22.06    5.81     43.45    1.21    2.24     18.65   13.14   13.06     22.19    9.04    8.36      7.55   47.79   49.26   128.59  135.08   110.06  135.70 
 165   22.06    6.23     41.72    1.49    2.23     19.66   11.86   13.06     22.19    9.04    8.36      7.61   48.22   49.25   128.73  135.24   110.26  135.83 
 166   21.10    6.47     51.28    0.49    2.22     20.13   10.96   13.04     22.03    9.20    8.36      7.55   47.39   49.24   128.90  135.20   110.30  135.85 
 167   21.10    6.26     43.58    1.19    2.22     20.69   10.25   13.03     22.03    9.20    8.37      7.57   47.29   49.23   128.85  135.47   110.29  135.88 
 168   21.10    6.35     44.81    1.04    2.21     18.62   12.94   13.03     22.03    9.20    8.37      7.43   47.71   49.22   129.00  135.70   110.47  136.26 
 169   21.10    6.26     39.21    1.97    2.21     18.16   13.56   13.03     22.03    9.20    8.38      7.55   46.43   49.20   129.22  135.45   110.82  135.87 
 170   21.10    6.47     42.35    1.38    2.20     19.15   12.01   13.02     22.03    9.20    8.38      7.33   47.36   49.19   128.97  135.53   110.47  135.89 
 171   18.53    6.34     44.86    1.04    2.20     20.42   10.40   13.01     22.13    9.09    8.39      7.34   47.88   49.19   129.43  135.22   110.67  135.62 
 172   18.53    6.36     46.27    0.88    2.19     18.23   13.09   13.01     22.13    9.09    8.39      7.27   46.75   49.17   129.63  135.76   110.91  135.74 
 173   18.53    6.45     47.84    0.74    2.18     19.65   11.33   13.00     22.13    9.09    8.40      7.30   46.83   49.16   129.14  135.39   110.80  135.77 
 174   18.53    6.23     43.26    1.24    2.18     18.61   12.46   13.00     22.13    9.09    8.40      7.17   46.94   49.14   129.23  135.11   111.05  135.51 
 175   18.53    6.41     40.62    1.69    2.17     18.48   12.63   12.99     22.13    9.09    8.40      7.14   47.34   49.13   129.55  134.93   111.32  135.39 
 176   22.39    6.22     42.24    1.39    2.17     19.95   10.66   12.98     22.00    9.20    8.41      7.03   47.71   49.13   129.69  135.04   111.56  135.44 
 177   22.39    6.10     41.53    1.52    2.17     19.80   10.76   12.97     22.00    9.20    8.41      7.15   46.71   49.11   129.62  134.72   111.57  135.06 
 178   22.39    6.21     39.10    2.00    2.16     18.38   12.61   12.97     22.00    9.20    8.42      7.11   47.51   49.10   130.08  134.98   112.02  135.37 
 179   22.39    6.11     41.36    1.55    2.16     18.64   12.26   12.96     22.00    9.20    8.42      7.02   47.06   49.09   129.64  134.87   111.65  134.86 
 180   22.39    6.19     42.72    1.32    2.16     18.77   12.11   12.96     22.00    9.20    8.43      7.11   47.46   49.08   129.91  134.98   111.69  135.01 
 181   14.75    6.48     42.00    1.44    2.15     19.23   11.34   12.95     21.83    9.36    8.43      6.89   47.78   49.08   130.24  135.16   111.71  135.13 
 182   14.75    6.32     41.87    1.46    2.15     19.24   11.30   12.94     21.83    9.36    8.44      7.06   46.80   49.06   130.64  134.87   112.18  135.21 
 183   14.75    6.29     43.57    1.20    2.14     18.98   11.62   12.93     21.83    9.36    8.44      6.86   47.94   49.06   130.63  134.99   112.25  135.19 
 184   14.75    6.16     39.48    1.92    2.14     19.14   11.47   12.92     21.83    9.36    8.45      7.00   47.53   49.05   130.48  135.21   112.18  135.67 
 185   14.75    6.44     42.65    1.34    2.14     19.29   11.30   12.91     21.83    9.36    8.45      7.09   47.20   49.04   130.55  135.43   111.96  135.84 
 186   19.26    6.15     38.59    2.13    2.14     19.81   10.62   12.90     21.92    9.24    8.46      6.97   47.86   49.03   130.77  135.95   112.57  135.92 
 187   19.26    5.75     46.24    0.89    2.13     17.85   13.39   12.91     21.92    9.24    8.46      7.02   47.24   49.02   130.36  135.94   111.56  136.36 
 188   19.26    6.14     40.83    1.65    2.13     18.71   12.14   12.90     21.92    9.24    8.46      7.12   47.49   49.02   130.61  136.19   111.71  136.57 
 189   19.26    5.59     37.47    2.45    2.13     17.96   13.09   12.90     21.92    9.24    8.47      7.14   46.71   49.00   131.52  136.08   112.42  136.47 
 190   19.26    6.15     40.93    1.64    2.13     18.88   11.75   12.90     21.92    9.24    8.47      7.07   46.88   48.99   131.36  136.53   112.73  136.74 
 191   25.23    5.35     40.27    1.77    2.13     19.68   10.71   12.88     21.88    9.26    8.48      7.08   46.96   48.98   131.56  136.62   113.22  136.74 
 192   25.23    6.15     46.14    0.90    2.12     18.37   12.49   12.88     21.88    9.26    8.48      7.01   47.10   48.97   130.91  136.63   112.58  136.87 
 193   25.23    6.08     43.08    1.28    2.12     18.97   11.75   12.88     21.88    9.26    8.48      6.97   48.04   48.97   131.89  136.67   113.49  136.72 
 194   25.23    6.04     42.66    1.35    2.11     18.40   12.49   12.87     21.88    9.26    8.49      6.97   47.50   48.96   131.83  136.00   113.31  136.32 
 195   25.23    6.10     39.60    1.92    2.11     17.78   13.51   12.88     21.88    9.26    8.49      6.91   48.03   48.95   131.67  136.49   113.11  136.68 
 196   27.17    6.28     39.25    1.99    2.11     20.81    9.54   12.86     21.85    9.27    8.50      7.15   47.14   48.95   132.16  136.16   113.67  136.17 
 197   27.17    6.22     43.79    1.18    2.10     18.87   12.01   12.86     21.85    9.27    8.50      6.95   48.14   48.94   131.53  135.95   112.99  136.13 
 198   27.17    6.24     36.51    2.73    2.11     17.45   14.26   12.86     21.85    9.27    8.50      6.98   48.60   48.94   132.81  135.03   114.18  135.43 
 199   27.17    6.13     38.81    2.09    2.11     18.09   13.29   12.87     21.85    9.27    8.51      7.02   48.02   48.93   132.95  135.12   114.17  135.61 
 200   27.17    6.25     38.70    2.12    2.11     19.12   11.71   12.86     21.85    9.27    8.51      6.98   47.98   48.93   132.52  135.17   113.67  135.66 
 201   27.08    6.17     39.43    1.94    2.11     20.90    9.54   12.84     21.71    9.40    8.52      7.09   47.49   48.92   132.83  134.75   114.15  135.17 
 202   27.08    5.60     40.31    1.75    2.11     18.60   12.57   12.84     21.71    9.40    8.52      7.06   47.73   48.92   132.26  135.03   113.93  135.57 
 203   27.08    5.80     39.29    1.98    2.10     18.66   12.33   12.84     21.71    9.40    8.53      7.09   47.51   48.91   133.46  134.87   114.40  135.10 
 204   27.08    5.94     39.01    2.04    2.10     18.89   12.03   12.84     21.71    9.40    8.53      6.96   47.94   48.91   132.84  134.59   114.35  134.95 
 205   27.08    6.11     41.27    1.58    2.10     18.21   13.18   12.84     21.71    9.40    8.53      7.08   48.24   48.90   132.86  134.69   114.56  135.27 
 206   27.02    6.15     41.45    1.55    2.10     18.78   12.26   12.83     21.84    9.25    8.54      7.14   47.76   48.90   132.68  134.55   114.28  135.15 
 207   27.02    5.83     39.17    2.02    2.10     17.71   14.06   12.84     21.84    9.25    8.54      7.16   47.88   48.89   134.07  134.50   115.47  134.65 
 208   27.02    5.95     42.26    1.41    2.10     18.85   12.40   12.84     21.84    9.25    8.54      7.14   47.70   48.89   133.51  134.77   114.99  134.77 
 209   27.02    6.17     40.04    1.82    2.09     16.38   16.35   12.86     21.84    9.25    8.55      7.13   47.68   48.88   133.72  135.22   115.15  135.32 
 210   27.02    5.95     42.76    1.34    2.09     17.09   15.02   12.87     21.84    9.25    8.55      7.08   47.88   48.88   134.59  135.07   116.21  135.33 
 211   23.00    6.36     44.38    1.11    2.09     18.97   12.15   12.86     21.53    9.57    8.56      6.99   48.36   48.87   134.05  134.80   115.68  134.88 
 212   23.00    5.98     42.64    1.36    2.08     18.74   12.39   12.86     21.53    9.57    8.56      7.17   47.27   48.87   134.39  135.38   115.97  135.52 
 213   23.00    6.23     42.13    1.45    2.08     18.51   12.69   12.86     21.53    9.57    8.57      7.19   46.86   48.86   134.46  134.96   115.90  135.14 
 214   23.00    6.43     46.78    0.85    2.07     17.24   14.84   12.87     21.53    9.57    8.57      7.16   47.68   48.85   134.38  135.40   115.77  135.69 
 215   23.00    5.55     48.19    0.72    2.07     16.95   15.47   12.88     21.53    9.57    8.57      7.27   47.63   48.84   134.37  135.42   116.25  135.96 
 216   29.30    6.16     45.00    1.04    2.06     19.47   11.81   12.88     21.69    9.38    8.58      7.57   46.97   48.84   134.92  135.45   116.65  135.98 
 217   29.30    6.20     47.03    0.82    2.06     18.71   13.06   12.88     21.69    9.38    8.58      7.30   48.80   48.84   134.95  135.92   116.50  136.49 
 218   29.30    6.13     42.41    1.41    2.05     17.78   14.41   12.88     21.69    9.38    8.59      7.49   47.43   48.83   135.49  135.46   117.13  136.22 
 219   29.30    6.20     44.46    1.11    2.05     18.64   13.17   12.88     21.69    9.38    8.59      7.49   48.18   48.83   135.37  136.52   117.03  136.91 
 220   29.30    6.03     47.45    0.79    2.04     17.49   14.94   12.89     21.69    9.38    8.59      7.57   47.35   48.82   135.41  136.51   116.78  136.99 
 221   32.29    6.21     42.80    1.35    2.04     19.67   11.53   12.89     21.67    9.41    8.60      7.46   47.45   48.81   135.58  136.45   116.80  137.00 
 222   32.29    6.08     43.96    1.18    2.04     18.59   13.16   12.89     21.67    9.41    8.60      7.28   48.68   48.81   136.25  136.43   117.57  137.06 
 223   32.29    6.07     45.27    1.02    2.03     17.86   14.24   12.89     21.67    9.41    8.60      7.35   47.60   48.81   136.24  136.34   117.33  136.49 
 224   32.29    6.07     42.90    1.33    2.03     16.21   17.18   12.91     21.67    9.41    8.61      7.37   47.64   48.80   136.57  136.68   117.82  136.87 
 225   32.29    5.96     40.81    1.70    2.03     16.37   16.87   12.93     21.67    9.41    8.61      7.49   46.81   48.79   137.34  136.32   118.82  136.48 
 226   27.62    6.32     41.91    1.50    2.03     19.76   11.35   12.92     21.39    9.70    8.62      7.39   47.17   48.79   136.92  135.94   118.35  136.15 
 227   27.62    6.21     42.87    1.34    2.02     19.03   12.33   12.92     21.39    9.70    8.62      7.18   48.34   48.78   137.54  135.70   118.84  136.22 
 228   27.62    6.26     42.88    1.34    2.02     16.74   16.02   12.94     21.39    9.70    8.63      7.25   47.66   48.78   137.80  134.95   119.15  135.46 
 229   27.62    6.21     48.06    0.74    2.01     16.35   17.01   12.95     21.39    9.70    8.63      7.09   49.10   48.78   137.76  135.63   119.94  135.73 
 230   27.62    6.24     38.67    2.19    2.01     16.15   17.23   12.97     21.39    9.70    8.63      7.14   48.41   48.78   137.97  135.16   120.04  135.35 
 231   29.96    6.06     40.99    1.67    2.01     17.72   14.70   12.98     21.39    9.70    8.64      7.18   49.16   48.78   138.36  134.81   120.36  135.11 
 232   29.96    6.29     40.79    1.70    2.01     15.44   19.41   13.01     21.39    9.70    8.64      7.21   49.59   48.78   138.66  134.69   120.88  135.14 
 233   29.96    5.49     43.70    1.22    2.01     15.17   20.16   13.04     21.39    9.70    8.65      7.41   48.27   48.78   138.50  134.07   120.71  134.76 
 234   29.96    6.43     39.86    1.90    2.01     14.31   21.66   13.07     21.39    9.70    8.65      7.16   49.12   48.78   138.95  134.10   121.06  135.01 
 235   29.96    6.20     43.53    1.25    2.00     13.99   22.81   13.12     21.39    9.70    8.66      7.17   49.48   48.79   139.46  134.41   121.84  134.92 
 236   35.24    6.45     35.12    3.30    2.01     17.49   14.73   13.12     21.34    9.75    8.66      7.10   48.42   48.78   139.31  134.71   121.40  135.38 
 237   35.24    6.20     37.55    2.50    2.01     15.97   17.71   13.14     21.34    9.75    8.67      6.86   50.35   48.79   139.53  134.90   121.53  135.32 
 238   35.24    5.63     41.32    1.62    2.01     15.62   18.76   13.17     21.34    9.75    8.67      7.06   49.88   48.80   139.80  134.77   121.79  135.47 
 239   35.24    5.78     38.43    2.27    2.01     14.36   21.88   13.20     21.34    9.75    8.68      6.96   51.19   48.81   140.22  134.42   122.34  135.23 
 240   35.24    5.83     38.22    2.34    2.01     15.29   19.06   13.23     21.34    9.75    8.68      6.86   50.98   48.81   141.01  135.00   123.03  136.09 
 241   25.47    6.30     39.89    1.92    2.01     17.85   14.21   13.23     21.13   10.00    8.69      7.09   49.60   48.82   141.22  134.87   123.22  135.87 
 242   25.47    6.46     41.49    1.61    2.01     16.48   16.26   13.24     21.13   10.00    8.69      6.85   49.96   48.82   141.39  135.11   123.44  135.87 
 243   25.47    5.77     41.05    1.70    2.01     15.89   17.40   13.26     21.13   10.00    8.70      7.23   48.30   48.82   141.85  135.32   123.77  135.96 
 244   25.47    5.22     37.63    2.52    2.01     14.78   19.44   13.29     21.13   10.00    8.70      7.00   49.53   48.82   142.94  135.17   124.96  135.96 
 245   25.47    5.23     43.90    1.23    2.01     14.62   19.71   13.31     21.13   10.00    8.71      6.93   49.48   48.83   143.67  135.62   125.73  136.50 
 246   26.70    5.77     38.25    2.35    2.01     16.95   15.04   13.32     20.91   10.24    8.71      7.02   48.18   48.82   143.57  135.18   125.27  136.08 
 247   26.70    6.18     42.21    1.49    2.01     15.69   17.54   13.34     20.91   10.24    8.72      6.96   48.63   48.82   143.42  134.67   124.97  135.47 
 248   26.70    5.66     39.61    2.01    2.01     15.26   18.31   13.36     20.91   10.24    8.73      7.01   48.37   48.82   143.48  134.79   125.00  135.70 
 249   26.70    5.38     38.73    2.23    2.01     14.78   19.16   13.38     20.91   10.24    8.73      6.88   49.37   48.82   144.47  134.70   126.03  135.91 
 250   26.70    5.71     39.92    1.94    2.01     13.78   21.82   13.41     20.91   10.24    8.74      6.79   50.30   48.83   145.47  134.61   126.74  135.54 
 251   29.35    5.98     36.15    3.00    2.01     18.93   12.05   13.41     20.79   10.36    8.74      6.91   49.37   48.83   145.65  134.48   127.00  135.50 
 252   29.35    5.42     41.03    1.71    2.01     16.65   15.47   13.42     20.79   10.36    8.75      6.83   49.25   48.83   145.67  134.31   127.15  135.46 
 253   29.35    6.28     37.08    2.70    2.01     14.74   19.09   13.44     20.79   10.36    8.76      6.75   49.18   48.83   145.90  133.94   127.52  135.26 
 254   29.35    5.66     38.57    2.28    2.02     14.73   18.99   13.46     20.79   10.36    8.76      6.67   49.39   48.84   146.50  134.08   128.14  135.23 
 255   29.35    6.16     42.17    1.50    2.01     13.46   21.50   13.49     20.79   10.36    8.77      6.63   48.64   48.84   147.41  133.46   129.09  134.81 
 256   32.06    5.82     44.03    1.22    2.01     15.74   16.63   13.50     20.80   10.34    8.78      6.84   47.95   48.83   147.75  133.50   129.59  134.99 
 257   32.06    5.60     35.41    3.30    2.02     14.59   18.83   13.52     20.80   10.34    8.78      6.76   47.13   48.83   148.06  133.93   130.15  135.21 
 258   32.06    5.23     38.18    2.40    2.02     13.85   20.53   13.55     20.80   10.34    8.79      6.58   48.17   48.82   149.28  133.14   131.12  134.50 
 259   32.06    5.95     41.58    1.62    2.01     13.32   21.71   13.58     20.80   10.34    8.79      6.50   48.58   48.82   149.91  133.57   131.83  135.22 
 260   32.06    6.06     41.93    1.56    2.01     13.02   22.33   13.62     20.80   10.34    8.80      6.40   48.71   48.82   150.16  133.50   132.18  134.95 
 261   35.28    6.15     39.27    2.13    2.01     17.30   13.45   13.62     20.71   10.43    8.81      6.37   48.26   48.82   150.78  133.26   132.43  134.81 
 262   35.28    5.83     40.04    1.96    2.01     15.94   15.64   13.62     20.71   10.43    8.81      6.36   47.67   48.82   151.20  133.47   133.21  134.81 
 263   35.28    5.98     39.57    2.07    2.01     14.47   18.25   13.64     20.71   10.43    8.82      6.04   49.07   48.82   151.78  133.21   133.79  134.64 
 264   35.28    6.28     42.09    1.55    2.01     13.80   19.59   13.66     20.71   10.43    8.82      6.21   47.70   48.81   152.80  133.62   134.96  134.91 
 265   35.28    5.61     43.15    1.38    2.01     13.13   21.38   13.69     20.71   10.43    8.83      6.05   48.67   48.81   153.10  133.71   135.73  134.82 
 266   42.00    6.68     40.81    1.80    2.01     16.14   15.01   13.70     20.40   10.78    8.84      6.15   47.83   48.81   153.46  133.62   136.26  134.70 
 267   42.00    5.47     39.84    2.02    2.01     14.11   19.31   13.72     20.40   10.78    8.85      6.04   48.72   48.81   154.58  134.14   137.55  135.20 
 268   42.00    5.86     38.73    2.31    2.01     14.83   17.42   13.73     20.40   10.78    8.85      6.10   47.70   48.80   154.44  133.64   137.50  134.73 
 269   42.00    5.88     40.63    1.85    2.01     14.26   18.88   13.75     20.40   10.78    8.86      5.98   49.55   48.81   155.64  133.66   138.29  135.23 
 270   42.00    6.52     43.20    1.38    2.01     13.61   20.03   13.78     20.40   10.78    8.87      5.95   48.40   48.80   155.85  134.12   138.39  135.57 
 271   37.58    5.67     40.22    1.95    2.01     15.76   15.91   13.78     20.48   10.65    8.87      5.95   48.76   48.80   156.36  133.91   139.12  135.45 
 272   37.58    5.78     41.47    1.69    2.01     14.36   18.48   13.80     20.48   10.65    8.88      6.03   47.73   48.80   156.85  133.76   139.24  135.51 
 273   37.58    5.85     41.14    1.76    2.00     12.94   22.38   13.83     20.48   10.65    8.89      6.13   48.14   48.80   157.34  133.39   139.88  134.92 
 274   37.58    5.83     40.62    1.87    2.00     12.96   22.52   13.86     20.48   10.65    8.89      6.17   48.48   48.80   158.62  132.99   141.23  134.58 
 275   37.58    5.82     42.62    1.49    2.00     12.63   24.75   13.90     20.48   10.65    8.90      6.20   51.02   48.81   159.05  132.12   141.82  133.61 
 276   40.68    6.26     40.76    1.84    2.00     17.14   14.71   13.91     20.40   10.73    8.91      6.44   49.87   48.81   159.25  131.40   142.16  132.81 
 277   40.68    6.27     42.29    1.55    2.00     16.30   16.75   13.92     20.40   10.73    8.91      6.44   50.95   48.82   159.77  131.33   142.91  132.47 
 278   40.68    5.50     40.49    1.90    2.00     16.22   16.59   13.93     20.40   10.73    8.92      6.45   50.36   48.82   160.28  130.95   143.02  132.21 
 279   40.68    6.22     43.96    1.28    2.00     15.32   19.09   13.94     20.40   10.73    8.93      6.50   51.49   48.83   161.59  129.92   144.42  131.34 
 280   40.68    5.60     37.84    2.59    2.00     15.05   19.38   13.96     20.40   10.73    8.93      6.70   49.64   48.83   161.24  129.68   144.31  131.22 
 281   44.61    6.09     38.90    2.29    2.00     16.11   17.49   13.98     20.29   10.86    8.94      6.65   50.64   48.84   162.26  129.84   145.01  130.83 
 282   44.61    5.80     39.06    2.24    2.00     15.45   18.61   13.99     20.29   10.86    8.95      6.80   49.27   48.84   162.12  129.47   144.68  130.39 
 283   44.61    5.18     39.94    2.03    2.00     14.94   19.80   14.01     20.29   10.86    8.95      6.70   50.07   48.85   163.76  129.58   146.20  130.40 
 284   44.61    5.40     39.54    2.14    2.00     15.38   19.07   14.03     20.29   10.86    8.96      6.84   49.53   48.85   163.41  129.54   145.95  130.46 
 285   44.61    5.33     41.88    1.64    2.00     15.80   17.90   14.05     20.29   10.86    8.97      6.75   49.94   48.85   164.55  129.64   147.02  130.89 
 286   50.94    6.60     39.40    2.18    2.00     18.92   12.34   14.04     20.13   11.06    8.97      6.91   48.71   48.85   164.98  130.08   147.53  131.28 
 287   50.94    5.44     38.91    2.31    2.00     18.17   13.62   14.04     20.13   11.06    8.98      6.85   49.49   48.85   165.37  130.61   148.04  131.62 
 288   50.94    6.10     40.39    1.96    2.00     18.08   13.94   14.04     20.13   11.06    8.99      6.86   49.88   48.86   165.52  130.71   148.35  131.91 
 289   50.94    6.21     43.52    1.37    2.00     17.20   15.47   14.04     20.13   11.06    8.99      6.87   50.07   48.86   166.16  130.64   149.00  131.65 
 290   50.94    6.09     40.30    1.98    2.00     17.00   15.65   14.05     20.13   11.06    9.00      6.90   49.52   48.86   166.07  131.21   148.69  132.29 
 291   26.24    5.88     41.82    1.68    2.00     16.78   16.62   14.06     19.77   11.53    9.01      6.80   51.35   48.87   166.58  131.02   149.22  132.35 
 292   26.24    5.89     38.13    2.56    2.00     16.85   16.19   14.06     19.77   11.53    9.02      6.97   49.54   48.88   167.27  131.43   149.82  132.55 
 293   26.24    6.09     39.20    2.26    2.00     16.73   16.54   14.07     19.77   11.53    9.03      6.65   51.84   48.89   167.55  131.16   150.06  131.95 
 294   26.24    5.97     40.13    2.04    2.00     16.63   16.26   14.08     19.77   11.53    9.04      6.69   50.50   48.89   167.74  130.99   150.51  131.89 
 295   26.24    6.18     44.46    1.24    2.00     15.05   19.31   14.10     19.77   11.53    9.04      6.54   51.84   48.90   169.53  130.45   152.32  131.32 
 296   38.10    5.98     41.01    1.84    2.00     18.26   13.23   14.09     19.82   11.45    9.05      6.75   50.02   48.91   168.74  130.38   151.81  131.48 
 297   38.10    6.16     44.25    1.27    2.00     18.68   12.74   14.09     19.82   11.45    9.06      6.72   50.94   48.91   169.18  130.14   151.89  131.11 
 298   38.10    6.23     41.11    1.83    2.00     18.01   13.69   14.09     19.82   11.45    9.07      6.75   50.49   48.92   169.73  129.91   152.30  130.92 
 299   38.10    6.09     40.93    1.87    2.00     17.59   14.35   14.09     19.82   11.45    9.08      6.69   50.63   48.92   169.78  129.72   152.48  131.06 
 300   38.10    6.10     41.93    1.67    1.99     17.21   15.12   14.09     19.82   11.45    9.08      6.82   50.22   48.93   170.49  129.78   153.03  130.70 
 301   48.56    6.18     42.06    1.65    1.99     17.86   14.28   14.09     19.99   11.23    9.09      6.86   50.47   48.93   170.73  129.79   153.54  130.93 
 302   48.56    6.00     41.58    1.74    1.99     16.56   16.51   14.10     19.99   11.23    9.10      6.71   51.29   48.94   171.22  129.76   153.96  131.23 
 303   48.56    6.03     39.37    2.24    1.99     17.17   15.43   14.11     19.99   11.23    9.11      6.81   50.90   48.95   171.05  130.20   154.07  131.33 
 304   48.56    6.03     43.73    1.36    1.99     17.55   14.66   14.11     19.99   11.23    9.11      6.85   50.53   48.95   171.37  129.78   154.30  130.52 
 305   48.56    5.43     42.17    1.63    1.99     18.00   13.77   14.11     19.99   11.23    9.12      6.77   51.02   48.96   171.79  130.31   154.80  131.32 
 306   46.95    5.75     41.42    1.78    1.99     18.47   13.08   14.10     19.98   11.24    9.13      6.65   51.61   48.97   171.74  130.17   154.55  131.29 
 307   46.95    5.39     40.55    1.97    1.99     18.04   13.84   14.10     19.98   11.24    9.13      6.96   50.61   48.97   171.92  130.51   154.79  131.61 
 308   46.95    5.16     40.47    1.99    1.99     17.83   14.21   14.10     19.98   11.24    9.14      6.84   51.55   48.98   171.95  131.16   154.73  132.36 
 309   46.95    5.21     39.93    2.12    1.99     17.99   14.20   14.10     19.98   11.24    9.15      7.07   51.12   48.99   172.18  131.62   154.94  132.72 
 310   46.95    5.22     39.56    2.23    1.99     17.19   15.73   14.11     19.98   11.24    9.15      6.91   52.90   49.00   171.84  132.84   154.82  133.93 
 311   40.34    5.74     40.30    2.05    1.99     18.01   14.11   14.11     20.05   11.16    9.16      7.03   51.57   49.01   172.30  133.28   154.91  134.48 
 312   40.34    5.77     40.14    2.09    1.99     17.48   15.11   14.11     20.05   11.16    9.17      7.06   52.22   49.02   172.44  134.15   155.01  135.58 
 313   40.34    5.55     38.59    2.51    1.99     16.72   16.54   14.12     20.05   11.16    9.17      6.99   52.54   49.03   172.13  134.76   154.69  136.16 
 314   40.34    5.51     36.83    3.07    2.00     16.97   16.40   14.13     20.05   11.16    9.18      7.10   52.80   49.04   171.69  135.84   154.75  137.10 
 315   40.34    5.80     37.79    2.76    2.00     16.77   16.99   14.14     20.05   11.16    9.19      6.94   53.91   49.06   171.55  136.35   154.70  137.44 
 316   42.10    5.89     37.49    2.85    2.00     17.71   14.96   14.14     19.90   11.35    9.19      7.05   52.45   49.07   171.84  136.52   154.83  137.53 
 317   42.10    6.09     37.32    2.91    2.00     16.83   16.71   14.15     19.90   11.35    9.20      7.01   53.15   49.08   171.53  137.43   154.25  138.28 
 318   42.10    5.23     37.93    2.71    2.01     16.53   17.15   14.16     19.90   11.35    9.21      7.18   51.53   49.09   171.43  137.10   154.34  138.09 
 319   42.10    6.22     37.57    2.83    2.01     16.30   17.71   14.17     19.90   11.35    9.21      7.16   52.02   49.10   170.66  137.22   153.65  138.16 
 320   42.10    5.95     36.53    3.18    2.01     15.28   20.16   14.19     19.90   11.35    9.22      7.05   53.04   49.11   170.63  136.88   153.83  137.81 
 321   38.78    6.09     39.09    2.37    2.01     17.21   16.02   14.19     19.87   11.39    9.23      7.05   52.31   49.12   170.35  135.68   153.60  136.52 
 322   38.78    6.00     40.02    2.12    2.01     16.09   18.20   14.20     19.87   11.39    9.23      7.05   52.65   49.13   170.66  135.07   153.73  135.89 
 323   38.78    6.13     37.82    2.73    2.02     16.94   16.63   14.21     19.87   11.39    9.24      6.98   53.39   49.14   169.70  134.16   152.51  134.75 
 324   38.78    5.49     36.62    3.11    2.02     15.24   19.84   14.23     19.87   11.39    9.25      7.08   52.14   49.15   168.87  134.02   151.59  134.51 
 325   38.78    5.31     38.09    2.63    2.02     16.42   17.49   14.24     19.87   11.39    9.25      6.97   53.07   49.17   169.19  132.66   151.74  133.19 
 326   27.39    5.92     36.64    3.09    2.02     17.31   15.71   14.24     19.62   11.74    9.26      7.09   52.61   49.18   168.33  132.35   151.36  132.85 
 327   27.39    6.26     36.79    3.01    2.03     16.78   17.10   14.25     19.62   11.74    9.27      7.19   52.53   49.19   167.77  131.67   150.58  132.04 
 328   27.39    5.94     36.54    3.10    2.03     17.06   16.28   14.26     19.62   11.74    9.28      7.28   51.73   49.19   167.19  131.44   149.95  131.86 
 329   27.39    6.00     38.35    2.50    2.03     16.19   18.48   14.27     19.62   11.74    9.28      7.13   53.80   49.21   167.02  131.22   149.85  131.69 
 330   27.39    6.11     38.48    2.46    2.03     16.68   17.16   14.28     19.62   11.74    9.29      7.17   52.84   49.22   166.52  131.10   149.39  131.29 
 331   44.90    5.99     39.61    2.15    2.03     17.43   16.27   14.29     19.73   11.60    9.30      7.07   55.20   49.24   165.90  130.86   148.77  131.62 
 332   44.90    5.24     39.67    2.14    2.03     17.63   15.54   14.29     19.73   11.60    9.30      7.23   53.37   49.25   165.13  131.36   147.91  132.20 
 333   44.90    5.85     38.29    2.50    2.04     17.27   16.48   14.30     19.73   11.60    9.31      7.33   52.84   49.26   164.37  131.21   147.26  131.83 
 334   44.90    5.24     37.82    2.63    2.04     16.58   17.50   14.31     19.73   11.60    9.32      7.23   52.99   49.27   164.12  131.83   146.99  132.18 
 335   44.90    5.24     36.89    2.92    2.04     16.89   17.35   14.31     19.73   11.60    9.33      7.36   52.92   49.28   163.18  131.82   146.10  132.37 
 336   26.75    5.66     38.30    2.48    2.04     17.50   16.08   14.32     19.51   11.90    9.33      7.38   52.90   49.29   162.44  133.10   145.54  133.75 
 337   26.75    5.19     39.15    2.26    2.04     17.97   15.44   14.32     19.51   11.90    9.34      7.54   52.71   49.30   162.01  133.59   144.50  134.25 
 338   26.75    5.47     40.24    1.99    2.04     17.12   17.11   14.33     19.51   11.90    9.35      7.51   52.98   49.31   161.43  134.67   144.19  135.30 
 339   26.75    5.15     40.14    2.01    2.04     16.87   17.79   14.34     19.51   11.90    9.36      7.51   53.43   49.33   159.78  135.42   142.15  135.90 
 340   26.75    5.75     39.36    2.20    2.04     16.57   18.09   14.35     19.51   11.90    9.36      7.63   52.19   49.34   159.20  135.65   141.28  136.14 
 341   53.69    5.25     37.65    2.67    2.04     17.30   17.27   14.36     19.43   12.03    9.37      7.62   53.19   49.35   158.65  136.20   140.64  136.61 
 342   53.69    5.83     38.37    2.45    2.05     16.88   17.82   14.37     19.43   12.03    9.38      7.54   53.47   49.36   157.35  136.51   139.32  137.05 
 343   53.69    6.11     37.15    2.82    2.05     16.23   19.44   14.39     19.43   12.03    9.39      7.64   53.23   49.37   156.66  136.59   138.62  136.77 
 344   53.69    5.86     37.30    2.77    2.05     15.57   20.63   14.40     19.43   12.03    9.39      7.66   52.92   49.38   156.59  137.06   138.54  137.43 
 345   53.69    6.10     35.74    3.31    2.05     15.67   21.15   14.42     19.43   12.03    9.40      7.66   53.50   49.39   154.79  137.79   136.84  138.62 
 346   48.53    6.17     36.49    3.02    2.06     17.92   15.95   14.43     19.49   11.97    9.41      7.89   51.22   49.40   154.05  138.12   136.27  138.97 
 347   48.53    6.12     34.78    3.67    2.06     16.17   20.22   14.45     19.49   11.97    9.42      7.75   53.43   49.41   152.62  138.76   134.90  139.91 
 348   48.53    5.60     34.82    3.66    2.07     16.78   18.34   14.46     19.49   11.97    9.42      8.00   51.03   49.41   152.08  138.75   134.08  139.85 
 349   48.53    6.19     34.74    3.67    2.07     16.20   20.02   14.47     19.49   11.97    9.43      7.87   52.64   49.42   150.89  138.78   132.55  140.00 
 350   48.53    6.03     37.99    2.51    2.07     15.24   22.27   14.49     19.49   11.97    9.44      7.86   52.80   49.43   149.89  139.42   131.56  140.71 
 351   51.14    5.11     37.80    2.56    2.07     18.19   16.07   14.50     19.62   11.81    9.45      8.00   52.48   49.44   148.67  139.35   130.42  140.67 
 352   51.14    5.15     36.06    3.13    2.08     16.79   18.83   14.51     19.62   11.81    9.45      8.02   52.12   49.45   147.66  140.14   129.61  141.29 
 353   51.14    5.18     34.21    3.87    2.08     16.21   20.36   14.53     19.62   11.81    9.46      7.92   52.95   49.46   146.39  139.97   128.52  141.15 
 354   51.14    6.28     34.00    3.95    2.09     15.48   22.22   14.55     19.62   11.81    9.47      8.02   52.75   49.47   145.19  140.58   127.44  141.46 
 355   51.14    5.17     34.42    3.76    2.09     15.33   22.91   14.57     19.62   11.81    9.47      8.03   53.37   49.48   144.53  140.88   126.71  141.66 
 356   42.18    5.22     32.71    4.57    2.10     18.34   16.14   14.58     19.58   11.89    9.48      7.94   53.78   49.49   142.92  140.87   124.90  141.92 
 357   42.18    5.30     33.56    4.13    2.10     18.26   16.51   14.58     19.58   11.89    9.49      8.02   54.27   49.50   142.28  140.90   124.32  141.98 
 358   42.18    5.23     36.27    2.99    2.11     18.23   16.26   14.59     19.58   11.89    9.49      8.06   52.90   49.51   141.46  141.04   123.20  141.98 
 359   42.18    6.25     35.01    3.46    2.11     18.31   16.39   14.59     19.58   11.89    9.50      8.19   52.76   49.52   140.09  140.65   122.08  141.98 
 360   42.18    5.48     33.48    4.14    2.11     16.96   19.15   14.61     19.58   11.89    9.51      8.11   53.42   49.53   139.17  140.30   121.33  141.77 
 361   64.02    6.53     32.13    4.79    2.12     18.66   16.11   14.61     19.58   11.93    9.51      8.30   53.18   49.54   137.60  140.17   119.58  141.54 
 362   64.02    6.17     31.04    5.41    2.13     18.22   16.96   14.62     19.58   11.93    9.52      8.32   53.13   49.55   136.52  140.11   118.35  141.53 
 363   64.02    6.41     30.60    5.65    2.14     17.55   18.65   14.63     19.58   11.93    9.53      8.31   54.03   49.57   135.44  140.06   117.14  141.36 
 364   64.02    5.42     31.67    4.97    2.15     17.95   17.67   14.64     19.58   11.93    9.53      8.36   53.25   49.58   134.40  139.66   116.03  140.88 
 365   64.02    5.52     32.18    4.66    2.16     16.50   21.28   14.65     19.58   11.93    9.54      8.27   54.43   49.59   132.86  139.84   114.22  140.81 
 366   54.85    6.25     35.28    3.23    2.16     18.58   16.55   14.66     19.54   12.03    9.55      8.40   53.26   49.60   132.29  139.13   113.95  140.57 
 367   54.85    6.05     34.01    3.73    2.16     17.95   17.95   14.67     19.54   12.03    9.55      8.36   53.83   49.61   130.83  139.49   112.54  140.73 
 368   54.85    5.81     32.29    4.54    2.17     19.04   15.89   14.67     19.54   12.03    9.56      8.37   54.07   49.62   129.26  139.21   110.59  140.49 
 369   54.85    5.47     32.42    4.44    2.18     18.42   16.93   14.68     19.54   12.03    9.57      8.38   53.98   49.64   128.31  139.04   109.45  140.72 
 370   54.85    6.08     32.70    4.27    2.18     17.85   18.27   14.69     19.54   12.03    9.57      8.42   53.73   49.65   126.96  139.10   108.09  140.40 
 371   55.57    5.40     35.30    3.15    2.18     19.01   16.05   14.69     19.51   12.12    9.58      8.48   53.62   49.66   126.01  139.35   107.33  140.46 
 372   55.57    5.45     33.38    3.93    2.19     19.23   15.55   14.69     19.51   12.12    9.59      8.46   53.45   49.67   124.77  139.47   106.10  140.41 
 373   55.57    6.07     32.69    4.25    2.19     18.15   17.89   14.70     19.51   12.12    9.59      8.57   53.02   49.68   123.42  139.88   105.00  140.97 
 374   55.57    5.39     33.60    3.80    2.20     18.24   17.54   14.71     19.51   12.12    9.60      8.62   52.54   49.68   122.54  140.26   103.81  140.74 
 375   55.57    6.20     32.22    4.42    2.20     17.81   18.55   14.72     19.51   12.12    9.61      8.60   52.68   49.69   120.49  140.39   101.90  140.75 
 376   50.12    5.69     32.97    4.04    2.21     18.71   16.55   14.72     19.51   12.17    9.61      8.47   53.59   49.70   119.38  140.14   100.48  140.49 
 377   50.12    6.35     32.24    4.39    2.22     18.72   16.67   14.73     19.51   12.17    9.62      8.57   52.94   49.71   118.03  140.31    99.10  140.89 
 378   50.12    5.90     37.16    2.48    2.22     17.92   18.12   14.74     19.51   12.17    9.63      8.59   52.35   49.72   117.22  140.67    98.45  141.49 
 379   50.12    6.26     35.11    3.12    2.22     17.22   19.87   14.75     19.51   12.17    9.63      8.52   53.14   49.73   114.79  140.60    96.06  141.38 
 380   50.12    5.65     32.66    4.13    2.22     17.62   19.16   14.76     19.51   12.17    9.64      8.51   53.45   49.74   113.61  140.27    94.72  141.17 
 381   47.20    6.03     33.56    3.70    2.23     18.87   16.61   14.77     19.58   12.10    9.65      8.80   52.12   49.74   112.59  140.73    93.85  141.82 
 382   47.20    6.01     31.81    4.51    2.23     16.79   21.40   14.79     19.58   12.10    9.65      8.63   53.27   49.75   111.01  140.45    92.28  141.09 
 383   47.20    5.39     33.41    3.74    2.24     16.34   22.72   14.81     19.58   12.10    9.66      8.76   52.98   49.76   109.54  140.15    90.81  141.39 
 384   47.20    5.93     33.82    3.57    2.24     16.88   21.06   14.82     19.58   12.10    9.67      8.62   53.48   49.77   109.14  140.49    90.10  141.77 
 385   47.20    6.17     32.75    4.03    2.25     15.99   23.25   14.84     19.58   12.10    9.67      8.57   53.38   49.78   107.99  140.83    88.89  141.99 
 386   59.93    6.05     31.93    4.41    2.25     17.93   18.41   14.85     19.37   12.46    9.68      8.56   52.75   49.79   106.96  141.13    87.87  142.12 
 387   59.93    5.74     31.99    4.35    2.26     17.02   20.53   14.87     19.37   12.46    9.69      8.87   51.35   49.79   105.31  141.12    86.19  142.10 
 388   59.93    5.57     29.92    5.47    2.26     15.91   23.06   14.89     19.37   12.46    9.69      8.66   51.94   49.80   103.93  141.79    85.11  142.63 
 389   59.93    5.20     30.54    5.12    2.27     15.89   23.14   14.91     19.37   12.46    9.70      8.51   53.33   49.81   102.64  141.94    83.87  142.72 
 390   59.93    5.41     31.65    4.48    2.28     14.66   26.28   14.94     19.37   12.46    9.71      8.49   52.87   49.81   101.57  142.01    82.68  142.69 
 391   54.56    5.30     29.43    5.78    2.29     17.65   18.56   14.95     19.40   12.45    9.71      8.55   52.66   49.82   100.76  142.49    81.56  143.05 
 392   54.56    5.21     30.44    5.14    2.29     15.30   24.65   14.97     19.40   12.45    9.72      8.44   53.39   49.83    99.81  142.05    80.59  142.69 
 393   54.56    5.13     29.56    5.68    2.30     15.49   23.91   15.00     19.40   12.45    9.73      8.60   52.80   49.84    98.55  142.85    79.22  143.94 
