   6    1.87   11.52     44.28    1.00    0.83     20.60   12.05   13.99     52.94    0.28   46.12      7.61   55.90   55.39    98.63  136.04    80.58  136.30 
   7    1.87   11.55     52.15    0.41    0.77     17.22   17.38   14.48     52.94    0.28   39.57      7.53   55.26   55.37    99.16  136.55    81.28  136.94 
   8    1.87   11.86     42.11    1.29    0.84     17.67   16.38   14.71     52.94    0.28   34.66      7.47   56.41   55.50   100.50  136.22    82.54  136.53 
   9    1.87   10.20     46.03    0.82    0.83     16.45   18.98   15.19     52.94    0.28   30.84      7.66   54.23   55.36   100.76  135.91    82.71  136.25 
  10    1.87   10.38     48.27    0.64    0.81     15.13   21.76   15.85     52.94    0.28   27.78      7.47   55.11   55.33   102.14  135.03    84.14  135.76 
  11    1.72   10.94     41.06    1.47    0.87     21.42   10.57   15.37     52.93    0.29   25.28      7.63   52.73   55.10   102.08  135.42    84.10  136.05 
  12    1.72   11.60     41.38    1.41    0.92     18.04   15.47   15.37     52.93    0.29   23.20      7.57   53.33   54.95   102.06  135.58    83.87  136.27 
  13    1.72   11.65     37.08    2.32    1.03     18.93   14.03   15.27     52.93    0.29   21.44      7.67   54.91   54.95   103.53  134.65    85.19  135.60 
  14    1.72   11.46     43.50    1.10    1.03     18.13   15.16   15.26     52.93    0.29   19.93      7.64   54.05   54.88   104.25  134.24    86.16  135.28 
  15    1.72   11.52     43.13    1.15    1.04     16.29   18.97   15.51     52.93    0.29   18.62      7.64   53.90   54.82   104.66  134.10    86.32  134.77 
  16    3.49   12.51     55.38    0.28    0.99     18.94   14.06   15.42     52.84    0.29   17.47      7.93   51.35   54.60   104.92  133.76    86.65  134.27 
  17    3.49   10.70     43.46    1.11    1.00     18.98   13.87   15.33     52.84    0.29   16.46      7.81   53.74   54.55   106.13  133.44    88.18  133.97 
  18    3.49   10.80     42.91    1.18    1.01     19.44   13.02   15.20     52.84    0.29   15.56      7.82   51.79   54.40   106.47  133.59    88.15  134.07 
  19    3.49   11.68     42.13    1.29    1.02     17.30   17.23   15.31     52.84    0.29   14.76      7.84   52.79   54.31   106.29  133.20    88.22  133.83 
  20    3.49   12.29     43.34    1.12    1.03     17.84   15.97   15.34     52.84    0.29   14.03      7.85   52.62   54.23   107.17  133.07    88.88  133.60 
  21    3.86   12.94     43.84    1.06    1.03     22.32    9.62   15.07     32.76    2.88   13.50      8.22   50.03   54.03   107.41  133.18    89.15  133.59 
  22    3.86   12.84     46.30    0.80    1.02     20.03   12.33   14.94     32.76    2.88   13.02      7.97   51.03   53.89   107.70  133.12    89.52  133.62 
  23    3.86   12.57     38.97    1.86    1.06     19.66   12.64   14.84     32.76    2.88   12.58      8.18   49.76   53.71   108.82  133.05    90.56  133.54 
  24    3.86   11.12     39.96    1.67    1.08     18.80   13.83   14.80     32.76    2.88   12.18      7.77   50.41   53.57   109.01  133.46    90.69  133.87 
  25    3.86   10.82     40.62    1.55    1.10     16.99   16.91   14.89     32.76    2.88   11.80      7.99   49.20   53.40   109.58  133.23    91.86  133.59 
  26    3.72   12.71     40.27    1.62    1.12     18.41   14.29   14.86     36.71    1.82   11.42      7.60   50.90   53.30   109.95  133.86    92.09  134.27 
  27    3.72   12.79     41.17    1.46    1.13     18.74   13.84   14.83     36.71    1.82   11.06      7.68   50.80   53.21   110.46  134.00    92.31  134.24 
  28    3.72   12.85     40.50    1.59    1.15     17.40   15.80   14.86     36.71    1.82   10.73      7.53   51.13   53.14   110.98  133.94    92.84  134.38 
  29    3.72   12.83     36.24    2.59    1.20     16.73   16.86   14.93     36.71    1.82   10.43      7.44   51.34   53.07   111.72  134.03    93.69  133.91 
  30    3.72   12.37     47.74    0.69    1.18     16.52   17.22   15.01     36.71    1.82   10.14      7.14   52.66   53.06   111.95  134.17    93.82  134.13 
  31    5.90   12.23     42.26    1.31    1.19     18.85   12.80   14.93     34.31    2.38    9.89      7.30   50.93   52.99   112.89  134.04    94.79  134.25 
  32    5.90   11.90     45.87    0.86    1.18     17.70   14.85   14.93     34.31    2.38    9.65      7.26   50.66   52.92   112.45  133.77    94.07  133.98 
  33    5.90   13.21     44.15    1.05    1.17     18.25   13.81   14.90     34.31    2.38    9.43      7.24   51.45   52.87   113.03  133.78    94.73  133.93 
  34    5.90   13.32     43.47    1.14    1.17     17.41   14.83   14.90     34.31    2.38    9.23      7.08   51.04   52.82   113.43  134.19    95.28  134.26 
  35    5.90   13.46     45.01    0.96    1.17     16.22   16.77   14.95     34.31    2.38    9.03      7.13   49.99   52.74   113.91  133.79    95.87  133.74 
  36   15.08   12.13     40.38    1.63    1.18     19.00   11.97   14.87     39.07    1.35    8.82      7.15   49.32   52.64   114.06  133.94    96.12  134.23 
  37   15.08   11.69     38.34    2.06    1.20     19.26   11.60   14.78     39.07    1.35    8.62      7.19   49.66   52.56   114.49  133.82    96.65  133.87 
  38   15.08   12.19     40.17    1.67    1.21     18.16   13.04   14.73     39.07    1.35    8.42      6.86   50.39   52.51   114.84  134.21    96.48  134.27 
  39   15.08   13.38     37.37    2.31    1.24     17.95   13.35   14.70     39.07    1.35    8.24      6.98   49.75   52.44   115.11  134.25    97.28  134.38 
  40   15.08   13.39     38.37    2.07    1.26     16.26   16.02   14.73     39.07    1.35    8.07      6.89   50.13   52.38   115.71  135.12    97.40  135.37 
  41   10.17   13.50     40.00    1.72    1.27     19.52   10.92   14.64     33.79    2.45    7.93      6.95   49.03   52.30   116.05  135.53    97.68  135.48 
  42   10.17   12.58     39.28    1.87    1.29     17.91   12.97   14.60     33.79    2.45    7.80      6.87   48.77   52.21   116.19  136.21    97.90  136.04 
  43   10.17   12.17     39.52    1.82    1.30     17.28   14.17   14.59     33.79    2.45    7.68      6.79   49.98   52.16   116.57  136.22    97.97  136.25 
  44   10.17   11.94     39.14    1.91    1.31     16.98   14.42   14.58     33.79    2.45    7.56      6.88   48.75   52.08   116.77  137.13    98.36  137.26 
  45   10.17   13.40     36.99    2.45    1.34     16.29   16.01   14.62     33.79    2.45    7.45      7.06   48.78   52.01   116.88  137.21    98.72  137.32 
  46   31.81   13.98     38.87    1.98    1.35     18.24   12.34   14.57     27.32    5.08    7.39      6.81   48.54   51.93   117.36  138.03    99.22  138.22 
  47   31.81   12.50     40.08    1.73    1.36     18.46   12.20   14.52     27.32    5.08    7.35      7.02   47.70   51.84   117.65  137.91    98.95  138.35 
  48   31.81   12.71     41.30    1.51    1.36     17.62   13.36   14.49     27.32    5.08    7.30      6.86   48.13   51.77   117.46  138.20    99.27  138.38 
  49   31.81   14.22     43.12    1.23    1.36     17.46   13.66   14.47     27.32    5.08    7.25      6.89   48.77   51.71   118.09  138.80    99.84  138.89 
  50   31.81   14.07     41.32    1.51    1.37     17.11   14.15   14.47     27.32    5.08    7.21      6.82   48.45   51.64   118.49  138.81    99.97  138.79 
  51   24.97   13.23     41.45    1.49    1.37     19.14   11.53   14.41     24.92    6.61    7.20      6.99   48.66   51.58   118.58  138.75   100.27  138.70 
  52   24.97   12.95     40.66    1.63    1.37     17.50   13.82   14.40     24.92    6.61    7.19      6.78   48.94   51.53   118.71  139.10   100.19  138.68 
  53   24.97   13.11     37.66    2.30    1.39     17.22   14.37   14.40     24.92    6.61    7.18      7.02   48.71   51.48   118.91  138.76   100.36  138.43 
  54   24.97   13.90     38.44    2.11    1.40     16.10   16.37   14.43     24.92    6.61    7.17      6.92   48.87   51.43   119.46  138.80   100.82  138.20 
  55   24.97   13.97     40.70    1.62    1.41     15.86   16.83   14.48     24.92    6.61    7.16      7.00   48.59   51.38   119.66  138.33   100.62  137.67 
  56  245.56   12.90     37.92    2.23    1.42     16.27   16.07   14.51     19.11   12.80    7.26      6.73   50.64   51.36   119.98  138.12   101.20  137.61 
  57  245.56   13.48     40.09    1.74    1.43     16.01   16.57   14.54     19.11   12.80    7.35      6.63   51.01   51.36   120.52  138.00   101.43  137.58 
  58  245.56   13.38     39.97    1.78    1.43     15.77   17.28   14.59     19.11   12.80    7.45      6.95   50.00   51.34   121.17  137.51   102.12  137.32 
  59  245.56   13.99     37.53    2.36    1.45     15.51   17.99   14.65     19.11   12.80    7.54      6.94   50.34   51.32   121.30  137.31   102.46  137.45 
  60  245.56   14.10     37.20    2.44    1.47     14.54   20.77   14.75     19.11   12.80    7.63      7.03   51.72   51.32   121.65  137.14   102.73  137.43 
  61   29.77   13.85     40.22    1.72    1.47     23.53    7.38   14.63     34.83    2.08    7.53      7.13   50.12   51.31   121.52  137.33   102.62  137.69 
  62   29.77   14.37     39.78    1.81    1.48     19.64   11.58   14.58     34.83    2.08    7.45      7.31   49.69   51.28   121.57  136.99   102.83  137.37 
  63   29.77   14.16     41.01    1.58    1.48     18.24   13.70   14.57     34.83    2.08    7.36      7.33   49.71   51.25   121.65  136.96   102.94  137.05 
  64   29.77   14.70     41.75    1.45    1.48     17.21   15.60   14.58     34.83    2.08    7.28      7.49   50.03   51.24   121.81  136.46   103.12  136.56 
  65   29.77   14.54     40.63    1.65    1.48     17.34   15.34   14.59     34.83    2.08    7.20      7.33   51.09   51.23   122.10  136.60   103.27  136.89 
  66  129.55   13.60     40.24    1.72    1.48     18.19   13.81   14.58     20.74   10.52    7.25      7.01   52.89   51.26   122.57  136.26   103.90  136.47 
  67  129.55   13.76     39.70    1.83    1.49     18.06   14.01   14.57     20.74   10.52    7.30      7.38   50.90   51.25   122.71  136.06   104.16  136.40 
  68  129.55   13.53     38.94    2.00    1.50     17.05   15.94   14.59     20.74   10.52    7.35      7.27   51.14   51.25   122.58  136.15   103.87  136.51 
  69  129.55   14.15     40.27    1.72    1.50     17.04   16.24   14.62     20.74   10.52    7.39      7.44   51.88   51.26   122.98  135.74   104.30  136.34 
  70  129.55   14.79     42.71    1.30    1.50     16.04   18.39   14.67     20.74   10.52    7.44      7.38   51.93   51.27   122.98  136.45   104.30  136.91 
  71   60.60   14.41     38.02    2.24    1.51     18.42   14.42   14.67     27.79    4.67    7.40      7.68   51.79   51.28   123.22  135.83   104.67  135.97 
  72   60.60   15.06     41.23    1.54    1.51     18.62   14.13   14.66     27.79    4.67    7.36      7.70   52.01   51.29   123.14  136.63   104.62  136.82 
  73   60.60   15.16     41.98    1.41    1.51     19.60   12.64   14.63     27.79    4.67    7.32      7.69   52.48   51.30   123.71  136.62   105.06  136.82 
  74   60.60   15.28     46.69    0.82    1.50     17.98   15.08   14.64     27.79    4.67    7.29      7.62   52.34   51.32   123.69  136.46   105.14  136.53 
  75   60.60   14.95     41.96    1.42    1.50     17.24   16.89   14.67     27.79    4.67    7.25      7.70   52.80   51.34   123.65  136.22   105.41  136.38 
  76   58.79   15.52     40.62    1.66    1.50     19.26   13.07   14.65     27.37    4.92    7.22      7.69   52.57   51.35   123.80  136.57   105.70  136.51 
  77   58.79   15.48     38.11    2.21    1.51     18.12   15.05   14.65     27.37    4.92    7.19      7.55   52.79   51.37   123.80  136.24   105.88  136.17 
  78   58.79   13.94     38.06    2.23    1.52     18.53   14.24   14.65     27.37    4.92    7.16      7.53   53.34   51.40   124.06  135.91   105.85  136.02 
  79   58.79   14.33     38.23    2.20    1.53     18.08   14.91   14.65     27.37    4.92    7.13      7.51   53.78   51.43   124.68  136.60   106.58  136.79 
  80   58.79   13.97     41.17    1.56    1.53     17.72   15.39   14.66     27.37    4.92    7.11      7.48   52.80   51.44   124.96  136.06   106.57  136.56 
  81   74.74   15.43     36.93    2.54    1.54     20.32   11.48   14.62     31.71    2.99    7.06      7.71   51.24   51.44   124.53  135.96   106.31  136.31 
  82   74.74   14.98     36.85    2.56    1.55     19.75   12.20   14.59     31.71    2.99    7.01      7.72   51.92   51.45   124.89  136.03   106.79  136.39 
  83   74.74   16.28     39.19    1.96    1.56     19.72   12.15   14.56     31.71    2.99    6.96      7.78   51.14   51.44   125.27  136.29   107.11  136.82 
  84   74.74   15.97     37.93    2.26    1.56     19.67   12.24   14.53     31.71    2.99    6.91      7.76   50.29   51.43   125.49  136.50   107.24  136.79 
  85   74.74   16.11     40.41    1.71    1.57     18.70   13.72   14.52     31.71    2.99    6.86      7.54   51.57   51.43   125.59  136.78   107.11  137.05 
  86  230.96   15.13     37.72    2.32    1.57     17.01   16.90   14.55     22.49    8.66    6.88      7.63   51.69   51.44   126.11  136.75   107.75  136.88 
  87  230.96   15.29     37.02    2.53    1.59     16.40   18.52   14.60     22.49    8.66    6.91      7.63   52.24   51.44   125.67  136.01   107.44  136.42 
  88  230.96   16.17     40.30    1.73    1.59     17.44   16.34   14.62     22.49    8.66    6.93      7.80   50.90   51.44   125.67  136.24   107.42  136.63 
  89  230.96   16.10     40.87    1.62    1.59     17.11   17.29   14.65     22.49    8.66    6.94      7.72   52.24   51.45   125.76  136.33   107.58  136.67 
  90  230.96   16.39     37.95    2.28    1.60     17.47   16.27   14.67     22.49    8.66    6.96      7.71   52.45   51.46   126.18  136.31   107.89  136.64 
  91  205.09   16.62     37.70    2.34    1.60     18.61   14.57   14.66     18.45   13.84    7.04      7.51   52.98   51.48   125.64  136.11   107.79  136.30 
  92  205.09   15.88     38.27    2.18    1.61     17.77   15.76   14.68     18.45   13.84    7.11      7.56   52.37   51.48   125.92  136.79   107.89  136.93 
  93  205.09   15.27     39.00    2.01    1.61     17.39   16.53   14.70     18.45   13.84    7.19      7.40   53.02   51.50   126.16  136.24   107.81  136.30 
  94  205.09   16.17     39.02    2.01    1.62     16.78   17.39   14.72     18.45   13.84    7.26      7.52   52.12   51.51   126.60  136.70   108.15  136.51 
  95  205.09   15.99     38.11    2.23    1.62     15.92   19.36   14.77     18.45   13.84    7.33      7.45   52.07   51.51   126.51  136.05   108.04  135.79 
  96   59.61   15.49     36.80    2.59    1.63     19.95   12.21   14.75     24.27    7.11    7.32      7.53   52.04   51.52   126.64  136.38   108.37  136.03 
  97   59.61   15.43     46.30    0.87    1.63     17.91   15.63   14.76     24.27    7.11    7.32      7.57   51.78   51.52   125.84  136.12   107.67  135.81 
  98   59.61   15.87     37.73    2.34    1.63     17.07   16.75   14.78     24.27    7.11    7.32      7.76   50.77   51.51   127.09  136.33   109.04  135.97 
  99   59.61   16.27     43.21    1.24    1.63     19.25   13.17   14.76     24.27    7.11    7.32      7.56   51.72   51.52   127.02  136.54   108.32  136.44 
 100   59.61   16.06     43.12    1.25    1.63     17.91   15.70   14.77     24.27    7.11    7.32      7.68   51.29   51.51   126.36  136.24   107.90  136.24 
 101   48.89   16.48     46.29    0.87    1.62     19.38   13.19   14.75     28.66    4.30    7.29      7.63   52.10   51.52   126.57  136.58   107.91  136.68 
 102   48.89   15.48     45.65    0.94    1.61     18.74   14.15   14.75     28.66    4.30    7.26      7.61   51.94   51.52   126.96  135.67   108.15  135.71 
 103   48.89   15.57     39.06    2.01    1.62     18.98   13.74   14.74     28.66    4.30    7.23      7.50   52.37   51.53   127.53  136.38   108.81  136.26 
 104   48.89   15.78     44.16    1.12    1.61     18.83   14.01   14.73     28.66    4.30    7.20      7.56   51.30   51.53   126.84  136.47   108.13  136.09 
 105   48.89   14.44     45.01    1.01    1.61     18.64   14.37   14.73     28.66    4.30    7.17      7.63   51.94   51.53   126.73  136.33   108.21  136.09 
 106   47.09   15.84     46.76    0.83    1.60     20.76   11.13   14.69     30.19    3.61    7.14      7.72   50.66   51.53   127.11  136.25   108.53  136.09 
 107   47.09   15.97     44.18    1.11    1.59     18.45   14.67   14.69     30.19    3.61    7.10      7.76   51.13   51.52   127.30  135.94   108.88  135.82 
 108   47.09   15.56     47.87    0.73    1.59     19.49   12.92   14.68     30.19    3.61    7.07      7.66   51.41   51.52   126.88  136.49   108.68  136.42 
 109   47.09   14.74     42.59    1.34    1.58     20.71   11.34   14.65     30.19    3.61    7.04      7.74   51.20   51.52   126.76  136.05   108.41  135.98 
 110   47.09   14.81     43.00    1.28    1.58     21.16   10.72   14.61     30.19    3.61    7.01      7.64   51.21   51.52   126.93  136.60   108.26  136.36 
 111   54.79   16.62     43.99    1.14    1.58     20.19   12.15   14.59     29.80    3.79    6.98      7.75   51.03   51.51   127.02  136.56   108.14  136.37 
 112   54.79   14.68     44.98    1.02    1.57     20.99   10.89   14.56     29.80    3.79    6.95      7.64   51.26   51.51   127.23  136.36   108.51  136.14 
 113   54.79   16.15     51.87    0.46    1.56     18.63   14.54   14.56     29.80    3.79    6.92      7.73   51.82   51.51   127.57  136.21   108.61  135.73 
 114   54.79   16.43     47.11    0.79    1.55     19.33   13.31   14.54     29.80    3.79    6.90      7.76   50.87   51.51   127.18  135.82   108.45  135.39 
 115   54.79   16.22     45.26    0.98    1.55     20.49   11.66   14.52     29.80    3.79    6.87      7.81   50.93   51.50   127.16  136.19   108.67  135.96 
 116   51.34   15.66     45.68    0.94    1.54     20.79   11.27   14.49     29.05    4.13    6.85      7.83   50.41   51.49   127.08  136.16   108.45  135.92 
 117   51.34   15.76     43.47    1.21    1.54     17.64   16.13   14.51     29.05    4.13    6.82      7.99   49.26   51.47   127.51  135.13   108.95  134.87 
 118   51.34   15.93     43.01    1.28    1.54     19.97   12.24   14.49     29.05    4.13    6.80      7.77   49.82   51.46   126.92  135.71   108.48  135.34 
 119   51.34   16.20     41.21    1.57    1.54     18.34   14.86   14.49     29.05    4.13    6.78      7.80   50.03   51.45   126.54  135.52   108.09  135.30 
 120   51.34   16.33     43.33    1.23    1.54     18.15   15.05   14.49     29.05    4.13    6.76      7.71   50.85   51.44   126.56  135.34   107.86  134.95 
 121   52.24   14.88     40.90    1.62    1.54     21.21   10.50   14.46     27.37    5.03    6.74      7.89   48.59   51.42   126.88  134.98   107.98  134.90 
 122   52.24   16.27     49.62    0.59    1.53     20.24   11.84   14.44     27.37    5.03    6.73      7.82   49.49   51.40   126.89  134.82   108.14  134.49 
 123   52.24   16.51     45.64    0.94    1.53     22.57    9.11   14.40     27.37    5.03    6.71      7.78   50.18   51.39   126.62  134.91   108.02  134.53 
 124   52.24   16.30     50.48    0.54    1.52     19.88   12.32   14.38     27.37    5.03    6.70      7.95   49.00   51.37   126.83  135.00   108.16  134.48 
 125   52.24   15.22     44.95    1.01    1.51     20.07   12.16   14.36     27.37    5.03    6.69      7.91   49.14   51.35   126.79  134.69   108.07  134.50 
 126   45.52   16.30     45.51    0.95    1.51     20.80   11.17   14.34     27.64    4.88    6.67      7.92   49.33   51.34   126.54  134.60   107.86  134.33 
 127   45.52   16.37     40.86    1.62    1.51     21.27   10.58   14.31     27.64    4.88    6.66      7.94   49.34   51.32   126.98  134.28   108.09  134.15 
 128   45.52   16.61     39.75    1.84    1.51     19.79   12.70   14.29     27.64    4.88    6.64      7.95   49.39   51.31   126.70  134.73   107.67  134.67 
 129   45.52   14.90     44.05    1.13    1.51     20.44   11.86   14.28     27.64    4.88    6.63      7.96   49.81   51.30   126.72  134.43   108.01  134.18 
 130   45.52   15.31     44.50    1.07    1.51     21.10   10.84   14.25     27.64    4.88    6.62      7.99   49.38   51.28   127.02  134.84   108.38  134.48 
 131   51.22   16.47     45.95    0.90    1.50     20.95   10.93   14.22     27.63    4.90    6.60      7.78   50.26   51.27   127.45  134.89   108.60  134.46 
 132   51.22   15.80     45.53    0.95    1.50     18.96   13.78   14.22     27.63    4.90    6.59      7.99   49.20   51.26   127.49  135.11   108.94  134.37 
 133   51.22   14.50     44.83    1.03    1.49     19.34   13.18   14.21     27.63    4.90    6.58      7.90   49.33   51.24   127.30  135.22   108.40  134.56 
 134   51.22   15.78     40.58    1.69    1.50     17.96   15.68   14.22     27.63    4.90    6.57      7.99   49.11   51.23   127.29  134.85   108.41  134.38 
 135   51.22   15.99     41.52    1.51    1.50     19.11   13.99   14.22     27.63    4.90    6.55      8.10   49.45   51.21   126.88  135.27   107.89  134.87 
 136   52.58   15.56     42.13    1.41    1.49     21.25   10.73   14.20     26.73    5.44    6.55      8.10   49.40   51.20   127.33  134.88   108.42  134.48 
 137   52.58   15.19     39.78    1.85    1.50     20.95   11.34   14.18     26.73    5.44    6.54      8.19   49.09   51.19   127.03  135.15   108.35  134.81 
 138   52.58   15.61     39.91    1.83    1.50     20.72   11.32   14.15     26.73    5.44    6.53      8.19   48.12   51.16   127.57  135.20   108.66  134.49 
 139   52.58   15.93     36.82    2.60    1.51     21.01   11.26   14.13     26.73    5.44    6.52      8.11   49.18   51.15   126.75  135.35   107.81  134.70 
 140   52.58   16.31     36.73    2.64    1.52     19.65   12.88   14.12     26.73    5.44    6.51      8.04   49.15   51.13   126.81  135.53   107.94  134.55 
 141   56.50   15.91     38.48    2.15    1.52     21.74   10.24   14.10     27.54    4.97    6.50      8.13   49.36   51.12   126.81  135.23   108.16  134.36 
 142   56.50   15.36     38.87    2.06    1.52     18.99   13.72   14.09     27.54    4.97    6.49      7.93   49.02   51.11   126.39  135.00   107.87  134.11 
 143   56.50   14.52     39.53    1.90    1.53     20.35   11.84   14.08     27.54    4.97    6.48      7.95   49.35   51.10   126.68  134.69   107.92  133.82 
 144   56.50   16.89     43.30    1.23    1.52     19.41   12.74   14.07     27.54    4.97    6.47      7.92   48.94   51.08   127.91  134.55   109.00  134.04 
 145   56.50   17.04     39.67    1.87    1.53     19.88   12.38   14.06     27.54    4.97    6.46      7.86   49.26   51.07   126.48  134.45   107.58  134.04 
 146   55.87   16.75     39.07    2.00    1.53     21.50   10.20   14.03     26.38    5.68    6.45      7.91   48.40   51.05   126.61  134.67   107.49  134.14 
 147   55.87   16.98     38.91    2.04    1.53     19.97   12.12   14.02     26.38    5.68    6.45      7.94   49.33   51.04   127.84  134.31   108.75  133.69 
 148   55.87   17.23     37.90    2.29    1.54     20.79   11.09   14.00     26.38    5.68    6.44      7.85   48.69   51.02   126.53  135.05   107.56  134.07 
 149   55.87   16.97     37.15    2.50    1.55     21.07   10.92   13.98     26.38    5.68    6.44      8.04   48.39   51.00   126.73  134.49   108.00  133.83 
 150   55.87   15.69     36.18    2.79    1.55     20.69   11.35   13.96     26.38    5.68    6.43      8.19   47.60   50.98   126.31  134.73   107.46  133.71 
 151   52.58   17.16     44.96    1.02    1.55     21.24   10.48   13.94     26.12    5.86    6.43      8.06   48.86   50.97   128.02  134.49   108.83  133.51 
 152   52.58   16.74     39.49    1.90    1.55     20.73   11.36   13.92     26.12    5.86    6.43      7.98   48.80   50.95   126.80  135.13   107.64  133.99 
 153   52.58   16.36     40.27    1.74    1.55     20.79   11.18   13.90     26.12    5.86    6.42      7.94   48.86   50.94   127.07  134.53   107.66  133.80 
 154   52.58   14.90     39.84    1.83    1.56     20.18   12.04   13.89     26.12    5.86    6.42      8.06   48.68   50.92   127.09  134.48   107.72  133.64 
 155   52.58   15.18     40.63    1.67    1.56     21.70   10.06   13.87     26.12    5.86    6.42      7.85   48.96   50.91   126.64  134.74   107.15  134.02 
 156   58.26   16.43     40.21    1.75    1.56     19.64   12.39   13.86     26.44    5.66    6.41      8.00   48.44   50.90   128.20  134.66   109.05  133.52 
 157   58.26   15.49     40.07    1.78    1.56     21.06   10.89   13.84     26.44    5.66    6.41      7.49   50.66   50.89   126.27  134.60   106.94  133.77 
 158   58.26   14.86     40.02    1.79    1.56     20.92   10.93   13.82     26.44    5.66    6.40      7.74   49.74   50.89   126.47  134.79   107.33  133.76 
 159   58.26   15.41     39.95    1.81    1.56     20.20   11.76   13.81     26.44    5.66    6.40      7.72   49.90   50.88   126.94  135.07   107.87  134.04 
 160   58.26   15.36     41.64    1.49    1.56     18.74   13.70   13.81     26.44    5.66    6.39      7.67   49.91   50.88   127.52  134.69   108.04  133.93 
 161   58.57   15.10     39.69    1.86    1.56     20.04   11.79   13.79     26.21    5.81    6.39      7.69   49.49   50.87   127.53  135.00   107.85  134.05 
 162   58.57   14.67     40.51    1.70    1.56     19.55   12.16   13.78     26.21    5.81    6.38      7.58   49.13   50.86   128.23  134.97   108.80  134.07 
 163   58.57   16.21     44.45    1.08    1.56     19.95   11.68   13.77     26.21    5.81    6.38      7.68   48.50   50.84   128.22  135.24   108.61  134.26 
 164   58.57   15.65     42.45    1.36    1.56     19.79   11.71   13.76     26.21    5.81    6.38      7.65   48.22   50.83   128.04  135.36   108.36  134.67 
 165   58.57   16.51     37.30    2.47    1.57     19.44   12.57   13.75     26.21    5.81    6.37      7.77   48.17   50.81   126.66  135.42   107.62  134.52 
 166   63.00   15.84     44.03    1.13    1.56     20.96   10.15   13.73     26.26    5.77    6.37      7.64   48.21   50.79   128.34  135.42   108.71  134.79 
 167   63.00   14.51     41.66    1.49    1.56     20.73   10.58   13.71     26.26    5.77    6.37      7.62   47.65   50.77   127.02  135.52   107.56  134.76 
 168   63.00   16.81     41.85    1.46    1.56     19.49   11.84   13.70     26.26    5.77    6.36      7.54   48.37   50.76   128.73  135.51   108.96  134.42 
 169   63.00   16.40     41.55    1.51    1.56     18.49   13.34   13.70     26.26    5.77    6.36      7.53   47.33   50.74   128.51  135.77   108.74  134.93 
 170   63.00   16.67     42.30    1.39    1.56     18.93   12.75   13.69     26.26    5.77    6.36      7.45   47.81   50.72   127.26  135.78   107.58  134.81 
 171   54.84   14.77     37.44    2.43    1.57     20.07   11.22   13.68     25.95    5.97    6.35      7.61   47.63   50.71   127.14  135.71   107.65  134.99 
 172   54.84   17.36     42.12    1.42    1.56     19.46   11.56   13.66     25.95    5.97    6.35      7.64   46.15   50.68   128.86  135.19   109.05  134.66 
 173   54.84   17.08     40.73    1.67    1.57     20.06   11.00   13.65     25.95    5.97    6.35      7.56   46.20   50.65   128.87  135.63   108.97  134.89 
 174   54.84   17.09     40.73    1.66    1.57     19.47   11.53   13.64     25.95    5.97    6.35      7.39   46.29   50.63   128.84  135.33   108.85  134.12 
 175   54.84   15.80     37.81    2.33    1.57     18.35   13.27   13.63     25.95    5.97    6.35      7.38   46.47   50.60   128.04  135.41   107.96  134.09 
 176   74.03   16.64     43.55    1.20    1.57     19.46   11.51   13.62     25.91    5.99    6.34      7.35   46.89   50.58   129.33  134.67   109.33  134.38 
 177   74.03   16.83     37.44    2.43    1.57     19.76   11.24   13.61     25.91    5.99    6.34      7.42   45.77   50.56   127.77  135.02   107.65  134.36 
 178   74.03   14.75     43.10    1.26    1.57     19.03   11.99   13.60     25.91    5.99    6.34      7.45   46.54   50.53   129.47  134.55   109.59  134.29 
 179   74.03   15.35     40.13    1.78    1.57     18.28   12.90   13.60     25.91    5.99    6.34      7.43   45.51   50.50   129.65  134.26   110.01  133.76 
 180   74.03   15.93     40.74    1.66    1.57     18.55   12.91   13.59     25.91    5.99    6.34      7.35   46.28   50.48   128.24  135.56   108.46  134.31 
 181   60.80   15.51     37.17    2.50    1.58     19.29   11.68   13.58     25.72    6.11    6.33      7.36   46.33   50.46   128.24  135.39   108.38  134.93 
 182   60.80   15.49     38.03    2.27    1.58     19.30   11.79   13.57     25.72    6.11    6.33      7.57   45.40   50.43   128.10  135.24   108.50  134.66 
 183   60.80   15.23     42.22    1.41    1.58     19.77   10.81   13.56     25.72    6.11    6.33      7.31   46.54   50.41   130.08  134.84   110.22  134.37 
 184   60.80   16.33     38.66    2.11    1.58     19.57   11.35   13.54     25.72    6.11    6.33      7.34   46.10   50.39   128.50  135.44   108.59  135.01 
 185   60.80   15.93     41.78    1.48    1.58     18.36   13.06   13.54     25.72    6.11    6.33      7.51   46.04   50.36   129.03  135.53   108.99  134.98 
 186   83.29   16.90     40.62    1.69    1.58     19.88   10.67   13.53     25.57    6.20    6.33      7.34   46.62   50.34   130.57  135.53   110.61  134.88 
 187   83.29   16.77     40.23    1.77    1.58     20.23   10.45   13.51     25.57    6.20    6.33      7.45   45.47   50.32   129.08  135.72   109.10  135.49 
 188   83.29   17.21     38.31    2.21    1.59     19.78   11.09   13.50     25.57    6.20    6.33      7.54   46.35   50.30   129.01  136.45   109.27  136.10 
 189   83.29   17.32     36.47    2.74    1.59     18.85   12.27   13.49     25.57    6.20    6.33      7.58   45.30   50.27   129.05  136.11   109.05  135.71 
 190   83.29   17.34     38.84    2.09    1.60     19.14   11.78   13.48     25.57    6.20    6.33      7.60   45.53   50.24   129.52  136.23   109.65  135.78 
 191   70.66   17.11     40.27    1.77    1.60     19.81   10.90   13.47     25.85    5.99    6.32      7.57   45.54   50.22   129.71  136.31   110.14  135.78 
 192   70.66   17.25     42.48    1.37    1.60     18.57   12.31   13.46     25.85    5.99    6.32      7.47   45.76   50.20   131.18  136.15   111.25  135.57 
 193   70.66   17.24     38.76    2.11    1.60     19.44   11.46   13.45     25.85    5.99    6.32      7.41   46.22   50.18   129.93  136.61   110.08  135.85 
 194   70.66   16.38     39.37    1.97    1.60     18.63   12.54   13.45     25.85    5.99    6.32      7.50   45.69   50.15   129.94  136.46   109.57  136.05 
 195   70.66   15.74     40.35    1.76    1.60     18.62   12.67   13.44     25.85    5.99    6.32      7.41   46.20   50.13   129.71  136.43   109.69  135.81 
 196   71.14   17.52     40.24    1.78    1.60     21.66    8.93   13.42     25.20    6.44    6.32      7.59   45.82   50.11   130.05  136.09   109.99  135.52 
 197   71.14   16.15     39.60    1.91    1.60     19.93   10.98   13.41     25.20    6.44    6.32      7.39   46.70   50.09   129.74  135.84   109.93  135.45 
 198   71.14   15.77     35.86    2.94    1.61     18.59   12.99   13.41     25.20    6.44    6.32      7.37   47.31   50.08   129.72  135.58   109.57  134.97 
 199   71.14   15.88     41.94    1.46    1.61     18.29   13.06   13.40     25.20    6.44    6.32      7.45   46.58   50.06   131.94  134.87   112.30  134.51 
 200   71.14   16.31     38.52    2.17    1.61     18.35   12.90   13.40     25.20    6.44    6.32      7.30   46.93   50.05   132.02  134.68   112.37  134.13 
 201   95.97   17.09     46.47    0.86    1.61     20.31   10.32   13.39     25.43    6.26    6.32      7.42   46.30   50.03   131.67  134.42   112.13  133.98 
 202   95.97   16.50     38.28    2.22    1.61     19.47   11.72   13.38     25.43    6.26    6.32      7.42   46.45   50.01   129.95  135.02   110.34  134.49 
 203   95.97   17.51     43.87    1.17    1.61     20.24   10.34   13.36     25.43    6.26    6.32      7.50   46.41   49.99   132.46  134.45   112.65  133.78 
 204   95.97   17.08     41.22    1.58    1.61     19.37   11.45   13.35     25.43    6.26    6.32      7.30   46.39   49.97   132.41  134.32   112.62  133.88 
 205   95.97   17.33     43.13    1.27    1.61     18.32   13.04   13.35     25.43    6.26    6.32      7.39   46.59   49.96   132.42  134.41   112.82  134.21 
 206   92.60   17.65     37.71    2.39    1.61     17.75   14.11   13.36     25.46    6.23    6.32      7.46   46.15   49.94   131.32  134.55   111.58  134.32 
 207   92.60   17.26     39.54    1.93    1.61     20.54   10.13   13.34     25.46    6.23    6.32      7.51   46.31   49.92   132.86  134.15   113.28  133.87 
 208   92.60   16.06     43.29    1.25    1.61     19.14   12.01   13.33     25.46    6.23    6.32      7.44   46.47   49.90   132.30  134.41   112.80  133.99 
 209   92.60   16.18     39.33    1.98    1.61     16.99   15.20   13.34     25.46    6.23    6.32      7.46   46.22   49.89   133.15  134.85   113.54  134.32 
 210   92.60   17.12     39.74    1.90    1.62     17.02   15.11   13.35     25.46    6.23    6.32      7.40   46.68   49.87   132.92  134.95   113.30  134.62 
 211   66.52   16.16     39.13    2.04    1.62     19.21   11.71   13.34     24.91    6.62    6.32      7.39   46.72   49.86   133.76  134.37   113.95  133.97 
 212   66.52   15.74     38.80    2.12    1.62     19.22   11.69   13.34     24.91    6.62    6.32      7.43   45.73   49.84   133.45  135.28   113.91  134.92 
 213   66.52   16.67     38.59    2.18    1.62     19.02   11.97   13.33     24.91    6.62    6.32      7.53   45.28   49.82   133.52  134.87   113.84  134.54 
 214   66.52   16.30     38.72    2.14    1.62     18.78   12.43   13.32     24.91    6.62    6.32      7.48   46.19   49.80   133.51  135.46   113.72  135.07 
 215   66.52   15.87     40.34    1.78    1.63     17.84   13.90   13.33     24.91    6.62    6.32      7.59   46.23   49.78   134.17  135.18   114.40  135.22 
 216  114.91   17.28     43.39    1.25    1.62     20.96    9.87   13.31     25.07    6.49    6.33      7.84   45.53   49.76   134.13  135.12   114.21  135.00 
 217  114.91   17.30     39.87    1.88    1.62     18.95   12.61   13.31     25.07    6.49    6.33      7.57   47.27   49.75   133.95  136.41   114.11  136.33 
 218  114.91   17.78     41.09    1.64    1.62     20.30   10.74   13.30     25.07    6.49    6.33      7.82   45.61   49.73   134.60  135.74   114.81  135.64 
 219  114.91   16.48     39.82    1.89    1.63     18.40   13.43   13.30     25.07    6.49    6.33      7.78   46.42   49.72   134.62  136.21   114.79  136.04 
 220  114.91   16.36     41.96    1.48    1.63     17.22   15.35   13.31     25.07    6.49    6.33      7.84   45.85   49.70   134.38  136.64   114.67  136.35 
 221   66.49   16.92     40.06    1.85    1.63     21.39    9.42   13.29     24.66    6.80    6.33      7.64   46.40   49.68   134.56  136.58   114.68  136.36 
 222   66.49   16.78     41.70    1.53    1.63     19.34   11.96   13.28     24.66    6.80    6.33      7.45   47.72   49.68   135.23  136.56   115.45  136.43 
 223   66.49   14.31     41.90    1.50    1.63     19.36   11.86   13.28     24.66    6.80    6.33      7.46   46.98   49.66   135.24  136.46   115.36  136.60 
 224   66.49   15.26     39.32    2.01    1.63     17.18   15.18   13.28     24.66    6.80    6.34      7.52   46.77   49.65   135.32  135.77   115.47  135.95 
 225   66.49   15.29     41.49    1.57    1.63     17.67   14.32   13.29     24.66    6.80    6.34      7.53   46.68   49.64   135.63  136.06   115.97  136.15 
 226  103.51   16.70     38.75    2.16    1.63     18.92   12.30   13.29     25.01    6.52    6.34      7.60   46.14   49.62   135.21  135.68   115.51  135.82 
 227  103.51   17.39     40.22    1.82    1.63     18.44   13.02   13.28     25.01    6.52    6.34      7.41   47.14   49.61   135.60  135.59   116.16  135.77 
 228  103.51   16.77     37.79    2.41    1.63     16.77   15.75   13.29     25.01    6.52    6.34      7.45   46.66   49.60   136.09  134.75   116.69  134.74 
 229  103.51   17.38     40.46    1.77    1.63     16.33   16.74   13.31     25.01    6.52    6.34      7.31   48.02   49.59   136.53  135.52   117.30  135.61 
 230  103.51   17.73     37.36    2.54    1.64     16.11   16.98   13.33     25.01    6.52    6.34      7.31   47.29   49.58   136.61  134.98   117.46  135.24 
 231   79.79   16.43     38.61    2.19    1.64     19.88   11.28   13.32     24.27    7.09    6.35      7.38   47.82   49.57   137.12  134.70   117.72  135.00 
 232   79.79   17.03     39.49    1.98    1.64     16.49   17.26   13.33     24.27    7.09    6.35      7.40   48.65   49.57   137.42  134.58   118.23  135.04 
 233   79.79   17.29     39.47    1.99    1.64     14.99   20.66   13.37     24.27    7.09    6.35      7.53   47.78   49.56   137.98  134.03   118.72  134.40 
 234   79.79   17.27     36.79    2.70    1.65     15.38   19.41   13.39     24.27    7.09    6.36      7.41   47.64   49.55   137.51  134.62   118.43  135.07 
 235   79.79   16.25     37.35    2.55    1.65     15.16   20.29   13.42     24.27    7.09    6.36      7.38   48.36   49.55   137.77  134.26   118.81  134.67 
 236   80.10   17.75     32.58    4.42    1.66     18.30   13.59   13.42     24.41    6.98    6.36      7.45   46.66   49.54   137.69  134.43   118.91  134.87 
 237   80.10   17.56     34.19    3.68    1.67     16.82   16.30   13.43     24.41    6.98    6.36      7.14   48.99   49.53   137.92  134.62   119.05  134.80 
 238   80.10   16.03     37.10    2.63    1.68     16.39   17.57   13.45     24.41    6.98    6.37      7.35   48.89   49.53   138.57  135.27   120.05  135.14 
 239   80.10   16.15     35.27    3.27    1.68     16.20   18.24   13.47     24.41    6.98    6.37      7.29   49.83   49.53   138.99  134.91   120.59  134.91 
 240   80.10   17.09     32.76    4.38    1.69     16.05   18.40   13.49     24.41    6.98    6.37      7.19   49.83   49.53   138.62  135.01   120.18  135.35 
 241   76.93   15.68     33.79    3.88    1.70     18.81   13.39   13.49     24.09    7.24    6.38      7.36   49.34   49.53   138.82  134.88   120.37  135.13 
 242   76.93   16.67     35.21    3.31    1.71     17.25   15.35   13.50     24.09    7.24    6.38      7.18   49.36   49.53   139.68  135.57   121.16  135.88 
 243   76.93   16.85     33.94    3.85    1.72     16.05   17.86   13.52     24.09    7.24    6.38      7.52   47.37   49.52   139.74  135.26   121.40  135.25 
 244   76.93   16.99     32.87    4.36    1.73     15.07   20.02   13.54     24.09    7.24    6.39      7.32   49.10   49.52   139.84  135.92   121.65  135.75 
 245   76.93   17.01     35.26    3.32    1.74     14.38   21.40   13.58     24.09    7.24    6.39      7.25   48.99   49.52   140.89  135.99   122.79  135.96 
 246   78.43   16.50     33.84    3.90    1.74     19.44   11.78   13.57     24.04    7.28    6.39      7.38   47.51   49.51   141.24  136.15   123.19  136.03 
 247   78.43   16.62     37.72    2.49    1.75     17.80   14.14   13.57     24.04    7.28    6.40      7.29   47.78   49.50   141.74  135.61   123.52  135.47 
 248   78.43   16.40     35.53    3.21    1.75     18.06   13.59   13.57     24.04    7.28    6.40      7.33   47.58   49.50   141.80  135.73   123.55  135.70 
 249   78.43   17.41     35.06    3.40    1.76     16.33   16.55   13.58     24.04    7.28    6.40      7.26   48.03   49.49   142.43  135.55   123.75  135.59 
 250   78.43   17.57     34.99    3.43    1.77     15.14   19.07   13.60     24.04    7.28    6.41      7.18   48.67   49.49   142.54  134.88   123.78  135.10 
 251  119.94   17.37     33.51    4.06    1.78     18.78   12.58   13.60     24.34    7.02    6.41      7.32   48.00   49.48   142.83  134.80   124.02  135.05 
 252  119.94   16.68     37.48    2.57    1.78     15.88   17.25   13.61     24.34    7.02    6.41      7.25   48.01   49.48   143.53  134.66   124.89  134.64 
 253  119.94   14.95     32.57    4.55    1.79     15.02   19.13   13.64     24.34    7.02    6.41      7.14   47.85   49.47   143.31  134.56   124.25  134.64 
 254  119.94   15.91     34.84    3.50    1.80     14.59   19.73   13.66     24.34    7.02    6.42      7.14   47.71   49.46   144.87  134.15   126.06  134.33 
 255  119.94   16.42     35.75    3.15    1.80     13.98   20.65   13.69     24.34    7.02    6.42      7.03   47.21   49.45   145.46  133.56   126.59  133.88 
 256  106.17   15.95     35.96    3.08    1.81     18.17   12.77   13.68     23.99    7.30    6.42      7.00   47.84   49.45   145.80  133.60   127.08  134.07 
 257  106.17   16.27     33.04    4.33    1.82     15.35   17.19   13.70     23.99    7.30    6.43      6.96   46.76   49.44   146.51  133.86   127.69  134.25 
 258  106.17   17.02     33.95    3.90    1.82     14.08   19.99   13.72     23.99    7.30    6.43      6.68   48.12   49.43   146.59  133.94   127.78  134.51 
 259  106.17   16.63     41.24    1.69    1.82     12.92   22.87   13.76     23.99    7.30    6.43      6.72   47.68   49.42   148.57  134.14   129.77  134.49 
 260  106.17   16.14     43.27    1.34    1.82     12.41   24.31   13.80     23.99    7.30    6.44      6.48   48.33   49.42   149.15  133.94   130.69  134.00 
 261  106.43   17.50     36.35    2.98    1.83     18.08   12.47   13.79     24.04    7.24    6.44      6.61   46.96   49.41   149.38  133.73   130.81  134.19 
 262  106.43   16.67     37.59    2.59    1.83     16.46   14.79   13.80     24.04    7.24    6.44      6.58   46.53   49.40   150.40  133.80   131.79  134.18 
 263  106.43   17.55     36.24    3.04    1.83     14.66   17.88   13.81     24.04    7.24    6.45      6.26   47.82   49.39   150.79  133.85   131.90  134.24 
 264  106.43   17.83     34.92    3.55    1.84     13.73   19.68   13.83     24.04    7.24    6.45      6.41   46.48   49.38   150.70  134.16   131.80  134.40 
 265  106.43   16.56     34.98    3.52    1.85     13.36   20.53   13.86     24.04    7.24    6.45      6.27   47.03   49.37   151.29  134.16   132.68  134.38 
 266  115.51   16.48     36.86    2.84    1.85     16.41   14.18   13.86     23.88    7.36    6.45      6.17   47.16   49.37   152.23  134.05   133.38  134.42 
 267  115.51   15.59     34.21    3.86    1.86     14.51   17.85   13.88     23.88    7.36    6.46      6.08   47.89   49.36   151.90  134.09   133.11  134.64 
 268  115.51   15.39     35.20    3.47    1.86     14.12   18.47   13.89     23.88    7.36    6.46      6.08   47.03   49.35   153.30  134.10   134.58  134.53 
 269  115.51   16.05     38.08    2.48    1.87     13.46   20.38   13.92     23.88    7.36    6.46      5.99   48.56   49.35   153.67  134.19   135.00  134.78 
 270  115.51   16.59     36.18    3.10    1.87     12.30   23.09   13.95     23.88    7.36    6.47      5.95   47.60   49.34   154.10  134.12   135.65  134.54 
 271   88.00   17.13     36.34    3.04    1.88     17.01   13.41   13.95     23.46    7.70    6.47      5.94   47.77   49.34   154.40  134.05   135.73  134.43 
 272   88.00   17.28     37.06    2.80    1.88     15.85   15.25   13.95     23.46    7.70    6.48      5.99   46.97   49.33   154.86  134.13   136.48  134.59 
 273   88.00   17.95     36.80    2.90    1.88     12.48   22.89   13.99     23.46    7.70    6.48      6.07   47.63   49.32   155.50  134.45   137.34  134.93 
 274   88.00   16.06     35.12    3.53    1.89     13.06   21.64   14.01     23.46    7.70    6.49      6.09   48.22   49.32   156.45  133.32   137.87  133.84 
 275   88.00   15.34     34.76    3.69    1.90     12.62   24.09   14.05     23.46    7.70    6.49      6.07   50.88   49.32   156.93  132.76   138.34  133.40 
 276   87.88   17.46     35.07    3.55    1.90     17.23   14.24   14.05     23.32    7.80    6.50      6.43   49.07   49.32   157.13  132.03   138.68  132.60 
 277   87.88   17.81     37.04    2.83    1.90     15.23   18.50   14.07     23.32    7.80    6.50      6.42   50.19   49.33   158.37  130.98   140.12  131.58 
 278   87.88   18.52     37.71    2.61    1.91     16.67   15.49   14.07     23.32    7.80    6.50      6.41   49.96   49.33   158.81  130.84   140.62  131.56 
 279   87.88   18.22     36.51    3.01    1.91     15.78   17.65   14.09     23.32    7.80    6.51      6.46   51.19   49.33   159.32  130.44   141.18  131.16 
 280   87.88   18.31     34.37    3.86    1.92     15.53   17.76   14.10     23.32    7.80    6.51      6.60   49.37   49.33   159.73  130.14   141.64  130.88 
 281  134.63   17.21     34.51    3.80    1.92     17.43   14.56   14.10     23.42    7.71    6.52      6.79   48.98   49.33   160.63  129.67   142.27  130.51 
 282  134.63   16.25     34.70    3.71    1.93     16.87   15.38   14.11     23.42    7.71    6.52      6.92   48.05   49.33   160.49  129.56   142.02  130.32 
 283  134.63   16.21     35.20    3.51    1.94     15.93   17.33   14.12     23.42    7.71    6.53      6.86   48.56   49.33   161.35  129.97   142.62  130.82 
 284  134.63   16.47     34.79    3.70    1.94     15.86   17.75   14.13     23.42    7.71    6.53      6.97   48.24   49.32   162.26  129.74   143.52  130.60 
 285  134.63   17.69     34.54    3.83    1.95     15.46   18.55   14.14     23.42    7.71    6.54      6.89   48.56   49.32   162.76  129.77   143.99  130.71 
 286  161.79   18.43     36.86    2.92    1.95     18.98   12.26   14.14     23.46    7.67    6.54      7.12   46.94   49.31   163.39  130.07   144.48  130.89 
 287  161.79   18.08     36.64    3.00    1.96     16.44   16.65   14.15     23.46    7.67    6.54      7.07   47.76   49.31   163.78  130.59   145.00  131.23 
 288  161.79   17.72     34.80    3.73    1.96     16.34   16.87   14.16     23.46    7.67    6.55      7.08   47.92   49.30   164.08  131.30   144.97  132.08 
 289  161.79   15.90     37.93    2.61    1.97     15.97   17.71   14.17     23.46    7.67    6.55      7.10   48.06   49.30   165.08  131.01   145.94  132.05 
 290  161.79   16.73     38.24    2.51    1.97     15.60   18.19   14.18     23.46    7.67    6.55      7.16   47.50   49.29   165.51  131.13   146.45  132.18 
 291  141.44   17.73     34.63    3.83    1.97     17.53   14.96   14.19     23.31    7.79    6.56      6.98   49.76   49.29   165.56  131.03   145.87  131.88 
 292  141.44   17.40     35.16    3.61    1.98     16.49   16.60   14.19     23.31    7.79    6.56      7.23   47.59   49.29   166.28  130.86   147.42  132.03 
 293  141.44   17.68     35.06    3.65    1.98     16.68   16.32   14.20     23.31    7.79    6.57      6.86   50.34   49.29   166.67  131.14   147.37  132.39 
 294  141.44   17.79     35.12    3.63    1.99     17.38   14.76   14.20     23.31    7.79    6.57      6.93   48.72   49.29   166.51  130.71   147.79  131.84 
 295  141.44   18.17     34.39    3.96    2.00     17.03   15.56   14.21     23.31    7.79    6.58      6.72   50.44   49.29   167.35  131.13   148.62  131.77 
 296  148.98   18.23     35.00    3.68    2.00     18.28   13.23   14.20     23.17    7.92    6.58      6.81   49.37   49.29   167.50  130.54   148.68  131.64 
 297  148.98   16.63     36.63    3.06    2.01     17.73   14.31   14.20     23.17    7.92    6.58      6.81   50.06   49.29   167.94  130.31   148.77  131.27 
 298  148.98   16.63     35.28    3.57    2.01     17.19   15.05   14.21     23.17    7.92    6.59      6.90   49.25   49.29   168.70  130.47   149.75  131.25 
 299  148.98   16.61     35.25    3.60    2.02     16.75   15.79   14.21     23.17    7.92    6.59      6.85   49.48   49.30   168.75  130.27   149.92  131.41 
 300  148.98   17.70     34.88    3.76    2.02     16.47   16.28   14.22     23.17    7.92    6.60      7.00   48.92   49.29   169.02  129.77   150.19  131.13 
 301  116.14   17.45     34.72    3.83    2.03     17.54   14.67   14.22     22.92    8.15    6.60      7.12   48.81   49.29   169.15  129.77   150.30  131.14 
 302  116.14   17.78     35.53    3.49    2.03     16.27   16.97   14.23     22.92    8.15    6.61      7.03   49.29   49.29   169.47  129.49   150.78  130.71 
 303  116.14   17.91     35.18    3.63    2.04     16.10   17.33   14.24     22.92    8.15    6.61      7.08   49.29   49.29   169.81  129.77   150.96  130.91 
 304  116.14   17.01     36.29    3.21    2.04     15.91   17.85   14.25     22.92    8.15    6.62      7.15   48.80   49.29   170.20  129.74   151.55  130.92 
 305  116.14   14.66     34.05    4.16    2.05     15.11   19.50   14.27     22.92    8.15    6.62      7.08   49.20   49.29   169.88  130.48   151.31  131.59 
 306  115.80   14.77     34.56    3.93    2.06     18.03   13.94   14.27     22.90    8.16    6.63      7.02   49.49   49.29   170.09  130.71   151.40  131.75 
 307  115.80   14.76     34.83    3.80    2.06     16.79   16.34   14.28     22.90    8.16    6.63      7.31   48.59   49.29   170.27  131.05   151.64  132.08 
 308  115.80   14.90     34.77    3.83    2.07     16.24   17.51   14.29     22.90    8.16    6.64      7.22   49.28   49.29   170.30  131.70   151.58  132.83 
 309  115.80   14.70     35.12    3.69    2.07     16.09   18.09   14.30     22.90    8.16    6.64      7.44   49.38   49.29   170.66  131.57   152.13  132.76 
 310  115.80   14.43     34.50    3.99    2.08     15.81   19.06   14.31     22.90    8.16    6.65      7.15   51.82   49.30   170.50  132.97   151.94  134.10 
 311  141.88   13.32     34.16    4.15    2.09     19.21   12.69   14.31     22.74    8.30    6.65      7.11   51.60   49.30   170.52  133.44   151.78  134.77 
 312  141.88   13.15     33.58    4.45    2.09     17.72   15.15   14.31     22.74    8.30    6.66      7.11   52.32   49.31   170.72  134.63   151.81  135.94 
 313  141.88   13.09     33.37    4.58    2.10     16.27   17.82   14.32     22.74    8.30    6.66      7.06   52.55   49.32   170.63  134.93   151.81  136.23 
 314  141.88   13.25     33.09    4.73    2.11     16.41   17.81   14.33     22.74    8.30    6.67      7.18   52.64   49.34   170.23  135.98   151.88  137.09 
 315  141.88   13.09     33.93    4.30    2.12     15.48   19.99   14.35     22.74    8.30    6.67      7.00   53.76   49.35   170.08  136.49   151.84  137.42 
 316   99.31   14.15     33.31    4.61    2.12     18.37   13.99   14.35     22.69    8.36    6.68      7.35   51.05   49.35   169.93  136.54   151.53  137.38 
 317   99.31   14.06     32.71    4.96    2.13     17.51   15.60   14.35     22.69    8.36    6.68      7.28   51.75   49.36   169.64  137.33   150.88  138.27 
 318   99.31   13.87     33.17    4.69    2.14     16.08   18.22   14.37     22.69    8.36    6.69      7.43   50.56   49.37   169.53  137.00   150.97  138.09 
 319   99.31   13.93     33.69    4.43    2.15     15.48   19.63   14.38     22.69    8.36    6.70      7.41   50.77   49.37   169.64  137.15   150.93  138.35 
 320   99.31   13.83     33.64    4.44    2.16     15.18   20.58   14.40     22.69    8.36    6.70      7.34   51.69   49.38   169.65  136.61   151.25  137.68 
 321  142.95   14.58     33.08    4.74    2.16     17.36   15.95   14.41     22.69    8.37    6.71      7.35   51.13   49.38   168.61  135.99   150.41  137.24 
 322  142.95   14.18     32.05    5.31    2.17     17.69   15.39   14.41     22.69    8.37    6.71      7.37   51.13   49.39   168.57  134.72   149.54  136.10 
 323  142.95   14.25     32.58    4.98    2.18     16.70   17.51   14.42     22.69    8.37    6.72      7.24   52.35   49.40   168.48  133.83   149.32  135.23 
 324  142.95   14.12     31.91    5.36    2.19     15.96   18.87   14.43     22.69    8.37    6.72      7.38   50.91   49.40   167.65  133.69   148.40  134.99 
 325  142.95   14.28     32.65    4.91    2.20     15.63   19.76   14.45     22.69    8.37    6.73      7.32   51.66   49.41   167.95  132.86   148.58  134.16 
 326  152.04   14.06     32.07    5.22    2.21     18.77   13.73   14.45     22.69    8.37    6.73      7.33   51.70   49.42   167.38  132.55   148.05  133.77 
 327  152.04   14.27     32.36    5.02    2.22     18.40   14.63   14.45     22.69    8.37    6.74      7.44   51.55   49.42   166.83  131.87   147.27  132.94 
 328  152.04   14.17     32.34    5.02    2.23     18.51   14.21   14.45     22.69    8.37    6.74      7.54   50.62   49.43   166.25  131.64   146.64  132.78 
 329  152.04   14.26     32.48    4.92    2.23     17.51   16.28   14.45     22.69    8.37    6.75      7.43   52.35   49.44   165.85  131.49   146.25  132.69 
 330  152.04   14.11     33.34    4.46    2.24     17.16   16.56   14.46     22.69    8.37    6.75      7.48   51.39   49.44   165.58  131.31   146.08  132.18 
 331  103.61   14.89     32.64    4.80    2.25     18.83   14.17   14.46     22.33    8.73    6.76      7.34   53.70   49.45   164.33  131.37   144.72  132.06 
 332  103.61   14.43     32.31    4.99    2.26     18.16   15.11   14.46     22.33    8.73    6.76      7.51   52.07   49.46   163.55  131.87   143.85  132.65 
 333  103.61   14.44     32.84    4.68    2.26     18.21   15.08   14.46     22.33    8.73    6.77      7.59   51.78   49.47   163.52  131.23   143.74  132.16 
 334  103.61   14.56     31.26    5.60    2.27     16.96   17.22   14.47     22.33    8.73    6.77      7.48   51.63   49.48   162.18  131.97   142.58  132.85 
 335  103.61   14.38     32.93    4.61    2.28     16.74   17.92   14.48     22.33    8.73    6.78      7.66   51.71   49.48   162.22  132.14   142.56  133.32 
 336  168.72   13.98     31.48    5.45    2.29     18.33   14.93   14.48     22.44    8.63    6.79      7.66   51.33   49.49   160.33  132.89   140.59  133.96 
 337  168.72   13.85     32.11    5.07    2.30     17.94   15.82   14.49     22.44    8.63    6.79      7.79   51.82   49.49   159.98  133.90   140.49  135.12 
 338  168.72   14.03     32.02    5.13    2.31     17.68   16.23   14.49     22.44    8.63    6.80      7.76   51.81   49.50   159.77  134.64   139.88  135.79 
 339  168.72   14.04     32.99    4.57    2.31     17.34   17.20   14.50     22.44    8.63    6.80      7.81   51.86   49.51   158.53  135.77   138.57  136.71 
 340  168.72   14.03     33.12    4.51    2.32     16.94   17.72   14.51     22.44    8.63    6.81      7.91   50.89   49.51   157.91  136.21   138.20  136.95 
 341  101.23   13.85     32.16    5.03    2.33     19.06   14.37   14.51     22.17    8.92    6.81      8.05   50.99   49.52   157.40  136.30   137.36  137.08 
 342  101.23   13.69     32.46    4.84    2.34     19.69   13.21   14.50     22.17    8.92    6.82      7.97   51.34   49.52   156.10  136.60   136.04  137.53 
 343  101.23   13.77     31.81    5.21    2.34     18.32   15.65   14.51     22.17    8.92    6.83      8.06   51.24   49.53   155.14  136.91   135.12  137.49 
 344  101.23   13.84     32.14    5.01    2.35     17.14   17.69   14.52     22.17    8.92    6.83      8.06   51.09   49.53   155.07  137.37   135.03  138.17 
 345  101.23   13.87     31.32    5.50    2.36     17.48   17.59   14.53     22.17    8.92    6.84      8.07   51.42   49.54   153.40  137.90   133.49  139.08 
 346  132.69   13.81     32.13    4.98    2.37     19.39   13.76   14.52     22.34    8.75    6.84      8.23   49.75   49.54   152.65  138.23   132.92  139.44 
 347  132.69   13.80     31.61    5.28    2.38     18.37   15.88   14.53     22.34    8.75    6.85      8.10   51.76   49.54   151.75  138.55   131.48  139.71 
 348  132.69   13.77     30.36    6.11    2.39     18.29   15.85   14.53     22.34    8.75    6.86      8.34   49.66   49.54   150.28  139.09   130.27  140.17 
 349  132.69   13.95     30.63    5.88    2.40     18.26   16.12   14.54     22.34    8.75    6.86      8.26   50.83   49.55   149.08  139.11   128.75  140.33 
 350  132.69   13.85     32.05    4.99    2.41     16.86   18.81   14.55     22.34    8.75    6.87      8.25   50.85   49.55   148.34  139.87   127.70  140.87 
 351  148.53   15.30     31.87    5.06    2.41     21.23   11.48   14.54     22.40    8.72    6.87      8.25   51.31   49.56   147.20  139.51   126.52  140.53 
 352  148.53   15.02     30.97    5.62    2.42     18.61   15.41   14.54     22.40    8.72    6.88      8.24   51.11   49.56   146.12  140.59   125.76  141.44 
 353  148.53   14.98     29.82    6.42    2.43     18.39   16.00   14.55     22.40    8.72    6.88      8.21   51.45   49.57   144.84  140.41   124.67  141.30 
 354  148.53   15.01     29.65    6.53    2.44     17.16   18.51   14.56     22.40    8.72    6.89      8.28   51.38   49.57   143.65  141.03   123.59  141.59 
 355  148.53   15.10     30.29    6.04    2.46     17.01   18.99   14.57     22.40    8.72    6.89      8.32   51.79   49.58   143.46  140.79   123.12  141.58 
 356  116.70   13.82     29.35    6.72    2.47     20.46   12.79   14.56     22.19    8.95    6.90      8.04   53.31   49.59   141.63  140.90   121.23  141.65 
 357  116.70   13.87     29.47    6.61    2.48     19.71   14.04   14.56     22.19    8.95    6.90      8.17   53.56   49.60   140.99  140.92   120.51  141.70 
 358  116.70   13.71     31.33    5.28    2.49     20.47   12.80   14.56     22.19    8.95    6.91      8.17   52.50   49.61   139.54  141.23   118.88  141.87 
 359  116.70   13.74     29.95    6.19    2.50     19.35   14.70   14.56     22.19    8.95    6.91      8.33   52.39   49.62   138.63  140.78   117.85  141.60 
 360  116.70   13.64     29.32    6.67    2.51     18.60   15.98   14.56     22.19    8.95    6.92      8.25   53.04   49.62   137.94  140.84   117.46  141.56 
 361  155.62   14.28     28.20    7.53    2.52     20.08   13.83   14.56     22.42    8.74    6.93      8.64   51.17   49.63   136.14  140.44   115.32  141.22 
 362  155.62   14.01     28.43    7.31    2.54     19.81   14.17   14.56     22.42    8.74    6.93      8.62   51.58   49.63   135.62  140.65   115.12  141.42 
 363  155.62   14.19     27.95    7.68    2.55     18.91   16.06   14.56     22.42    8.74    6.94      8.60   52.28   49.64   134.01  140.25   113.40  140.86 
 364  155.62   14.21     28.47    7.18    2.56     18.62   16.40   14.57     22.42    8.74    6.94      8.66   51.78   49.65   132.96  139.85   112.30  140.38 
 365  155.62   14.30     28.89    6.80    2.57     17.73   18.65   14.58     22.42    8.74    6.95      8.55   53.01   49.66   131.43  140.05   110.51  140.29 
 366  150.17   14.68     30.24    5.77    2.58     21.11   12.38   14.57     22.30    8.89    6.95      8.88   50.59   49.66   130.71  139.68   109.76  140.05 
 367  150.17   14.33     29.50    6.27    2.59     19.37   15.40   14.58     22.30    8.89    6.96      8.86   51.10   49.66   128.99  139.91   108.19  140.07 
 368  150.17   14.41     28.20    7.27    2.61     19.09   16.04   14.58     22.30    8.89    6.96      8.83   51.66   49.67   127.42  139.63   106.25  139.82 
 369  150.17   14.36     28.47    7.00    2.62     19.09   15.98   14.58     22.30    8.89    6.97      8.84   51.80   49.67   126.47  139.45   105.09  140.07 
 370  150.17   14.36     29.72    6.02    2.63     18.10   17.88   14.59     22.30    8.89    6.97      8.96   51.07   49.68   125.81  139.53   104.50  139.73 
 371  117.40   14.89     31.87    4.67    2.63     19.90   14.54   14.59     22.09    9.15    6.98      8.92   51.34   49.68   124.86  139.78   103.74  139.79 
 372  117.40   14.68     29.09    6.45    2.64     18.27   17.42   14.60     22.09    9.15    6.98      8.89   51.16   49.69   123.36  139.30   101.47  139.67 
 373  117.40   14.46     29.00    6.50    2.65     18.71   16.69   14.61     22.09    9.15    6.99      8.91   51.42   49.69   122.14  140.23   100.41  140.20 
 374  117.40   14.78     29.03    6.42    2.66     18.91   16.34   14.61     22.09    9.15    7.00      9.10   50.00   49.69   120.52  140.68    98.86  140.87 
 375  117.40   14.72     28.18    7.04    2.67     18.29   17.77   14.62     22.09    9.15    7.00      9.04   50.70   49.69   118.47  140.81    96.96  140.87 
 376  161.02   15.10     29.52    6.02    2.68     18.91   16.18   14.62     22.19    9.07    7.01      9.12   50.28   49.70   118.37  140.64    96.62  140.93 
 377  161.02   15.03     28.37    6.87    2.69     19.32   15.64   14.63     22.19    9.07    7.01      9.19   49.18   49.70   116.44  140.60    94.40  140.83 
 378  161.02   15.17     29.61    5.92    2.70     18.73   16.63   14.63     22.19    9.07    7.02      9.19   49.15   49.69   114.79  140.79    92.74  140.79 
 379  161.02   15.30     28.80    6.46    2.71     17.07   20.44   14.65     22.19    9.07    7.02      9.12   50.00   49.69   112.71  141.37    90.75  141.40 
 380  161.02   15.46     27.62    7.38    2.73     16.89   20.91   14.66     22.19    9.07    7.03      9.02   50.59   49.70   111.62  140.52    89.31  141.00 
 381  174.69   15.19     28.28    6.79    2.74     19.81   14.81   14.66     22.27    9.02    7.03      9.15   50.12   49.70   110.61  140.93    88.55  141.20 
 382  174.69   14.64     27.94    7.04    2.75     18.84   16.69   14.67     22.27    9.02    7.04      8.96   51.39   49.70   109.02  140.72    86.88  140.90 
 383  174.69   14.75     28.11    6.88    2.76     17.59   19.29   14.68     22.27    9.02    7.04      9.00   51.46   49.71   107.71  141.35    85.29  141.32 
 384  174.69   14.75     26.80    8.00    2.77     17.04   20.39   14.70     22.27    9.02    7.05      8.87   51.48   49.71   106.30  141.23    83.82  140.82 
 385  174.69   14.53     27.54    7.34    2.78     16.40   21.52   14.71     22.27    9.02    7.05      8.75   52.07   49.72   106.31  140.90    83.59  141.05 
 386  139.62   15.43     27.06    7.71    2.80     18.45   16.81   14.72     22.18    9.14    7.06      8.88   50.58   49.72   105.07  141.51    82.67  141.69 
 387  139.62   15.34     26.70    8.00    2.81     17.89   18.24   14.73     22.18    9.14    7.06      9.19   49.18   49.72   102.97  141.12    80.39  140.90 
 388  139.62   15.45     25.83    8.77    2.82     16.91   20.07   14.74     22.18    9.14    7.07      8.94   50.06   49.72   101.55  142.08    78.69  141.98 
 389  139.62   15.47     26.44    8.21    2.84     16.87   20.12   14.76     22.18    9.14    7.08      8.82   51.08   49.72   100.92  142.34    77.79  142.30 
 390  139.62   15.39     26.26    8.33    2.85     15.47   23.41   14.78     22.18    9.14    7.08      8.70   51.02   49.73    99.19  142.31    76.27  142.01 
 391  154.89   15.71     25.22    9.38    2.87     19.46   14.69   14.78     22.03    9.33    7.09      8.87   50.11   49.73    98.39  142.82    75.16  142.35 
 392  154.89   15.96     26.03    8.54    2.88     16.56   20.41   14.79     22.03    9.33    7.09      8.77   50.73   49.73    98.11  142.65    74.67  142.44 
 393  154.89   15.92     25.32    9.26    2.90     16.90   19.82   14.80     22.03    9.33    7.10      8.88   50.13   49.73    96.43  142.66    72.72  142.56 
