   6    0.70   22.70     44.28    1.00    0.83     20.61   12.04   13.99       Inf    0.00   46.07      7.60   55.98   55.40    98.63  136.04    80.58  136.30 
   7    0.70   22.62     52.15    0.41    0.77     17.22   17.38   14.48       Inf    0.00   39.49      7.52   55.32   55.39    99.16  136.55    81.28  136.94 
   8    0.70   22.67     42.11    1.29    0.84     17.67   16.38   14.71       Inf    0.00   34.55      7.46   56.44   55.52   100.50  136.22    82.54  136.53 
   9    0.70   22.71     46.03    0.82    0.83     16.46   18.97   15.19       Inf    0.00   30.71      7.65   54.32   55.39   100.76  135.91    82.71  136.25 
  10    0.70   22.70     48.27    0.64    0.81     15.14   21.76   15.84       Inf    0.00   27.64      7.46   55.19   55.37   102.14  135.03    84.14  135.76 
  11    0.09   22.61     41.06    1.47    0.87     21.44   10.54   15.36     25.29    6.87   25.75      7.60   52.87   55.14   102.08  135.42    84.10  136.05 
  12    0.09   22.59     41.38    1.41    0.92     17.35   16.74   15.48     25.29    6.87   24.18      7.53   53.52   55.01   102.06  135.58    83.87  136.27 
  13    0.09   22.64     37.08    2.32    1.03     18.93   14.04   15.37     25.29    6.87   22.85      7.64   55.10   55.01   103.53  134.65    85.19  135.60 
  14    0.09   22.69     43.50    1.10    1.03     18.14   15.16   15.35     25.29    6.87   21.71      7.62   54.19   54.95   104.25  134.24    86.16  135.28 
  15    0.09   22.59     43.13    1.15    1.04     16.29   18.96   15.59     25.29    6.87   20.72      7.61   54.08   54.90   104.66  134.10    86.32  134.77 
  16    0.14   22.69     55.38    0.28    0.99     16.82   17.95   15.74     25.87    6.38   19.82      7.86   51.80   54.70   104.92  133.76    86.65  134.27 
  17    0.14   22.68     43.46    1.11    1.00     17.99   15.54   15.73     25.87    6.38   19.03      7.75   54.19   54.67   106.13  133.44    88.18  133.97 
  18    0.14   22.61     41.46    1.40    1.02     17.64   15.93   15.74     25.87    6.38   18.33      7.71   52.06   54.53   106.65  133.29    88.46  133.73 
  19    0.14   22.58     37.84    2.12    1.08     15.81   19.99   15.96     25.87    6.38   17.70      7.72   53.19   54.46   107.34  133.58    89.31  133.99 
  20    0.14   22.73     39.44    1.76    1.11     16.53   18.24   16.08     25.87    6.38   17.13      7.76   52.32   54.35   107.84  133.16    89.66  133.45 
  21    0.21   22.65     40.05    1.64    1.14     21.07   10.91   15.83     24.24    7.66   16.68      7.97   50.56   54.17   108.09  133.27    89.93  133.44 
  22    0.21   22.69     42.13    1.29    1.14     19.14   13.44   15.72     24.24    7.66   16.27      7.70   51.61   54.05   108.37  133.21    90.30  133.48 
  23    0.21   22.64     36.66    2.43    1.20     19.66   12.42   15.58     24.24    7.66   15.90      7.90   50.23   53.89   109.49  133.14    91.34  133.39 
  24    0.21   22.07     38.36    2.00    1.23     18.26   14.49   15.53     24.24    7.66   15.55      7.45   51.12   53.77   109.68  133.56    91.47  133.73 
  25    0.21   22.98     38.05    2.09    1.27     16.91   16.79   15.58     24.24    7.66   15.24      7.69   50.03   53.62   110.26  133.32    92.64  133.45 
  26    0.22   22.03     37.46    2.24    1.31     17.98   14.86   15.56     23.21    8.56   14.98      7.36   51.47   53.54   110.59  133.26    92.94  133.48 
  27    0.22   22.01     36.49    2.51    1.35     16.98   16.55   15.59     23.21    8.56   14.74      7.37   52.08   53.48   111.27  133.70    93.70  133.49 
  28    0.22   22.16     36.94    2.40    1.39     16.54   17.05   15.64     23.21    8.56   14.52      7.15   52.15   53.44   111.79  134.22    93.97  134.19 
  29    0.22   22.07     34.80    3.06    1.45     16.66   16.82   15.68     23.21    8.56   14.32      7.13   51.93   53.39   111.94  134.19    94.37  134.05 
  30    0.22   22.06     49.41    0.57    1.42     15.60   18.93   15.79     23.21    8.56   14.13      6.92   53.38   53.39   112.17  134.34    94.49  134.28 
  31    0.19   22.06     40.69    1.56    1.42     18.85   12.68   15.69     22.71    8.97   13.96      7.06   51.73   53.33   113.11  134.20    95.47  134.39 
  32    0.19   22.68     40.94    1.51    1.42     17.68   14.49   15.66     22.71    8.97   13.80      6.93   51.41   53.27   113.20  133.72    95.61  134.03 
  33    0.19   22.08     38.98    1.90    1.44     16.41   16.65   15.69     22.71    8.97   13.66      6.95   52.24   53.24   113.78  133.74    96.27  133.98 
  34    0.19   22.79     38.78    1.96    1.45     16.47   16.22   15.70     22.71    8.97   13.52      6.68   52.00   53.20   114.19  134.14    96.81  134.31 
  35    0.19   22.06     41.44    1.45    1.45     15.15   18.84   15.79     22.71    8.97   13.39      6.73   51.02   53.14   114.07  134.15    97.11  134.16 
  36    0.21   22.67     36.00    2.69    1.49     18.72   12.17   15.69     21.90    9.71   13.29      6.81   50.46   53.07   114.98  134.02    97.57  133.96 
  37    0.21   22.09     35.48    2.86    1.52     19.44   11.17   15.57     21.90    9.71   13.19      6.76   50.86   53.01   115.13  134.15    97.79  134.36 
  38    0.21   22.68     36.64    2.51    1.55     17.95   13.18   15.51     21.90    9.71   13.10      6.56   51.18   52.96   115.28  134.44    97.85  134.60 
  39    0.21   22.09     34.16    3.34    1.60     17.58   13.68   15.46     21.90    9.71   13.01      6.64   50.73   52.90   116.02  134.33    98.59  134.47 
  40    0.21   22.80     37.71    2.24    1.61     15.96   16.67   15.49     21.90    9.71   12.93      6.58   51.05   52.86   115.43  135.02    98.05  135.09 
  41    0.27   22.18     36.36    2.61    1.64     19.54   10.86   15.38     21.61    9.87   12.85      6.73   49.98   52.79   116.30  135.15    99.07  135.46 
  42    0.27   22.81     35.85    2.77    1.66     18.37   12.33   15.30     21.61    9.87   12.78      6.58   50.02   52.72   116.45  135.83    99.28  136.02 
  43    0.27   22.16     36.22    2.66    1.69     18.70   11.98   15.23     21.61    9.87   12.72      6.49   51.21   52.69   116.90  136.29    99.44  136.40 
  44    0.27   22.16     35.62    2.87    1.71     16.95   14.48   15.21     21.61    9.87   12.65      6.58   49.80   52.62   117.36  136.78   100.11  137.11 
  45    0.27   22.15     34.28    3.35    1.75     16.30   15.83   15.22     21.61    9.87   12.59      6.72   50.19   52.57   117.65  137.22    99.74  137.92 
  46    0.23   22.77     36.49    2.60    1.77     18.75   11.61   15.14     21.55    9.80   12.53      6.46   49.69   52.50   117.97  137.72   100.07  138.36 
  47    0.23   22.11     36.83    2.52    1.78     17.80   13.14   15.10     21.55    9.80   12.47      6.62   49.37   52.44   118.09  138.04   100.05  138.68 
  48    0.23   22.64     37.24    2.41    1.80     17.27   13.79   15.07     21.55    9.80   12.42      6.47   49.56   52.38   118.33  138.43   100.36  139.04 
  49    0.23   22.67     36.90    2.52    1.81     15.94   16.23   15.10     21.55    9.80   12.36      6.52   49.93   52.33   119.37  138.25   101.39  138.79 
  50    0.23   22.19     37.68    2.30    1.82     17.72   13.22   15.06     21.55    9.80   12.31      6.34   50.18   52.28   118.85  138.84   101.07  139.35 
  51    0.25   22.67     37.85    2.26    1.83     18.48   12.46   15.01     21.06   10.23   12.27      6.60   50.54   52.25   118.94  138.79   101.38  139.25 
  52    0.25   22.12     35.80    2.85    1.85     19.23   11.32   14.94     21.06   10.23   12.23      6.40   50.59   52.22   119.65  138.88   101.72  138.88 
  53    0.25   22.02     33.87    3.55    1.88     17.65   13.65   14.91     21.06   10.23   12.19      6.59   50.24   52.18   119.84  138.54   101.90  138.62 
  54    0.25   22.70     34.63    3.27    1.91     17.68   13.63   14.89     21.06   10.23   12.16      6.49   50.54   52.15   120.39  138.57   102.35  138.40 
  55    0.25   22.06     36.02    2.78    1.92     15.96   16.78   14.92     21.06   10.23   12.12      6.56   50.17   52.11   120.09  138.67   102.24  138.42 
  56    0.29   22.02     33.24    3.83    1.96     19.14   11.56   14.86     20.78   10.48   12.09      6.57   50.91   52.09   121.09  138.17   103.20  138.17 
  57    0.29   22.03     34.94    3.16    1.98     17.77   13.50   14.84     20.78   10.48   12.06      6.38   51.31   52.08   121.49  137.77   103.21  137.72 
  58    0.29   22.08     37.66    2.32    1.99     18.06   13.26   14.81     20.78   10.48   12.04      6.71   50.21   52.05   121.33  137.66   103.18  137.71 
  59    0.29   22.02     35.90    2.84    2.00     16.95   15.14   14.82     20.78   10.48   12.01      6.81   50.61   52.02   121.55  137.25   103.52  137.36 
  60    0.29   22.02     35.30    3.04    2.02     16.91   15.57   14.83     20.78   10.48   11.99      6.84   51.97   52.02   122.03  137.24   103.92  137.41 
  61    0.28   21.43     37.72    2.30    2.02     17.75   14.18   14.82     20.51   10.76   11.97      6.74   51.73   52.02   121.91  137.43   103.82  137.68 
  62    0.28   21.42     35.81    2.86    2.04     17.80   13.98   14.81     20.51   10.76   11.95      6.94   51.11   52.00   122.45  136.87   104.47  137.15 
  63    0.28   21.45     36.50    2.65    2.04     17.75   14.12   14.80     20.51   10.76   11.93      6.89   51.27   51.99   122.50  136.90   104.52  137.28 
  64    0.28   21.52     37.36    2.40    2.05     16.42   16.61   14.82     20.51   10.76   11.91      7.10   51.31   51.98   122.66  136.40   104.70  136.79 
  65    0.28   21.41     38.19    2.18    2.05     16.85   15.79   14.84     20.51   10.76   11.89      6.93   52.14   51.98   122.95  136.54   104.86  137.12 
  66    0.32   22.03     37.09    2.48    2.06     18.14   13.62   14.82     20.50   10.74   11.87      6.83   52.69   51.99   123.42  136.20   105.49  136.70 
  67    0.32   22.00     35.95    2.82    2.07     17.77   14.25   14.81     20.50   10.74   11.86      7.05   51.62   51.99   123.56  136.01   105.75  136.62 
  68    0.32   22.00     35.75    2.89    2.08     18.64   12.95   14.79     20.50   10.74   11.84      6.96   51.81   51.98   123.43  136.09   105.46  136.73 
  69    0.32   22.03     36.25    2.73    2.09     17.97   14.28   14.78     20.50   10.74   11.82      7.11   52.87   52.00   124.06  136.08   105.93  136.87 
  70    0.32   22.04     37.02    2.51    2.10     17.00   16.18   14.80     20.50   10.74   11.81      7.08   52.40   52.00   124.08  136.23   106.27  136.95 
  71    0.33   22.62     34.69    3.29    2.11     16.00   18.73   14.85     20.21   11.08   11.80      7.28   53.00   52.02   124.31  135.60   106.64  136.01 
  72    0.33   21.99     36.10    2.78    2.12     17.73   15.38   14.86     20.21   11.08   11.79      7.28   53.27   52.03   124.23  136.40   106.59  136.87 
  73    0.33   21.99     35.54    2.97    2.14     17.19   16.46   14.88     20.21   11.08   11.78      7.28   53.68   52.06   124.96  136.33   107.21  136.82 
  74    0.33   22.63     37.42    2.39    2.14     17.42   15.84   14.90     20.21   11.08   11.77      7.22   53.43   52.08   124.78  136.23   107.11  136.58 
  75    0.33   22.00     36.03    2.82    2.15     15.66   19.92   14.96     20.21   11.08   11.76      7.29   54.15   52.10   124.74  135.99   107.38  136.43 
  76    0.40   21.49     34.96    3.18    2.16     16.87   16.90   14.99     20.01   11.38   11.75      7.26   53.77   52.13   124.89  136.34   107.67  136.56 
  77    0.40   21.45     32.81    4.07    2.19     15.09   20.90   15.06     20.01   11.38   11.75      7.09   54.42   52.16   125.65  135.82   108.16  136.09 
  78    0.40   21.44     34.23    3.47    2.20     16.50   17.61   15.10     20.01   11.38   11.75      7.08   54.64   52.19   125.30  135.88   107.78  136.47 
  79    0.40   21.50     33.28    3.88    2.22     15.58   19.70   15.16     20.01   11.38   11.74      7.09   54.99   52.22   126.36  136.20   108.83  136.79 
  80    0.40   21.50     35.38    3.04    2.23     15.60   19.54   15.21     20.01   11.38   11.74      7.04   54.07   52.25   126.06  135.56   108.60  136.27 
  81    0.41   22.07     33.29    3.86    2.25     18.05   14.77   15.21     19.90   11.55   11.73      7.15   53.64   52.26   126.38  136.00   108.57  136.06 
  82    0.41   22.12     32.97    4.00    2.28     19.97   11.81   15.16     19.90   11.55   11.73      7.16   53.49   52.28   126.28  136.06   108.66  136.71 
  83    0.41   21.41     34.26    3.47    2.29     19.70   12.11   15.13     19.90   11.55   11.73      7.25   52.84   52.28   126.63  135.83   108.94  136.65 
  84    0.41   22.08     33.83    3.63    2.31     18.89   13.33   15.11     19.90   11.55   11.73      7.21   52.51   52.29   126.84  136.04   109.06  136.63 
  85    0.41   21.47     35.10    3.15    2.32     17.64   15.49   15.11     19.90   11.55   11.72      7.00   53.76   52.30   126.94  136.31   108.93  136.89 
  86    0.35   21.45     36.03    2.82    2.32     17.10   16.67   15.13     19.80   11.70   11.72      7.12   53.61   52.32   126.54  136.03   108.60  136.32 
  87    0.35   21.45     33.54    3.78    2.34     16.74   17.55   15.16     19.80   11.70   11.72      7.20   54.13   52.34   127.32  136.05   109.25  136.58 
  88    0.35   21.52     34.61    3.32    2.35     16.54   17.79   15.19     19.80   11.70   11.72      7.34   52.12   52.34   127.32  136.28   109.24  136.79 
  89    0.35   21.44     35.26    3.08    2.36     16.80   17.63   15.21     19.80   11.70   11.72      7.25   53.62   52.35   127.07  135.94   109.22  136.62 
  90    0.35   21.46     33.96    3.60    2.37     17.28   16.31   15.23     19.80   11.70   11.72      7.29   53.84   52.37   127.50  135.92   109.53  136.59 
  91    0.44   20.44     34.49    3.39    2.38     18.42   14.63   15.22     19.86   11.65   11.72      7.20   53.82   52.39   126.96  135.73   109.43  136.24 
  92    0.44   20.47     32.77    4.11    2.40     19.37   12.93   15.19     19.86   11.65   11.72      7.22   53.37   52.40   127.52  136.16   110.11  136.58 
  93    0.44   20.43     33.64    3.73    2.42     17.71   15.82   15.20     19.86   11.65   11.72      7.09   54.17   52.41   127.39  135.44   109.70  135.87 
  94    0.44   20.54     34.38    3.42    2.43     19.98   12.00   15.17     19.86   11.65   11.72      7.15   53.60   52.43   127.36  135.97   109.91  136.47 
  95    0.44   20.47     33.28    3.88    2.44     16.34   18.43   15.20     19.86   11.65   11.72      7.15   53.55   52.44   127.51  135.31   110.08  135.70 
  96    0.54   21.45     33.02    4.01    2.46     20.41   11.55   15.16     19.64   11.99   11.72      7.01   54.78   52.46   127.41  135.65   110.12  135.98 
  97    0.54   22.05     35.71    2.94    2.46     18.42   14.51   15.16     19.64   11.99   11.73      7.06   54.60   52.49   127.72  135.86   110.35  136.03 
  98    0.54   22.12     34.86    3.26    2.47     18.43   14.38   15.15     19.64   11.99   11.73      7.21   52.89   52.49   127.26  135.57   110.21  136.23 
  99    0.54   22.65     36.41    2.71    2.47     17.48   16.17   15.16     19.64   11.99   11.73      7.08   54.09   52.51   127.54  135.36   110.49  136.08 
 100    0.54   22.73     34.04    3.56    2.48     16.54   18.25   15.19     19.64   11.99   11.73      7.11   54.84   52.53   128.24  135.09   111.11  135.93 
 101    0.49   22.03     37.51    2.40    2.48     18.45   14.54   15.18     19.74   11.88   11.73      7.08   54.51   52.55   127.51  135.54   110.06  136.50 
 102    0.49   22.06     39.41    1.92    2.48     19.12   13.42   15.17     19.74   11.88   11.74      7.12   54.23   52.57   127.57  135.54   110.21  136.34 
 103    0.49   22.69     36.54    2.68    2.48     19.51   12.95   15.14     19.74   11.88   11.74      7.08   54.85   52.59   127.94  135.65   110.48  136.51 
 104    0.49   22.00     39.63    1.88    2.47     19.82   12.33   15.12     19.74   11.88   11.74      7.11   53.75   52.60   128.14  135.34   110.63  136.22 
 105    0.49   22.08     38.58    2.12    2.47     18.33   14.77   15.11     19.74   11.88   11.74      7.12   54.42   52.62   128.04  135.22   110.73  136.20 
 106    0.70   22.19     39.79    1.85    2.47     19.23   13.12   15.10     19.67   12.01   11.74      7.05   54.15   52.63   128.19  135.26   110.62  136.22 
 107    0.70   21.50     37.37    2.44    2.46     17.70   15.96   15.10     19.67   12.01   11.75      7.14   54.49   52.65   128.38  134.96   110.97  135.94 
 108    0.70   22.12     41.30    1.55    2.46     19.09   13.48   15.09     19.67   12.01   11.75      7.07   54.40   52.66   127.96  135.52   110.78  136.53 
 109    0.70   21.52     37.05    2.54    2.46     17.64   16.03   15.10     19.67   12.01   11.75      7.10   54.56   52.68   128.40  134.97   111.04  136.04 
 110    0.70   22.14     36.78    2.61    2.46     17.31   16.38   15.11     19.67   12.01   11.75      6.99   54.59   52.70   128.57  135.51   110.88  136.44 
 111    0.64   22.67     39.26    1.96    2.45     17.39   16.45   15.12     19.64   12.08   11.76      7.05   54.64   52.72   128.40  135.60   110.56  136.46 
 112    0.64   22.74     36.06    2.84    2.46     18.66   14.11   15.11     19.64   12.08   11.76      6.92   54.85   52.74   128.75  135.01   111.29  136.00 
 113    0.64   22.66     39.67    1.87    2.45     18.69   14.49   15.11     19.64   12.08   11.76      6.97   56.01   52.76   127.83  134.99   110.60  136.05 
 114    0.64   22.71     38.46    2.14    2.45     19.57   12.92   15.09     19.64   12.08   11.76      7.03   55.37   52.79   127.97  134.80   110.69  135.75 
 115    0.64   22.67     39.06    2.00    2.45     18.86   13.98   15.08     19.64   12.08   11.77      7.05   55.17   52.81   128.26  135.24   110.90  136.30 
 116    0.62   22.69     39.71    1.86    2.44     18.68   14.13   15.07     19.64   12.12   11.77      7.13   54.06   52.82   128.37  135.02   110.71  135.97 
 117    0.62   22.08     37.21    2.48    2.44     16.01   19.28   15.11     19.64   12.12   11.77      7.27   53.05   52.82   128.90  135.02   111.20  135.95 
 118    0.62   22.76     41.51    1.52    2.43     16.97   17.12   15.12     19.64   12.12   11.78      7.08   53.11   52.82   127.80  134.56   110.36  135.60 
 119    0.62   22.11     34.63    3.34    2.44     15.75   19.80   15.16     19.64   12.12   11.78      7.10   53.75   52.83   129.07  134.39   111.99  135.45 
 120    0.62   22.68     38.00    2.27    2.44     17.59   15.97   15.17     19.64   12.12   11.78      6.90   54.41   52.84   127.97  134.39   111.08  135.35 
 121    0.68   21.45     34.13    3.54    2.45     18.53   14.23   15.16     19.38   12.51   11.79      7.04   52.95   52.85   128.25  133.90   111.57  135.08 
 122    0.68   21.53     37.19    2.47    2.45     18.18   14.96   15.16     19.38   12.51   11.79      6.96   54.21   52.86   128.27  133.74   111.72  134.69 
 123    0.68   21.43     39.05    2.00    2.45     17.74   15.83   15.16     19.38   12.51   11.80      6.93   54.79   52.87   127.99  133.83   111.60  134.72 
 124    0.68   21.56     36.34    2.73    2.45     17.35   16.28   15.17     19.38   12.51   11.81      7.08   53.52   52.88   128.21  133.92   111.73  134.69 
 125    0.68   21.47     36.04    2.82    2.45     18.58   14.22   15.17     19.38   12.51   11.81      7.01   54.07   52.89   128.20  133.52   111.56  134.43 
 126    0.58   22.01     36.32    2.74    2.45     21.59    9.92   15.12     19.42   12.46   11.82      7.08   53.72   52.89   128.28  133.65   111.15  134.70 
 127    0.58   22.00     34.83    3.25    2.46     20.91   10.77   15.09     19.42   12.46   11.82      7.14   53.14   52.90   128.43  133.26   110.99  134.43 
 128    0.58   22.04     35.06    3.16    2.46     20.89   10.83   15.06     19.42   12.46   11.83      7.15   53.48   52.90   128.62  133.73   111.28  134.52 
 129    0.58   22.03     37.26    2.46    2.46     20.28   11.82   15.03     19.42   12.46   11.83      7.15   53.63   52.91   128.30  133.32   111.08  134.20 
 130    0.58   22.10     35.54    3.00    2.47     20.98   10.76   15.00     19.42   12.46   11.84      7.22   52.92   52.91   128.60  133.72   111.45  134.51 
 131    0.64   21.42     37.11    2.49    2.47     17.56   15.87   15.01     19.51   12.35   11.84      6.96   54.31   52.92   129.03  133.76   111.67  134.50 
 132    0.64   21.41     35.73    2.94    2.47     16.70   17.51   15.02     19.51   12.35   11.84      7.15   53.18   52.92   129.12  133.82   111.78  134.54 
 133    0.64   21.40     36.73    2.62    2.47     16.06   18.75   15.05     19.51   12.35   11.85      7.11   52.99   52.92   128.92  133.93   111.24  134.74 
 134    0.64   21.43     38.48    2.15    2.47     15.65   20.14   15.09     19.51   12.35   11.85      7.22   52.71   52.92   128.28  134.57   110.94  135.35 
 135    0.64   21.41     39.58    1.89    2.47     18.02   15.38   15.09     19.51   12.35   11.85      7.38   52.70   52.92   128.77  133.97   111.70  134.73 
 136    1.16   20.53     38.41    2.17    2.46     18.61   14.27   15.09     19.42   12.50   11.86      7.26   53.11   52.92   128.42  134.21   111.33  135.06 
 137    1.16   20.43     40.60    1.69    2.46     18.95   13.87   15.08     19.42   12.50   11.86      7.40   52.90   52.92   129.06  134.09   111.87  135.08 
 138    1.16   20.47     38.94    2.05    2.46     19.17   13.23   15.06     19.42   12.50   11.87      7.29   51.87   52.91   128.94  134.23   112.24  135.07 
 139    1.16   20.42     39.63    1.88    2.45     18.60   14.42   15.06     19.42   12.50   11.87      7.29   53.22   52.91   129.00  134.05   112.12  135.18 
 140    1.16   20.44     39.80    1.85    2.45     18.55   14.15   15.05     19.42   12.50   11.88      7.18   52.88   52.91   129.08  134.21   112.23  135.04 
 141    0.66   21.45     39.37    1.94    2.44     18.64   14.28   15.05     19.35   12.61   11.88      7.23   53.34   52.91   128.40  134.23   111.60  134.91 
 142    0.66   21.56     37.44    2.42    2.44     16.32   18.13   15.07     19.35   12.61   11.89      7.08   52.91   52.91   128.29  133.30   111.33  134.07 
 143    0.66   21.45     38.90    2.05    2.44     18.04   15.02   15.07     19.35   12.61   11.89      7.08   53.81   52.92   128.44  133.47   111.67  134.15 
 144    0.66   21.48     39.84    1.84    2.44     17.95   14.95   15.07     19.35   12.61   11.90      7.00   53.26   52.92   128.34  133.75   111.69  134.18 
 145    0.66   21.47     38.32    2.18    2.44     17.82   15.27   15.07     19.35   12.61   11.90      7.03   53.71   52.93   128.63  133.55   112.03  134.02 
 146    0.71   22.70     39.98    1.80    2.43     18.15   14.44   15.07     19.22   12.81   11.91      6.97   52.95   52.93   128.66  133.59   111.85  134.21 
 147    0.71   22.06     38.98    2.03    2.43     17.50   15.91   15.07     19.22   12.81   11.92      6.98   53.84   52.93   128.04  133.25   111.36  133.98 
 148    0.71   22.79     38.33    2.18    2.43     16.83   16.81   15.08     19.22   12.81   11.92      6.93   53.97   52.94   128.96  133.67   112.00  134.61 
 149    0.71   22.04     43.47    1.21    2.42     17.39   16.13   15.09     19.22   12.81   11.93      7.06   53.10   52.94   128.66  133.62   111.39  134.36 
 150    0.71   22.67     49.77    0.58    2.41     16.77   17.14   15.10     19.22   12.81   11.93      7.26   51.55   52.93   128.06  133.12   111.03  134.32 
 151    0.93   22.13     39.89    1.82    2.40     18.79   13.66   15.09     19.47   12.45   11.94      7.16   53.06   52.93   128.55  133.06   111.57  134.48 
 152    0.93   22.04     39.68    1.86    2.40     16.71   17.31   15.11     19.47   12.45   11.94      7.11   53.02   52.94   128.78  132.83   111.97  134.29 
 153    0.93   22.10     40.96    1.60    2.39     18.28   14.41   15.10     19.47   12.45   11.94      6.96   53.49   52.94   128.71  133.09   111.31  134.56 
 154    0.93   22.21     37.46    2.41    2.39     17.88   15.13   15.10     19.47   12.45   11.95      7.12   52.74   52.94   128.73  133.04   111.37  134.41 
 155    0.93   22.04     38.03    2.25    2.39     17.60   15.41   15.11     19.47   12.45   11.95      6.94   53.11   52.94   128.86  132.96   111.50  134.35 
 156    0.81   20.46     37.67    2.34    2.39     20.57   10.94   15.08     19.44   12.51   11.95      7.09   52.16   52.93   128.59  133.28   111.31  134.37 
 157    0.81   20.49     35.65    2.96    2.40     19.02   13.16   15.07     19.44   12.51   11.96      6.78   54.42   52.94   128.93  133.27   111.59  134.31 
 158    0.81   20.50     40.86    1.63    2.39     17.97   14.68   15.06     19.44   12.51   11.96      6.85   53.19   52.94   128.54  133.57   110.92  134.58 
 159    0.81   20.54     37.42    2.42    2.39     19.20   12.70   15.05     19.44   12.51   11.96      6.89   53.16   52.95   129.07  133.62   111.56  134.73 
 160    0.81   20.55     36.89    2.57    2.39     18.44   13.77   15.04     19.44   12.51   11.97      6.90   53.06   52.95   128.69  133.83   111.28  134.44 
 161    1.02   21.49     38.05    2.25    2.39     18.43   13.82   15.03     19.36   12.61   11.97      6.91   53.31   52.95   128.70  134.12   111.07  134.58 
 162    1.02   21.45     37.70    2.35    2.39     17.45   15.17   15.03     19.36   12.61   11.98      6.82   52.65   52.95   128.63  133.99   111.04  134.43 
 163    1.02   21.46     40.07    1.78    2.39     17.55   15.02   15.03     19.36   12.61   11.98      6.93   52.34   52.94   129.00  133.88   111.29  134.43 
 164    1.02   21.44     40.48    1.71    2.38     16.73   16.29   15.04     19.36   12.61   11.98      6.81   52.06   52.94   128.49  134.36   111.18  134.68 
 165    1.02   21.44     37.48    2.42    2.38     17.93   14.38   15.04     19.36   12.61   11.99      6.95   52.24   52.93   129.02  134.31   111.25  135.20 
 166    0.94   20.55     43.67    1.18    2.38     17.48   14.74   15.04     19.30   12.69   11.99      6.75   52.02   52.93   129.19  134.26   111.29  135.21 
 167    0.94   20.47     40.04    1.79    2.37     17.45   14.75   15.03     19.30   12.69   12.00      6.74   52.06   52.92   129.13  134.54   111.28  135.25 
 168    0.94   20.46     37.26    2.48    2.37     15.82   17.70   15.05     19.30   12.69   12.00      6.64   52.29   52.92   129.59  134.33   111.51  134.87 
 169    0.94   20.46     37.39    2.43    2.37     16.07   17.11   15.06     19.30   12.69   12.00      6.66   51.50   52.91   129.36  134.60   111.31  135.37 
 170    0.94   20.45     37.70    2.35    2.37     16.08   16.98   15.07     19.30   12.69   12.01      6.56   51.73   52.90   129.30  134.27   111.25  134.97 
 171    0.88   22.65     38.93    2.05    2.37     15.95   17.25   15.09     18.90   13.26   12.01      6.47   52.90   52.90   129.74  134.10   111.89  134.86 
 172    0.88   22.15     40.74    1.66    2.37     14.78   19.34   15.11     18.90   13.26   12.02      6.38   51.95   52.90   129.95  134.63   112.13  135.00 
 173    0.88   22.69     37.79    2.34    2.37     14.92   19.33   15.14     18.90   13.26   12.03      6.45   51.91   52.89   129.83  134.10   112.12  134.33 
 174    0.88   22.09     39.64    1.88    2.36     14.49   19.89   15.16     18.90   13.26   12.04      6.28   52.18   52.89   129.44  134.13   112.00  134.36 
 175    0.88   22.68     36.73    2.64    2.37     14.60   19.64   15.19     18.90   13.26   12.04      6.25   52.77   52.89   129.77  133.96   112.27  134.24 
 176    1.10   22.04     43.98    1.14    2.36     15.26   18.20   15.21     18.78   13.41   12.05      6.24   52.58   52.89   129.45  134.16   111.63  134.64 
 177    1.10   22.00     38.12    2.25    2.36     15.48   17.58   15.22     18.78   13.41   12.06      6.41   51.30   52.88   129.91  133.76   111.76  134.21 
 178    1.10   22.09     39.18    1.98    2.36     15.01   18.52   15.24     18.78   13.41   12.07      6.36   51.97   52.87   130.37  134.02   112.21  134.53 
 179    1.10   22.01     38.52    2.14    2.36     14.92   18.68   15.26     18.78   13.41   12.07      6.25   51.44   52.86   129.93  133.91   111.84  134.01 
 180    1.10   22.00     39.43    1.93    2.35     15.06   18.45   15.28     18.78   13.41   12.08      6.33   51.92   52.86   130.20  134.02   111.88  134.16 
 181    1.05   22.03     42.03    1.43    2.35     17.31   14.09   15.27     19.19   12.76   12.09      6.22   51.67   52.85   130.18  134.21   112.01  134.41 
 182    1.05   22.02     39.83    1.85    2.35     17.05   14.47   15.26     19.19   12.76   12.09      6.38   50.83   52.84   130.94  133.91   112.37  134.36 
 183    1.05   22.03     39.52    1.92    2.34     17.31   14.02   15.26     19.19   12.76   12.09      6.18   51.88   52.84   130.92  134.03   112.44  134.34 
 184    1.05   22.11     39.67    1.88    2.34     17.90   13.19   15.25     19.19   12.76   12.10      6.34   51.36   52.83   130.77  134.25   112.38  134.82 
 185    1.05   22.05     38.75    2.10    2.34     18.77   12.01   15.23     19.19   12.76   12.10      6.41   51.19   52.82   130.81  134.22   112.64  134.73 
 186    0.84   21.44     37.03    2.55    2.34     19.03   11.54   15.21     19.10   12.85   12.10      6.31   51.79   52.81   131.06  134.98   112.76  135.08 
 187    0.84   21.44     40.33    1.75    2.34     16.23   15.96   15.21     19.10   12.85   12.11      6.40   50.76   52.80   130.56  134.48   112.17  134.72 
 188    0.84   21.54     40.91    1.64    2.33     16.04   16.40   15.22     19.10   12.85   12.11      6.37   51.98   52.80   130.49  135.21   112.34  135.33 
 189    0.84   21.67     35.42    3.10    2.34     18.06   12.88   15.21     19.10   12.85   12.12      6.46   50.93   52.79   131.40  135.11   113.04  135.23 
 190    0.84   21.57     38.30    2.22    2.34     17.08   14.48   15.20     19.10   12.85   12.12      6.44   50.87   52.78   131.24  135.56   113.36  135.51 
 191    1.17   20.45     36.97    2.59    2.34     16.79   14.91   15.20     18.96   13.02   12.12      6.44   50.89   52.77   132.14  135.58   114.19  135.77 
 192    1.17   20.48     40.18    1.79    2.34     17.71   13.44   15.19     18.96   13.02   12.13      6.39   50.71   52.76   131.49  135.60   113.54  135.89 
 193    1.17   20.47     43.39    1.24    2.33     16.62   15.37   15.19     18.96   13.02   12.13      6.34   51.74   52.75   131.70  135.28   113.89  135.49 
 194    1.17   20.48     40.19    1.79    2.33     17.71   13.48   15.18     18.96   13.02   12.14      6.37   51.37   52.75   131.71  135.13   113.40  135.68 
 195    1.17   20.48     34.80    3.33    2.33     16.21   16.06   15.19     18.96   13.02   12.14      6.34   51.68   52.74   132.27  134.73   113.81  135.46 
 196    1.63   20.61     38.02    2.29    2.33     18.65   12.16   15.17     18.71   13.38   12.15      6.49   50.90   52.73   131.83  134.88   113.43  135.36 
 197    1.63   20.47     36.69    2.68    2.33     17.45   14.04   15.17     18.71   13.38   12.16      6.39   51.68   52.72   132.55  134.40   113.97  134.68 
 198    1.63   20.48     36.64    2.69    2.34     16.75   15.43   15.17     18.71   13.38   12.16      6.34   52.21   52.72   131.88  134.15   113.38  134.61 
 199    1.63   20.50     37.28    2.50    2.34     18.63   12.40   15.16     18.71   13.38   12.17      6.48   51.59   52.72   132.87  134.03   114.38  134.33 
 200    1.63   20.47     35.23    3.17    2.34     18.78   12.16   15.14     18.71   13.38   12.17      6.40   51.60   52.71   132.70  134.11   114.65  134.35 
 201    1.25   21.45     38.74    2.10    2.34     17.85   13.58   15.13     18.97   12.96   12.18      6.42   51.70   52.71   132.35  133.85   114.42  134.19 
 202    1.25   21.51     42.73    1.33    2.33     16.65   15.62   15.13     18.97   12.96   12.18      6.40   52.14   52.70   132.42  134.05   114.12  134.08 
 203    1.25   21.43     38.61    2.14    2.33     17.13   14.73   15.13     18.97   12.96   12.19      6.50   51.38   52.70   132.70  133.63   114.69  133.48 
 204    1.25   21.44     39.50    1.93    2.33     16.73   15.47   15.13     18.97   12.96   12.19      6.38   52.06   52.69   132.90  133.72   114.65  133.60 
 205    1.25   21.45     37.00    2.58    2.33     15.96   17.08   15.14     18.97   12.96   12.19      6.45   52.27   52.69   133.73  133.45   115.37  133.63 
 206    1.16   22.74     36.24    2.82    2.33     15.79   17.31   15.15     18.63   13.45   12.20      6.36   52.26   52.69   133.56  133.32   115.09  133.51 
 207    1.16   22.11     38.89    2.08    2.33     14.64   19.95   15.18     18.63   13.45   12.21      6.35   52.61   52.69   132.89  133.66   114.50  133.82 
 208    1.16   22.83     39.77    1.87    2.33     15.89   17.49   15.19     18.63   13.45   12.21      6.51   52.09   52.69   133.93  133.85   115.95  134.04 
 209    1.16   22.12     40.33    1.76    2.33     15.27   18.56   15.20     18.63   13.45   12.22      6.39   52.20   52.68   133.52  133.63   115.38  133.87 
 210    1.16   22.70     40.96    1.65    2.33     15.12   18.74   15.22     18.63   13.45   12.22      6.33   52.77   52.68   134.25  133.93   115.79  134.04 
 211    1.22   20.63     38.68    2.15    2.32     17.61   14.09   15.22     18.67   13.37   12.23      6.43   51.93   52.68   134.66  133.60   116.15  134.02 
 212    1.22   20.63     41.14    1.62    2.32     16.26   16.43   15.22     18.67   13.37   12.23      6.51   50.82   52.67   133.98  134.17   116.05  134.69 
 213    1.22   20.63     37.99    2.33    2.32     16.27   16.38   15.23     18.67   13.37   12.24      6.56   50.86   52.66   134.05  133.76   115.99  134.31 
 214    1.22   20.70     43.50    1.23    2.32     15.79   17.49   15.24     18.67   13.37   12.24      6.52   51.84   52.66   134.68  133.91   116.65  134.57 
 215    1.22   20.63     42.14    1.45    2.31     15.64   17.94   15.25     18.67   13.37   12.25      6.58   52.02   52.66   134.83  134.33   116.59  135.26 
 216    1.31   22.10     42.34    1.41    2.31     14.98   19.75   15.27     18.29   13.94   12.26      6.84   51.19   52.65   135.37  134.36   116.99  135.29 
 217    1.31   22.10     42.96    1.32    2.30     14.70   20.57   15.30     18.29   13.94   12.27      6.61   52.99   52.65   135.33  134.77   117.02  135.56 
 218    1.31   22.14     41.55    1.55    2.30     14.39   21.27   15.32     18.29   13.94   12.27      6.76   51.74   52.65   135.09  135.00   116.83  135.82 
 219    1.31   22.12     45.80    0.95    2.29     14.52   21.17   15.35     18.29   13.94   12.28      6.84   52.11   52.64   135.63  135.43   117.24  136.05 
 220    1.31   22.22     43.04    1.31    2.29     13.83   22.72   15.38     18.29   13.94   12.29      6.83   51.73   52.64   135.66  135.41   116.98  136.14 
 221    1.39   22.04     38.29    2.27    2.29     17.26   15.20   15.38     18.69   13.31   12.29      6.78   51.46   52.64   135.84  135.35   117.00  136.15 
 222    1.39   22.04     44.90    1.06    2.28     16.20   17.24   15.39     18.69   13.31   12.30      6.65   52.48   52.63   136.51  135.66   117.54  135.99 
 223    1.39   22.02     39.98    1.87    2.28     16.41   16.80   15.40     18.69   13.31   12.30      6.69   51.54   52.63   136.50  135.24   117.53  135.64 
 224    1.39   22.06     42.98    1.32    2.28     14.28   21.39   15.42     18.69   13.31   12.31      6.70   51.72   52.63   136.30  135.55   117.51  135.72 
 225    1.39   22.02     39.42    1.99    2.28     15.18   19.34   15.44     18.69   13.31   12.31      6.80   51.01   52.62   137.31  135.01   118.59  135.29 
 226    1.65   21.62     38.25    2.29    2.28     13.44   23.40   15.48     18.16   14.14   12.32      6.67   51.53   52.61   136.89  134.64   118.13  134.95 
 227    1.65   21.51     38.94    2.11    2.28     13.62   23.12   15.51     18.16   14.14   12.33      6.48   52.57   52.61   137.49  134.40   118.98  134.86 
 228    1.65   21.51     38.13    2.32    2.28     13.22   24.10   15.55     18.16   14.14   12.33      6.56   51.96   52.61   137.75  133.65   119.28  134.10 
 229    1.65   21.52     41.65    1.54    2.27     12.98   24.96   15.59     18.16   14.14   12.34      6.43   53.27   52.61   138.70  134.04   120.08  134.55 
 230    1.65   21.51     34.09    3.71    2.28     12.94   24.73   15.63     18.16   14.14   12.35      6.45   52.44   52.61   138.78  133.51   120.24  134.17 
 231    1.46   22.18     35.98    2.97    2.28     13.71   23.30   15.66     18.51   13.58   12.36      6.45   53.41   52.62   138.74  133.00   120.19  133.50 
 232    1.46   22.25     38.58    2.20    2.28     12.49   27.12   15.71     18.51   13.58   12.36      6.41   54.54   52.62   139.32  133.32   120.75  133.81 
 233    1.46   22.18     38.91    2.12    2.28     12.02   28.78   15.77     18.51   13.58   12.37      6.64   52.91   52.63   139.48  133.06   121.13  133.50 
 234    1.46   22.22     39.07    2.08    2.28     12.08   27.69   15.82     18.51   13.58   12.37      6.41   53.35   52.63   139.89  133.02   121.71  133.34 
 235    1.46   22.19     39.31    2.03    2.28     11.75   29.71   15.88     18.51   13.58   12.38      6.41   54.07   52.63   139.66  132.97   121.62  133.30 
 236    1.49   22.08     36.21    2.92    2.28     13.10   24.60   15.91     18.29   13.92   12.38      6.40   52.75   52.64   139.50  133.28   121.18  133.75 
 237    1.49   22.06     37.61    2.48    2.28     12.16   27.80   15.96     18.29   13.92   12.39      6.20   54.65   52.64   139.60  133.53   121.16  133.75 
 238    1.49   22.17     41.31    1.62    2.28     11.88   28.07   16.02     18.29   13.92   12.40      6.36   54.35   52.65   141.74  133.48   123.60  134.32 
 239    1.49   22.05     40.14    1.87    2.28     11.57   29.34   16.07     18.29   13.92   12.40      6.23   55.17   52.66   141.99  133.79   123.89  133.79 
 240    1.49   22.05     39.34    2.05    2.28     12.35   26.67   16.12     18.29   13.92   12.41      6.15   54.94   52.67   141.62  133.89   123.48  134.23 
 241    1.50   21.49     39.78    1.95    2.28     16.99   15.70   16.11     18.16   14.13   12.42      6.32   54.51   52.68   141.83  133.76   123.67  134.01 
 242    1.50   21.50     40.21    1.86    2.27     14.96   19.38   16.13     18.16   14.13   12.42      6.12   54.50   52.69   141.99  134.00   123.90  134.02 
 243    1.50   21.48     39.30    2.07    2.27     14.43   20.64   16.15     18.16   14.13   12.43      6.50   52.80   52.69   142.45  134.21   124.24  134.10 
 244    1.50   21.59     36.12    3.00    2.28     13.76   21.93   16.17     18.16   14.13   12.44      6.22   54.32   52.69   143.28  134.20   125.21  134.81 
 245    1.50   21.49     38.41    2.31    2.28     13.66   22.56   16.20     18.16   14.13   12.44      6.18   54.29   52.70   142.63  134.45   124.77  134.92 
 246    2.17   22.09     38.64    2.25    2.28     14.12   20.90   16.21     17.89   14.55   12.45      6.30   53.20   52.70   143.61  134.49   125.69  134.84 
 247    2.17   22.10     40.14    1.89    2.27     13.39   22.59   16.24     17.89   14.55   12.46      6.24   53.24   52.70   144.54  133.95   126.60  134.53 
 248    2.17   22.09     41.66    1.59    2.27     13.73   21.68   16.26     17.89   14.55   12.47      6.18   53.20   52.71   144.60  134.07   126.63  134.76 
 249    2.17   22.12     38.72    2.23    2.27     13.59   22.03   16.29     17.89   14.55   12.48      6.11   53.75   52.71   145.22  133.88   126.83  134.67 
 250    2.17   22.15     37.16    2.67    2.27     13.54   22.45   16.31     17.89   14.55   12.49      6.07   54.91   52.72   145.24  133.26   127.38  133.90 
 251    1.92   22.12     35.20    3.35    2.28     14.03   21.39   16.33     17.79   14.69   12.49      6.13   54.48   52.73   145.79  133.23   128.02  133.89 
 252    1.92   22.07     39.39    2.06    2.28     13.61   22.20   16.35     17.79   14.69   12.50      6.02   54.58   52.73   146.36  133.36   128.75  133.98 
 253    1.92   22.11     36.77    2.80    2.28     13.55   22.08   16.38     17.79   14.69   12.51      5.92   54.39   52.74   146.77  132.88   128.94  133.30 
 254    1.92   22.08     38.46    2.31    2.28     14.33   20.27   16.39     17.79   14.69   12.52      5.88   54.56   52.75   147.27  132.56   129.80  133.18 
 255    1.92   22.09     41.15    1.69    2.28     13.46   21.95   16.41     17.79   14.69   12.53      5.76   54.27   52.75   147.85  131.97   130.34  132.73 
 256    1.76   22.18     40.20    1.89    2.27     15.60   17.17   16.42     17.79   14.68   12.54      5.87   54.08   52.76   148.38  132.23   130.84  132.76 
 257    1.76   22.71     37.36    2.63    2.28     14.48   19.15   16.43     17.79   14.68   12.55      5.80   53.15   52.76   149.09  132.49   131.45  132.95 
 258    1.76   22.09     37.75    2.52    2.28     13.91   20.48   16.44     17.79   14.68   12.55      5.58   54.69   52.77   149.17  132.57   131.54  133.21 
 259    1.76   22.74     41.16    1.70    2.27     12.97   22.62   16.47     17.79   14.68   12.56      5.65   53.91   52.77   150.29  132.68   132.47  133.20 
 260    1.76   22.12     39.56    2.05    2.27     12.24   24.57   16.50     17.79   14.68   12.57      5.49   54.50   52.78   150.51  132.57   133.11  133.44 
 261    1.99   22.73     40.54    1.84    2.27     11.37   26.67   16.54     16.81   16.39   12.59      5.52   53.67   52.78   151.45  132.37   134.03  133.37 
 262    1.99   22.22     41.46    1.66    2.27     11.14   27.25   16.58     16.81   16.39   12.60      5.48   53.36   52.78   152.79  132.38   134.90  133.26 
 263    1.99   22.74     40.89    1.78    2.27     11.49   25.90   16.61     16.81   16.39   12.61      5.24   54.35   52.79   153.06  132.21   135.29  133.15 
 264    1.99   22.13     40.90    1.78    2.27     11.22   26.51   16.65     16.81   16.39   12.63      5.34   53.42   52.79   153.27  132.43   135.31  133.38 
 265    1.99   22.74     47.24    0.86    2.26     11.00   27.60   16.69     16.81   16.39   12.64      5.22   54.02   52.80   154.40  132.40   136.80  133.03 
 266    2.18   22.15     42.68    1.45    2.26     14.55   18.18   16.70     17.35   15.37   12.65      5.32   53.38   52.80   154.16  132.55   136.67  133.14 
 267    2.18   22.09     42.01    1.57    2.26     13.88   19.89   16.71     17.35   15.37   12.66      5.24   53.94   52.80   155.89  132.77   138.17  133.26 
 268    2.18   22.13     39.22    2.18    2.26     14.36   18.38   16.72     17.35   15.37   12.67      5.27   53.07   52.80   155.56  132.42   138.14  133.30 
 269    2.18   22.09     41.69    1.63    2.25     13.57   20.52   16.73     17.35   15.37   12.68      5.17   54.94   52.81   155.92  132.51   138.56  133.54 
 270    2.18   22.06     45.93    1.01    2.25     12.43   23.07   16.75     17.35   15.37   12.69      5.10   53.88   52.82   156.40  133.16   139.20  133.77 
 271    1.77   22.73     40.68    1.85    2.25     11.49   26.16   16.79     17.39   15.27   12.70      5.07   54.46   52.82   157.29  132.63   140.01  133.40 
 272    1.77   22.13     42.21    1.55    2.24     10.98   27.50   16.83     17.39   15.27   12.71      5.10   53.93   52.83   157.78  132.48   140.13  133.46 
 273    1.77   22.75     40.77    1.84    2.24     10.72   28.93   16.87     17.39   15.27   12.72      5.25   53.94   52.83   158.42  132.81   141.00  133.80 
 274    1.77   22.22     40.51    1.90    2.24     10.85   28.24   16.91     17.39   15.27   12.73      5.34   53.88   52.83   159.37  131.67   141.52  132.71 
 275    1.77   22.76     42.15    1.57    2.24     10.97   29.29   16.96     17.39   15.27   12.74      5.47   55.59   52.84   160.29  130.94   142.45  131.97 
 276    2.29   22.10     40.96    1.80    2.24     11.61   27.29   17.00     17.35   15.29   12.75      5.68   54.40   52.85   160.22  130.45   142.49  131.52 
 277    2.29   22.74     41.93    1.61    2.24     11.41   28.73   17.04     17.35   15.29   12.76      5.76   55.08   52.86   161.29  129.60   143.68  130.75 
 278    2.29   22.11     42.99    1.42    2.23     12.08   26.43   17.07     17.35   15.29   12.77      5.81   54.24   52.86   161.44  129.66   143.99  130.71 
 279    2.29   22.75     43.34    1.37    2.23     11.33   30.06   17.12     17.35   15.29   12.78      5.86   55.67   52.87   162.44  129.12   145.04  130.23 
 280    2.29   22.19     39.77    2.08    2.23     11.62   28.65   17.16     17.35   15.29   12.79      6.02   53.73   52.88   162.36  128.97   145.01  130.03 
 281    2.11   21.50     42.03    1.60    2.23     12.77   25.49   17.19     17.20   15.56   12.80      6.10   53.96   52.88   163.26  128.50   145.64  129.66 
 282    2.11   21.52     42.77    1.46    2.22     12.72   25.60   17.22     17.20   15.56   12.81      6.25   52.61   52.88   163.14  128.46   145.89  129.42 
 283    2.11   21.57     39.81    2.07    2.22     12.44   26.14   17.25     17.20   15.56   12.82      6.16   53.50   52.88   164.76  128.23   146.84  129.23 
 284    2.11   21.48     47.40    0.87    2.22     12.84   24.93   17.28     17.20   15.56   12.82      6.29   52.66   52.88   165.30  128.75   147.68  129.43 
 285    2.11   21.50     44.59    1.20    2.21     13.05   24.29   17.30     17.20   15.56   12.83      6.28   52.91   52.88   165.59  128.82   148.02  129.61 
 286    4.48   22.15     39.72    2.10    2.21     15.36   18.35   17.31     17.27   15.42   12.84      6.27   52.51   52.88   166.02  129.26   148.52  130.00 
 287    4.48   22.10     43.83    1.31    2.21     14.77   19.89   17.32     17.27   15.42   12.85      6.19   53.51   52.88   166.11  129.38   148.30  130.22 
 288    4.48   22.08     44.74    1.19    2.21     14.30   21.31   17.33     17.27   15.42   12.86      6.22   53.69   52.88   166.30  130.04   148.79  130.84 
 289    4.48   22.09     42.53    1.53    2.21     14.12   21.78   17.34     17.27   15.42   12.87      6.20   54.19   52.89   167.30  129.76   149.76  130.80 
 290    4.48   22.07     43.66    1.34    2.20     13.34   23.65   17.37     17.27   15.42   12.88      6.25   53.35   52.89   167.21  130.33   149.45  131.44 
 291    2.14   22.76     44.47    1.24    2.20     13.56   23.85   17.39     16.94   16.02   12.89      6.20   55.16   52.90   168.23  129.69   150.80  130.99 
 292    2.14   22.19     41.90    1.66    2.20     14.01   22.12   17.40     16.94   16.02   12.90      6.36   53.39   52.90   168.58  129.91   151.35  131.18 
 293    2.14   22.76     45.43    1.10    2.19     13.99   22.30   17.42     16.94   16.02   12.91      6.03   56.19   52.91   168.89  129.89   151.19  131.13 
 294    2.14   22.12     42.39    1.57    2.19     15.72   17.82   17.42     16.94   16.02   12.92      6.09   54.46   52.92   169.06  129.47   152.03  130.52 
 295    2.14   22.75     46.11    1.03    2.19     14.89   19.81   17.43     16.94   16.02   12.93      5.89   56.44   52.93   169.26  129.92   152.46  130.74 
 296    2.31   22.07     44.25    1.27    2.18     17.95   13.72   17.42     16.87   16.14   12.94      6.08   54.28   52.93   169.74  129.37   152.70  130.51 
 297    2.31   22.10     44.46    1.24    2.18     18.34   13.23   17.40     16.87   16.14   12.95      6.10   55.09   52.94   170.17  129.13   152.79  130.15 
 298    2.31   22.15     49.77    0.67    2.18     17.92   13.85   17.39     16.87   16.14   12.96      6.16   54.25   52.94   170.73  128.90   153.19  129.95 
 299    2.31   22.11     47.17    0.91    2.17     17.54   14.47   17.38     16.87   16.14   12.98      6.11   54.39   52.95   170.78  128.71   153.37  130.09 
 300    2.31   22.11     46.50    0.99    2.17     16.92   15.69   17.38     16.87   16.14   12.99      6.24   53.94   52.95   171.49  128.77   153.93  129.73 
 301    2.79   22.72     47.85    0.85    2.16     14.78   20.33   17.39     16.13   17.57   13.00      6.23   54.47   52.96   171.62  128.77   154.04  129.75 
 302    2.79   22.08     44.16    1.29    2.16     14.19   21.74   17.40     16.13   17.57   13.02      6.14   55.03   52.96   171.57  128.52   154.11  129.38 
 303    2.79   22.72     46.19    1.02    2.16     14.78   20.22   17.41     16.13   17.57   13.03      6.22   54.76   52.97   171.81  128.78   154.26  129.72 
 304    2.79   22.19     46.06    1.04    2.15     15.23   19.06   17.42     16.13   17.57   13.05      6.25   54.40   52.98   172.48  128.59   154.69  129.64 
 305    2.79   22.72     49.68    0.69    2.15     15.19   18.88   17.42     16.13   17.57   13.06      6.22   54.54   52.98   173.18  129.13   155.37  130.25 
 306    2.41   22.07     45.24    1.15    2.15     17.88   13.91   17.41     16.38   17.07   13.07      6.18   54.76   52.99   172.67  129.36   154.93  130.38 
 307    2.41   22.08     44.14    1.30    2.14     18.21   13.48   17.40     16.38   17.07   13.09      6.43   53.96   52.99   172.85  129.69   155.17  130.71 
 308    2.41   22.05     43.37    1.43    2.14     17.57   14.58   17.39     16.38   17.07   13.10      6.32   54.89   53.00   173.01  130.28   155.27  131.59 
 309    2.41   22.10     45.88    1.07    2.14     16.70   16.42   17.38     16.38   17.07   13.11      6.55   54.54   53.00   173.25  130.73   155.48  131.95 
 310    2.41   22.15     42.57    1.58    2.13     17.10   15.72   17.38     16.38   17.07   13.13      6.38   56.30   53.01   173.13  131.65   155.51  132.82 
 311    3.28   22.07     47.46    0.90    2.13     17.61   14.71   17.37     17.02   15.85   13.13      6.49   55.11   53.02   173.14  132.12   155.35  133.48 
 312    3.28   22.69     46.04    1.06    2.13     16.92   16.10   17.37     17.02   15.85   13.14      6.51   55.78   53.03   173.34  133.31   155.39  134.65 
 313    3.28   22.69     44.11    1.33    2.12     15.87   18.29   17.37     17.02   15.85   13.15      6.44   56.22   53.04   173.22  133.92   155.68  135.48 
 314    3.28   22.74     40.92    1.92    2.12     14.92   20.85   17.38     17.02   15.85   13.16      6.55   56.46   53.05   172.79  135.00   155.74  136.43 
 315    3.28   22.68     42.21    1.66    2.12     15.17   20.58   17.39     17.02   15.85   13.17      6.39   57.73   53.06   172.91  135.25   155.75  136.52 
 316    2.37   22.14     39.68    2.22    2.12     16.79   16.78   17.39     17.01   15.87   13.18      6.48   56.41   53.07   172.49  135.56   155.39  136.73 
 317    2.37   22.09     40.19    2.10    2.12     15.42   19.73   17.40     17.01   15.87   13.19      6.46   57.02   53.09   172.18  136.46   154.81  137.49 
 318    2.37   22.03     43.86    1.37    2.12     15.49   19.38   17.40     17.01   15.87   13.19      6.57   55.64   53.09   172.88  135.96   155.44  136.94 
 319    2.37   22.09     43.42    1.44    2.12     14.95   20.72   17.41     17.01   15.87   13.20      6.58   56.06   53.10   172.18  136.28   154.86  137.56 
 320    2.37   22.06     39.61    2.23    2.12     14.65   21.73   17.43     17.01   15.87   13.21      6.48   57.00   53.12   171.26  135.16   153.96  136.29 
 321    2.79   20.33     41.01    1.90    2.12     16.78   16.89   17.42     16.98   15.93   13.22      6.51   56.31   53.13   171.27  134.49   153.89  135.73 
 322    2.79   20.43     42.48    1.60    2.12     16.46   17.49   17.42     16.98   15.93   13.23      6.51   56.53   53.14   171.57  133.88   154.02  135.11 
 323    2.79   20.39     39.03    2.37    2.12     16.75   17.00   17.42     16.98   15.93   13.24      6.42   57.48   53.15   170.62  132.97   152.80  133.96 
 324    2.79   20.32     42.55    1.57    2.12     15.01   20.59   17.43     16.98   15.93   13.24      6.53   56.06   53.16   170.86  132.50   153.38  133.27 
 325    2.79   20.34     39.85    2.14    2.12     15.83   18.83   17.44     16.98   15.93   13.25      6.46   56.88   53.17   170.33  131.53   152.45  132.10 
 326    2.41   20.56     39.04    2.34    2.12     16.87   16.57   17.43     17.00   15.91   13.26      6.49   56.81   53.18   169.28  131.30   151.51  132.11 
 327    2.41   20.62     39.20    2.28    2.12     16.19   18.32   17.44     17.00   15.91   13.27      6.61   56.64   53.19   168.84  130.73   151.06  131.44 
 328    2.41   20.72     40.41    1.99    2.12     17.02   16.40   17.43     17.00   15.91   13.28      6.67   55.72   53.20   168.62  130.43   150.65  130.73 
 329    2.41   20.63     43.46    1.39    2.11     16.10   18.71   17.44     17.00   15.91   13.29      6.52   57.93   53.21   168.23  130.29   150.25  130.64 
 330    2.41   20.52     41.73    1.70    2.11     16.28   18.13   17.44     17.00   15.91   13.29      6.58   56.74   53.22   167.64  129.91   149.66  130.42 
 331    2.90   21.59     41.25    1.78    2.11     16.93   17.23   17.44     16.39   17.07   13.30      6.48   59.45   53.24   166.38  129.96   148.30  130.30 
 332    2.90   22.07     43.35    1.40    2.11     16.16   18.70   17.44     16.39   17.07   13.32      6.63   57.46   53.26   166.77  130.39   148.82  131.00 
 333    2.90   22.17     41.78    1.67    2.11     16.34   18.52   17.45     16.39   17.07   13.33      6.69   56.94   53.27   165.60  129.98   147.66  130.49 
 334    2.90   22.20     42.92    1.46    2.11     15.42   20.24   17.45     16.39   17.07   13.34      6.65   56.84   53.28   165.51  130.86   147.58  131.35 
 335    2.90   22.22     40.29    1.97    2.11     16.10   19.07   17.46     16.39   17.07   13.35      6.74   56.83   53.29   164.13  130.83   146.07  131.58 
 336    2.40   22.07     45.44    1.09    2.10     17.12   16.79   17.46     16.98   15.96   13.36      6.77   56.84   53.30   163.95  131.71   145.56  132.46 
 337    2.40   22.13     40.25    1.99    2.10     17.41   16.55   17.45     16.98   15.96   13.37      6.89   56.80   53.31   163.01  132.63   144.85  133.17 
 338    2.40   22.07     44.29    1.25    2.10     16.52   18.31   17.46     16.98   15.96   13.37      6.84   57.27   53.32   162.44  133.71   144.54  134.22 
 339    2.40   22.09     47.01    0.91    2.10     15.54   20.74   17.47     16.98   15.96   13.38      6.85   57.65   53.33   161.01  134.75   142.99  135.22 
 340    2.40   22.14     44.63    1.20    2.09     15.73   19.88   17.47     16.98   15.96   13.39      6.95   56.43   53.34   160.43  134.98   142.12  135.46 
 341    2.78   22.71     41.12    1.79    2.09     15.07   22.07   17.49     16.04   17.83   13.40      7.05   56.76   53.35   159.93  135.07   141.28  135.58 
 342    2.78   22.69     42.50    1.52    2.09     15.59   20.50   17.50     16.04   17.83   13.41      6.95   57.09   53.36   158.62  135.38   139.96  136.02 
 343    2.78   22.74     40.34    1.95    2.09     14.71   22.86   17.51     16.04   17.83   13.43      7.05   56.77   53.37   157.66  135.67   139.04  136.01 
 344    2.78   22.71     40.76    1.86    2.09     14.09   24.18   17.53     16.04   17.83   13.44      7.08   56.41   53.38   157.59  136.14   138.95  136.67 
 345    2.78   22.73     38.63    2.37    2.09     13.71   26.14   17.56     16.04   17.83   13.45      7.12   56.79   53.39   155.79  136.86   137.26  137.87 
 346    3.01   22.82     39.60    2.11    2.09     14.64   22.96   17.57     16.85   16.25   13.46      7.22   55.20   53.40   155.04  137.19   136.69  138.22 
 347    3.01   22.11     39.41    2.15    2.09     13.81   25.87   17.60     16.85   16.25   13.47      7.17   56.99   53.41   154.14  137.51   135.25  138.49 
 348    3.01   22.74     36.06    3.17    2.09     13.89   25.35   17.62     16.85   16.25   13.48      7.37   54.80   53.41   152.66  138.04   134.04  138.96 
 349    3.01   22.10     37.05    2.81    2.10     13.52   26.94   17.64     16.85   16.25   13.48      7.29   56.19   53.42   151.70  137.73   132.95  138.66 
 350    3.01   23.03     41.49    1.68    2.10     13.23   27.76   17.67     16.85   16.25   13.49      7.23   56.72   53.43   150.70  138.37   131.95  139.38 
 351    2.87   22.05     41.99    1.58    2.09     13.75   26.52   17.70     16.42   17.12   13.50      7.23   57.32   53.44   149.48  138.30   130.82  139.34 
 352    2.87   22.77     39.06    2.21    2.09     13.27   27.89   17.73     16.42   17.12   13.51      7.26   56.88   53.45   148.47  139.08   130.01  139.96 
 353    2.87   22.05     38.40    2.39    2.10     12.92   29.21   17.76     16.42   17.12   13.52      7.19   57.71   53.46   148.24  139.02   129.75  140.24 
 354    2.87   22.71     35.72    3.24    2.10     12.86   29.56   17.79     16.42   17.12   13.53      7.24   57.23   53.47   146.40  139.37   127.77  140.62 
 355    2.87   22.03     36.72    2.88    2.10     12.63   30.69   17.83     16.42   17.12   13.54      7.27   58.00   53.49   145.74  139.67   127.04  140.81 
 356    3.09   22.71     34.25    3.82    2.11     15.89   21.07   17.84     16.34   17.30   13.55      7.25   57.94   53.50   143.91  139.78   125.14  140.88 
 357    3.09   22.11     36.48    2.95    2.11     15.84   21.37   17.85     16.34   17.30   13.56      7.32   58.64   53.51   143.80  139.46   124.98  140.43 
 358    3.09   22.80     38.89    2.21    2.11     16.55   19.48   17.85     16.34   17.30   13.57      7.39   56.94   53.52   142.34  139.77   123.36  140.61 
 359    3.09   22.13     38.03    2.44    2.11     16.21   20.51   17.86     16.34   17.30   13.59      7.44   57.44   53.53   141.40  139.60   122.55  140.69 
 360    3.09   22.72     35.27    3.36    2.11     15.68   21.71   17.87     16.34   17.30   13.60      7.42   57.45   53.54   140.59  139.45   121.80  140.54 
 361    3.56   22.09     34.31    3.73    2.12     17.39   18.27   17.87     16.17   17.69   13.61      7.67   56.68   53.55   139.02  139.33   120.06  140.30 
 362    3.56   22.09     33.05    4.29    2.12     17.41   18.20   17.87     16.17   17.69   13.62      7.70   56.54   53.56   137.94  139.27   118.82  140.29 
 363    3.56   22.09     32.39    4.60    2.13     16.48   20.72   17.88     16.17   17.69   13.63      7.70   57.51   53.57   136.73  138.53   117.66  139.57 
 364    3.56   22.18     33.00    4.26    2.14     15.93   21.71   17.89     16.17   17.69   13.64      7.67   57.37   53.58   135.61  139.00   115.99  140.17 
 365    3.56   22.09     35.13    3.32    2.14     16.42   21.03   17.90     16.17   17.69   13.65      7.68   57.79   53.59   134.51  138.45   115.19  139.49 
 366    3.24   22.74     36.44    2.83    2.14     18.97   15.52   17.89     16.19   17.71   13.66      7.67   57.38   53.60   132.88  138.21   113.42  139.16 
 367    3.24   22.12     36.31    2.87    2.14     18.12   17.15   17.89     16.19   17.71   13.67      7.67   58.23   53.62   132.10  138.44   112.74  139.18 
 368    3.24   22.73     33.90    3.77    2.15     18.77   16.07   17.89     16.19   17.71   13.68      7.65   58.44   53.63   130.53  138.17   110.79  138.94 
 369    3.24   22.13     34.28    3.59    2.15     18.72   16.02   17.88     16.19   17.71   13.70      7.65   58.37   53.64   129.58  137.99   109.64  139.18 
 370    3.24   22.81     34.23    3.59    2.16     17.30   19.04   17.89     16.19   17.71   13.71      7.72   57.91   53.65   128.45  137.89   108.41  139.13 
 371    3.33   21.60     38.54    2.17    2.16     18.06   17.57   17.88     16.66   16.84   13.72      7.92   56.82   53.66   127.28  138.31   107.53  138.91 
 372    3.33   21.53     35.77    2.99    2.16     17.24   19.14   17.89     16.66   16.84   13.72      7.91   56.62   53.67   126.08  138.96   106.21  139.40 
 373    3.33   21.50     35.90    2.94    2.16     16.15   21.83   17.90     16.66   16.84   13.73      8.05   55.79   53.68   125.25  138.96   105.43  139.13 
 374    3.33   21.55     34.72    3.34    2.16     17.29   19.26   17.90     16.66   16.84   13.74      8.06   55.43   53.68   123.08  139.15   103.17  139.38 
 375    3.33   21.50     34.90    3.25    2.17     16.90   20.17   17.91     16.66   16.84   13.75      8.06   56.08   53.69   121.85  139.33   101.85  139.52 
 376    3.18   21.68     36.25    2.77    2.17     18.15   17.32   17.91     16.30   17.60   13.76      7.83   57.44   53.70   120.96  139.13   101.10  139.30 
 377    3.18   21.51     34.84    3.26    2.17     17.97   17.80   17.91     16.30   17.60   13.77      7.89   56.79   53.71   119.61  139.29    99.71  139.71 
 378    3.18   21.55     38.99    2.01    2.17     17.21   19.11   17.91     16.30   17.60   13.78      7.93   56.03   53.71   118.51  139.82    98.34  140.12 
 379    3.18   21.50     38.90    2.02    2.17     15.56   23.54   17.92     16.30   17.60   13.79      7.87   56.91   53.72   117.30  139.06    97.41  139.40 
 380    3.18   21.54     36.54    2.64    2.17     16.08   22.20   17.94     16.30   17.60   13.80      7.79   57.50   53.73   116.09  138.89    95.74  139.53 
 381    3.32   20.57     38.25    2.15    2.17     17.27   19.36   17.94     16.27   17.71   13.81      8.03   56.41   53.74   114.70  139.37    93.98  139.87 
 382    3.32   20.59     34.73    3.22    2.17     16.43   21.65   17.95     16.27   17.71   13.82      7.95   56.82   53.75   113.11  139.17    92.31  139.57 
 383    3.32   20.54     37.33    2.38    2.17     15.92   23.18   17.96     16.27   17.71   13.83      8.05   56.80   53.75   111.76  139.58    91.08  140.06 
 384    3.32   20.56     35.09    3.08    2.18     15.54   23.94   17.98     16.27   17.71   13.84      7.99   56.64   53.76   110.65  140.02    89.97  139.87 
 385    3.32   20.54     34.86    3.16    2.18     15.14   25.14   18.00     16.27   17.71   13.85      7.91   57.06   53.77   109.74  139.81    89.07  139.97 
 386    2.93   21.61     34.56    3.25    2.18     15.90   22.88   18.01     16.28   17.76   13.86      7.94   56.39   53.78   108.71  140.11    88.07  140.10 
 387    2.93   21.57     36.33    2.64    2.18     15.91   22.95   18.02     16.28   17.76   13.87      8.19   55.24   53.78   107.82  139.67    86.86  140.34 
 388    2.93   21.67     33.08    3.81    2.19     15.07   25.10   18.04     16.28   17.76   13.88      8.03   55.39   53.78   105.67  140.26    84.80  140.57 
 389    2.93   21.58     35.23    2.98    2.19     14.37   27.05   18.06     16.28   17.76   13.89      7.88   57.21   53.79   105.81  140.60    84.53  141.32 
 390    2.93   21.59     35.23    2.97    2.19     13.18   31.08   18.10     16.28   17.76   13.90      7.83   56.67   53.80   103.91  140.76    82.98  141.27 
 391    3.38   21.49     32.57    4.03    2.20     14.84   25.57   18.12     16.19   18.00   13.91      7.94   56.16   53.81   103.06  141.25    81.71  141.28 
 392    3.38   21.47     31.38    4.62    2.20     13.60   29.63   18.15     16.19   18.00   13.92      7.85   56.80   53.81   101.14  141.17    79.73  141.07 
 393    3.38   21.49     31.08    4.77    2.21     13.63   29.62   18.17     16.19   18.00   13.93      7.98   56.36   53.82   100.12  141.32    78.54  140.96 
